-0.02224,0.99921,0.032382,-0.0034344,-0.0053081
-0.01579,0.024112,-0.76646,-0.56866,0.29721
-7.3622e-05,0.0095288,-0.099898,0.5636,0.81993
-0.005165,0.019875,-0.63348,0.59912,-0.48923
-0.99961,-0.022715,0.014667,0.0059216,-0.0021091
