-0.41555,0.82783,-0.33907,0.10696,-0.063354,0.051154,-0.029199,0.049837,-0.022614,0.020293,0.0012191,0.032109,-0.03854,0.010173,0.025579,0.0059952,-0.024421,-0.0054763,-0.01406,-0.0073094,-0.0028268,0.00039321,0.019108,0.010935,0.0017715,0.0048168
-0.044274,0.011539,-0.0069036,-0.36802,-0.21989,-0.13452,0.28354,0.038107,-0.17656,-0.02114,-0.02893,0.21222,0.086063,-0.3636,-0.11985,-0.039858,-0.11824,0.55938,-0.24588,0.052525,0.018986,0.0017469,0.13159,0.2253,-0.059593,0.13775
-0.047549,0.060389,-0.023503,-0.0038518,0.08361,-0.67717,0.42058,-0.21258,0.34588,-0.239,-0.1029,-0.10235,0.078102,0.29481,-0.020006,0.037897,-0.049626,-0.042052,-0.073855,-0.0060597,-0.014582,-0.010079,-0.017847,-0.018099,0.030382,-0.040272
-0.010287,-0.010885,-0.019389,0.0060079,0.28577,0.16695,0.36565,0.45435,-0.042592,-0.25127,0.49608,-0.21212,-0.059525,-0.028692,0.019934,0.099731,0.15783,-0.093516,-0.37197,-0.074852,-0.024408,-0.0044887,-0.0072763,0.0086892,0.0028036,-0.023769
-0.057285,0.049673,-0.032523,-0.26315,0.22432,-0.18752,-0.28831,-0.12637,0.37693,0.24019,0.28774,0.037685,0.04928,-0.39579,-0.25053,-0.10993,0.22878,0.013468,-0.12725,0.052888,0.034903,0.014012,-0.13498,-0.3056,0.061082,-0.1822
-0.029401,-0.0072903,0.0047231,-0.12984,-0.11696,-0.33235,0.098907,0.06019,-0.27224,0.045629,0.1982,0.094543,-0.37929,-0.06545,0.47809,-0.23655,0.3972,0.01084,0.34058,-0.032581,-0.0023295,-0.0051444,-0.045001,-0.099677,-0.024101,-0.0080164
-0.0056553,-0.0044035,-0.00078228,-0.014161,0.10331,-0.031163,-0.035676,0.042253,0.028333,0.072629,-0.094984,0.30191,0.36672,-0.0027144,0.38971,0.29185,0.10361,-0.073728,-0.19433,-0.067627,0.0091884,0.024798,0.06837,-0.40372,-0.29562,0.4393
-0.0012122,-0.0048508,-0.013709,0.0019572,-0.0043924,0.0014215,-0.013713,-0.0098729,0.0089109,-0.0052742,-0.031966,-0.017487,-0.082513,-0.031208,-0.045188,0.26141,0.15035,0.074424,0.045327,0.17567,-0.37748,-0.39689,-0.068744,-0.050583,0.63401,0.38673
-0.00046942,-0.0035633,-0.0086573,0.0045756,-0.0068163,-0.0012469,-0.0012147,0.0014307,0.0037768,0.0083782,-0.019609,-0.027022,0.0044028,-0.032223,0.037315,-0.010326,-0.023945,-0.041303,-0.032621,0.066504,0.27136,-0.89412,0.038936,0.015999,-0.29337,-0.1655
-0.047148,0.0047954,-0.0054456,0.050269,0.37211,-0.23147,0.15353,0.023352,-0.28175,0.44538,0.013107,0.034946,0.11977,-0.12128,-0.28939,0.053933,0.050244,-0.34341,0.18811,-0.025934,-0.017197,-0.0045319,0.04393,0.394,-0.11718,0.23761
-0.035577,0.032781,-0.015261,-0.70587,-0.24005,0.097631,0.029567,0.28365,0.061013,0.25528,-0.13686,-0.17307,0.096618,0.40459,-0.072117,0.00085787,0.077513,-0.20075,0.0097993,-0.056936,-0.036855,-0.019381,-0.052937,-0.01988,0.0093362,-0.014235
-0.056262,-0.023859,0.029806,-0.047885,-0.14874,-0.28409,-0.15404,0.092093,-0.29034,0.061872,0.39142,-0.15465,0.1358,-0.022476,0.044443,0.42438,-0.52486,0.0067989,0.18477,0.058047,0.043481,0.020172,-0.034541,-0.20633,0.075818,-0.16411
-0.0050466,-0.01615,-0.033076,0.00092888,3.2123e-05,0.019072,-0.048785,-0.046437,0.032534,-0.041426,-0.0039028,0.13319,-0.30045,0.1879,-0.30686,0.64047,0.3759,0.27572,0.15226,-0.13717,0.13173,0.063219,0.01813,0.039418,-0.22237,-0.10606
-0.047936,0.04538,-0.035858,-0.3491,0.048266,0.099882,-0.23337,-0.39613,-0.02423,-0.52126,0.2191,-0.1862,0.21245,-0.095076,0.094856,0.060659,0.11132,-0.15627,0.19003,0.0058155,0.0085835,0.0079742,0.056087,0.31328,-0.10904,0.20174
-0.0031833,-0.0048218,-0.0056599,-0.0060824,-0.0068959,-0.0023625,-0.00023556,-0.0054688,0.036182,-0.048387,0.0028174,0.032421,0.043618,-0.11987,-0.060741,-0.064838,-0.12876,0.047828,0.12009,-0.86697,-0.3879,-0.16596,-0.03758,-0.055111,-0.0356,-0.047755
-0.00062972,-0.0047829,-0.011624,0.0061699,-0.0091969,-0.0015149,-0.0023481,0.0012507,0.0057634,0.010491,-0.027436,-0.033937,-0.0099334,-0.036546,0.028033,0.060131,0.022833,-0.0071388,-0.0095551,0.36738,-0.77227,-0.0098954,0.060205,0.016605,-0.43245,-0.26226
-0.0024036,0.00863,-0.0035841,0.012248,-0.0061266,0.01393,0.011037,-0.0004098,-0.024049,-0.026278,-0.035546,0.019315,-0.027943,-0.0095296,0.042997,0.026118,-0.084198,0.068733,-0.05907,0.035934,0.0023559,0.00091358,-0.95553,0.13507,-0.17297,0.12366
-0.033401,-0.03789,-0.016679,-0.18751,0.22407,-0.20114,-0.38947,0.036688,-0.21479,-0.20556,-0.04262,0.3991,-0.40334,0.21526,-0.067391,-0.067935,-0.22192,-0.19029,-0.3879,-0.026344,-0.067614,-0.032148,0.049084,0.066938,0.032393,0.021932
-0.87246,-0.30051,0.3644,0.053863,-0.049402,0.058231,0.016218,-0.00096471,0.052889,-0.019609,-0.036423,0.007708,-0.013336,-0.011593,-0.0065285,-0.0074741,0.025642,-0.031728,-0.0086267,0.00071467,0.0003021,0.00064553,-0.0025952,0.0022053,-0.00051951,0.00073598
-0.058324,0.035961,-0.033572,-0.30994,0.55749,0.25902,0.30118,-0.18435,-0.12628,-0.033531,-0.30128,-0.030804,-0.17253,-0.12262,0.13282,0.096626,-0.23086,0.0707,0.21222,0.052298,0.04494,0.022775,-0.028773,-0.26471,0.073286,-0.17348
-0.025024,-0.022298,-0.025812,0.0005737,0.003969,0.23143,0.19841,-0.5395,-0.10093,0.31009,0.46916,0.18692,0.037594,0.42956,0.026421,-0.11516,-0.03917,0.14,-0.14408,-0.020731,-0.076586,-0.061322,-0.0061567,-0.019947,0.022837,0.0043422
-0.01902,-0.020856,-0.044669,-0.011555,0.14938,0.059541,0.038866,0.3392,0.16706,-0.24184,0.18974,0.50484,0.25219,0.20089,-0.19768,-0.21023,-0.081178,0.12176,0.48715,0.15773,-0.014687,-0.054468,-0.031708,-0.044724,0.0057944,0.018218
-0.059213,-0.0041196,0.013211,0.030506,0.40429,-0.127,-0.34488,0.16111,0.018795,0.13997,-0.014419,-0.38992,0.065132,0.27856,0.17264,-0.14569,-0.0027024,0.56361,0.014663,-0.030235,-0.021944,-0.022251,0.067432,0.1278,-0.071822,0.1415
-0.033089,0.013945,-0.010928,0.070451,0.023478,-0.086368,-0.043127,-0.067364,-0.59453,-0.20818,-0.17614,-0.076745,0.38388,0.11464,-0.28461,-0.14688,0.34434,0.057005,-0.10777,-0.004907,-0.010657,-0.020483,-0.10746,-0.29537,0.082131,-0.20711
-0.0049838,-0.0066603,0.00012199,-0.016832,0.10829,-0.015307,-0.065546,0.04899,0.043876,0.090094,-0.073063,0.27495,0.32292,-0.010368,0.40462,0.21341,0.14854,0.0065943,-0.099905,-0.06419,-0.0034116,0.0005638,-0.05409,0.42379,0.31266,-0.50977
-0.19623,-0.45813,-0.86131,0.033562,-0.045056,-0.0065163,-0.0040926,0.005139,0.0097595,0.018894,-0.034915,-0.047126,0.0064354,-0.026965,0.024525,-0.011673,-0.013241,-0.013931,-0.0085703,-0.0016706,0.016202,0.019052,0.00070129,0.00057147,0.005856,0.0029609
