-0.017118,0.99929,0.0030942,-0.032883,-0.0013076,-0.0054317,-1.2802e-17,-2.0723e-18
-0.0049543,0.016935,-0.0081176,0.5485,-0.83589,0.0073106,2.8293e-16,-1.08e-16
-0.021613,-0.0022401,0.6866,0.007532,-0.001626,0.0018996,0.72593,-0.032847
-0.01641,-0.0017008,0.5213,0.0057187,-0.0012345,0.0014423,-0.46114,0.71784
-0.015917,-0.0016498,0.50566,0.0055471,-0.0011975,0.001399,-0.51028,-0.69544
-0.0047919,0.028194,-0.007946,0.83533,0.54888,0.0084622,1.292e-17,1.6399e-16
-0.0019146,0.0050406,-0.0026829,-0.011301,0.0014689,0.99992,-1.2957e-16,-1.7652e-16
-0.99933,-0.017243,-0.031433,-0.006485,0.0016061,-0.0019866,1.108e-16,3.1841e-18
