-0.034869,0.017512,-0.27526,-0.33346,-0.70789,0.21781,0.5128
-0.0035205,0.010487,0.072873,-0.43872,0.42006,0.79097,-0.0028645
-0.051844,0.011652,-0.32836,-0.71201,-0.0085102,-0.36235,-0.50102
-0.13535,0.99012,-0.0062675,0.032752,0.014678,-0.0027944,-0.003633
-0.039102,0.0071209,0.66589,-0.050759,-0.52809,0.18891,-0.48772
-0.029781,0.011541,0.60611,-0.4266,0.20476,-0.39968,0.49795
-0.9876,-0.1376,-0.017086,0.061099,0.036665,0.013467,0.012998
