-0.054562,0.0033733,-0.97636,-0.20233,0.026672,-0.025068,0.03812
-0.020889,-0.99958,-0.004274,0.0079429,-0.017752,-0.0013923,0.0027517
-0.0054573,-0.0056576,0.018249,0.020673,0.39008,0.6042,0.69423
-0.043239,-0.0058112,0.2069,-0.9125,-0.022245,-0.24615,0.24808
-0.004535,-0.010199,0.036872,-0.34224,0.26683,0.60449,-0.66692
-0.0045566,-0.014626,0.015837,0.078238,0.88038,-0.45634,-0.10041
-0.99732,0.021148,0.044195,0.05155,-0.0074931,0.0081025,-0.013206
