-0.033978,0.015118,-0.059388,-0.028732,0.037245,-0.058556,0.16217,-0.29985,0.018594,-0.47768,0.15245,-0.2058,0.09077,0.089155,0.020507,-0.044746,-0.17939,-0.23729,-0.29447,0.333,0.26414,0.034567,-0.18535,-0.28051,-0.05634,-0.040422,0.028718,0.18134,0.17997,-0.042269,-0.13102,-0.0094046,-0.02163,0,0,0,0,0,0,0,0,0
-0.8482,-0.51461,0.036952,0.026791,-0.047657,0.013305,0.022607,0.035826,-0.03084,0.03508,-0.00012452,-0.0014725,-0.035731,0.025681,0.038421,0.018873,0.0013024,-0.0088422,-0.0050952,0.020089,-0.014629,-0.0070396,-0.038818,0.007737,-0.0096489,-0.0084237,0.009477,0.012213,-0.021145,0.0048687,0.0070712,-0.012904,-0.0038789,-1.6046e-016,3.1225e-017,-3.5033e-017,-2.06e-017,-6.3629e-018,-2.884e-017,4.12e-018,-1.4962e-017,-2.0735e-017
-0.0052551,-0.0014411,-0.021046,0.0066845,0.10736,0.0035024,0.068492,0.035539,-0.22095,-0.034218,0.12836,-0.057601,-0.14167,-0.026705,-0.1957,-0.0055356,0.107,-0.016338,0.089355,0.080378,-0.033954,-0.13802,-0.011669,-0.064977,-0.0088039,-0.3068,-0.026985,-0.099781,0.098779,-0.21439,0.23311,0.46071,0.36485,-0.37452,0.23754,0.1072,-0.1475,0.050241,-0.094997,-0.016438,0.0094556,0.01425
-0.49114,0.83261,0.24248,0.030835,0.016831,-0.021974,0.0096306,0.014399,-0.026058,-0.0057797,-0.043476,0.0060128,-0.023393,0.005854,0.015435,0.024688,-0.0055488,0.019503,0.0091621,-0.0045854,0.0032096,0.0019324,-0.0027121,6.2696e-005,-0.00058272,-0.0065408,0.0053296,0.0016422,-0.0013602,-0.00079409,-0.0060337,0.0013861,0.0011626,-2.6368e-016,4.6838e-017,6.245e-017,-2.7756e-017,2.0817e-017,-2.0817e-017,-6.8088e-017,7.3726e-018,2.4828e-017
-0.034236,0.025321,-0.054397,-0.029732,0.01612,0.045279,-0.18027,0.17338,0.27028,-0.055866,0.39468,-0.11207,0.061158,0.31743,0.012153,-0.17981,-0.053498,0.40425,-0.33628,-0.13903,0.075992,0.17056,-0.045487,-0.043341,0.30895,-0.025904,-0.022015,-0.18565,-0.053245,-0.070483,0.26341,-0.024918,0.040076,3.4356e-015,3.2743e-017,-1.3905e-017,5.0171e-017,-1.3737e-016,-2.289e-016,-2.8772e-016,-1.1529e-016,2.3698e-016
-0.067371,-0.017802,-0.010922,0.013265,0.039255,-0.0037355,-0.35264,0.17741,0.11002,-0.28641,-0.21353,-0.024854,0.41342,-0.21917,-0.27055,-0.15859,-0.082128,-0.070693,-0.06325,-0.1115,-0.12315,-0.14852,0.089937,0.13988,0.00058589,0.16216,-0.28766,-0.034712,0.39608,-0.11488,-0.014372,0.078738,0.0051395,-3.322e-016,-5.421e-019,2.3896e-016,2.1597e-016,-2.0329e-018,2.0372e-016,4.7849e-016,2.0621e-016,-2.4013e-016
-0.013355,0.012931,-0.11066,0.030366,0.037744,0.030089,0.17335,0.062206,-0.037207,-0.3383,-0.024994,0.30192,0.054511,-0.27934,0.32709,-0.22026,0.04508,0.30449,0.041361,0.10248,-0.030948,0.1582,-0.029941,-0.03727,-0.40025,-0.095978,-0.24797,-0.1098,-0.092508,0.2049,0.27576,-0.035239,0.010049,3.3415e-016,8.7061e-016,-3.3393e-017,2.9919e-016,-3.93e-016,3.5724e-017,-4.5543e-017,-3.6546e-016,-1.6201e-016
-0.0015541,0.004838,-0.020692,-0.024484,-0.010177,-0.010985,0.0062177,0.019952,0.026196,0.043812,-0.037269,-0.04361,-0.00357,0.051575,-0.039183,0.13212,0.014721,-0.049743,-0.0034807,0.003986,-0.078284,0.062545,0.16709,-0.21672,0.18445,-0.21508,-0.72057,0.38874,-0.33277,-0.11978,-0.042012,-0.074864,0.0030634,9.7307e-017,4.4875e-016,-1.6775e-016,1.1548e-015,-1.5823e-015,2.411e-017,-8.2311e-017,-6.5773e-016,-1.1016e-016
-0.0011138,0.00029299,-0.01229,0.015702,0.023716,-0.0030472,-0.16523,-0.076394,-0.10752,0.0011868,-0.010748,0.021852,0.047383,0.0037399,0.063152,0.024564,-0.093057,-0.20143,-0.007012,-0.13287,-0.078367,0.1604,-0.093407,-0.0015267,0.042094,-0.40041,-0.047513,-0.33232,0.077188,0.11668,-0.18544,-0.37732,0.34711,-0.099278,0.0053943,-0.095661,0.092123,0.30932,0.34912,0.041129,0.030316,-0.0065109
-0.0003582,0.0010103,-0.0093217,-0.0015316,9.4483e-005,-0.0032965,-0.083173,-0.06513,-0.1971,-0.012394,0.0223,-0.020254,-0.077159,0.044942,-0.0075921,-0.063539,-0.047483,0.020129,-0.16923,0.0086691,-0.15694,-0.0085579,0.12864,-0.017735,-0.03407,0.026756,-0.022373,-0.068465,-0.043388,0.10423,-0.095558,0.089068,-0.024592,-0.13153,-0.4151,-0.35585,-0.14497,0.16104,-0.24924,-0.49491,-0.018511,0.39467
-0.0088462,0.0022153,-0.0061164,-0.010536,-0.0024877,-0.014433,0.065073,-0.33613,0.14744,-0.088513,0.13014,0.021544,-0.05496,-0.16306,-0.27112,0.3257,-0.040759,0.18167,-0.20667,-0.42963,-0.30246,-0.13071,-0.40663,0.080423,-0.23845,-0.035482,-0.0028133,0.11998,-0.10013,-0.012587,0.028402,-0.0088895,-0.015157,-1.8839e-015,3.4001e-016,7.6328e-017,8.3267e-017,-1.5266e-016,1.6653e-016,2.7756e-017,-1.3097e-016,-9.0206e-017
-0.00039534,0.0011151,-0.010288,-0.0016904,0.00010428,-0.0036383,-0.091797,-0.071884,-0.21754,-0.013679,0.024613,-0.022355,-0.085159,0.049602,-0.0083793,-0.070128,-0.052407,0.022216,-0.18678,0.0095681,-0.17321,-0.0094453,0.14198,-0.019574,-0.037603,0.029531,-0.024693,-0.075565,-0.047887,0.11504,-0.10547,0.098304,-0.027142,-0.19196,0.18504,-0.09072,0.59895,-0.50334,0.14485,-0.078768,-0.2625,-0.031007
-0.036348,0.009811,-0.015779,-0.012292,0.066028,-0.020073,0.2402,-0.01847,-0.21666,0.2361,0.11412,-0.0032564,0.56776,-0.19606,-0.26092,-0.297,-0.0787,-0.068958,-0.079975,-0.21004,0.14124,-0.025075,0.13813,-0.19256,-0.04807,-0.082416,0.20972,0.055515,-0.31697,0.011839,0.062572,-0.060732,-0.0024315,-2.2855e-015,4.3975e-016,-9.9747e-017,2.6021e-017,-8.5001e-017,-1.0192e-016,-2.4503e-016,-9.2808e-017,-8.1966e-017
-0.0023583,0.009181,0.0026554,0.0050884,0.00039034,0.058726,-0.015911,-0.0034408,0.0022183,0.026914,0.030666,-0.0097657,0.010265,-0.054736,0.029304,0.08274,0.22478,-0.17231,-0.087975,0.079716,-0.051814,0.086391,-0.085004,-0.24107,-0.20235,0.42329,-0.11369,-0.46149,-0.25685,-0.53485,-0.069687,-0.089694,0.053235,-4.2857e-015,-8.9642e-016,-1.8735e-016,1.2869e-016,1.5678e-016,6.0715e-017,2.4199e-016,4.003e-016,3.296e-017
-0.00039618,0.0020647,-0.021093,0.075104,-0.014979,-0.035753,0.020481,-0.010143,0.012032,0.048497,-0.092972,0.13335,0.031408,0.32527,-0.27314,0.14297,0.20432,-0.063244,-0.30733,0.063465,0.43162,0.042155,0.17324,0.46237,-0.37629,-0.11983,-0.1355,-0.06189,-0.064273,0.023209,0.033609,-0.031114,0.011153,2.8488e-015,-5.5858e-016,-2.8189e-016,-7.6972e-017,1.622e-016,1.1796e-016,-4.1633e-016,-2.5544e-016,2.4286e-016
-0.00025023,0.00070578,-0.0065119,-0.0010699,6.6003e-005,-0.0023028,-0.058102,-0.045499,-0.13769,-0.008658,0.015579,-0.014149,-0.053901,0.031395,-0.0053037,-0.044387,-0.033171,0.014062,-0.11822,0.0060561,-0.10963,-0.0059784,0.089864,-0.01239,-0.0238,0.018691,-0.015629,-0.047828,-0.03031,0.072811,-0.066755,0.062221,-0.01718,0.060234,-0.31732,0.65479,-0.19138,0.10392,0.15547,-0.17159,-0.44937,-0.28145
-0.0062293,-0.002852,-0.023071,0.007305,0.087164,-0.0045164,-0.12974,-0.10365,0.082322,0.051434,-0.11177,0.072833,0.14355,0.036819,0.26298,0.053129,-0.1283,-0.12497,-0.021083,-0.063036,0.0080409,0.18606,-0.04165,0.093016,-0.039898,-0.045617,0.095418,0.14841,-0.11953,-0.17301,0.10281,0.49315,0.40004,0.39454,-0.25024,-0.11293,0.15539,-0.052927,0.10008,0.017317,-0.0099611,-0.015012
-0.0024788,0.0093439,-0.028414,0.026203,-0.016953,0.22645,0.001371,0.0017703,0.03569,0.038959,0.068069,-0.017192,-0.0013896,0.11891,-0.10441,0.013683,-0.48249,0.13532,0.22442,0.12087,0.0067918,-0.061791,0.046442,0.047971,-0.18887,-0.0046787,-0.040645,-0.062204,-0.060863,-0.11419,-0.082886,-0.024479,0.0092241,-0.26734,-0.40918,0.23734,0.20734,-0.064484,-0.058116,0.27924,0.29124,0.12414
-0.00028392,0.00080079,-0.0073885,-0.0012139,7.4888e-005,-0.0026128,-0.065924,-0.051623,-0.15623,-0.0098234,0.017676,-0.016054,-0.061157,0.035622,-0.0060176,-0.050362,-0.037636,0.015955,-0.13413,0.0068713,-0.12439,-0.0067831,0.10196,-0.014057,-0.027004,0.021208,-0.017733,-0.054267,-0.03439,0.082612,-0.075741,0.070597,-0.019492,0.32467,0.28805,0.36674,0.014765,-0.030547,0.12748,-0.31496,0.65968,0.12744
-0.062466,-0.021776,-0.029731,0.0092632,0.090987,-0.0095267,-0.29186,-0.26137,0.31165,-0.38565,-0.024205,0.022698,-0.1706,-0.12886,-0.2151,0.041372,0.10977,-0.0081605,0.24888,-0.080106,0.14585,0.010089,0.4375,-0.15901,0.0423,-0.061509,0.22968,-0.092918,-0.31188,0.09479,0.0048106,0.01154,0.015509,-7.7716e-016,2.2204e-016,1.6653e-016,-2.5674e-016,2.6368e-016,4.1633e-017,-5.5511e-017,4.1633e-017,1.3878e-016
-0.034136,0.078153,-0.45288,0.85259,-0.12525,-0.10403,0.022834,-0.0089269,0.008027,0.027135,-0.041274,0.046649,0.0080911,0.057488,-0.041728,0.0037298,0.0048332,0.0018618,0.01718,-0.006493,-0.058237,-0.0061842,-0.033074,-0.091882,0.085288,0.029707,0.036164,0.018018,0.019632,-0.0072558,-0.01083,0.0106,-0.003868,0,4.8572e-017,-2.7756e-017,-5.5511e-017,8.3267e-017,-5.5511e-017,0,8.3267e-017,0
-0.0080505,0.030896,-0.06127,0.043178,-0.03954,0.89582,0.096357,-0.09883,-0.027885,-0.080866,-0.14162,-0.043254,0.11298,0.063127,0.0736,0.047072,0.26171,-0.030808,-0.096373,-0.073679,-0.031835,-0.058294,0.030964,-0.02528,0.11486,-0.054161,0.047413,0.035885,0.051799,0.060475,0.0045413,0.020011,-0.0054669,-3.0097e-016,2.2898e-016,-1.1102e-016,-8.3267e-017,1.1102e-016,0,-8.3267e-017,1.7347e-017,0
-0.00032106,0.00090556,-0.0083551,-0.0013728,8.4685e-005,-0.0029546,-0.074548,-0.058377,-0.17666,-0.011109,0.019988,-0.018154,-0.069158,0.040282,-0.0068049,-0.05695,-0.04256,0.018042,-0.15168,0.0077702,-0.14066,-0.0076705,0.1153,-0.015896,-0.030537,0.023982,-0.020053,-0.061366,-0.038889,0.09342,-0.08565,0.079833,-0.022042,0.03435,-0.039853,-0.21994,0.067691,0.21911,-0.38931,0.15783,0.23495,-0.72462
-0.011745,0.011962,-0.085572,-0.0023925,0.0021266,0.12921,-0.054473,0.0089447,-0.17225,-0.060049,-0.090513,0.094273,-0.39553,-0.31807,-0.17876,-0.41559,-0.054334,0.065176,-0.091466,-0.058719,0.20035,0.2777,-0.18669,0.27266,0.16956,0.0042701,0.038236,0.19769,-0.10043,-0.30121,-0.19664,-0.074319,0.014938,-1.3236e-015,-3.5735e-016,5.5511e-017,6.4185e-017,9.0206e-017,1.7347e-017,4.0766e-017,6.9389e-017,-1.3878e-017
-0.0026005,0.009803,-0.02981,0.02749,-0.017786,0.23758,0.0014384,0.0018573,0.037444,0.040873,0.071413,-0.018037,-0.0014578,0.12476,-0.10954,0.014355,-0.5062,0.14197,0.23545,0.12681,0.0071255,-0.064827,0.048723,0.050328,-0.19815,-0.0049086,-0.042642,-0.06526,-0.063853,-0.1198,-0.086959,-0.025682,0.0096773,0.25482,0.39002,-0.22623,-0.19763,0.061464,0.055395,-0.26617,-0.2776,-0.11833
-0.009529,0.024456,-0.07805,0.027474,0.013381,-0.020507,0.098235,0.16834,-0.028508,-0.22152,0.45007,0.17542,0.050116,-0.12908,0.36058,0.10482,0.014159,-0.097587,-0.056228,-0.11498,0.028445,-0.43755,0.21201,0.31548,0.10693,-0.060746,0.038894,0.043059,-0.10187,-0.20388,-0.27326,-0.042939,0.026108,8.3267e-016,-3.4694e-016,-7.6328e-017,1.0929e-016,-6.245e-017,-3.4694e-017,2.7756e-017,5.5511e-017,-1.5613e-016
-0.00060971,0.0029447,-0.029081,0.098088,-0.019897,-0.048355,0.032428,-0.063346,0.043107,0.06782,-0.070674,-0.84316,0.0047789,-0.24831,0.22671,-0.027789,0.070603,0.15659,0.014198,-0.039343,0.066733,0.0037645,0.10856,0.23139,-0.16133,-0.08851,-0.049739,-0.056583,-0.058001,-0.028166,-0.015739,-0.019227,0.011835,-2.0817e-015,0,-1.6653e-016,0,-4.1633e-017,0,-9.0206e-017,1.1102e-016,-5.5511e-017
-0.0013838,0.00044806,-0.012276,0.013862,0.022366,-0.0052274,-0.14118,-0.074848,-0.014919,-0.00012398,-0.013924,0.051086,0.12996,-0.018211,0.12193,0.094364,-0.045075,-0.1928,0.16371,-0.11535,0.078667,0.16328,-0.17388,0.049801,0.059139,-0.439,4.5287e-005,-0.2134,0.057857,-0.20278,0.090594,-0.052345,-0.37495,0.073612,0.0052997,0.16536,0.10913,-0.20296,-0.45526,-0.22554,-0.043045,-0.032651
-0.039141,-0.0033302,-0.16975,0.033201,0.92921,0.016064,0.053443,0.049651,0.021731,0.086141,-0.12139,-0.018431,-0.10573,0.077381,0.054207,0.022479,-0.041927,-0.0012516,-0.072682,-0.037915,-0.051519,-0.064973,0.036867,-0.019555,-0.030061,0.037583,0.024616,0.048104,0.062577,-0.042003,0.036385,-0.14656,-0.0716,-5.6899e-016,-5.5511e-017,-5.5511e-017,5.5511e-017,1.0408e-016,5.8981e-017,-2.7756e-017,0,2.7756e-017
-0.024675,0.020241,-0.035531,-0.031559,0.039918,-0.038719,0.11914,-0.38386,0.13673,0.07425,-0.015003,0.064529,0.15745,-0.1107,-0.089767,-0.067077,0.0021064,-0.028133,-0.044905,0.52554,-0.31266,-0.062421,0.0011652,0.39375,0.34274,0.0010889,-0.013577,-0.131,-0.15263,-0.013529,0.21867,-0.10737,0.023395,2.0747e-015,1.6653e-016,-1.5959e-016,0,-5.5511e-017,-1.5266e-016,-8.3267e-017,1.3878e-017,8.3267e-017
-0.0085877,0.00027412,-0.030093,-0.0052057,0.12868,0.001837,0.051405,0.074382,-0.13066,-0.037986,0.096383,-0.069628,-0.019069,-0.045814,-0.25299,-0.015588,0.19412,0.15471,0.20973,0.11672,0.23681,-0.30363,-0.33154,-0.054629,0.16268,-0.079627,-0.21308,-0.28274,-0.07036,0.19986,-0.17805,0.16766,-0.042142,0.36496,-0.23148,-0.10447,0.14374,-0.048959,0.092573,0.016019,-0.0092143,-0.013886
-0.0082799,0.026697,-0.010241,-0.018126,-0.0061571,-0.023222,0.018319,-0.092519,0.12486,-0.095583,0.10658,-0.099277,-0.056224,0.43174,0.020666,-0.56747,0.17733,-0.3193,0.28656,-0.18849,-0.22453,-0.12934,-0.16008,0.13659,-0.19378,0.032473,-0.078667,0.090384,-0.11583,0.027912,0.031669,-0.022523,-0.015016,4.1633e-016,-5.5511e-017,1.6306e-016,5.2042e-017,-2.1511e-016,5.5511e-017,2.7756e-017,-1.3878e-017,-2.4286e-017
-0.013988,0.041358,-0.049537,0.067869,0.030024,0.18113,-0.21213,0.05287,-0.0021193,0.17018,0.3891,-0.057605,-0.1854,-0.29134,-0.018899,0.070201,-0.16526,-0.46631,-0.034189,-0.0019461,0.164,0.032686,-0.056059,0.057619,-0.038542,0.21877,-0.17181,0.010135,-0.015747,0.32522,0.36815,0.0087287,-0.019032,1.3566e-015,6.3838e-016,2.7756e-017,2.7756e-017,-2.4286e-016,0,5.5511e-017,-9.7145e-017,-5.5511e-017
-0.00044503,0.0010971,-0.0075006,-0.0081038,-0.0015502,-0.0030506,-0.058117,-0.014137,-0.025905,-0.00084951,0.012734,-0.01179,0.056754,0.018756,-0.022461,0.036651,0.08598,0.11509,0.11173,0.028429,0.10705,-0.087913,-0.075622,-0.019227,0.0016411,0.17149,0.0050649,0.15048,0.052327,0.096678,-0.0073932,-0.40062,0.62948,0.069552,0.0050073,0.15624,0.10311,-0.19176,-0.43015,-0.2131,-0.04067,-0.03085
-0.0097061,-0.00079078,-0.036593,-0.0047397,0.10829,-0.0079623,-0.19285,-0.10255,0.082786,0.044662,-0.13921,0.055746,0.23312,0.042182,0.21922,0.015038,-0.075082,0.044619,0.0099652,-0.028383,0.1936,0.033463,-0.28812,0.099578,0.10705,0.19137,-0.089739,-0.052082,-0.30984,0.27375,-0.33995,0.26181,0.0034388,-0.38011,0.24108,0.1088,-0.1497,0.05099,-0.096414,-0.016683,0.0095966,0.014463
-0.13856,0.16588,-0.80532,-0.49004,-0.16247,-0.060171,0.032883,0.046627,0.0080429,0.062749,-0.089974,-0.035695,-0.020101,0.024404,-0.022679,0.074791,-0.0016544,-0.043753,0.030444,-0.04243,-0.0064122,-0.012411,0.024714,-0.011488,-0.010592,0.020577,0.032393,-0.040388,0.035066,0.02248,0.0075655,0.016267,-0.00080785,-1.1102e-016,-1.1102e-016,-8.6736e-018,-9.4109e-017,8.6736e-018,1.3878e-017,1.3878e-017,2.4286e-017,0
-0.032868,0.036626,-0.073031,-0.0046058,0.075001,0.082238,-0.30108,0.058753,0.21867,0.27019,0.3668,0.049791,0.12417,-0.13759,-0.070632,-0.054808,0.30822,0.095951,0.024895,0.33206,-0.1698,0.18549,-0.022787,-0.067527,-0.2807,-0.18916,0.094793,0.2167,0.12219,0.0030798,-0.33526,0.049249,-0.043065,6.7307e-016,-9.7145e-017,2.7756e-017,-9.541e-018,1.4138e-016,5.5511e-017,-8.3267e-017,-9.7145e-017,5.5511e-017
-0.00086403,0.0017076,-0.01197,-0.01001,-0.0026635,-0.0067048,-0.075683,-0.047342,-0.043025,-0.008879,0.020853,0.0062856,0.088859,0.020719,0.032058,0.065718,0.098502,0.12438,0.17324,0.047614,0.16255,-0.082103,-0.075632,0.022216,-0.00085518,0.1339,0.038169,0.2142,0.0051149,-0.16263,0.20692,-0.0025293,-0.13642,-0.15606,0.027752,0.045322,0.51253,0.54095,0.14179,-0.33956,0.0050338,-0.087905
-0.049843,-0.0094055,-0.0074595,-0.0080825,0.031569,-0.022836,0.21039,-0.53281,0.066607,0.23723,0.20034,0.13911,-0.018665,-0.035165,0.079666,-0.11596,0.038282,0.12281,0.13766,-0.24099,0.18853,0.12043,0.24369,-0.018626,0.06916,0.15231,-0.27985,-0.11997,0.4158,-0.046598,-0.1277,0.10156,0.018373,2.0851e-015,-5.6552e-016,5.5511e-017,1.1102e-016,2.7756e-016,-6.9389e-017,1.8735e-016,2.498e-016,2.7756e-017
-0.0091712,-0.0064594,-0.018455,0.0085785,0.11749,-0.0053202,0.2264,0.14467,-0.2345,-0.30295,0.2366,-0.12144,0.17077,0.10161,-0.17986,0.26088,0.071094,-0.027863,0.27949,-0.056789,-0.16904,0.56064,0.046903,0.23655,0.098981,0.19704,0.014409,0.027756,-0.0062657,0.088179,-0.086452,0.054051,-0.0049234,5.8981e-016,-2.498e-016,-6.245e-017,-1.1102e-016,2.9143e-016,8.3267e-017,1.1102e-016,6.9389e-017,1.3878e-017
-0.00022733,0.00064118,-0.0059158,-0.00097198,5.9962e-005,-0.002092,-0.052784,-0.041334,-0.12509,-0.0078654,0.014153,-0.012854,-0.048967,0.028522,-0.0048182,-0.040324,-0.030134,0.012775,-0.1074,0.0055017,-0.099597,-0.0054311,0.081639,-0.011255,-0.021622,0.016981,-0.014198,-0.04345,-0.027535,0.066146,-0.060644,0.056526,-0.015607,0.28301,0.23849,0.16797,0.22067,0.39771,-0.35929,0.42095,-0.26735,0.42455
-0.0036353,0.006227,-0.055737,-0.014889,0.012318,-0.024736,-0.46492,-0.29319,-0.5447,-0.043099,0.082702,-0.0038852,0.11579,0.13454,0.11446,0.065734,0.082273,0.18201,0.11368,0.027521,0.053501,-0.090035,-0.02698,0.021224,-0.030294,0.060615,0.015713,0.13925,-0.0048419,-0.11842,0.18827,-0.14281,-0.10485,0.032612,-0.013588,-0.088562,-0.25571,-0.13515,0.13487,0.23432,0.016174,0.049759
