1.0,0.75477440856347,0.6125452036130594,0.6425096631300848,0.6838819122528998,0.6442235281077283,0.5800922109757014,0.731805818203042,0.7842918764162219,0.6973046896459314,0.5341520636295656,0.6291334871254172,0.589758576965866,0.7137925752501859,0.5828164469585607,0.7842373493501713,0.8104758737612411,0.8073019933216893,0.6707277110851795,0.589877406188396,0.6804368608528195,0.6150460123744103,0.6267754242327604,0.7971619608877687,0.814310233590087,0.7349366051923473,0.6284051305817702,0.680052037712098,0.7235715686735942,0.7514557662916452,0.72854913651211,0.7247114001878198,0.8703325084283637,0.6948346639957225,0.6758658675320742,0.7232761622624867,0.6817225467294155,0.634612344031359,0.5543410464124031,0.6758960128985962,0.5918599061083951,0.9186920941067575,0.7129372553107101,0.7498761518410274,0.7683943382921221,0.8321714150067848,0.5900735030588793,0.6375256047081738,0.7248402299626894,0.7329960063182448,0.5710443489669333,0.7004689255615406,0.7467437579224274,0.5542409115626545,0.6916857327569679,0.5714119811369154,0.7541339073294768,0.6834504185538932,0.7246034841481042,0.6228868225562874,0.6589130864534082,0.7921486734654212,0.7517172283707609,0.7193979677807227,0.8182401520898257,0.8494952607658958,0.7680028260674349,0.6466346725463831,0.7123350288425037,0.7910124067499119,0.7047437522394906,0.6365988168690634,0.6917989864191949,0.8025706844399416,0.8278750721499138,0.7509839239187881,0.7803299885600838,0.7490062862056412,0.766419234049595,0.721456456635218
0.75477440856347,1.0,0.7442581230264719,0.8200123215628901,0.7522062290276247,0.7958714800835696,0.6693848267494197,0.728007859819541,0.6456121633815834,0.7686085911189338,0.7249467680349138,0.7857361057091413,0.6862778628556441,0.8041512663758261,0.679971393652212,0.8141337245473558,0.7243666773473435,0.8738594579147779,0.6087742546971163,0.6391687887115312,0.6877882457243597,0.7011460182221021,0.6425309728232949,0.7449693990738997,0.6892310687398904,0.7859753740004591,0.7093347718661199,0.8321838145229652,0.7428941227933918,0.6826954732559855,0.7423513354083244,0.7783941276693066,0.7307442768004214,0.728273364864817,0.6929407990262744,0.7664897883401847,0.7841919955331524,0.8000719096897434,0.6054995705986699,0.7287338168954963,0.8030706816150499,0.7751807733179376,0.7184537726817891,0.8140821154401413,0.737913314560475,0.7095610747392646,0.7173572998241446,0.7665890238275884,0.7543592262047208,0.7767096610717347,0.7615078130122724,0.7753893571943582,0.7417326272564326,0.7502490239399171,0.6585083361556069,0.7186355516969856,0.7998343917434155,0.756180572171215,0.7807010496699174,0.6740008543788113,0.8113743552105388,0.680517392673608,0.6787936086882623,0.748221223222971,0.79721643896766,0.7841422677354064,0.7883840714323489,0.6417347554238114,0.7704475654499978,0.6769296815725971,0.7408490830795824,0.8490626209386207,0.7346095900257945,0.7174393522267393,0.7110453304986315,0.79584630808702,0.8147086917643577,0.7258214595610009,0.6924802349600377,0.7553751873127668
0.6125452036130594,0.7442581230264719,1.0,0.8829987761165592,0.814020336260558,0.8536222596928157,0.679738637995779,0.6664296426889608,0.6645241575851978,0.9208655581781638,0.9458233422617297,0.9180614409126596,0.8152751731461828,0.8733980380509226,0.7708973836299606,0.6810164112979719,0.6850145546382624,0.6511174611807784,0.7566007032936963,0.7471062366699208,0.8322419735501697,0.7495949219111778,0.7699030581375037,0.617064576625071,0.7496867170345942,0.7527033755627337,0.9129440204298257,0.8403906995157632,0.8527938033370323,0.8098810373550277,0.8237720397730415,0.8114128334120881,0.7380546708547456,0.6621514094967682,0.9335123458086075,0.8841333858498757,0.8783668924192028,0.8204481737711214,0.769420972451804,0.8675555321684285,0.8461410501412121,0.6918793838789323,0.6772600655745874,0.8898466584041312,0.8232610556496673,0.7207419582319498,0.9642368756707803,0.8607698399209065,0.8554349369347787,0.7959511860311469,0.9035215075498717,0.8715882828347656,0.8358315202122999,0.8657683488431202,0.6796282657651597,0.984962387238299,0.8613211645535968,0.8551382186103884,0.800090534726673,0.6886804194964123,0.82078962263266,0.7047677109346742,0.7921894250734531,0.8991415066113758,0.7732539463602632,0.7869670282190164,0.8567793287892866,0.8349641836104738,0.7326750781818282,0.6991066848040977,0.6888430379425323,0.8068940712302869,0.7249479024874859,0.7856661473576405,0.7445099301312604,0.8643504575331982,0.77950718976139,0.8535283499623713,0.7233225670875327,0.7948416047050111
0.6425096631300848,0.8200123215628901,0.8829987761165592,1.0,0.7972885144121219,0.8908854849742468,0.6852654124689215,0.7392819936939319,0.7056831015902529,0.8944537120278149,0.851857614001507,0.9352239632896222,0.8186288528537997,0.8314508639641485,0.7788697030327111,0.7325490427476054,0.7238748893034611,0.7184062309246498,0.7036940617819089,0.7422137854824314,0.7976199863797138,0.7368257075301374,0.7749417911872171,0.6903228187730852,0.7649611281378587,0.7624962749174293,0.8769591516406816,0.927071832328696,0.8337706461053873,0.8019469897583296,0.8055037160224655,0.880083773164184,0.7828936990369737,0.7606918366685387,0.835563251564154,0.9096578739434046,0.8576293627894447,0.8776906520430556,0.760497409970077,0.8371162598408255,0.9014321183330732,0.6912783277144767,0.6729950900598747,0.9388125462606715,0.8233047394955738,0.7566792540516276,0.89093430688692,0.904755975524575,0.8663125220914802,0.7940818259193452,0.929017888460052,0.902750745873559,0.8293708557859851,0.941190686943217,0.6770163615974285,0.885024878894605,0.8661853843548274,0.8298571606955605,0.8518368541123429,0.7038313970487858,0.8742706525631998,0.7110078804564404,0.7981999023938651,0.8066638696068905,0.7575633245288506,0.7807791679792393,0.8349675616520571,0.8101112078557792,0.8351175290844879,0.7569718121798902,0.813273876009416,0.8064097897288601,0.7496584598398414,0.7877783437575552,0.7412106327376689,0.8724274625847753,0.7578742948210504,0.8592697355883392,0.6786316486884637,0.8632919731385605
0.6838819122528998,0.7522062290276247,0.814020336260558,0.7972885144121219,1.0,0.9007271607341834,0.5674966260418414,0.6602295110128339,0.7073044064643413,0.8553688615649563,0.7388675222368258,0.8154795742664884,0.9225463010354165,0.7971961868352957,0.6404513282783525,0.6464789939791904,0.7412362074524614,0.6713654496436307,0.5614041622896901,0.6668720559914567,0.740078826906765,0.6968264108522318,0.6424695238851303,0.656787385082622,0.7345184277674831,0.6331910074951799,0.8412296015277898,0.8027196310915805,0.9190395652106492,0.7735189463187627,0.612607546424828,0.6693563337620303,0.7525962369314547,0.6651935964051197,0.8548526172903154,0.7679753577337187,0.8112498166859193,0.7424172143036121,0.8466657165773714,0.926509061303282,0.8228188724387279,0.7421539429535147,0.5658856553708457,0.814625393222369,0.8961254237541929,0.7018435987350191,0.8344698875490891,0.7620419699113874,0.93412358371792,0.8182536402149975,0.813736579748397,0.8595029537931083,0.8888625424834444,0.7843177333739056,0.6269691775813666,0.786593204194023,0.8614290478708417,0.8647947646553258,0.8087920698267064,0.5944422710947641,0.7552597209932517,0.7884524165467417,0.8054817752489563,0.8225527821167565,0.7476406677692806,0.8803866495235907,0.8074688565966825,0.7053179242241264,0.7137772283984342,0.756584045987167,0.7291797432247036,0.7106995995590364,0.6850134279822568,0.7979729771086355,0.8251808792978732,0.9092662925649897,0.846405579021353,0.8679819896914338,0.6104461967444531,0.6546157892993039
0.6442235281077283,0.7958714800835696,0.8536222596928157,0.8908854849742468,0.9007271607341834,1.0,0.6599117245294098,0.7305120341403023,0.7211376598460745,0.8814878481579832,0.8054589403126107,0.8756003334373915,0.8814222019612457,0.8600914914303734,0.7093426173729069,0.6887183126355346,0.6943906691198831,0.6605199171016185,0.6616323461415187,0.7672322676337467,0.8122172343319333,0.7240601901296566,0.6717031068169564,0.6598614508940461,0.7205111966139941,0.7363983088840181,0.8307563424204583,0.87422499051392,0.8182652316653101,0.7835781851346522,0.6869608738709647,0.7771000747995072,0.7343480106062784,0.6990342201872319,0.7922113050756879,0.8552014506370217,0.8469614546678919,0.8466482205910623,0.8547656258322116,0.9211505370305121,0.8674342917515293,0.7059383034793495,0.6188466652281001,0.8669629736180756,0.8024422776695248,0.7467984156409737,0.8770677709471884,0.8765759767511077,0.8602583203379541,0.841936585522529,0.8608851025217851,0.9301928228601458,0.807756464629356,0.8835871832522664,0.6778634255608551,0.8518251308401796,0.8914627679696008,0.84864866241019,0.8582748463566068,0.652963957932292,0.7883375357950417,0.7010431951715039,0.7481689988759364,0.8359318339047984,0.7765116205086561,0.7948222205547844,0.849730378250959,0.7398551420867129,0.7320108790009037,0.713529921830711,0.7232869564841125,0.8124103452041351,0.6825569520244678,0.7533928216382404,0.7508544535762772,0.876834097250304,0.7882694672242244,0.8422038833212813,0.6371216412897565,0.7507485937726801
0.5800922109757014,0.6693848267494197,0.679738637995779,0.6852654124689215,0.5674966260418414,0.6599117245294098,1.0,0.886062985331168,0.6079134694745794,0.6346137885295919,0.6810181389588628,0.6495799934395097,0.5866733132916662,0.6501025062868836,0.8517493587651668,0.798435330403456,0.6482551947627777,0.572642344984319,0.7654614665639263,0.5176599568486236,0.5912644353803523,0.5147584925826012,0.8511274027145207,0.7795162978248251,0.6701438260817512,0.6634589806418449,0.6959069092855209,0.6271779134528138,0.5570701344480706,0.59355312707905,0.7060223525848986,0.7026895987399492,0.5694534201736711,0.7126091175218741,0.6313015895789945,0.6117934388916619,0.7583605652192995,0.6389797406861718,0.506446320754154,0.5677615641032473,0.5946887641905602,0.5325277387963918,0.8662070645155892,0.6408522068830492,0.5061068078520086,0.6407290377801707,0.7136054074041853,0.6345059226239083,0.5659190537572835,0.650233130080208,0.7068323436181726,0.6371510961583524,0.4823002100047125,0.6560535802685614,0.9149822079758735,0.6831725656905779,0.6962256422265407,0.6752798599235209,0.6764028882084874,0.9593416666869148,0.6803789829411573,0.6022421241833814,0.6505538245888826,0.6970727585647445,0.5976232933730137,0.5982774876511999,0.6700069166233202,0.8351685742136352,0.7552733757171218,0.665570896398614,0.7565185417894964,0.6275161846989603,0.7128889499163149,0.650723009749475,0.5511404212491244,0.5830661711564021,0.5994464486796586,0.5899701973565898,0.7151570529950156,0.640133935070992
0.731805818203042,0.728007859819541,0.6664296426889608,0.7392819936939319,0.6602295110128339,0.7305120341403023,0.886062985331168,1.0,0.685744946358662,0.7080539635157783,0.5805611918400915,0.6933511086692056,0.6349769005860221,0.708031144887225,0.7454263923913679,0.8623480978671848,0.7984146323301246,0.6305777162623017,0.700748687953969,0.5370078178152912,0.6128243631624606,0.5208072541095481,0.7935327182360842,0.9285484853607819,0.8159315234976509,0.6803760670123385,0.680981350674915,0.6969018206999233,0.6776662634820233,0.6754647150174768,0.6831426672826574,0.7557698573440187,0.7233802427679755,0.7156228906046896,0.6376569355869111,0.7082760640382597,0.7411673776917461,0.6851059586372024,0.5568425858730854,0.6810067854055947,0.6319917796566834,0.6752060147597221,0.8429472977775372,0.7360489863128101,0.6517967376870093,0.7296833322245669,0.6710326010839551,0.6533120022497547,0.6721597887379824,0.6717215814745725,0.6866057642235546,0.7494393876161368,0.6371099971972278,0.6573624930668084,0.9163013725706115,0.6653535410403966,0.7640418844816377,0.6880014848243392,0.7074874565969974,0.9177115507942777,0.7422604516792696,0.7207692916016215,0.780298611954432,0.7013658566827614,0.6706712508029805,0.7303696686220631,0.7444005561366326,0.8050956636053599,0.8306656681276154,0.7845706157818108,0.8044835681126468,0.6524022855433081,0.7494462690957057,0.7734205022013951,0.6377991977639388,0.7065290245706104,0.6994518075963946,0.6791488546710178,0.6196862815671508,0.6858197020775666
0.7842918764162219,0.6456121633815834,0.6645241575851978,0.7056831015902529,0.7073044064643413,0.7211376598460745,0.6079134694745794,0.685744946358662,1.0,0.7830546770401725,0.6207292480412371,0.7096871744276044,0.7315807529036477,0.6779566758608552,0.693358801745837,0.6476423701731137,0.7810840019186494,0.6056541666864117,0.7917398682023793,0.7757764583626423,0.813976586153521,0.790849201336979,0.6859688013101348,0.6536545434942447,0.758606372615352,0.6581577083366907,0.7046229497832408,0.7572423959355055,0.7665665717613843,0.7552491176147561,0.6543209254149958,0.7001947269637128,0.8132855945289904,0.7481945295853862,0.6955808092145151,0.7123126289367343,0.6592366521921343,0.7218038970408276,0.7256867147285918,0.6705467286160898,0.726115424667798,0.7490390394321694,0.5435687659194413,0.7539448060943482,0.7539550055087944,0.7367740172198358,0.6888268617499874,0.7168245644852806,0.7807751428668351,0.7075776317331665,0.6857661791490155,0.6925905307732332,0.7192659301966791,0.6929535230415373,0.602625648292366,0.6407478964619916,0.7173929792939816,0.7273617571567282,0.6604167417700434,0.5638145068508151,0.7076041587586308,0.8220858676015068,0.7742323453341856,0.6271980702222502,0.6706612480281955,0.7403352239994108,0.6932363113658135,0.6952850585219538,0.7296699932140657,0.8126006914274516,0.766549181812082,0.5812066043715206,0.7541074290395657,0.8126509389624225,0.8492574113164638,0.8290897406880549,0.7195542376549067,0.7823324191245018,0.6611154024752623,0.7488428566226367
0.6973046896459314,0.7686085911189338,0.9208655581781638,0.8944537120278149,0.8553688615649563,0.8814878481579832,0.6346137885295919,0.7080539635157783,0.7830546770401725,1.0,0.8450836294323979,0.9190405472331641,0.8349279242762012,0.8429689843854806,0.7282409871342718,0.7000433213392728,0.7423228300721019,0.7148143242125314,0.74622590754594,0.7991338779536041,0.893772635353623,0.8133809560560754,0.7250572591154969,0.6726650716584328,0.7940289071747093,0.7500450598489794,0.8609225189391548,0.8952006326431257,0.8855750505007425,0.8174130272944996,0.7563794229777023,0.8196092284689662,0.8009281046864499,0.6821194781014468,0.883313165276347,0.8776662605803937,0.8442863833312693,0.8299380552389894,0.7968755961044551,0.877122135635777,0.8778747998137757,0.7590809653948946,0.6389405226581785,0.929541124755578,0.8962002765854894,0.7522178834201714,0.9126968874945993,0.882458936939112,0.9042711956089253,0.7971078552159816,0.8819116758397859,0.9050018989419366,0.9027996667616109,0.8791843902507704,0.6741287768012849,0.9135625549126667,0.8825705704684592,0.8662208455702702,0.8229403818820566,0.6431186787129525,0.848866997767003,0.754737977072063,0.8185509232821417,0.8716903331647824,0.8137576029308642,0.8468757371252076,0.8546755691971816,0.7905579539848,0.7791559958254777,0.763310397847091,0.7438447237772868,0.784212172972681,0.6946472622529485,0.8179112299190775,0.7977232934372664,0.9442837841401502,0.789279282025187,0.8856688377277104,0.6544876854903976,0.8262244248015961
0.5341520636295656,0.7249467680349138,0.9458233422617297,0.851857614001507,0.7388675222368258,0.8054589403126107,0.6810181389588628,0.5805611918400915,0.6207292480412371,0.8450836294323979,1.0,0.9214158845319209,0.7764271919243886,0.8484230392497171,0.7769807971242135,0.6743957156377641,0.5791609327634581,0.6553985095791908,0.7457868512294505,0.7688684044805263,0.8132479784254981,0.7845779529437069,0.735609475416583,0.5478937349961662,0.6630224842954183,0.7733723075933774,0.8753532082003185,0.8064875298446766,0.7677008502160282,0.7620126611622345,0.8185449713976517,0.8109824734389199,0.6350475629184182,0.6824524891081998,0.884819600005585,0.8453998120060898,0.8471865473005536,0.8438744714895579,0.7624911370159262,0.797426780901044,0.8534182878638399,0.6319298614818787,0.6839363289586371,0.8323378183861669,0.7393102387412277,0.6818093535158058,0.9295887583373468,0.8926942759607328,0.7851650367022515,0.7965952846071722,0.9104470001041316,0.7852611553273181,0.7501651437323685,0.8883623769666651,0.6380751535341818,0.9380663729431994,0.8255600581653934,0.7989614333761966,0.7696881275539552,0.6511570682151722,0.7915368690316791,0.6158942777356956,0.7072422015025811,0.8606559855616067,0.7514070740795377,0.6893488204325916,0.7983477212175684,0.7971759933605937,0.6947815682136473,0.5984962099367139,0.6622493093843058,0.8493995459921171,0.7140207802015094,0.7195909641842905,0.7071297420640874,0.7934020644831249,0.7225131830635348,0.8001982352420518,0.7595374814592316,0.7935584851790105
0.6291334871254172,0.7857361057091413,0.9180614409126596,0.9352239632896222,0.8154795742664884,0.8756003334373915,0.6495799934395097,0.6933511086692056,0.7096871744276044,0.9190405472331641,0.9214158845319209,1.0,0.8490183117687996,0.8829384036746635,0.7622044200258036,0.7466128324149197,0.6913930922500583,0.727006760184913,0.6949380432160129,0.7874754342981132,0.8217832484900265,0.8178952310857026,0.7381588340671082,0.6508159375064194,0.7553143490436798,0.8132965445323901,0.8901622648324208,0.8756513816313666,0.8675578557166819,0.8381129576750952,0.7791235508875791,0.8830673650472795,0.7348138491537284,0.7419115105694984,0.8709141674855372,0.9138343912303772,0.8572405550412012,0.8949866404185087,0.7994913819912106,0.8777057463139011,0.9083696477571619,0.7246169281214295,0.6666547350731912,0.9366604510872103,0.846788228785622,0.7492805007532319,0.9065084958285198,0.9320121956802975,0.8755070690507051,0.8276255694645493,0.9533331630749862,0.888840583661237,0.8620575982116578,0.9432847287703195,0.6514582396473259,0.9107322625277441,0.904799317251484,0.8410251112808235,0.8207093347800265,0.656867300179531,0.8832074977595121,0.7238213930078647,0.816142198133436,0.8587261556578006,0.8197516968236316,0.7968597352397679,0.8766832526812852,0.7989937263755461,0.8044568146633727,0.6937213724496866,0.7535434339096427,0.8922877823683493,0.7437402191933492,0.8046384237855454,0.7641090178562931,0.8997100202787263,0.7980611897230595,0.8678802510278654,0.7073893774221106,0.8707766318583567
0.589758576965866,0.6862778628556441,0.8152751731461828,0.8186288528537997,0.9225463010354165,0.8814222019612457,0.5866733132916662,0.6349769005860221,0.7315807529036477,0.8349279242762012,0.7764271919243886,0.8490183117687996,1.0,0.7971936864919517,0.6953105547735683,0.5986146522074733,0.702184656599078,0.6121775976162253,0.6125863928719769,0.7204430290810964,0.7693748166117177,0.7279086960415336,0.6629054711064636,0.5562619077514952,0.6963441909362189,0.6256945299799628,0.8689899065989698,0.7948341796146747,0.8938437745201663,0.8015288527502135,0.5979422389496867,0.6944788597443957,0.7040566936399999,0.7065929251959925,0.8124705627583341,0.7977190310292775,0.7938488033066105,0.7570242777405174,0.9111873908757782,0.8861074457808049,0.7971880076490068,0.6610994660702534,0.5157353556086077,0.8176241225640629,0.8434401885731184,0.7015369876399572,0.8558455461582003,0.8183067826236755,0.9206019561456271,0.8525439738648863,0.8576066149068634,0.8426198386106165,0.8282895748399607,0.8339779256360906,0.5889318203317803,0.787999944850809,0.8422383877103167,0.8968663518410148,0.8045496671626996,0.5723512302272854,0.727534650425941,0.762689714746941,0.7603662857864121,0.780811914456321,0.7412121555094899,0.7923178100843541,0.810825045289765,0.7065316861072025,0.6897003228307466,0.7334837632276817,0.7035848918146341,0.7224151066495654,0.6756351681330248,0.7572343074256114,0.7927984693111353,0.8892557930328431,0.8144452642303976,0.8506333484059917,0.6257270612032959,0.6879325369023304
0.7137925752501859,0.8041512663758261,0.8733980380509226,0.8314508639641485,0.7971961868352957,0.8600914914303734,0.6501025062868836,0.708031144887225,0.6779566758608552,0.8429689843854806,0.8484230392497171,0.8829384036746635,0.7971936864919517,1.0,0.6424345828477648,0.7492213156371395,0.6473657393792595,0.7510117182990467,0.7124164533570119,0.8282445972352811,0.8310250623659183,0.8052903482238107,0.6352980378579407,0.6705314412696497,0.7054640314584686,0.8591851538320026,0.8233746124630631,0.7958899935916129,0.8081838523791267,0.7923544391214853,0.7225229365690203,0.7866261319812714,0.7029674032284052,0.6470573450378281,0.813285810883994,0.8803809659796109,0.8686919087319982,0.8915104584526763,0.7970520398341268,0.8751540769013975,0.8185453483103828,0.8115302355266311,0.6809134912843635,0.8560954977067723,0.7871959692752875,0.832601317595396,0.8274341148109908,0.8577645643151814,0.8228577896767962,0.9171187715832133,0.8241961630974496,0.8462977242284733,0.8048134326019263,0.8339294535619045,0.6451051641409635,0.8491773786576559,0.9207209326140594,0.8279515237791563,0.8752401153279742,0.6272358051900253,0.7425257256530924,0.6644696331763822,0.7434500598788635,0.8897637251028518,0.8926215442225429,0.8526819354832893,0.9472478324870895,0.6910899116967146,0.6491364479672709,0.6555922985348924,0.6273957125293929,0.9035923774204777,0.7153623837829717,0.7589021768555136,0.732211955875988,0.814496242323519,0.8730346415153001,0.8320967282728479,0.7819957210171009,0.787772116891771
0.5828164469585607,0.679971393652212,0.7708973836299606,0.7788697030327111,0.6404513282783525,0.7093426173729069,0.8517493587651668,0.7454263923913679,0.693358801745837,0.7282409871342718,0.7769807971242135,0.7622044200258036,0.6953105547735683,0.6424345828477648,1.0,0.7645903451678964,0.7791166017804472,0.5676298321097876,0.8035725067623958,0.5914267079837737,0.6618096301202155,0.5914696483056405,0.9294829317491292,0.6512112992164507,0.7264459448196143,0.6278543198186803,0.824150337470931,0.694390326604094,0.6865676986953304,0.7490354767948783,0.8113414092102866,0.8184900171719436,0.6941888784669745,0.8820167088739798,0.7471185281810484,0.7396164776252923,0.7853538693312138,0.6668730480245589,0.5827660749761542,0.634985554375983,0.7027514015659984,0.5950052861466364,0.7786305708887387,0.7730548444523422,0.6565165578945731,0.6003483679197043,0.8220163638387469,0.7288625980990713,0.6850416997324533,0.6534345747130247,0.8332107949854649,0.682662754885244,0.6381392934777856,0.766331023261818,0.7787086501755899,0.7759285064894269,0.6999313894577461,0.7406366116840934,0.6469738291036374,0.8328669212890109,0.7658652271532024,0.7705042459609899,0.7767177070701171,0.7113838272786585,0.6352909457952274,0.6293211174657645,0.6924402859188961,0.9343302501070971,0.8305395069537873,0.7255480561400435,0.8456839488933449,0.6812591373636615,0.7918568107535314,0.7617395471268908,0.6778182203362515,0.6869067487328753,0.6154748260029184,0.7016860149526087,0.7519322424981778,0.7248142303619666
0.7842373493501713,0.8141337245473558,0.6810164112979719,0.7325490427476054,0.6464789939791904,0.6887183126355346,0.798435330403456,0.8623480978671848,0.6476423701731137,0.7000433213392728,0.6743957156377641,0.7466128324149197,0.5986146522074733,0.7492213156371395,0.7645903451678964,1.0,0.7979366291580298,0.782971637585521,0.7023848508128034,0.5490391572657312,0.6262161087770006,0.6306842553111035,0.7274692057629016,0.8847837451709019,0.8185360412454334,0.7499461080277694,0.6389842836828789,0.7423289266528055,0.6821362660427742,0.7191706253463752,0.7645061502123427,0.8448567523530128,0.7770433387529538,0.7963255994231726,0.6694992734288587,0.7688165656809118,0.7170432026525574,0.7435351945519776,0.5459070791884689,0.7030873842550818,0.7121195355434904,0.7961701469256446,0.8682109563604723,0.7875842661192909,0.6983430797941023,0.7014741647088858,0.6437881161299164,0.7296366679908713,0.6597354052004757,0.7140172477851581,0.6929663938744701,0.6914800367470926,0.6906278519625687,0.7110914647369923,0.7985579783006387,0.6535150227445834,0.76898711021869,0.6401837933884231,0.698699846809636,0.80782324722565,0.8154146540551788,0.7276716313852898,0.7918012439095514,0.7185981921974718,0.7775185582476174,0.7496721388086154,0.7772403351140036,0.7819348362453898,0.8191359609681822,0.7367865725054927,0.8035589069583106,0.7852326845825481,0.8136676114997924,0.8199039366539485,0.7104509379420787,0.7051465403167958,0.7463870674823123,0.7046795756307076,0.7353357490831501,0.7401915582044447
0.8104758737612411,0.7243666773473435,0.6850145546382624,0.7238748893034611,0.7412362074524614,0.6943906691198831,0.6482551947627777,0.7984146323301246,0.7810840019186494,0.7423228300721019,0.5791609327634581,0.6913930922500583,0.702184656599078,0.6473657393792595,0.7791166017804472,0.7979366291580298,1.0,0.6754542788092792,0.6949706443513468,0.5684288649023959,0.648307434737273,0.5714581594998481,0.8115769436628373,0.8150094064423514,0.9113499024219471,0.5544726477464166,0.7463928388381121,0.7249719448998677,0.8276515123455109,0.7886409593501498,0.7186506724039838,0.7651513009007918,0.8877478610156111,0.8517625065164619,0.7430442277513561,0.7646399753798128,0.6860930305004733,0.6122895680315003,0.5880624286708491,0.6925180172272805,0.6656925870938843,0.7726943206012248,0.7154516950827151,0.7868006706569807,0.8185635246092131,0.6854019371390878,0.6894274312953859,0.6585750073229659,0.8122895002185679,0.6761418085246769,0.6978662569415531,0.7142079203290305,0.8099400818152569,0.6378194030529167,0.733977600398003,0.655320892415593,0.6997920221453641,0.7490283986520472,0.6510398174726244,0.7023818874623826,0.7582541283079938,0.9316664307428791,0.8954742490947452,0.6618612938617936,0.694569371603508,0.7892148915972054,0.6957270261574083,0.8211073649144831,0.858847199480973,0.9169558598973417,0.88810949922779,0.5899983172723336,0.8589703255679064,0.908185820259208,0.8260010062957048,0.7999202277089543,0.7625034506037491,0.7966446866745595,0.6233428184016756,0.6700855665494116
0.8073019933216893,0.8738594579147779,0.6511174611807784,0.7184062309246498,0.6713654496436307,0.6605199171016185,0.572642344984319,0.6305777162623017,0.6056541666864117,0.7148143242125314,0.6553985095791908,0.727006760184913,0.6121775976162253,0.7510117182990467,0.5676298321097876,0.782971637585521,0.6754542788092792,1.0,0.6040333943458596,0.6463408762483482,0.6984844050473362,0.7109513140592219,0.5811853675373748,0.6889831030514405,0.6658058591828621,0.7442684954847967,0.6458893451432953,0.7545985035995745,0.6832739662354804,0.6520567608754002,0.6947909056195539,0.7298662939541714,0.7095040339220458,0.6535793275302682,0.6761275415775136,0.7230512991268742,0.7414722582777424,0.7245545045342421,0.5601768807398908,0.6600454496788932,0.6812693358339889,0.8309015138731907,0.6877851101369655,0.7878860521595725,0.7267973030789081,0.7637219477673118,0.6231563080582607,0.7377699245503119,0.7094312343764172,0.7892004988745588,0.6885685100281831,0.7026113581047839,0.7403027552864955,0.6700973368773309,0.6085643002688783,0.6151009374788262,0.7555283376263964,0.7046745219144539,0.7720321730244935,0.573321891999526,0.7026292793806339,0.6333280153485278,0.6123173907012545,0.7425318024230331,0.8913218781677772,0.7896864058253718,0.7669295694812337,0.5582697811070426,0.6917831155029296,0.664617562047553,0.6550040238364392,0.7733396221263238,0.6490506871581656,0.6603314529394377,0.667001032677544,0.7333164476461573,0.7936414222602405,0.6868100354585469,0.7695743334864382,0.7239705786686398
0.6707277110851795,0.6087742546971163,0.7566007032936963,0.7036940617819089,0.5614041622896901,0.6616323461415187,0.7654614665639263,0.700748687953969,0.7917398682023793,0.74622590754594,0.7457868512294505,0.6949380432160129,0.6125863928719769,0.7124164533570119,0.8035725067623958,0.7023848508128034,0.6949706443513468,0.6040333943458596,1.0,0.7873195404936505,0.8423262372143363,0.7439549589534354,0.8134442596221435,0.6583435863668747,0.7593164101703092,0.7031281944945124,0.701765689946501,0.7125548076640305,0.6068266263551672,0.6612303986150545,0.82393391728205,0.7836701624705951,0.6811814257557683,0.6897673014160615,0.6971975844029686,0.752312756490586,0.7103985978802421,0.6896820525594448,0.6339495647771771,0.6247870254035118,0.6488685039522932,0.6456632378003457,0.7115830775471661,0.7245257578974297,0.6064682566036113,0.7172872769500354,0.7329192252910234,0.7556739706791273,0.6332988065996528,0.6812558087741183,0.6969053817685774,0.6737758973754933,0.5841191825793131,0.6837209203158388,0.7040701962212184,0.7424367388608956,0.6501468623730386,0.6486089557066714,0.632419022100924,0.7007980779689974,0.6856672511007101,0.6483002431788615,0.6996527676580121,0.6785836338217452,0.6887713982033523,0.6080419474288201,0.6811450903536961,0.8066008881910047,0.7136847808725648,0.7413811099372846,0.7070456275619235,0.6035903759612486,0.7852099873711964,0.75960966910898,0.6669139634509922,0.6714722408614713,0.6260378009411153,0.6740212302019162,0.7742617297652268,0.7512153865500286
0.589877406188396,0.6391687887115312,0.7471062366699208,0.7422137854824314,0.6668720559914567,0.7672322676337467,0.5176599568486236,0.5370078178152912,0.7757764583626423,0.7991338779536041,0.7688684044805263,0.7874754342981132,0.7204430290810964,0.8282445972352811,0.5914267079837737,0.5490391572657312,0.5684288649023959,0.6463408762483482,0.7873195404936505,1.0,0.929159351329367,0.9024493093074586,0.5642194450688667,0.4981121351956978,0.6041534929712451,0.7113948698633685,0.7217070104688549,0.7655806758868209,0.6833825902720475,0.6829039413617229,0.6318860763257141,0.6931770710708316,0.6040231354041492,0.609903297542684,0.7052439030771382,0.7876084821201521,0.7121231122892115,0.8156618626686649,0.80364722434937,0.6989521329931386,0.7829333253049632,0.6766243156468693,0.49535959902921123,0.7696613626873582,0.708510999509391,0.7134103758367221,0.7456338175434745,0.8543706301849202,0.7543964751060566,0.7903206218710273,0.7534218600377084,0.7047065726756186,0.7183021341346205,0.798454661567264,0.49411917785069087,0.7407065149985926,0.7332420826105621,0.7098611027842753,0.7210924703755807,0.4291742835674556,0.6235676069047946,0.5850344668383021,0.610677861790552,0.7042770230701864,0.774227970467348,0.6712152210570437,0.7406151289254442,0.5931207161813458,0.563626986505543,0.60151056748729,0.5841700390830391,0.7248702024177798,0.6660686743549352,0.6559737049080959,0.685662390098732,0.7605208902593789,0.6828767901121859,0.7508027352745317,0.6749388297833866,0.7224162503713957
0.6804368608528195,0.6877882457243597,0.8322419735501697,0.7976199863797138,0.740078826906765,0.8122172343319333,0.5912644353803523,0.6128243631624606,0.813976586153521,0.893772635353623,0.8132479784254981,0.8217832484900265,0.7693748166117177,0.8310250623659183,0.6618096301202155,0.6262161087770006,0.648307434737273,0.6984844050473362,0.8423262372143363,0.929159351329367,1.0,0.9020140526498415,0.6361760218427549,0.5841837642051371,0.7068681314556038,0.7350232992549606,0.7689536776332256,0.8452462603537839,0.7574197211059837,0.7183098502594144,0.7268316112288218,0.7530006051736222,0.705516589326765,0.615267085401473,0.7897892866285023,0.8493470367885971,0.7778238503180842,0.8088761121527476,0.7966586249358019,0.7952442153689726,0.7969578245093524,0.7501868339443746,0.5646190934367784,0.8430902123361894,0.7741628577351045,0.7476721422437473,0.8297425489478755,0.8894787774421482,0.8126174230736053,0.8190622366979422,0.7877841380025944,0.8021251726007341,0.779680284458294,0.8128609953408134,0.5797946179633859,0.8150564552654325,0.7702368100275915,0.7693364214065109,0.7527365163023101,0.5345694118276862,0.7074328725353081,0.6368980550853874,0.6754960962295008,0.7934860904253822,0.8160734857600221,0.7485578341775383,0.7960293431446626,0.6819350660114468,0.6242312254488402,0.684781893632823,0.6232134524060674,0.7228026061357131,0.6791060955564252,0.7373944124028153,0.7406750323565244,0.8492167019862416,0.7615268724051572,0.7988266062708984,0.7259331637585066,0.7746952007741094
0.6150460123744103,0.7011460182221021,0.7495949219111778,0.7368257075301374,0.6968264108522318,0.7240601901296566,0.5147584925826012,0.5208072541095481,0.790849201336979,0.8133809560560754,0.7845779529437069,0.8178952310857026,0.7279086960415336,0.8052903482238107,0.5914696483056405,0.6306842553111035,0.5714581594998481,0.7109513140592219,0.7439549589534354,0.9024493093074586,0.9020140526498415,1.0,0.5360465174282312,0.5232424069521472,0.6262668400577278,0.740971740234714,0.6913561230155911,0.8139300402505804,0.7479298780093373,0.6639179803366129,0.6194329958107613,0.6989630568225259,0.6278123000427427,0.6143184894615039,0.7278157009839253,0.7582430005389741,0.6586197883974204,0.8014950522939817,0.7448507815919181,0.7219499302290188,0.8324523879382639,0.7112508843100617,0.47749402729367374,0.7880287772800257,0.7222121478695088,0.6723981985372139,0.7224302235408866,0.84132354341928,0.7676025638531755,0.7892288860567148,0.7386502166172259,0.7051378577143987,0.7266751661760309,0.7951798417771767,0.4381800012856159,0.707144919020513,0.7279793234657637,0.702370101872756,0.7012458323154263,0.42588707089857947,0.7349105414164362,0.6017139648563539,0.6606208210346017,0.6730004744704088,0.7631061764230462,0.7037421036856917,0.7537527529421917,0.5747871845905673,0.6004957003432547,0.6141409617536839,0.6178805428626692,0.7321945966712694,0.7016985490380561,0.71725197057671,0.7334203395054282,0.7996051424238677,0.7608986700592122,0.7675158474162167,0.6694248927716696,0.758411004008152
0.6267754242327604,0.6425309728232949,0.7699030581375037,0.7749417911872171,0.6424695238851303,0.6717031068169564,0.8511274027145207,0.7935327182360842,0.6859688013101348,0.7250572591154969,0.735609475416583,0.7381588340671082,0.6629054711064636,0.6352980378579407,0.9294829317491292,0.7274692057629016,0.8115769436628373,0.5811853675373748,0.8134442596221435,0.5642194450688667,0.6361760218427549,0.5360465174282312,1.0,0.7174242774382195,0.806969908786004,0.6410943087327065,0.8386369510889095,0.6585291077656127,0.6995817147593766,0.715438041166233,0.8202981683294672,0.7963995208915673,0.6912697343114564,0.815916458779195,0.7711048087026132,0.7168043074228584,0.7905000037510157,0.6280687181846863,0.549217496345886,0.6258167376691854,0.6305500704996827,0.5643521954929884,0.8246788464658611,0.7403571100018776,0.6518255244517032,0.6806285654857562,0.8031471166099544,0.6749494949595587,0.7000734120997392,0.6319378658321271,0.8083392591239242,0.7189197041955231,0.6361598915300192,0.6880006880741532,0.8429325875744272,0.7813875979904755,0.7026147961914491,0.7512909770530221,0.6667608337581659,0.8766094170588017,0.7473984939995514,0.7617258321901856,0.8028017125880662,0.7261780839648919,0.6091995307328979,0.6489821073972357,0.6645177139946419,0.959625471973381,0.8837748897383356,0.792829034074167,0.8739446520544725,0.6003292001692653,0.8011493622122279,0.7788010629669346,0.6567365620852694,0.6819720125683586,0.622533688796971,0.7071633823021639,0.7188155068257368,0.7377435815062141
0.7971619608877687,0.7449693990738997,0.617064576625071,0.6903228187730852,0.656787385082622,0.6598614508940461,0.7795162978248251,0.9285484853607819,0.6536545434942447,0.6726650716584328,0.5478937349961662,0.6508159375064194,0.5562619077514952,0.6705314412696497,0.6512112992164507,0.8847837451709019,0.8150094064423514,0.6889831030514405,0.6583435863668747,0.4981121351956978,0.5841837642051371,0.5232424069521472,0.7174242774382195,1.0,0.8589021462753956,0.6526933918355545,0.6195948107236601,0.7055427411835706,0.6792040379407271,0.630467126188553,0.7015613144467003,0.7386279594170865,0.75174238808153,0.6936482373134428,0.6454301117746695,0.7023273198107816,0.6905905936140819,0.6636150010744982,0.5033983447361143,0.6634624861047436,0.6301963834610438,0.7383466404435115,0.8456234607914717,0.6996320558462286,0.681437350379634,0.7147951622762994,0.5979574760036261,0.6452161148005597,0.6747302419740194,0.6563492129865172,0.6176860861201762,0.6836481042762286,0.6704577671668652,0.5979467310545077,0.8742781280285807,0.5993581474263255,0.7239565026415999,0.6221586446721796,0.665640398899242,0.8497512724147018,0.7361737590392838,0.7143042335505378,0.79002642816275,0.6753884930781433,0.6748652224765147,0.7420521755470765,0.6762632069462657,0.752140195781759,0.8106603768490869,0.7856176915415083,0.8050181268226574,0.620203078008844,0.7691745278291591,0.8253095697006069,0.6978662041276061,0.703218778173514,0.7288889250941003,0.6888520829798226,0.6106065592245437,0.6521820197456952
0.814310233590087,0.6892310687398904,0.7496867170345942,0.7649611281378587,0.7345184277674831,0.7205111966139941,0.6701438260817512,0.8159315234976509,0.758606372615352,0.7940289071747093,0.6630224842954183,0.7553143490436798,0.6963441909362189,0.7054640314584686,0.7264459448196143,0.8185360412454334,0.9113499024219471,0.6658058591828621,0.7593164101703092,0.6041534929712451,0.7068681314556038,0.6262668400577278,0.806969908786004,0.8589021462753956,1.0,0.6602937262454589,0.7335541280522667,0.7776096091200306,0.8172389407784436,0.7871553672858126,0.7805471879059175,0.8208477675302148,0.8685129339613609,0.7674690563431482,0.7824125642019986,0.8066580457332752,0.6781493081280143,0.6578318483349608,0.633384097070468,0.7547481421118304,0.6883553944852286,0.7415889927772419,0.7636153356814132,0.8041949029190125,0.8087359102701418,0.7663554612639503,0.729091696851796,0.7404326451341432,0.8118767904421142,0.7066834081835306,0.7031454826769313,0.7933602107860073,0.7959125450730957,0.686273217945147,0.7829213740460012,0.72284115121762,0.7713765255370364,0.7469670679080258,0.7247980037510828,0.7322699171259958,0.8073672822152276,0.8319976957730908,0.9076456579953478,0.7299652772899303,0.7071226369772672,0.7781690381898396,0.7325699798326221,0.8544455657279029,0.885049990614984,0.9133640170770008,0.8679842908172629,0.610040772395518,0.8255857565799634,0.9372565867201059,0.8329947724810116,0.8147787567738171,0.7425213851832607,0.8447239287100562,0.6102696786477931,0.7494757371322424
0.7349366051923473,0.7859753740004591,0.7527033755627337,0.7624962749174293,0.6331910074951799,0.7363983088840181,0.6634589806418449,0.6803760670123385,0.6581577083366907,0.7500450598489794,0.7733723075933774,0.8132965445323901,0.6256945299799628,0.8591851538320026,0.6278543198186803,0.7499461080277694,0.5544726477464166,0.7442684954847967,0.7031281944945124,0.7113948698633685,0.7350232992549606,0.740971740234714,0.6410943087327065,0.6526933918355545,0.6602937262454589,1.0,0.6754214397232005,0.7064820589499262,0.6307195720772306,0.685290096054314,0.796196831581524,0.8531971845643372,0.6454958161974844,0.6396073147469169,0.6447871013305316,0.7647916308867326,0.7458647417071812,0.7952010640459447,0.6180484260988903,0.7341534697228159,0.7088824135874137,0.7134180227803032,0.7309336473342749,0.7608374036453475,0.6264282136171911,0.7520639821218268,0.7012232951324251,0.7868500702998007,0.6540584804546453,0.7664373218489487,0.7265688298380253,0.7827958322432224,0.6319801627358268,0.7214323300079086,0.643874778646208,0.7460814556346188,0.8207999815638543,0.6961995171600497,0.7728097014296986,0.646966477586747,0.7912302788843516,0.5564755028520769,0.6365896402683828,0.7813645143427548,0.796381406916189,0.6912149667592986,0.8142330606343388,0.6545382746669683,0.6864900639691471,0.5499403562682431,0.6127326653678372,0.8563691495975313,0.645091915693149,0.6697076615289392,0.6761896230542835,0.7197214018893545,0.715547966726151,0.6710540076431285,0.7654907859134419,0.9047031415709318
