1.0,0.4981452184916325,0.5487546232042128,0.31875869301902104,0.5815809935371308,0.5244672503957941,0.34641521264535335,0.5941826156666596,0.6433018605963525,0.6590286840544204,0.6470782514865744,0.8645191091499207,0.4850012100295036,0.40098902973925227,0.288242881983923,0.31862073056295914,0.27213471791785293,0.47925084732969714,0.6027475523945794,0.1928802353367598,0.302688386689589,0.5061771085752096,0.7000957036035627,0.2387347445134831,0.35731105879045794,0.6270532219317079,0.7730262797150826,0.6979860081084491,0.7226777911901481,0.7576350235910414,0.7292433436125483,0.5807628091305981,0.6148154730112669,0.6387321864430362,0.7513914763198827,0.5654519671587395,0.704114392319634,0.5764336242199499,0.6676326274592886,0.5056525024275877,0.44772086578962034,0.7029219278969869,0.658432341702169,0.5877074038215533,0.4127866841602802,0.7738500660131599,0.3820334222123699,0.364355021974022,0.19365041466254473,0.22887643967467203,0.15428999143459748,0.5737125125833475,0.5063264842787624,0.30898117447650575,0.39537549780762943,0.6345116018687557,0.22715189122276733,0.7122816946556866,0.6925972446004132,0.6472334708290038
0.4981452184916325,1.0,0.3217857660846933,0.6709744926384813,0.4898869192217042,0.462586944575665,0.2724613735414042,0.6703500328011606,0.503273888814601,0.723666506622805,0.5795821401403274,0.5735869152857326,0.33957727045997527,0.6664766771012222,0.39945296443064554,0.7368677592482676,0.4948512140502433,0.6417094182626566,0.5739394596020342,0.48324636313184843,0.3946890927412043,0.5640527672271209,0.6350747915809888,0.5935125818702401,0.7679759629912228,0.2915086022005383,0.5514116979252939,0.6246425992072446,0.5288701720286769,0.5968240113130096,0.5976865760051225,0.5849383461525988,0.42154408417428424,0.675287414537352,0.6973653996659772,0.6018726053297192,0.6478975699895916,0.672352920142298,0.5437403157928598,0.45574351551039827,0.4735312413232117,0.5512295421261221,0.5509689098374888,0.6336184763270792,0.780636976446356,0.5265894514802045,0.4072944491036746,0.6502973255767153,0.6924544915110458,0.6581612953605601,0.5769098926051232,0.5046764599980824,0.7004090307647902,0.2816120908235639,0.5839804073581495,0.4307561940739837,0.6520962999555354,0.5692086708341119,0.6237173365637083,0.6384348956116725
0.5487546232042128,0.3217857660846933,1.0,0.32224066486690434,0.4895101686521944,0.5622892654866107,0.41040228628270325,0.5532417670191297,0.5739765376567585,0.4467693470850378,0.44759734880573154,0.47137405613626876,0.36779192312183295,0.2827827039211549,0.19607903848156943,0.22559958572948619,0.2962337189277433,0.3501779320510677,0.4253972795884834,0.1487948347364503,0.09739523305304072,0.31936592260484586,0.493964525557518,0.13257413384211275,0.2654102025307139,0.6665900795507815,0.434625403315904,0.6077950662598788,0.5786064453747666,0.5866004643809752,0.498291821160841,0.5636684157488843,0.4930417384447091,0.48940081297119303,0.38639770986788546,0.5569475516495264,0.5688196685615997,0.4124108376569603,0.5707136193919868,0.19858071437881733,0.4405405571247095,0.5515887331797533,0.48358263150173625,0.5350073859601605,0.47150207960804924,0.44802077186971356,0.46512480621416746,0.3035326368844996,0.15206277478120128,0.24769841592067793,0.17494261461690389,0.3634548133926113,0.31687692569386694,0.2550573864505371,0.3019193448256466,0.6382346426874925,0.179091442817446,0.44743316490602025,0.5218017677268254,0.48969740677517326
0.31875869301902104,0.6709744926384813,0.32224066486690434,1.0,0.43694780651901655,0.4024117415040459,0.29010577885485944,0.43329611922754674,0.436800862613843,0.4984995336782899,0.4649750929070867,0.44635208355154343,0.297956049900887,0.45440452822162936,0.3551582330464424,0.5816388432358668,0.41712426330835906,0.32597696520572367,0.33466669045708775,0.6813543795706611,0.2643734798464785,0.5026353140185809,0.4108955098902022,0.4136783011149979,0.5665077182745835,0.26863559153535793,0.31473437114980823,0.4589476723633962,0.36682648437157633,0.44228316761410297,0.37851609522709495,0.3935672748408795,0.3404336527029207,0.5684876073762306,0.44495025373141894,0.41410374863224764,0.49775128434186466,0.5111941623661019,0.4558617055272429,0.47095054622193555,0.35818317030996094,0.5293730161369373,0.3677915627559316,0.48769716113626,0.7238088264812034,0.42695287772359364,0.46893643765683485,0.5455971434364826,0.5718552156986493,0.6254273025115843,0.6039344689817836,0.2750644176115463,0.49661248813594383,0.22750050843587438,0.49142266610776986,0.23365150705030424,0.5361193580703805,0.3674262393929134,0.4246009013508189,0.37679636361000324
0.5815809935371308,0.4898869192217042,0.4895101686521944,0.43694780651901655,1.0,0.4926562379476784,0.5672113957993826,0.600712593783851,0.5839839384272685,0.688589155679775,0.695403767159282,0.5876420200334871,0.5509026756985299,0.3748985515575912,0.5741648125190252,0.45685453964144074,0.6049125030153853,0.5097340871975902,0.5254344773745199,0.5192721434297686,0.43928344191915436,0.504020679101746,0.7310914113137209,0.3931563223227047,0.5125782884763208,0.5032265566602122,0.6844339768753879,0.5703797553574109,0.7868862269050234,0.6886407745583832,0.6324039729142851,0.6212711865823239,0.6803686571153322,0.6590117861166035,0.653460317546027,0.6581097719814732,0.6150476510643054,0.6584635117277728,0.6836884427707538,0.5132788401710113,0.5951494015379193,0.6962091062287747,0.6141098186902105,0.708269383206588,0.5289050300087387,0.6469309544299839,0.540988473773587,0.5234519150168266,0.47035103712363735,0.4235432036102952,0.41121882990315084,0.6880426540273719,0.40926123747662413,0.5152237939538705,0.4478253213287916,0.5901416250787612,0.29558851861075136,0.5906169904928278,0.7015665937238003,0.6659250235887266
0.5244672503957941,0.462586944575665,0.5622892654866107,0.4024117415040459,0.4926562379476784,1.0,0.404023418179235,0.5615340732050045,0.6778643593356258,0.6171370652742799,0.6874595557258807,0.5296929195576302,0.5076355694601102,0.35327551171624416,0.19839823796427292,0.27197016293413545,0.3661601332160285,0.43110641415096096,0.562419870816872,0.33546289349731373,0.36347873060151775,0.5569594577297623,0.4839860874581146,0.29839137798951065,0.46502665894120065,0.48553283349100945,0.4563611686783641,0.4717452636144836,0.5977465487461907,0.6446433042682195,0.5703919462018746,0.6832575297713996,0.667167342997771,0.3485220166356874,0.513131085396816,0.6826685122169942,0.6149218288650402,0.46441960590077647,0.5165775846892559,0.5194816904422995,0.31744054607098515,0.6022922355318467,0.4096540246302037,0.4528508823871394,0.4761412732059768,0.504340948685207,0.3601703620570148,0.25826957351931673,0.26262609512971224,0.4249695376704537,0.3120123429254082,0.5508723796750326,0.44563042373507783,0.43804855122299796,0.3652715153702677,0.4052958590461537,0.3343530600537651,0.5550899174908644,0.5133860223351265,0.3803017379020464
0.34641521264535335,0.2724613735414042,0.41040228628270325,0.29010577885485944,0.5672113957993826,0.404023418179235,1.0,0.37169405748918427,0.45906221642615613,0.43561252503710135,0.5305720485616113,0.3136007688744574,0.40071363439195223,0.2584388907725315,0.39642378384812615,0.3811465043708142,0.48605310478311337,0.30328166502053544,0.39252572041534484,0.3108476084214498,0.2849065154938755,0.46833045423935643,0.33189386794563547,0.31718114321990326,0.3906572584107421,0.2640597988576346,0.3828468584486654,0.27479759385660996,0.4422974666751622,0.36542851459948983,0.3752659029562254,0.37552559375953815,0.5682936239227458,0.39455217432301576,0.30688168667643173,0.322280008952878,0.4761936378380945,0.3272595496299266,0.38239081497512806,0.29795292788291305,0.19343726451068957,0.48869891698185947,0.3041828141549975,0.3776153654008162,0.38783915378910605,0.45857831641293956,0.44460360810092087,0.48622871926548045,0.4520150586248666,0.4150532617936258,0.3527171792106389,0.38881672690573976,0.35314339659896343,0.4282709070419286,0.34478809537241045,0.26703059922006184,0.4023478391280836,0.443617553369116,0.5101315061419454,0.3434643697449631
0.5941826156666596,0.6703500328011606,0.5532417670191297,0.43329611922754674,0.600712593783851,0.5615340732050045,0.37169405748918427,1.0,0.5459234944759064,0.8030077518853378,0.6921402467277156,0.6661992844951767,0.4319022607808735,0.4595379173739557,0.48134627921521067,0.5064301886693181,0.47943954023581703,0.6822279108540183,0.5685573149931649,0.22405986693573512,0.48020907901048976,0.5716204733682143,0.6163214556753224,0.48424863870345103,0.63730520423899,0.44226198045206067,0.6668309781283954,0.629407364304243,0.6548750816569134,0.6583061292889727,0.7379395830081761,0.6291171471047651,0.5951085048392585,0.5518940549320311,0.7599483094006401,0.7042797328735784,0.7423336015667894,0.7260602003976012,0.7258353364956163,0.3792249960973605,0.4781347112747394,0.684675228190459,0.6914427026800742,0.6843180955298992,0.4953965583765851,0.6396918568211712,0.4457478903160127,0.5355341397411995,0.5297461593338136,0.5020598254016536,0.4256842849793374,0.5449065866323645,0.4899517617245632,0.49117068032643374,0.3212027405431457,0.6116726576496202,0.43204466238101313,0.6256333818400834,0.6393392784450245,0.7405323260853378
0.6433018605963525,0.503273888814601,0.5739765376567585,0.436800862613843,0.5839839384272685,0.6778643593356258,0.45906221642615613,0.5459234944759064,1.0,0.6047471875485428,0.6824961708259961,0.6187878407522814,0.4075537341099576,0.34240365223456903,0.4309275509942406,0.4231189217703208,0.4128673074044894,0.44479087500703923,0.5746001978532689,0.3461052600414278,0.28812350883515475,0.530102785107011,0.5332485852743302,0.3155387571200794,0.4520524547429692,0.5704003530900528,0.5530055192870241,0.45088688304962227,0.6502940798606434,0.7453109238793776,0.6364432302258172,0.5005167585885084,0.6076368503163481,0.47054798395484354,0.5938980992457232,0.4907728280876844,0.6003409132145898,0.5013812096265079,0.6711609121435004,0.5716764064857464,0.28959718832946757,0.5261558319220363,0.5891439010931061,0.6178184660178516,0.5727931408003123,0.5988447010246639,0.4197330585131551,0.42525407414464916,0.34943023060275924,0.34139047996848426,0.24658600884759901,0.4710596559661314,0.5811485745244396,0.27580148567376195,0.4405284221609066,0.5099117352261778,0.37766655313234826,0.5871339563158186,0.7676316668237746,0.6186785465076877
0.6590286840544204,0.723666506622805,0.4467693470850378,0.4984995336782899,0.688589155679775,0.6171370652742799,0.43561252503710135,0.8030077518853378,0.6047471875485428,1.0,0.8511418018105916,0.7441730648486272,0.611350317363504,0.48583065907193257,0.5793984881578911,0.566174435308764,0.5458094182599572,0.7098693563161877,0.7099334823270472,0.4168388279887575,0.6261526754557452,0.6903217411130071,0.7500357820706207,0.5862719255771534,0.7490461461543721,0.44268677945395984,0.7129826125080865,0.6919603543117749,0.7070610670327107,0.782334157877219,0.7745019758008771,0.6897536919590301,0.628584419485777,0.5768909920055332,0.8190099660988404,0.8281983028765371,0.7299939221205188,0.8281490418591053,0.7117231753117282,0.5873844132425319,0.47378531101137683,0.7658556359017588,0.6859878746986847,0.718281399323687,0.5639994515020309,0.6996224870177307,0.5763050447225683,0.5791830581141417,0.5570178719184105,0.5861771713091934,0.5167991827405205,0.6721535207250362,0.5762501332763956,0.4914414706246756,0.4235201775973637,0.5105959954637593,0.5206492377390743,0.7475798790379524,0.7893416156412777,0.7535447910790525
0.6470782514865744,0.5795821401403274,0.44759734880573154,0.4649750929070867,0.695403767159282,0.6874595557258807,0.5305720485616113,0.6921402467277156,0.6824961708259961,0.8511418018105916,1.0,0.6944041742856081,0.6504926556093485,0.5262203976468613,0.4474690418869736,0.4344626590743713,0.4399761455287628,0.5373130165863442,0.6127135449214224,0.44384478043403497,0.4649204443281215,0.7841355173583956,0.6664423255995668,0.4857242493518741,0.6390006931514015,0.4957645677823641,0.6941429895520053,0.6265274290163774,0.7604667990711926,0.7668426928168779,0.8634355242584096,0.647583312401867,0.7329805905985378,0.4896934481796659,0.687994712195912,0.6849166809444198,0.7190379217596897,0.7229513591183699,0.6880157709261269,0.6421996496346418,0.4953685463471129,0.7369546509407433,0.582265655096442,0.6608283423122879,0.48754250248890063,0.6562522256797756,0.6299210622834919,0.4666658900876035,0.41958341513381353,0.5132017899832304,0.4540707019001335,0.6047779159257735,0.6390877826426027,0.41379955930802625,0.46659888745279315,0.42550637872361463,0.4919457215752683,0.6449248857350225,0.7249520182389604,0.6364380913893866
0.8645191091499207,0.5735869152857326,0.47137405613626876,0.44635208355154343,0.5876420200334871,0.5296929195576302,0.3136007688744574,0.6661992844951767,0.6187878407522814,0.7441730648486272,0.6944041742856081,1.0,0.5630022777016033,0.44971156105688126,0.4012244551898,0.3468270746497891,0.29263230151670355,0.5831358559881268,0.6356821702391484,0.30433988177457816,0.4595625375516871,0.5183784623655809,0.7238321787149726,0.34582653088616955,0.4879072892680722,0.5672726168883847,0.7723886302451242,0.682970389907264,0.7062516986082474,0.7621902891857414,0.7676681406834929,0.6014358001888286,0.6635189539855283,0.646170685348993,0.7733234485078088,0.6391926134549658,0.7342157542602099,0.6593518586681302,0.6681801840992152,0.5749131520562083,0.4712430486836471,0.7210275547641765,0.8236675246657216,0.6268397540976718,0.40234074856412805,0.7643138619563293,0.45194563703830576,0.37949900152688243,0.34047312370716604,0.33189703175906377,0.25710572384471775,0.6019326422476656,0.559933324200274,0.41279978575151277,0.35770266373079707,0.5792400759758347,0.3137127932634788,0.7049769834284442,0.7409159036591078,0.7430719698652292
0.4850012100295036,0.33957727045997527,0.36779192312183295,0.297956049900887,0.5509026756985299,0.5076355694601102,0.40071363439195223,0.4319022607808735,0.4075537341099576,0.611350317363504,0.6504926556093485,0.5630022777016033,1.0,0.5797248966981603,0.4862733942404547,0.27913853828514623,0.4782116043035251,0.42911169204742594,0.49072084935716764,0.3288666770037554,0.61053397352824,0.67998184367458,0.5718515869143985,0.4553170314830501,0.4873539539323418,0.5235023370997702,0.45363364046379057,0.46621583696155183,0.6502546537370257,0.6305656736765093,0.6280713168721477,0.5377673114546075,0.5141540168153205,0.3189411718018768,0.44016680437745326,0.5770431468993708,0.42377574276508756,0.5203042523684044,0.36784236033083584,0.5620131743972255,0.36611432538801303,0.5838727496528041,0.45035906545516247,0.4472368396616221,0.25952556593065623,0.45964497866785364,0.6540100193245932,0.34678733946229584,0.2377153853806948,0.3835643035649044,0.2847582305017594,0.4795592968246389,0.3883292169218749,0.674718578784344,0.33962354007258877,0.379770816061515,0.4540294076956437,0.4765881520013062,0.5007131772051594,0.36539844145718253
0.40098902973925227,0.6664766771012222,0.2827827039211549,0.45440452822162936,0.3748985515575912,0.35327551171624416,0.2584388907725315,0.4595379173739557,0.34240365223456903,0.48583065907193257,0.5262203976468613,0.44971156105688126,0.5797248966981603,1.0,0.2909964878303576,0.5280952179704734,0.3662946777181881,0.49528983843906005,0.3373989253434904,0.372639422796715,0.4154586074294446,0.6925109250410998,0.4037345002207632,0.5312368385923503,0.5941016483422954,0.26711931284110324,0.36743442579507135,0.4513803643341151,0.4119906625588924,0.49937241754958495,0.5651287825965554,0.38670087410614074,0.34469238566031746,0.4315041991399654,0.33274072248097464,0.39649861497119016,0.5015616519928198,0.5475202365096287,0.3425220454967452,0.4742743124670712,0.41248296322051886,0.3791740113514117,0.29456429100501036,0.4031719661290376,0.5136502183237701,0.313004656363451,0.5179843433866493,0.5738381587574634,0.4530154708492038,0.5655549476085988,0.4749975641440497,0.3947835708570184,0.6113345251177191,0.3140209414087983,0.6138577439581266,0.13220422498788414,0.6856540507752368,0.3392614417972818,0.40415811369658555,0.36732492969946046
0.288242881983923,0.39945296443064554,0.19607903848156943,0.3551582330464424,0.5741648125190252,0.19839823796427292,0.39642378384812615,0.48134627921521067,0.4309275509942406,0.5793984881578911,0.4474690418869736,0.4012244551898,0.4862733942404547,0.2909964878303576,1.0,0.5589129812192527,0.5098658723288072,0.44702273667907094,0.3230705316474634,0.23519472397506297,0.5271885831712906,0.4091757777917168,0.42256787793060246,0.49061162268797504,0.4959500047401918,0.273434116482965,0.40899989141339893,0.3222094300081113,0.33302868930198837,0.4506373287282247,0.3798503139520593,0.338905863437878,0.35247396774669915,0.3916614399019637,0.5765623103810862,0.4242058381888419,0.40752418772530075,0.544183326251335,0.5449781990876549,0.35223718415644595,0.23383350534006347,0.46130611794359205,0.508744097641976,0.49189481049849587,0.34064402433394625,0.5473995180797789,0.400207217630299,0.4998275537373451,0.5969169220953734,0.37668019049979806,0.29158686696435937,0.34006351098994997,0.183164465414228,0.558808862815717,0.18159026636311046,0.40515669865863746,0.3702766904346612,0.4973057346319381,0.49404745712906395,0.576345860263611
0.31862073056295914,0.7368677592482676,0.22559958572948619,0.5816388432358668,0.45685453964144074,0.27197016293413545,0.3811465043708142,0.5064301886693181,0.4231189217703208,0.566174435308764,0.4344626590743713,0.3468270746497891,0.27913853828514623,0.5280952179704734,0.5589129812192527,1.0,0.5604933086893046,0.4602220591420525,0.31431928730515696,0.47746563422582755,0.4373962762148437,0.4332764724223299,0.42507874887841063,0.5685275852711196,0.6881673946771025,0.15674078061943417,0.3755711883537044,0.43661404389078184,0.34090086294853156,0.3900423324992238,0.37128459795001856,0.3263928783169962,0.29028557642682473,0.5147155511767488,0.5424299693704919,0.37804140389029073,0.45270849603410845,0.4937131961589844,0.4716662114522343,0.2911583436276898,0.3213835765641567,0.43442719460723334,0.4043934450496818,0.4286253958600018,0.6006253425174576,0.4801527966442949,0.30501426990864433,0.6821016988803722,0.7734276584629385,0.6826778319724092,0.5701732930262962,0.35876897739149327,0.49503699347480035,0.3574606761415615,0.49381774664874206,0.3791496844672567,0.5849996873716267,0.41656059635744447,0.4414921353119244,0.4739400829494514
0.27213471791785293,0.4948512140502433,0.2962337189277433,0.41712426330835906,0.6049125030153853,0.3661601332160285,0.48605310478311337,0.47943954023581703,0.4128673074044894,0.5458094182599572,0.4399761455287628,0.29263230151670355,0.4782116043035251,0.3662946777181881,0.5098658723288072,0.5604933086893046,1.0,0.5432169812996264,0.4545516169520448,0.5885868684302379,0.6488961007767438,0.6372687487911901,0.48652895254847517,0.7477468467802124,0.6633755020693217,0.24530996768089336,0.3483153949502435,0.38983907558654163,0.4798244614206464,0.41356960238058454,0.34619858113410384,0.3561362011679342,0.39418438251345667,0.4290360433901794,0.5166801569997261,0.5001510087047415,0.32931949649738307,0.4831796272570057,0.349890608958516,0.3981530031659063,0.31994126611657825,0.45295386304131097,0.33644265975777143,0.4345438604033774,0.4693333714685878,0.40669288889443367,0.618042732635371,0.5552413436644171,0.5529224349009689,0.5471120059518365,0.5696248320982459,0.6117177135907388,0.31496601108376543,0.5902165957793184,0.39843989273610875,0.37926964774202454,0.6052102253868197,0.3650494688360083,0.4805533234906081,0.40890296294289846
0.47925084732969714,0.6417094182626566,0.3501779320510677,0.32597696520572367,0.5097340871975902,0.43110641415096096,0.30328166502053544,0.6822279108540183,0.44479087500703923,0.7098693563161877,0.5373130165863442,0.5831358559881268,0.42911169204742594,0.49528983843906005,0.44702273667907094,0.4602220591420525,0.5432169812996264,1.0,0.5892698872451718,0.3380841927735293,0.6686624002503064,0.5132273251914755,0.6524239828855729,0.647949185629017,0.7496355816139092,0.35935472516613876,0.5625149112154759,0.6305914495110116,0.5556715509363566,0.536260012361204,0.6945111410040095,0.5556923589879892,0.5430840442785151,0.524184917897374,0.7009150027770545,0.6498602672847769,0.5661403207507135,0.6782684914148062,0.50527797295612,0.5876824724041322,0.36568672020568094,0.5588449817582413,0.6219354151338683,0.6170553973797126,0.4343818132553891,0.43846188507728756,0.4130257951378276,0.5626405995158856,0.5186087681271283,0.5758337120209102,0.5606477472166165,0.7911354620359379,0.4431482260083497,0.5084324766607212,0.461063943645773,0.42823543568772593,0.5297740771286843,0.6825781875926318,0.6582907304059906,0.6883918176784094
0.6027475523945794,0.5739394596020342,0.4253972795884834,0.33466669045708775,0.5254344773745199,0.562419870816872,0.39252572041534484,0.5685573149931649,0.5746001978532689,0.7099334823270472,0.6127135449214224,0.6356821702391484,0.49072084935716764,0.3373989253434904,0.3230705316474634,0.31431928730515696,0.4545516169520448,0.5892698872451718,1.0,0.28743606852076775,0.4244141202128656,0.5087038497318676,0.6916520587061498,0.40397143124595586,0.5375787011598884,0.4556886981952089,0.6636839141110455,0.5971110669686478,0.6587248567018008,0.5735762564221879,0.6513228012503625,0.649440037340302,0.6181639588113852,0.5459890862018446,0.7115864693112494,0.7067010124739184,0.574365588398277,0.5301641615090841,0.547522345982059,0.4898863537550106,0.4151562811969695,0.67560721960679,0.5828797866138925,0.5180773954923359,0.4794374989150033,0.46548457661337367,0.44383668434497386,0.40457974693891624,0.336751333700938,0.38933736434245814,0.3242708977306862,0.6963789127693258,0.5557557794579662,0.3694448466371733,0.42077602432822137,0.5398690867539447,0.4220369730023775,0.6749828179761617,0.7059865537306569,0.6636451840084455
0.1928802353367598,0.48324636313184843,0.1487948347364503,0.6813543795706611,0.5192721434297686,0.33546289349731373,0.3108476084214498,0.22405986693573512,0.3461052600414278,0.4168388279887575,0.44384478043403497,0.30433988177457816,0.3288666770037554,0.372639422796715,0.23519472397506297,0.47746563422582755,0.5885868684302379,0.3380841927735293,0.28743606852076775,1.0,0.4586795322271667,0.45461930513215315,0.3542779195581895,0.48695100627434795,0.5711605519829971,0.24563267379114612,0.23699791535514433,0.2982928499629879,0.3758970713936991,0.4316139312164614,0.2948150920550491,0.23834147072494355,0.3030505785247814,0.38878274168069255,0.2950907771211698,0.3629096876340201,0.20047961848131585,0.33166179707143406,0.19886863100282307,0.47101889633336835,0.3545823652764596,0.25819528639158057,0.2906438366879923,0.404234810127042,0.6159605313039943,0.298827778531063,0.4181268537698436,0.5409834607617838,0.5895850793480332,0.603678398696828,0.6802012382466202,0.44216161271135535,0.4860488995215252,0.2946034056547032,0.603540567253602,0.13593863711560208,0.5294037537520281,0.2730531720729056,0.45620397487824277,0.27123053881800646
0.302688386689589,0.3946890927412043,0.09739523305304072,0.2643734798464785,0.43928344191915436,0.36347873060151775,0.2849065154938755,0.48020907901048976,0.28812350883515475,0.6261526754557452,0.4649204443281215,0.4595625375516871,0.61053397352824,0.4154586074294446,0.5271885831712906,0.4373962762148437,0.6488961007767438,0.6686624002503064,0.4244141202128656,0.4586795322271667,1.0,0.5305416024923726,0.4216453828091007,0.7008296988983274,0.6387959535626637,0.191010485010468,0.4168160859616856,0.3211788191897372,0.36921796121544215,0.41971298758264125,0.4423815192310153,0.3896391771923798,0.3527230187882403,0.2037484249730282,0.5466466386794105,0.5556798245898433,0.39240737149958044,0.5335001315519425,0.35383271753843204,0.5563412107960815,0.21660392018168223,0.410465779791533,0.49781442432218004,0.430359910594618,0.17867687792872883,0.373633770229577,0.39350427642869834,0.41734261234332043,0.42027568054475994,0.5194255003524082,0.45627737073327596,0.594912207249439,0.23051063491956464,0.7210064623189358,0.17565564038798742,0.27431381240670205,0.5452087286611506,0.4858778473724617,0.47897320127998044,0.430850060315264
0.5061771085752096,0.5640527672271209,0.31936592260484586,0.5026353140185809,0.504020679101746,0.5569594577297623,0.46833045423935643,0.5716204733682143,0.530102785107011,0.6903217411130071,0.7841355173583956,0.5183784623655809,0.67998184367458,0.6925109250410998,0.4091757777917168,0.4332764724223299,0.6372687487911901,0.5132273251914755,0.5087038497318676,0.45461930513215315,0.5305416024923726,1.0,0.49752313180358787,0.6510262927257879,0.6765287892166243,0.34021412147376023,0.5232047585483655,0.5097159944203802,0.5892120059508805,0.5990016542194292,0.6780531295856653,0.44200891457269725,0.5525649233956013,0.37234760324750266,0.5279677816583643,0.5531484708448571,0.5628834348535274,0.6298849901324494,0.4621818213810191,0.6720472608599966,0.37342209073786464,0.5760353471290255,0.3239809476665354,0.4561107372906538,0.44734354670422666,0.5134001757421511,0.7228692143745797,0.5113145062867164,0.4389862374581683,0.5310243341511508,0.518049095075885,0.5180791804153702,0.6061796342261248,0.47727749016305576,0.4820783544772559,0.22323386231797654,0.7004150246106986,0.5088061510596884,0.5467783708607288,0.4003842385099225
0.7000957036035627,0.6350747915809888,0.493964525557518,0.4108955098902022,0.7310914113137209,0.4839860874581146,0.33189386794563547,0.6163214556753224,0.5332485852743302,0.7500357820706207,0.6664423255995668,0.7238321787149726,0.5718515869143985,0.4037345002207632,0.42256787793060246,0.42507874887841063,0.48652895254847517,0.6524239828855729,0.6916520587061498,0.3542779195581895,0.4216453828091007,0.49752313180358787,1.0,0.35149501480682355,0.474593381313701,0.5923362625431823,0.6860222890504948,0.857529491916069,0.8949471326750643,0.7373481668967483,0.7967943260880996,0.7115587534949591,0.6823387823820964,0.7815375953914959,0.7906505200329373,0.7441164866165154,0.6017708021812495,0.6526555171699988,0.6425689215813438,0.5502798084431791,0.7010634408088514,0.7633679786992934,0.6616021918055643,0.7826652041198324,0.47841377110804356,0.6659950593805742,0.5517640746691134,0.37623795058033527,0.3436020470505571,0.35466121226515596,0.33445591167865124,0.7190933638354756,0.5037510388515296,0.38264761336545133,0.46621935222177574,0.7383949079078395,0.22799262237596904,0.6931963704918804,0.7465266856799669,0.7449329234098612
0.2387347445134831,0.5935125818702401,0.13257413384211275,0.4136783011149979,0.3931563223227047,0.29839137798951065,0.31718114321990326,0.48424863870345103,0.3155387571200794,0.5862719255771534,0.4857242493518741,0.34582653088616955,0.4553170314830501,0.5312368385923503,0.49061162268797504,0.5685275852711196,0.7477468467802124,0.647949185629017,0.40397143124595586,0.48695100627434795,0.7008296988983274,0.6510262927257879,0.35149501480682355,1.0,0.8531466226430778,0.1462864443221128,0.3878191296301013,0.3904492032363746,0.2888585831835101,0.3370582385332208,0.40396713193977957,0.3455547703728445,0.28480133492173815,0.21714377058448706,0.5324678533541422,0.4494758194319786,0.46383472059260955,0.5765395551684211,0.3536705888809278,0.49437548169830114,0.15461417439778125,0.4032084627229592,0.4281556500888334,0.3743861084138038,0.43927476766306783,0.3063417751047303,0.5327635414483407,0.4981306453379851,0.6077121942256116,0.5954920060892943,0.5976660188228978,0.5331691663638953,0.3696286838855727,0.521615812004933,0.4117072011528478,0.21057803449448706,0.725807110697931,0.38045043983221244,0.41465862122401553,0.44272937411784935
0.35731105879045794,0.7679759629912228,0.2654102025307139,0.5665077182745835,0.5125782884763208,0.46502665894120065,0.3906572584107421,0.63730520423899,0.4520524547429692,0.7490461461543721,0.6390006931514015,0.4879072892680722,0.4873539539323418,0.5941016483422954,0.4959500047401918,0.6881673946771025,0.6633755020693217,0.7496355816139092,0.5375787011598884,0.5711605519829971,0.6387959535626637,0.6765287892166243,0.474593381313701,0.8531466226430778,1.0,0.244549953746542,0.4714311291245587,0.5017034591652441,0.41949236607819607,0.5036996994327689,0.5560054756455978,0.489379640646578,0.4045700028972906,0.40040253455071745,0.6258011427175951,0.568061183018916,0.5766231437499396,0.7190030050774817,0.45812323968489616,0.5537161542038223,0.32404726151871377,0.5291704803085,0.5077084790673273,0.4891898755345109,0.5891225148628956,0.40292214801367016,0.4931370391010339,0.6800458470363677,0.7591870161663469,0.7350712726208147,0.6770192608034867,0.6062764149400032,0.5684448349375277,0.4804381906731042,0.5446054582217127,0.29126606093700247,0.7767195195803952,0.5315852924598888,0.5584422519252453,0.5499590547998927
0.6270532219317079,0.2915086022005383,0.6665900795507815,0.26863559153535793,0.5032265566602122,0.48553283349100945,0.2640597988576346,0.44226198045206067,0.5704003530900528,0.44268677945395984,0.4957645677823641,0.5672726168883847,0.5235023370997702,0.26711931284110324,0.273434116482965,0.15674078061943417,0.24530996768089336,0.35935472516613876,0.4556886981952089,0.24563267379114612,0.191010485010468,0.34021412147376023,0.5923362625431823,0.1462864443221128,0.244549953746542,1.0,0.45720946389561545,0.5445568204826304,0.6856166817804087,0.6780173219672523,0.6336599944695236,0.6455100574339763,0.4710043158155693,0.43315914888991003,0.45145531501438574,0.5714829199994667,0.35842179193681367,0.3869348345971095,0.42619280122906134,0.35692280162259243,0.3421695164858957,0.46524740742954035,0.5404489308117578,0.5890218850040467,0.4050983264412231,0.4485724984274901,0.4703095153987936,0.3114895285472735,0.09496246099322113,0.12907228556518008,0.06759953132416816,0.3531652267340261,0.41628112705915027,0.20567127267286364,0.42430361561952756,0.5681266333265902,0.17986888712663604,0.5015294020864189,0.6366612547437644,0.5796004424077995
0.7730262797150826,0.5514116979252939,0.434625403315904,0.31473437114980823,0.6844339768753879,0.4563611686783641,0.3828468584486654,0.6668309781283954,0.5530055192870241,0.7129826125080865,0.6941429895520053,0.7723886302451242,0.45363364046379057,0.36743442579507135,0.40899989141339893,0.3755711883537044,0.3483153949502435,0.5625149112154759,0.6636839141110455,0.23699791535514433,0.4168160859616856,0.5232047585483655,0.6860222890504948,0.3878191296301013,0.4714311291245587,0.45720946389561545,1.0,0.6556372564137751,0.7582323028461843,0.5878176577080766,0.7693496524477516,0.6828209370205421,0.6973675307179513,0.5965866460261006,0.8419898401843682,0.6661548000932849,0.7908296181461303,0.6336546327570052,0.7650077368032538,0.5218404237172495,0.5399148983116127,0.7600733465555504,0.8009900111097623,0.630510655744989,0.4451246375115313,0.6804421537885792,0.4124704308778961,0.4097178771093958,0.35123239615917995,0.34992918320163924,0.3153203026928768,0.6190372051487445,0.49549634544058174,0.46690310017985703,0.33287289720686397,0.6380026918133744,0.2839405206004873,0.7962264662951142,0.7228101965864914,0.7899334257496158
0.6979860081084491,0.6246425992072446,0.6077950662598788,0.4589476723633962,0.5703797553574109,0.4717452636144836,0.27479759385660996,0.629407364304243,0.45088688304962227,0.6919603543117749,0.6265274290163774,0.682970389907264,0.46621583696155183,0.4513803643341151,0.3222094300081113,0.43661404389078184,0.38983907558654163,0.6305914495110116,0.5971110669686478,0.2982928499629879,0.3211788191897372,0.5097159944203802,0.857529491916069,0.3904492032363746,0.5017034591652441,0.5445568204826304,0.6556372564137751,1.0,0.7654675882729476,0.6261981100223671,0.7669608036163555,0.6518915171636318,0.6359871419854659,0.6869620086085377,0.7311789084373344,0.6792106469368825,0.6517520121992046,0.6769733034585924,0.6774556335989426,0.4605179408822221,0.6357431223798778,0.7290479530794811,0.5860380784703549,0.6458612159088356,0.5094592155035478,0.6204855874363806,0.48871038895502944,0.32079932254063886,0.3290791318149132,0.4384300217698125,0.37950166646051775,0.6556215107226973,0.5342033632902057,0.289839132342192,0.5304754462141565,0.6907599476117559,0.23633966454057487,0.6441619891152324,0.6187596715000911,0.6511070002721733
0.7226777911901481,0.5288701720286769,0.5786064453747666,0.36682648437157633,0.7868862269050234,0.5977465487461907,0.4422974666751622,0.6548750816569134,0.6502940798606434,0.7070610670327107,0.7604667990711926,0.7062516986082474,0.6502546537370257,0.4119906625588924,0.33302868930198837,0.34090086294853156,0.4798244614206464,0.5556715509363566,0.6587248567018008,0.3758970713936991,0.36921796121544215,0.5892120059508805,0.8949471326750643,0.2888585831835101,0.41949236607819607,0.6856166817804087,0.7582323028461843,0.7654675882729476,1.0,0.7569163696740262,0.863213723859157,0.7280607487460561,0.7945675262700611,0.6761937303802595,0.7130358429098568,0.7185524996236665,0.6169958671731691,0.5866034691434736,0.6725454637974343,0.5803982395565426,0.673355990791268,0.7552433045259366,0.6481306598805364,0.7381278628738415,0.47979956045722244,0.6638143051767085,0.5993251866007464,0.3740194659287488,0.287869141297027,0.34535003793731434,0.3233574262451301,0.6813950436582924,0.6010458727980095,0.42049742981865706,0.5088125213866391,0.7052201042417716,0.24221046541952038,0.6744952004706494,0.772153707028804,0.6934379016638961
0.7576350235910414,0.5968240113130096,0.5866004643809752,0.44228316761410297,0.6886407745583832,0.6446433042682195,0.36542851459948983,0.6583061292889727,0.7453109238793776,0.782334157877219,0.7668426928168779,0.7621902891857414,0.6305656736765093,0.49937241754958495,0.4506373287282247,0.3900423324992238,0.41356960238058454,0.536260012361204,0.5735762564221879,0.4316139312164614,0.41971298758264125,0.5990016542194292,0.7373481668967483,0.3370582385332208,0.5036996994327689,0.6780173219672523,0.5878176577080766,0.6261981100223671,0.7569163696740262,1.0,0.766002032077241,0.6237087401893716,0.6062031625093085,0.5931843930268486,0.6458582262110554,0.6572903145524223,0.6139315004146865,0.6198990987715882,0.6113364119391305,0.5838507402926811,0.45649265217512003,0.60600965430683,0.6325271524615785,0.7865203511586774,0.5890817959113106,0.7196822721107276,0.5447825714928631,0.4855362242418269,0.35463219090139686,0.3017367662603992,0.21685864354205195,0.5351650912119353,0.5613772627943399,0.3376429171385782,0.48278607697929427,0.5825191492930796,0.3693996575678716,0.6834199280609486,0.8025583405793256,0.6600611669558508
0.7292433436125483,0.5976865760051225,0.498291821160841,0.37851609522709495,0.6324039729142851,0.5703919462018746,0.3752659029562254,0.7379395830081761,0.6364432302258172,0.7745019758008771,0.8634355242584096,0.7676681406834929,0.6280713168721477,0.5651287825965554,0.3798503139520593,0.37128459795001856,0.34619858113410384,0.6945111410040095,0.6513228012503625,0.2948150920550491,0.4423815192310153,0.6780531295856653,0.7967943260880996,0.40396713193977957,0.5560054756455978,0.6336599944695236,0.7693496524477516,0.7669608036163555,0.863213723859157,0.766002032077241,1.0,0.7199041390870309,0.7498594174856448,0.5885631669298135,0.7485430017470147,0.7105423078510252,0.7063111552459664,0.6936540310674895,0.6861166326448666,0.6554332124054982,0.5574011288327995,0.7217412718902241,0.6677630177117738,0.7246359272311957,0.4400373067849139,0.6042563948331653,0.5637414552389565,0.43688245242306606,0.3304410390138782,0.410114166559193,0.34011321325119587,0.6391856782942056,0.648039072277582,0.353797093285854,0.51651365064876,0.5625913553406341,0.41477221894992705,0.7263476046203197,0.7841884924977487,0.7416553943277526
0.5807628091305981,0.5849383461525988,0.5636684157488843,0.3935672748408795,0.6212711865823239,0.6832575297713996,0.37552559375953815,0.6291171471047651,0.5005167585885084,0.6897536919590301,0.647583312401867,0.6014358001888286,0.5377673114546075,0.38670087410614074,0.338905863437878,0.3263928783169962,0.3561362011679342,0.5556923589879892,0.649440037340302,0.23834147072494355,0.3896391771923798,0.44200891457269725,0.7115587534949591,0.3455547703728445,0.489379640646578,0.6455100574339763,0.6828209370205421,0.6518915171636318,0.7280607487460561,0.6237087401893716,0.7199041390870309,1.0,0.5545120986466195,0.5031300678080999,0.6912298806729574,0.8120805031791379,0.6985600549418919,0.6129131378753224,0.660325417403514,0.45169220564195056,0.45111442849096717,0.7433834796821295,0.6214537217297671,0.7232261711015904,0.520189836647683,0.46142420537773343,0.4642465685383372,0.3990769404095047,0.27582459542902715,0.3654867476279886,0.26991588149589196,0.5157164740876644,0.4331426813407207,0.3412404441315702,0.40475623095236857,0.5718230266462881,0.33133359181968614,0.6886652633822719,0.6419386324720028,0.6783604352075049
0.6148154730112669,0.42154408417428424,0.4930417384447091,0.3404336527029207,0.6803686571153322,0.667167342997771,0.5682936239227458,0.5951085048392585,0.6076368503163481,0.628584419485777,0.7329805905985378,0.6635189539855283,0.5141540168153205,0.34469238566031746,0.35247396774669915,0.29028557642682473,0.39418438251345667,0.5430840442785151,0.6181639588113852,0.3030505785247814,0.3527230187882403,0.5525649233956013,0.6823387823820964,0.28480133492173815,0.4045700028972906,0.4710043158155693,0.6973675307179513,0.6359871419854659,0.7945675262700611,0.6062031625093085,0.7498594174856448,0.5545120986466195,1.0,0.6006166644871276,0.6233800847761204,0.5932036564678824,0.6716520340089559,0.4749656328396911,0.652123496436425,0.6064351481073043,0.5509237944217834,0.7181139473608475,0.5479186297440231,0.4826305884717306,0.41928070394053274,0.6394646710775631,0.4923245698089559,0.31269470247916326,0.3433822881011187,0.38240639676379207,0.3185454768479691,0.712611149128541,0.575191301700067,0.4905427327703936,0.4558623447134664,0.5599383346836901,0.22246437777622002,0.7110274372549619,0.65854639181512,0.5981331946835772
0.6387321864430362,0.675287414537352,0.48940081297119303,0.5684876073762306,0.6590117861166035,0.3485220166356874,0.39455217432301576,0.5518940549320311,0.47054798395484354,0.5768909920055332,0.4896934481796659,0.646170685348993,0.3189411718018768,0.4315041991399654,0.3916614399019637,0.5147155511767488,0.4290360433901794,0.524184917897374,0.5459890862018446,0.38878274168069255,0.2037484249730282,0.37234760324750266,0.7815375953914959,0.21714377058448706,0.40040253455071745,0.43315914888991003,0.5965866460261006,0.6869620086085377,0.6761937303802595,0.5931843930268486,0.5885631669298135,0.5031300678080999,0.6006166644871276,1.0,0.6850289767498173,0.5629272732942667,0.5783809649671492,0.5302441363147505,0.5708117597414998,0.32130930038697436,0.6517613289654094,0.7029184984338449,0.5817218960866499,0.6574447242056214,0.6431267073447463,0.6433758525548111,0.4602173631579081,0.5698524202896635,0.47903000329003786,0.4253024141721863,0.3992684020764591,0.5943738014325998,0.48703276878279445,0.3060432786269575,0.48129762625169664,0.6100870891288885,0.32165305368581454,0.6026759412463212,0.655420300466641,0.6769799674662045
0.7513914763198827,0.6973653996659772,0.38639770986788546,0.44495025373141894,0.653460317546027,0.513131085396816,0.30688168667643173,0.7599483094006401,0.5938980992457232,0.8190099660988404,0.687994712195912,0.7733234485078088,0.44016680437745326,0.33274072248097464,0.5765623103810862,0.5424299693704919,0.5166801569997261,0.7009150027770545,0.7115864693112494,0.2950907771211698,0.5466466386794105,0.5279677816583643,0.7906505200329373,0.5324678533541422,0.6258011427175951,0.45145531501438574,0.8419898401843682,0.7311789084373344,0.7130358429098568,0.6458582262110554,0.7485430017470147,0.6912298806729574,0.6233800847761204,0.6850289767498173,1.0,0.7184359198700119,0.7594922466190048,0.7168639375295967,0.7849753065002204,0.526022131557411,0.5207257135083445,0.817084582695933,0.7990568878082606,0.70858988917624,0.49797756536126503,0.7607242527204914,0.39740802696271527,0.47657474883301704,0.5045215456703066,0.4671700241736937,0.397595670259929,0.6961709133370044,0.4558075474086202,0.49922617938442915,0.34534516782722713,0.7300212338938833,0.3795224198033032,0.7870488366472224,0.7212192440114997,0.8379631344500336
