1.0,0.6779499999999999,0.65515,0.69475,0.72915,0.7177,0.649,0.7020500000000001,0.7491,0.77935,0.79365,0.8337999999999999,0.6940999999999999,0.673,0.5690000000000001,0.54545,0.59935,0.59185,0.7811,0.55885,0.6146,0.66065,0.78635,0.54295,0.63585,0.8146000000000001,0.9065,0.7525000000000001,0.7373999999999999,0.6837,0.8162499999999999,0.89635,0.6771,0.72995,0.8397500000000001,0.7455499999999999,0.70655,0.7339,0.8351000000000001,0.6474,0.6737,0.8218500000000001,0.7786500000000001,0.71675,0.6796,0.76095,0.6833,0.6223,0.5996,0.47335000000000005,0.54265,0.6333,0.7251000000000001,0.5368,0.6226499999999999,0.79705,0.7001000000000001,0.8459,0.7816,0.82585
0.6779499999999999,1.0,0.60985,0.7783,0.8474,0.6975,0.55085,0.7367,0.7415499999999999,0.84275,0.82215,0.67195,0.74855,0.8372999999999999,0.5696,0.72835,0.80115,0.6862,0.7353500000000001,0.729,0.6251,0.78085,0.83445,0.73385,0.8261499999999999,0.6628000000000001,0.6895,0.7914,0.85,0.7917500000000001,0.81985,0.75585,0.7424999999999999,0.7727999999999999,0.7918499999999999,0.8291499999999999,0.68665,0.8032,0.798,0.71575,0.7582,0.8664999999999999,0.74195,0.8221,0.80425,0.6884,0.8294,0.7151500000000001,0.71855,0.6715,0.68385,0.7115,0.84055,0.6104,0.66505,0.77005,0.82675,0.6992,0.7577,0.74325
0.65515,0.60985,1.0,0.62415,0.6797500000000001,0.5687,0.5502,0.8194000000000001,0.6164,0.658,0.63305,0.69255,0.5298499999999999,0.58675,0.39875,0.4185,0.51335,0.5589500000000001,0.6559999999999999,0.52645,0.4074,0.549,0.678,0.4606,0.51985,0.6214500000000001,0.69975,0.79915,0.68995,0.6248,0.60195,0.62765,0.61175,0.60595,0.6888,0.68825,0.7363500000000001,0.63255,0.6806,0.51795,0.6346,0.6481,0.6046,0.6965,0.7178,0.6641,0.6029,0.6104,0.5084500000000001,0.3995,0.48274999999999996,0.46230000000000004,0.5942999999999999,0.44195,0.5482,0.6706000000000001,0.57865,0.6675500000000001,0.60385,0.7122499999999999
0.69475,0.7783,0.62415,1.0,0.77965,0.6928,0.54265,0.7788999999999999,0.71975,0.8035,0.72765,0.7485,0.66765,0.6609499999999999,0.64375,0.66475,0.76475,0.7618,0.69265,0.8179000000000001,0.6928,0.7011000000000001,0.78655,0.7119500000000001,0.753,0.64585,0.7107,0.7952,0.7678,0.7477,0.7844,0.7224,0.71455,0.77755,0.7871,0.779,0.70015,0.7963,0.75795,0.742,0.6840499999999999,0.786,0.786,0.7506,0.8234999999999999,0.6948000000000001,0.7353,0.68145,0.7958000000000001,0.7253499999999999,0.8244999999999999,0.6982,0.7072,0.6495,0.74125,0.7426999999999999,0.71285,0.7535000000000001,0.77265,0.77515
0.72915,0.8474,0.6797500000000001,0.77965,1.0,0.8164999999999999,0.66145,0.72295,0.8045500000000001,0.8401,0.8074999999999999,0.69795,0.75995,0.7407,0.67135,0.6696500000000001,0.8060499999999999,0.67875,0.75245,0.7215499999999999,0.63075,0.7773,0.86365,0.7053,0.7681,0.6768500000000001,0.7379,0.78985,0.9019999999999999,0.82265,0.82495,0.76885,0.9192500000000001,0.8345499999999999,0.82,0.79225,0.8350500000000001,0.78565,0.84095,0.7756000000000001,0.8092499999999999,0.9016,0.7458,0.75305,0.7725500000000001,0.7694,0.8074,0.67045,0.7593,0.6342,0.7010500000000001,0.8128,0.7591,0.7384000000000001,0.641,0.8613500000000001,0.74295,0.8119999999999999,0.79095,0.77325
0.7177,0.6975,0.5687,0.6928,0.8164999999999999,1.0,0.6493,0.60835,0.9138999999999999,0.82965,0.8261499999999999,0.625,0.7146,0.6618999999999999,0.65305,0.59885,0.7535000000000001,0.67915,0.7546,0.71315,0.6678,0.7912,0.7386,0.63595,0.6881999999999999,0.71825,0.73075,0.66665,0.81745,0.8329000000000001,0.85625,0.8262499999999999,0.8571,0.69185,0.75135,0.74725,0.768,0.7405999999999999,0.79025,0.8272999999999999,0.64715,0.7716999999999999,0.7253999999999999,0.6792,0.66035,0.6942,0.7826,0.603,0.62705,0.6305,0.7001999999999999,0.75945,0.7296,0.6203000000000001,0.66265,0.6643,0.7099,0.84655,0.86875,0.6998
0.649,0.55085,0.5502,0.54265,0.66145,0.6493,1.0,0.53685,0.70655,0.63,0.63945,0.5764,0.67,0.6502,0.5896,0.5412,0.5467,0.515,0.5963,0.51095,0.54705,0.5812999999999999,0.5823,0.5179,0.5378999999999999,0.5900000000000001,0.6192,0.5584,0.64645,0.5740999999999999,0.63905,0.6357999999999999,0.68255,0.6199,0.60205,0.5464,0.62255,0.5982999999999999,0.60895,0.5716,0.59325,0.6396,0.5138,0.5227,0.53215,0.59195,0.645,0.6809499999999999,0.499,0.5425500000000001,0.55175,0.59395,0.5755,0.6043999999999999,0.59285,0.59505,0.5923,0.6531,0.6428,0.5495
0.7020500000000001,0.7367,0.8194000000000001,0.7788999999999999,0.72295,0.60835,0.53685,1.0,0.6381,0.80555,0.6961,0.7961,0.6215499999999999,0.6597999999999999,0.55715,0.5844,0.67065,0.77135,0.6971,0.6736500000000001,0.6035,0.62585,0.8278000000000001,0.61615,0.6829,0.6456999999999999,0.7091999999999999,0.9269999999999999,0.7837,0.65125,0.75205,0.7313,0.637,0.7072499999999999,0.8201499999999999,0.78935,0.7031,0.79535,0.799,0.6183500000000001,0.72665,0.7706000000000001,0.75615,0.78655,0.7260500000000001,0.71435,0.6607999999999999,0.66615,0.67555,0.55495,0.6357999999999999,0.6244500000000001,0.6851499999999999,0.5879,0.5917,0.7516,0.6769999999999999,0.7263499999999999,0.6755,0.8454
0.7491,0.7415499999999999,0.6164,0.71975,0.8045500000000001,0.9138999999999999,0.70655,0.6381,1.0,0.8836499999999999,0.83805,0.682,0.7632,0.6992,0.6204,0.57875,0.7524,0.6544,0.8299,0.7273,0.6486,0.76685,0.78505,0.64845,0.6998,0.7781,0.7553,0.6986,0.86305,0.8519500000000001,0.8869999999999999,0.8275,0.8135999999999999,0.7402,0.7807000000000001,0.76075,0.7267,0.77945,0.8119,0.8326499999999999,0.65915,0.80655,0.71875,0.73735,0.7438,0.7111500000000001,0.875,0.6795,0.6021,0.62225,0.7081000000000001,0.7146,0.7639,0.5856,0.7121000000000001,0.7,0.7549,0.8297000000000001,0.9037499999999999,0.7426999999999999
0.77935,0.84275,0.658,0.8035,0.8401,0.82965,0.63,0.80555,0.8836499999999999,1.0,0.8807,0.8055,0.76955,0.74665,0.6724,0.6184000000000001,0.7643500000000001,0.7062999999999999,0.8260500000000001,0.7463,0.7224999999999999,0.72325,0.91435,0.68175,0.74875,0.7865,0.76665,0.8345499999999999,0.9060499999999999,0.8757999999999999,0.9385,0.8528499999999999,0.7545,0.76525,0.8843500000000001,0.9121,0.7706999999999999,0.86745,0.9093500000000001,0.84215,0.71865,0.8669499999999999,0.8359500000000001,0.8951499999999999,0.8191,0.76205,0.8411,0.7058500000000001,0.6739499999999999,0.64615,0.7253000000000001,0.7582,0.7647,0.6238,0.6894,0.7836000000000001,0.76075,0.8505,0.8775000000000001,0.8869999999999999
0.79365,0.82215,0.63305,0.72765,0.8074999999999999,0.8261499999999999,0.63945,0.6961,0.83805,0.8807,1.0,0.71565,0.7439,0.7437,0.57795,0.56365,0.6757500000000001,0.65165,0.7602,0.64735,0.67455,0.72895,0.79765,0.5692999999999999,0.6893,0.72735,0.8182499999999999,0.74305,0.8186,0.80195,0.92795,0.8624,0.75555,0.7358,0.85275,0.8773500000000001,0.7769,0.7927,0.8477499999999999,0.7473,0.7686,0.8482,0.77685,0.8309,0.72675,0.79225,0.7628999999999999,0.62165,0.6021,0.5728,0.63375,0.7226,0.779,0.56245,0.70385,0.72515,0.7654,0.75065,0.8478,0.77155
0.8337999999999999,0.67195,0.69255,0.7485,0.69795,0.625,0.5764,0.7961,0.682,0.8055,0.71565,1.0,0.6053499999999999,0.60255,0.61785,0.52535,0.60595,0.5843499999999999,0.7232000000000001,0.5635,0.60235,0.5349999999999999,0.8246,0.5429999999999999,0.5876,0.7504,0.8102,0.7676999999999999,0.74325,0.68205,0.7782,0.8061999999999999,0.6188,0.7803,0.87325,0.78,0.66595,0.73485,0.8215,0.6296999999999999,0.7316,0.7889999999999999,0.81005,0.8032999999999999,0.6666000000000001,0.8185499999999999,0.6221,0.6323000000000001,0.6235,0.47240000000000004,0.5237,0.57435,0.6176,0.5433,0.5335,0.7653,0.5811,0.78795,0.74325,0.8933500000000001
0.6940999999999999,0.74855,0.5298499999999999,0.66765,0.75995,0.7146,0.67,0.6215499999999999,0.7632,0.76955,0.7439,0.6053499999999999,1.0,0.8585,0.6505,0.6534,0.67535,0.67815,0.7927,0.6083999999999999,0.6719,0.7725500000000001,0.7762,0.6666000000000001,0.7302,0.62495,0.6798,0.68685,0.81525,0.67815,0.7972,0.7488,0.73785,0.70875,0.69635,0.66185,0.6126,0.68055,0.74675,0.6793,0.6494500000000001,0.8374499999999999,0.6299,0.6119,0.6436499999999999,0.61555,0.80755,0.7496,0.5995,0.6693,0.6745,0.7871,0.80575,0.7189,0.75645,0.70765,0.8141,0.71925,0.7173,0.6946
0.673,0.8372999999999999,0.58675,0.6609499999999999,0.7407,0.6618999999999999,0.6502,0.6597999999999999,0.6992,0.74665,0.7437,0.60255,0.8585,1.0,0.5643,0.7551,0.66725,0.62515,0.7177,0.5803499999999999,0.61745,0.7748999999999999,0.7438,0.6723,0.75645,0.64955,0.6668499999999999,0.70695,0.79995,0.67625,0.74775,0.7342500000000001,0.6931499999999999,0.64305,0.6902999999999999,0.72045,0.6359,0.7071500000000001,0.7038,0.62035,0.6336,0.78655,0.632,0.6921999999999999,0.6931,0.5656,0.7844,0.8336,0.60655,0.6691499999999999,0.6176,0.68425,0.8219,0.6273,0.71475,0.6542,0.8189500000000001,0.6899,0.70905,0.6706000000000001
0.5690000000000001,0.5696,0.39875,0.64375,0.67135,0.65305,0.5896,0.55715,0.6204,0.6724,0.57795,0.61785,0.6505,0.5643,1.0,0.65545,0.6857,0.71355,0.5929,0.589,0.77405,0.5406,0.65,0.6739499999999999,0.63,0.48095,0.60785,0.56055,0.58685,0.6296,0.66185,0.6437,0.641,0.64175,0.6999500000000001,0.6301,0.592,0.7030000000000001,0.7066,0.6596,0.5771,0.6501,0.67555,0.56165,0.49429999999999996,0.59395,0.52205,0.61385,0.69135,0.64235,0.6393500000000001,0.7136,0.509,0.79665,0.48550000000000004,0.64665,0.5089,0.70425,0.666,0.6953
0.54545,0.72835,0.4185,0.66475,0.6696500000000001,0.59885,0.5412,0.5844,0.57875,0.6184000000000001,0.56365,0.52535,0.6534,0.7551,0.65545,1.0,0.7746000000000001,0.7152499999999999,0.61125,0.65795,0.70165,0.6982,0.65245,0.7625,0.79375,0.49424999999999997,0.5791000000000001,0.61365,0.6403,0.5700999999999999,0.6136999999999999,0.6122,0.63505,0.64855,0.6484,0.59295,0.50155,0.61105,0.6448,0.5831999999999999,0.6244,0.6779499999999999,0.6395,0.5335,0.5763,0.54615,0.6132,0.73485,0.73285,0.74055,0.6657,0.69515,0.67015,0.7424999999999999,0.5408000000000001,0.6637500000000001,0.6745,0.61955,0.6195999999999999,0.6241
0.59935,0.80115,0.51335,0.76475,0.8060499999999999,0.7535000000000001,0.5467,0.67065,0.7524,0.7643500000000001,0.6757500000000001,0.60595,0.67535,0.66725,0.6857,0.7746000000000001,1.0,0.82325,0.72715,0.78715,0.77835,0.8086,0.73955,0.9,0.8882999999999999,0.60445,0.64025,0.6808,0.7902,0.73855,0.73925,0.69475,0.7933,0.7571,0.7262500000000001,0.7178,0.62595,0.7043,0.7237,0.7777999999999999,0.69835,0.76725,0.728,0.6516,0.6819,0.62085,0.8097,0.7565500000000001,0.84215,0.72775,0.7843,0.80155,0.74815,0.7953,0.6203000000000001,0.7647,0.7678,0.7434000000000001,0.77515,0.7074
0.59185,0.6862,0.5589500000000001,0.7618,0.67875,0.67915,0.515,0.77135,0.6544,0.7062999999999999,0.65165,0.5843499999999999,0.67815,0.62515,0.71355,0.7152499999999999,0.82325,1.0,0.661,0.7841,0.83095,0.7494,0.68425,0.8067500000000001,0.8148,0.5450999999999999,0.63295,0.7575000000000001,0.65835,0.6691,0.71585,0.68385,0.65685,0.63975,0.70065,0.69065,0.63515,0.7255,0.71325,0.72295,0.6193,0.6942999999999999,0.72545,0.6037,0.61715,0.5886,0.6508499999999999,0.6578999999999999,0.7892,0.7278,0.79995,0.7877500000000001,0.6837,0.78445,0.64785,0.66905,0.71925,0.7025,0.7060500000000001,0.7003999999999999
0.7811,0.7353500000000001,0.6559999999999999,0.69265,0.75245,0.7546,0.5963,0.6971,0.8299,0.8260500000000001,0.7602,0.7232000000000001,0.7927,0.7177,0.5929,0.61125,0.72715,0.661,1.0,0.6221,0.62165,0.7238,0.8469,0.6577,0.721,0.7079500000000001,0.77975,0.7361,0.8223,0.7296,0.8192999999999999,0.8092,0.71445,0.77835,0.7735000000000001,0.7372,0.6445000000000001,0.7075,0.83415,0.7199,0.66335,0.8351000000000001,0.7318,0.6813,0.74265,0.67615,0.82345,0.75285,0.64325,0.5128999999999999,0.6022000000000001,0.67965,0.81085,0.6064,0.68625,0.80525,0.7733,0.8114000000000001,0.78045,0.8305
0.55885,0.729,0.52645,0.8179000000000001,0.7215499999999999,0.71315,0.51095,0.6736500000000001,0.7273,0.7463,0.64735,0.5635,0.6083999999999999,0.5803499999999999,0.589,0.65795,0.78715,0.7841,0.6221,1.0,0.7035,0.73185,0.6764,0.7555,0.77005,0.64525,0.5766,0.7306,0.7030000000000001,0.7428,0.7201500000000001,0.66955,0.69065,0.6179,0.6617,0.67625,0.6416000000000001,0.7527999999999999,0.69395,0.77435,0.58675,0.6824,0.7041999999999999,0.65895,0.7458,0.57885,0.73655,0.58775,0.7034,0.7969999999999999,0.8684,0.7532,0.67115,0.6224000000000001,0.66005,0.62695,0.72025,0.69725,0.78555,0.6256
0.6146,0.6251,0.4074,0.6928,0.63075,0.6678,0.54705,0.6035,0.6486,0.7224999999999999,0.67455,0.60235,0.6719,0.61745,0.77405,0.70165,0.77835,0.83095,0.62165,0.7035,1.0,0.702,0.64655,0.82575,0.78975,0.58775,0.6635500000000001,0.60515,0.6010500000000001,0.67725,0.7288,0.70305,0.6002,0.5784,0.7181,0.7292,0.6059,0.65655,0.7081500000000001,0.7411,0.58955,0.6378,0.75285,0.6452,0.57625,0.59315,0.62315,0.682,0.74205,0.7662,0.79245,0.8380000000000001,0.59495,0.7967,0.64445,0.63645,0.6529499999999999,0.6961,0.75325,0.6959
0.66065,0.78085,0.549,0.7011000000000001,0.7773,0.7912,0.5812999999999999,0.62585,0.76685,0.72325,0.72895,0.5349999999999999,0.7725500000000001,0.7748999999999999,0.5406,0.6982,0.8086,0.7494,0.7238,0.73185,0.702,1.0,0.71355,0.798,0.874,0.64175,0.67945,0.68535,0.77345,0.71875,0.76525,0.746,0.8228,0.65565,0.65255,0.67875,0.71895,0.66975,0.71905,0.76825,0.63805,0.7761,0.68235,0.5827,0.65075,0.5805,0.8524499999999999,0.73275,0.7739499999999999,0.7262500000000001,0.7532,0.81845,0.8503999999999999,0.7224999999999999,0.7611,0.6708000000000001,0.8903000000000001,0.7694,0.7632,0.6254
0.78635,0.83445,0.678,0.78655,0.86365,0.7386,0.5823,0.8278000000000001,0.78505,0.91435,0.79765,0.8246,0.7762,0.7438,0.65,0.65245,0.73955,0.68425,0.8469,0.6764,0.64655,0.71355,1.0,0.6677,0.75185,0.6975,0.76655,0.8744,0.9122999999999999,0.76625,0.8901999999999999,0.80725,0.77095,0.83485,0.89795,0.83475,0.7357,0.8262,0.9041499999999999,0.7363000000000001,0.77515,0.9121499999999999,0.82865,0.8158,0.7880499999999999,0.79155,0.7777000000000001,0.6874,0.7111500000000001,0.58915,0.65685,0.7694,0.7868999999999999,0.67185,0.6820999999999999,0.877,0.7478,0.819,0.7718499999999999,0.9042999999999999
0.54295,0.73385,0.4606,0.7119500000000001,0.7053,0.63595,0.5179,0.61615,0.64845,0.68175,0.5692999999999999,0.5429999999999999,0.6666000000000001,0.6723,0.6739499999999999,0.7625,0.9,0.8067500000000001,0.6577,0.7555,0.82575,0.798,0.6677,1.0,0.89585,0.55935,0.5811499999999999,0.6277999999999999,0.6896,0.66665,0.65035,0.61855,0.6775,0.6423,0.638,0.65785,0.56255,0.6378,0.64395,0.7373000000000001,0.5848,0.6692,0.66665,0.5939,0.64845,0.5133,0.7464500000000001,0.7761,0.82575,0.77525,0.7946500000000001,0.8067500000000001,0.68815,0.8156000000000001,0.64015,0.69025,0.7442,0.68025,0.71465,0.6477
0.63585,0.8261499999999999,0.51985,0.753,0.7681,0.6881999999999999,0.5378999999999999,0.6829,0.6998,0.74875,0.6893,0.5876,0.7302,0.75645,0.63,0.79375,0.8882999999999999,0.8148,0.721,0.77005,0.78975,0.874,0.75185,0.89585,1.0,0.6047,0.6565000000000001,0.71285,0.7577499999999999,0.70405,0.7527,0.7046,0.7327,0.69055,0.71485,0.7230000000000001,0.6411,0.70685,0.7394999999999999,0.7594000000000001,0.6718,0.7721,0.71025,0.6428,0.6959,0.60005,0.805,0.78435,0.8390000000000001,0.7774,0.7841,0.8244999999999999,0.8143499999999999,0.7892,0.71505,0.7424999999999999,0.8603500000000001,0.7224,0.7451,0.7030000000000001
0.8146000000000001,0.6628000000000001,0.6214500000000001,0.64585,0.6768500000000001,0.71825,0.5900000000000001,0.6456999999999999,0.7781,0.7865,0.72735,0.7504,0.62495,0.64955,0.48095,0.49424999999999997,0.60445,0.5450999999999999,0.7079500000000001,0.64525,0.58775,0.64175,0.6975,0.55935,0.6047,0.95,0.73895,0.6816,0.7401,0.7596,0.75465,0.8493499999999999,0.6298,0.55305,0.73685,0.7474999999999999,0.65605,0.7363500000000001,0.7458,0.6874,0.58155,0.6931499999999999,0.72455,0.76635,0.71935,0.6314,0.7322,0.6083000000000001,0.51165,0.5391,0.59815,0.5878,0.66125,0.4149,0.5705,0.6303,0.65065,0.80115,0.84975,0.71995
0.9065,0.6895,0.69975,0.7107,0.7379,0.73075,0.6192,0.7091999999999999,0.7553,0.76665,0.8182499999999999,0.8102,0.6798,0.6668499999999999,0.60785,0.5791000000000001,0.64025,0.63295,0.77975,0.5766,0.6635500000000001,0.67945,0.76655,0.5811499999999999,0.6565000000000001,0.73895,1.0,0.7605000000000001,0.7275,0.67085,0.8167,0.8446999999999999,0.7075,0.7782,0.86815,0.7426,0.7051999999999999,0.7327,0.85745,0.6345,0.76745,0.83535,0.81125,0.7238,0.6898500000000001,0.8432999999999999,0.68955,0.6636,0.64435,0.49269999999999997,0.56115,0.6386499999999999,0.73305,0.5760500000000001,0.6383,0.8262499999999999,0.7113,0.7868999999999999,0.7993,0.8455
0.7525000000000001,0.7914,0.79915,0.7952,0.78985,0.66665,0.5584,0.9269999999999999,0.6986,0.8345499999999999,0.74305,0.7676999999999999,0.68685,0.70695,0.56055,0.61365,0.6808,0.7575000000000001,0.7361,0.7306,0.60515,0.68535,0.8744,0.6277999999999999,0.71285,0.6816,0.7605000000000001,1.0,0.81935,0.68845,0.79955,0.7571,0.68675,0.74215,0.8431,0.779,0.7285,0.8492000000000001,0.8516999999999999,0.66185,0.7377,0.8355,0.7889999999999999,0.7831,0.7821,0.7513,0.7069,0.6372,0.6682,0.5930500000000001,0.6846,0.6893,0.7596499999999999,0.5833,0.65175,0.8086,0.7349,0.74985,0.7209,0.8404
0.7373999999999999,0.85,0.68995,0.7678,0.9019999999999999,0.81745,0.64645,0.7837,0.86305,0.9060499999999999,0.8186,0.74325,0.81525,0.79995,0.58685,0.6403,0.7902,0.65835,0.8223,0.7030000000000001,0.6010500000000001,0.77345,0.9122999999999999,0.6896,0.7577499999999999,0.7401,0.7275,0.81935,1.0,0.80195,0.8844,0.7939499999999999,0.86015,0.8219,0.8316000000000001,0.8131999999999999,0.7373000000000001,0.8025,0.8187,0.75265,0.7719,0.9037000000000001,0.7323999999999999,0.7918499999999999,0.7990999999999999,0.722,0.8815,0.74775,0.67825,0.619,0.6827,0.7564,0.8127000000000001,0.64855,0.7121500000000001,0.8164999999999999,0.79655,0.79685,0.8207000000000001,0.8061999999999999
0.6837,0.7917500000000001,0.6248,0.7477,0.82265,0.8329000000000001,0.5740999999999999,0.65125,0.8519500000000001,0.8757999999999999,0.80195,0.68205,0.67815,0.67625,0.6296,0.5700999999999999,0.73855,0.6691,0.7296,0.7428,0.67725,0.71875,0.76625,0.66665,0.70405,0.7596,0.67085,0.68845,0.80195,1.0,0.8180999999999999,0.79335,0.74295,0.6486500000000001,0.75255,0.8722,0.8272999999999999,0.7876000000000001,0.7986,0.8647500000000001,0.5782,0.74445,0.7565000000000001,0.844,0.7905,0.63285,0.7884,0.6187,0.63525,0.63405,0.7136,0.71985,0.6648,0.5766,0.5982999999999999,0.6561,0.6683,0.82675,0.8698499999999999,0.7474999999999999
0.8162499999999999,0.81985,0.60195,0.7844,0.82495,0.85625,0.63905,0.75205,0.8869999999999999,0.9385,0.92795,0.7782,0.7972,0.74775,0.66185,0.6136999999999999,0.73925,0.71585,0.8192999999999999,0.7201500000000001,0.7288,0.76525,0.8901999999999999,0.65035,0.7527,0.75465,0.8167,0.79955,0.8844,0.8180999999999999,1.0,0.8887,0.79155,0.7863,0.9010999999999999,0.8682000000000001,0.7662,0.84365,0.9025000000000001,0.8150000000000001,0.7702,0.8958,0.81845,0.8109999999999999,0.74785,0.8077,0.8271499999999999,0.6706000000000001,0.6798,0.6392,0.7062999999999999,0.78795,0.8003500000000001,0.63805,0.75255,0.7735000000000001,0.8049,0.8194000000000001,0.8734,0.8459
0.89635,0.75585,0.62765,0.7224,0.76885,0.8262499999999999,0.6357999999999999,0.7313,0.8275,0.8528499999999999,0.8624,0.8061999999999999,0.7488,0.7342500000000001,0.6437,0.6122,0.69475,0.68385,0.8092,0.66955,0.70305,0.746,0.80725,0.61855,0.7046,0.8493499999999999,0.8446999999999999,0.7571,0.7939499999999999,0.79335,0.8887,1.0,0.7517,0.6837500000000001,0.8672000000000001,0.8273999999999999,0.746,0.7984,0.8882,0.7596,0.7223499999999999,0.84045,0.81875,0.7763,0.7011999999999999,0.75485,0.7545,0.6416999999999999,0.6469,0.5835,0.6436,0.71715,0.78005,0.57365,0.6656500000000001,0.7275,0.7474999999999999,0.89155,0.8812,0.8355499999999999
0.6771,0.7424999999999999,0.61175,0.71455,0.9192500000000001,0.8571,0.68255,0.637,0.8135999999999999,0.7545,0.75555,0.6188,0.73785,0.6931499999999999,0.641,0.63505,0.7933,0.65685,0.71445,0.69065,0.6002,0.8228,0.77095,0.6775,0.7327,0.6298,0.7075,0.68675,0.86015,0.74295,0.79155,0.7517,1.0,0.79655,0.7292500000000001,0.6809000000000001,0.8008,0.6833,0.76155,0.7483,0.77315,0.84755,0.6921,0.6052,0.64855,0.7181,0.8116,0.6825,0.75765,0.6226499999999999,0.6794,0.7811,0.7584,0.7434000000000001,0.66115,0.7696,0.7476499999999999,0.8233,0.78655,0.6729499999999999
0.72995,0.7727999999999999,0.60595,0.77755,0.8345499999999999,0.69185,0.6199,0.7072499999999999,0.7402,0.76525,0.7358,0.7803,0.70875,0.64305,0.64175,0.64855,0.7571,0.63975,0.77835,0.6179,0.5784,0.65565,0.83485,0.6423,0.69055,0.55305,0.7782,0.74215,0.8219,0.6486500000000001,0.7863,0.6837500000000001,0.79655,1.0,0.8061999999999999,0.6794,0.62115,0.68975,0.7826,0.6426000000000001,0.8317,0.9031499999999999,0.7525000000000001,0.667,0.6446500000000001,0.82065,0.7397,0.6818500000000001,0.7165,0.53035,0.5985,0.68895,0.7169,0.69145,0.5912,0.8911,0.6837,0.68955,0.6910499999999999,0.78225
0.8397500000000001,0.7918499999999999,0.6888,0.7871,0.82,0.75135,0.60205,0.8201499999999999,0.7807000000000001,0.8843500000000001,0.85275,0.87325,0.69635,0.6902999999999999,0.6999500000000001,0.6484,0.7262500000000001,0.70065,0.7735000000000001,0.6617,0.7181,0.65255,0.89795,0.638,0.71485,0.73685,0.86815,0.8431,0.8316000000000001,0.75255,0.9010999999999999,0.8672000000000001,0.7292500000000001,0.8061999999999999,1.0,0.8553499999999999,0.73415,0.8407,0.92415,0.7128,0.8564,0.8805,0.85975,0.8478,0.7403500000000001,0.89155,0.6985,0.6451,0.704,0.5855,0.6414,0.72865,0.71715,0.64715,0.6365999999999999,0.8525,0.692,0.7929,0.8194000000000001,0.9276
0.7455499999999999,0.8291499999999999,0.68825,0.779,0.79225,0.74725,0.5464,0.78935,0.76075,0.9121,0.8773500000000001,0.78,0.66185,0.72045,0.6301,0.59295,0.7178,0.69065,0.7372,0.67625,0.7292,0.67875,0.83475,0.65785,0.7230000000000001,0.7474999999999999,0.7426,0.779,0.8131999999999999,0.8722,0.8682000000000001,0.8273999999999999,0.6809000000000001,0.6794,0.8553499999999999,1.0,0.82585,0.8150999999999999,0.8407,0.77515,0.6939,0.7821,0.8339000000000001,0.9389,0.7948000000000001,0.7104,0.7251000000000001,0.67085,0.67245,0.6022000000000001,0.6674,0.7081000000000001,0.6988000000000001,0.5934999999999999,0.62235,0.7256,0.70125,0.7952,0.83955,0.8431
0.70655,0.68665,0.7363500000000001,0.70015,0.8350500000000001,0.768,0.62255,0.7031,0.7267,0.7706999999999999,0.7769,0.66595,0.6126,0.6359,0.592,0.50155,0.62595,0.63515,0.6445000000000001,0.6416000000000001,0.6059,0.71895,0.7357,0.56255,0.6411,0.65605,0.7051999999999999,0.7285,0.7373000000000001,0.8272999999999999,0.7662,0.746,0.8008,0.62115,0.73415,0.82585,1.0,0.736,0.7719,0.7464000000000001,0.62295,0.71675,0.7034,0.7308,0.68995,0.66795,0.6677500000000001,0.5768500000000001,0.68075,0.5469999999999999,0.6197,0.70555,0.63815,0.6365000000000001,0.60075,0.6614,0.6555500000000001,0.82835,0.746,0.722
0.7339,0.8032,0.63255,0.7963,0.78565,0.7405999999999999,0.5982999999999999,0.79535,0.77945,0.86745,0.7927,0.73485,0.68055,0.7071500000000001,0.7030000000000001,0.61105,0.7043,0.7255,0.7075,0.7527999999999999,0.65655,0.66975,0.8262,0.6378,0.70685,0.7363500000000001,0.7327,0.8492000000000001,0.8025,0.7876000000000001,0.84365,0.7984,0.6833,0.68975,0.8407,0.8150999999999999,0.736,1.0,0.8378500000000001,0.7586,0.6748000000000001,0.7957,0.7983,0.8214499999999999,0.74855,0.7195,0.72045,0.6092500000000001,0.6413,0.6096,0.70525,0.68905,0.7314,0.5518,0.6144999999999999,0.7142999999999999,0.7119500000000001,0.76625,0.8150499999999999,0.8035500000000001
0.8351000000000001,0.798,0.6806,0.75795,0.84095,0.79025,0.60895,0.799,0.8119,0.9093500000000001,0.8477499999999999,0.8215,0.74675,0.7038,0.7066,0.6448,0.7237,0.71325,0.83415,0.69395,0.7081500000000001,0.71905,0.9041499999999999,0.64395,0.7394999999999999,0.7458,0.85745,0.8516999999999999,0.8187,0.7986,0.9025000000000001,0.8882,0.76155,0.7826,0.92415,0.8407,0.7719,0.8378500000000001,1.0,0.7802,0.80565,0.90305,0.8648999999999999,0.8149,0.7638499999999999,0.8612,0.7468,0.64035,0.70095,0.60725,0.67565,0.7691,0.7693,0.66195,0.6538,0.8519500000000001,0.74,0.8541000000000001,0.8185,0.9205500000000001
0.6474,0.71575,0.51795,0.742,0.7756000000000001,0.8272999999999999,0.5716,0.6183500000000001,0.8326499999999999,0.84215,0.7473,0.6296999999999999,0.6793,0.62035,0.6596,0.5831999999999999,0.7777999999999999,0.72295,0.7199,0.77435,0.7411,0.76825,0.7363000000000001,0.7373000000000001,0.7594000000000001,0.6874,0.6345,0.66185,0.75265,0.8647500000000001,0.8150000000000001,0.7596,0.7483,0.6426000000000001,0.7128,0.77515,0.7464000000000001,0.7586,0.7802,1.0,0.5725,0.7266,0.746,0.7192999999999999,0.69725,0.6315500000000001,0.77965,0.61365,0.68995,0.6931,0.7767000000000001,0.7917,0.68275,0.6587,0.6534500000000001,0.6529,0.70845,0.8167500000000001,0.8308500000000001,0.7115
0.6737,0.7582,0.6346,0.6840499999999999,0.8092499999999999,0.64715,0.59325,0.72665,0.65915,0.71865,0.7686,0.7316,0.6494500000000001,0.6336,0.5771,0.6244,0.69835,0.6193,0.66335,0.58675,0.58955,0.63805,0.77515,0.5848,0.6718,0.58155,0.76745,0.7377,0.7719,0.5782,0.7702,0.7223499999999999,0.77315,0.8317,0.8564,0.6939,0.62295,0.6748000000000001,0.80565,0.5725,1.0,0.8595,0.7169,0.6891499999999999,0.616,0.89405,0.6573,0.60395,0.6926,0.5321,0.56645,0.6844,0.69455,0.6475500000000001,0.57945,0.83445,0.6689,0.6139,0.67335,0.75625
0.8218500000000001,0.8664999999999999,0.6481,0.786,0.9016,0.7716999999999999,0.6396,0.7706000000000001,0.80655,0.8669499999999999,0.8482,0.7889999999999999,0.8374499999999999,0.78655,0.6501,0.6779499999999999,0.76725,0.6942999999999999,0.8351000000000001,0.6824,0.6378,0.7761,0.9121499999999999,0.6692,0.7721,0.6931499999999999,0.83535,0.8355,0.9037000000000001,0.74445,0.8958,0.84045,0.84755,0.9031499999999999,0.8805,0.7821,0.71675,0.7957,0.90305,0.7266,0.8595,1.0,0.8032999999999999,0.7558,0.74085,0.8257999999999999,0.8349,0.70705,0.7363000000000001,0.5965,0.6663,0.7772,0.84215,0.6914,0.68485,0.9,0.8166,0.79875,0.79595,0.84565
0.7786500000000001,0.74195,0.6046,0.786,0.7458,0.7253999999999999,0.5138,0.75615,0.71875,0.8359500000000001,0.77685,0.81005,0.6299,0.632,0.67555,0.6395,0.728,0.72545,0.7318,0.7041999999999999,0.75285,0.68235,0.82865,0.66665,0.71025,0.72455,0.81125,0.7889999999999999,0.7323999999999999,0.7565000000000001,0.81845,0.81875,0.6921,0.7525000000000001,0.85975,0.8339000000000001,0.7034,0.7983,0.8648999999999999,0.746,0.7169,0.8032999999999999,1.0,0.8150999999999999,0.6990999999999999,0.78525,0.6582,0.61615,0.7115,0.6041000000000001,0.68255,0.7301,0.69145,0.62035,0.5774,0.78185,0.6519999999999999,0.8061,0.8242499999999999,0.8348000000000001
0.71675,0.8221,0.6965,0.7506,0.75305,0.6792,0.5227,0.78655,0.73735,0.8951499999999999,0.8309,0.8032999999999999,0.6119,0.6921999999999999,0.56165,0.5335,0.6516,0.6037,0.6813,0.65895,0.6452,0.5827,0.8158,0.5939,0.6428,0.76635,0.7238,0.7831,0.7918499999999999,0.844,0.8109999999999999,0.7763,0.6052,0.667,0.8478,0.9389,0.7308,0.8214499999999999,0.8149,0.7192999999999999,0.6891499999999999,0.7558,0.8150999999999999,1.0,0.8057000000000001,0.7263,0.69745,0.62215,0.57885,0.55415,0.6295,0.61985,0.65855,0.4788,0.5547,0.71015,0.6285000000000001,0.72075,0.8271000000000001,0.8201
0.6796,0.80425,0.7178,0.8234999999999999,0.7725500000000001,0.66035,0.53215,0.7260500000000001,0.7438,0.8191,0.72675,0.6666000000000001,0.6436499999999999,0.6931,0.49429999999999996,0.5763,0.6819,0.61715,0.74265,0.7458,0.57625,0.65075,0.7880499999999999,0.64845,0.6959,0.71935,0.6898500000000001,0.7821,0.7990999999999999,0.7905,0.74785,0.7011999999999999,0.64855,0.6446500000000001,0.7403500000000001,0.7948000000000001,0.68995,0.74855,0.7638499999999999,0.69725,0.616,0.74085,0.6990999999999999,0.8057000000000001,1.0,0.62105,0.7584500000000001,0.6658999999999999,0.64095,0.6655,0.7581,0.6106499999999999,0.69945,0.5077499999999999,0.74875,0.7296,0.6940500000000001,0.721,0.75805,0.7455499999999999
0.76095,0.6884,0.6641,0.6948000000000001,0.7694,0.6942,0.59195,0.71435,0.7111500000000001,0.76205,0.79225,0.8185499999999999,0.61555,0.5656,0.59395,0.54615,0.62085,0.5886,0.67615,0.57885,0.59315,0.5805,0.79155,0.5133,0.60005,0.6314,0.8432999999999999,0.7513,0.722,0.63285,0.8077,0.75485,0.7181,0.82065,0.89155,0.7104,0.66795,0.7195,0.8612,0.6315500000000001,0.89405,0.8257999999999999,0.78525,0.7263,0.62105,1.0,0.6071,0.52175,0.60405,0.5136000000000001,0.5529,0.66625,0.64115,0.5807,0.5745,0.8106500000000001,0.6047,0.6851,0.70545,0.81695
0.6833,0.8294,0.6029,0.7353,0.8074,0.7826,0.645,0.6607999999999999,0.875,0.8411,0.7628999999999999,0.6221,0.80755,0.7844,0.52205,0.6132,0.8097,0.6508499999999999,0.82345,0.73655,0.62315,0.8524499999999999,0.7777000000000001,0.7464500000000001,0.805,0.7322,0.68955,0.7069,0.8815,0.7884,0.8271499999999999,0.7545,0.8116,0.7397,0.6985,0.7251000000000001,0.6677500000000001,0.72045,0.7468,0.77965,0.6573,0.8349,0.6582,0.69745,0.7584500000000001,0.6071,1.0,0.8077500000000001,0.6848,0.6485000000000001,0.72255,0.7211000000000001,0.8493499999999999,0.6146499999999999,0.74585,0.7268,0.8769,0.76885,0.8284,0.69455
0.6223,0.7151500000000001,0.6104,0.68145,0.67045,0.603,0.6809499999999999,0.66615,0.6795,0.7058500000000001,0.62165,0.6323000000000001,0.7496,0.8336,0.61385,0.73485,0.7565500000000001,0.6578999999999999,0.75285,0.58775,0.682,0.73275,0.6874,0.7761,0.78435,0.6083000000000001,0.6636,0.6372,0.74775,0.6187,0.6706000000000001,0.6416999999999999,0.6825,0.6818500000000001,0.6451,0.67085,0.5768500000000001,0.6092500000000001,0.64035,0.61365,0.60395,0.70705,0.61615,0.62215,0.6658999999999999,0.52175,0.8077500000000001,1.0,0.72175,0.6577,0.6396,0.6315000000000001,0.7394000000000001,0.7149,0.6796,0.6999500000000001,0.77695,0.6976,0.7038,0.69435
0.5996,0.71855,0.5084500000000001,0.7958000000000001,0.7593,0.62705,0.499,0.67555,0.6021,0.6739499999999999,0.6021,0.6235,0.5995,0.60655,0.69135,0.73285,0.84215,0.7892,0.64325,0.7034,0.74205,0.7739499999999999,0.7111500000000001,0.82575,0.8390000000000001,0.51165,0.64435,0.6682,0.67825,0.63525,0.6798,0.6469,0.75765,0.7165,0.704,0.67245,0.68075,0.6413,0.70095,0.68995,0.6926,0.7363000000000001,0.7115,0.57885,0.64095,0.60405,0.6848,0.72175,1.0,0.6813,0.74685,0.74135,0.6898,0.82195,0.6122,0.7542500000000001,0.7316499999999999,0.7302500000000001,0.6829500000000001,0.70545
0.47335000000000005,0.6715,0.3995,0.7253499999999999,0.6342,0.6305,0.5425500000000001,0.55495,0.62225,0.64615,0.5728,0.47240000000000004,0.6693,0.6691499999999999,0.64235,0.74055,0.72775,0.7278,0.5128999999999999,0.7969999999999999,0.7662,0.7262500000000001,0.58915,0.77525,0.7774,0.5391,0.49269999999999997,0.5930500000000001,0.619,0.63405,0.6392,0.5835,0.6226499999999999,0.53035,0.5855,0.6022000000000001,0.5469999999999999,0.6096,0.60725,0.6931,0.5321,0.5965,0.6041000000000001,0.55415,0.6655,0.5136000000000001,0.6485000000000001,0.6577,0.6813,1.0,0.87185,0.7867,0.60615,0.73705,0.71315,0.5454,0.67875,0.6115999999999999,0.6630499999999999,0.5458000000000001
0.54265,0.68385,0.48274999999999996,0.8244999999999999,0.7010500000000001,0.7001999999999999,0.55175,0.6357999999999999,0.7081000000000001,0.7253000000000001,0.63375,0.5237,0.6745,0.6176,0.6393500000000001,0.6657,0.7843,0.79995,0.6022000000000001,0.8684,0.79245,0.7532,0.65685,0.7946500000000001,0.7841,0.59815,0.56115,0.6846,0.6827,0.7136,0.7062999999999999,0.6436,0.6794,0.5985,0.6414,0.6674,0.6197,0.70525,0.67565,0.7767000000000001,0.56645,0.6663,0.68255,0.6295,0.7581,0.5529,0.72255,0.6396,0.74685,0.87185,1.0,0.8119,0.6714,0.71505,0.7577499999999999,0.62235,0.7155,0.6819,0.74325,0.60815
0.6333,0.7115,0.46230000000000004,0.6982,0.8128,0.75945,0.59395,0.6244500000000001,0.7146,0.7582,0.7226,0.57435,0.7871,0.68425,0.7136,0.69515,0.80155,0.7877500000000001,0.67965,0.7532,0.8380000000000001,0.81845,0.7694,0.8067500000000001,0.8244999999999999,0.5878,0.6386499999999999,0.6893,0.7564,0.71985,0.78795,0.71715,0.7811,0.68895,0.72865,0.7081000000000001,0.70555,0.68905,0.7691,0.7917,0.6844,0.7772,0.7301,0.61985,0.6106499999999999,0.66625,0.7211000000000001,0.6315000000000001,0.74135,0.7867,0.8119,1.0,0.69565,0.8454,0.69555,0.7302,0.7417,0.73195,0.73925,0.6819
0.7251000000000001,0.84055,0.5942999999999999,0.7072,0.7591,0.7296,0.5755,0.6851499999999999,0.7639,0.7647,0.779,0.6176,0.80575,0.8219,0.509,0.67015,0.74815,0.6837,0.81085,0.67115,0.59495,0.8503999999999999,0.7868999999999999,0.68815,0.8143499999999999,0.66125,0.73305,0.7596499999999999,0.8127000000000001,0.6648,0.8003500000000001,0.78005,0.7584,0.7169,0.71715,0.6988000000000001,0.63815,0.7314,0.7693,0.68275,0.69455,0.84215,0.69145,0.65855,0.69945,0.64115,0.8493499999999999,0.7394000000000001,0.6898,0.60615,0.6714,0.69565,1.0,0.59605,0.76695,0.7321500000000001,0.9047000000000001,0.7332,0.7604,0.6954
0.5368,0.6104,0.44195,0.6495,0.7384000000000001,0.6203000000000001,0.6043999999999999,0.5879,0.5856,0.6238,0.56245,0.5433,0.7189,0.6273,0.79665,0.7424999999999999,0.7953,0.78445,0.6064,0.6224000000000001,0.7967,0.7224999999999999,0.67185,0.8156000000000001,0.7892,0.4149,0.5760500000000001,0.5833,0.64855,0.5766,0.63805,0.57365,0.7434000000000001,0.69145,0.64715,0.5934999999999999,0.6365000000000001,0.5518,0.66195,0.6587,0.6475500000000001,0.6914,0.62035,0.4788,0.5077499999999999,0.5807,0.6146499999999999,0.7149,0.82195,0.73705,0.71505,0.8454,0.59605,1.0,0.5904,0.72075,0.65665,0.6792,0.6005,0.65145
0.6226499999999999,0.66505,0.5482,0.74125,0.641,0.66265,0.59285,0.5917,0.7121000000000001,0.6894,0.70385,0.5335,0.75645,0.71475,0.48550000000000004,0.5408000000000001,0.6203000000000001,0.64785,0.68625,0.66005,0.64445,0.7611,0.6820999999999999,0.64015,0.71505,0.5705,0.6383,0.65175,0.7121500000000001,0.5982999999999999,0.75255,0.6656500000000001,0.66115,0.5912,0.6365999999999999,0.62235,0.60075,0.6144999999999999,0.6538,0.6534500000000001,0.57945,0.68485,0.5774,0.5547,0.74875,0.5745,0.74585,0.6796,0.6122,0.71315,0.7577499999999999,0.69555,0.76695,0.5904,1.0,0.5891,0.7961,0.63755,0.67185,0.59795
0.79705,0.77005,0.6706000000000001,0.7426999999999999,0.8613500000000001,0.6643,0.59505,0.7516,0.7,0.7836000000000001,0.72515,0.7653,0.70765,0.6542,0.64665,0.6637500000000001,0.7647,0.66905,0.80525,0.62695,0.63645,0.6708000000000001,0.877,0.69025,0.7424999999999999,0.6303,0.8262499999999999,0.8086,0.8164999999999999,0.6561,0.7735000000000001,0.7275,0.7696,0.8911,0.8525,0.7256,0.6614,0.7142999999999999,0.8519500000000001,0.6529,0.83445,0.9,0.78185,0.71015,0.7296,0.8106500000000001,0.7268,0.6999500000000001,0.7542500000000001,0.5454,0.62235,0.7302,0.7321500000000001,0.72075,0.5891,1.0,0.70835,0.745,0.7045,0.85775
0.7001000000000001,0.82675,0.57865,0.71285,0.74295,0.7099,0.5923,0.6769999999999999,0.7549,0.76075,0.7654,0.5811,0.8141,0.8189500000000001,0.5089,0.6745,0.7678,0.71925,0.7733,0.72025,0.6529499999999999,0.8903000000000001,0.7478,0.7442,0.8603500000000001,0.65065,0.7113,0.7349,0.79655,0.6683,0.8049,0.7474999999999999,0.7476499999999999,0.6837,0.692,0.70125,0.6555500000000001,0.7119500000000001,0.74,0.70845,0.6689,0.8166,0.6519999999999999,0.6285000000000001,0.6940500000000001,0.6047,0.8769,0.77695,0.7316499999999999,0.67875,0.7155,0.7417,0.9047000000000001,0.65665,0.7961,0.70835,1.0,0.71855,0.7462,0.6742
0.8459,0.6992,0.6675500000000001,0.7535000000000001,0.8119999999999999,0.84655,0.6531,0.7263499999999999,0.8297000000000001,0.8505,0.75065,0.78795,0.71925,0.6899,0.70425,0.61955,0.7434000000000001,0.7025,0.8114000000000001,0.69725,0.6961,0.7694,0.819,0.68025,0.7224,0.80115,0.7868999999999999,0.74985,0.79685,0.82675,0.8194000000000001,0.89155,0.8233,0.68955,0.7929,0.7952,0.82835,0.76625,0.8541000000000001,0.8167500000000001,0.6139,0.79875,0.8061,0.72075,0.721,0.6851,0.76885,0.6976,0.7302500000000001,0.6115999999999999,0.6819,0.73195,0.7332,0.6792,0.63755,0.745,0.71855,1.0,0.8544,0.8346500000000001
0.7816,0.7577,0.60385,0.77265,0.79095,0.86875,0.6428,0.6755,0.9037499999999999,0.8775000000000001,0.8478,0.74325,0.7173,0.70905,0.666,0.6195999999999999,0.77515,0.7060500000000001,0.78045,0.78555,0.75325,0.7632,0.7718499999999999,0.71465,0.7451,0.84975,0.7993,0.7209,0.8207000000000001,0.8698499999999999,0.8734,0.8812,0.78655,0.6910499999999999,0.8194000000000001,0.83955,0.746,0.8150499999999999,0.8185,0.8308500000000001,0.67335,0.79595,0.8242499999999999,0.8271000000000001,0.75805,0.70545,0.8284,0.7038,0.6829500000000001,0.6630499999999999,0.74325,0.73925,0.7604,0.6005,0.67185,0.7045,0.7462,0.8544,1.0,0.77295
0.82585,0.74325,0.7122499999999999,0.77515,0.77325,0.6998,0.5495,0.8454,0.7426999999999999,0.8869999999999999,0.77155,0.8933500000000001,0.6946,0.6706000000000001,0.6953,0.6241,0.7074,0.7003999999999999,0.8305,0.6256,0.6959,0.6254,0.9042999999999999,0.6477,0.7030000000000001,0.71995,0.8455,0.8404,0.8061999999999999,0.7474999999999999,0.8459,0.8355499999999999,0.6729499999999999,0.78225,0.9276,0.8431,0.722,0.8035500000000001,0.9205500000000001,0.7115,0.75625,0.84565,0.8348000000000001,0.8201,0.7455499999999999,0.81695,0.69455,0.69435,0.70545,0.5458000000000001,0.60815,0.6819,0.6954,0.65145,0.59795,0.85775,0.6742,0.8346500000000001,0.77295,1.0
