1.0,0.637,0.47614999999999996,0.49175,0.5634,0.50205,0.42960000000000004,0.56845,0.674,0.5138499999999999,0.38079999999999997,0.48869999999999997,0.461,0.5506,0.5024,0.6324,0.71635,0.7263499999999999,0.51635,0.47785,0.5384,0.50685,0.52725,0.6371,0.7303,0.5730500000000001,0.50585,0.5563,0.5727,0.5526,0.57995,0.593,0.7102999999999999,0.64795,0.5386,0.59105,0.57345,0.51815,0.42665,0.5395,0.47614999999999996,0.76015,0.46845,0.62795,0.6425500000000001,0.6731499999999999,0.45735000000000003,0.50815,0.62565,0.61205,0.4303,0.5589000000000001,0.6249,0.42774999999999996,0.5262,0.4199,0.60405,0.6049,0.6088,0.47850000000000004,0.55175,0.6837,0.6375,0.6125,0.70305,0.7335499999999999,0.67065,0.55835,0.6237,0.69275,0.6279,0.48484999999999995,0.6344000000000001,0.6834,0.65835,0.59465,0.6768,0.63655,0.66605,0.5579500000000001
0.637,1.0,0.6708000000000001,0.7444,0.6613,0.70405,0.46955,0.58455,0.5780000000000001,0.6266,0.5425500000000001,0.66795,0.55035,0.69285,0.5709500000000001,0.66925,0.6269,0.7779499999999999,0.47359999999999997,0.5383,0.56945,0.5953,0.52005,0.5993,0.5852999999999999,0.6848,0.6416999999999999,0.764,0.59055,0.5765,0.626,0.68265,0.65755,0.617,0.6207,0.7089000000000001,0.7172,0.73675,0.48244999999999993,0.6653,0.6521,0.7276,0.5277999999999999,0.7209,0.6425500000000001,0.6364,0.614,0.6826,0.66365,0.7121500000000001,0.64885,0.65205,0.6713,0.649,0.51125,0.5839000000000001,0.7043999999999999,0.64605,0.68995,0.51205,0.7232999999999999,0.58575,0.6172500000000001,0.71325,0.7355,0.7217,0.73455,0.57675,0.6797500000000001,0.6144999999999999,0.6311,0.68605,0.6448,0.66365,0.6087,0.72175,0.7541,0.61015,0.62415,0.64845
0.47614999999999996,0.6708000000000001,1.0,0.83255,0.7215,0.7777000000000001,0.53935,0.53945,0.5527,0.75785,0.8167,0.84085,0.72565,0.7575000000000001,0.6019,0.5511,0.5683,0.5923499999999999,0.5399499999999999,0.6735,0.72045,0.66485,0.5944,0.5362,0.5648500000000001,0.66405,0.8172,0.74925,0.74255,0.67205,0.6557999999999999,0.6880499999999999,0.5888,0.55415,0.83925,0.81805,0.77635,0.7316499999999999,0.6851499999999999,0.769,0.7434499999999999,0.6331,0.5649,0.7941,0.7264,0.63705,0.87765,0.81335,0.7817999999999999,0.7474999999999999,0.8185,0.7727999999999999,0.7571,0.78925,0.60985,0.8732,0.72385,0.7222000000000001,0.68655,0.5806,0.68975,0.57395,0.64935,0.81235,0.69215,0.6750499999999999,0.7296,0.6695,0.62605,0.5783,0.5559000000000001,0.68955,0.5953999999999999,0.66205,0.6105,0.77335,0.7073,0.7628999999999999,0.6115999999999999,0.6481
0.49175,0.7444,0.83255,1.0,0.7300500000000001,0.7974,0.5602,0.6219,0.5674,0.7522,0.66295,0.85565,0.7347,0.7177,0.6287499999999999,0.6083999999999999,0.58145,0.6206,0.45735000000000003,0.63365,0.6769499999999999,0.61785,0.6241,0.5885,0.57085,0.65325,0.8225,0.84375,0.72045,0.6891,0.63215,0.73065,0.6246,0.6294,0.7506999999999999,0.8396000000000001,0.7776,0.76085,0.6763,0.7241,0.7632,0.6487,0.54995,0.8766,0.7436,0.6511,0.8032999999999999,0.827,0.80305,0.70775,0.86525,0.79225,0.77135,0.8585,0.60405,0.77,0.7352000000000001,0.6990999999999999,0.71695,0.61915,0.7426,0.5873,0.667,0.7229,0.6792,0.68765,0.7405999999999999,0.66625,0.72095,0.6245499999999999,0.66655,0.67075,0.5974999999999999,0.6633,0.5862,0.80285,0.70465,0.7403,0.5649,0.6981499999999999
0.5634,0.6613,0.7215,0.7300500000000001,1.0,0.7782,0.40255,0.5433,0.6089,0.6677,0.58175,0.72515,0.8522500000000001,0.6933,0.50725,0.51715,0.6369,0.5815,0.34035000000000004,0.5591,0.6019,0.585,0.51375,0.54475,0.62295,0.5176499999999999,0.7674000000000001,0.6973499999999999,0.8185499999999999,0.65215,0.49605,0.576,0.6551,0.5654,0.7752,0.68765,0.7137,0.633,0.7557,0.8432499999999999,0.6855,0.6707,0.43685,0.7243999999999999,0.8333,0.57335,0.73795,0.66395,0.8947499999999999,0.7268,0.7157,0.7473,0.82225,0.68345,0.52615,0.65415,0.7224999999999999,0.7367,0.6777,0.4906,0.6660999999999999,0.7018500000000001,0.70675,0.7321500000000001,0.6816,0.78525,0.72215,0.58045,0.6416999999999999,0.6607999999999999,0.617,0.5782,0.57475,0.71275,0.7415499999999999,0.8407,0.7651,0.7617,0.48390000000000005,0.5412
0.50205,0.70405,0.7777000000000001,0.7974,0.7782,1.0,0.5044,0.60515,0.5953999999999999,0.67845,0.65315,0.78085,0.7072,0.71665,0.5889,0.57325,0.5912499999999999,0.6235999999999999,0.44725000000000004,0.65225,0.6353,0.5843499999999999,0.5605,0.55665,0.5657,0.6519,0.69545,0.7161,0.67935,0.60375,0.5722,0.6839999999999999,0.62585,0.60085,0.6411,0.7562,0.7025,0.69345,0.6700999999999999,0.82135,0.7464999999999999,0.59885,0.52335,0.7465499999999999,0.6705,0.5949,0.7797,0.7916000000000001,0.73525,0.72865,0.7285,0.8352499999999999,0.68135,0.7742,0.57775,0.7039500000000001,0.7053,0.6529499999999999,0.6791,0.53645,0.6898,0.58955,0.634,0.6954,0.6428,0.6391,0.7033,0.6263,0.66015,0.6028,0.6174000000000001,0.6805,0.5806,0.65505,0.62505,0.74635,0.67135,0.7253499999999999,0.48375,0.6574
0.42960000000000004,0.46955,0.53935,0.5602,0.40255,0.5044,1.0,0.8054500000000001,0.51315,0.50225,0.49844999999999995,0.52885,0.3948,0.50765,0.68065,0.6566,0.48505000000000004,0.45385,0.56285,0.42745,0.47035,0.38839999999999997,0.70425,0.67995,0.5233,0.50005,0.5444,0.5027999999999999,0.41095,0.41805000000000003,0.5597000000000001,0.5375,0.4939,0.5526500000000001,0.4899,0.49379999999999996,0.55035,0.47165,0.3635,0.41655,0.477,0.3854,0.70495,0.5347500000000001,0.393,0.47714999999999996,0.56185,0.5,0.41900000000000004,0.445,0.5677,0.5578000000000001,0.38855,0.54335,0.81365,0.54265,0.53495,0.48105000000000003,0.47515,0.8538500000000001,0.50105,0.46224999999999994,0.48484999999999995,0.5198,0.41900000000000004,0.45415,0.5156,0.6793,0.631,0.4932,0.59965,0.42424999999999996,0.5621,0.49574999999999997,0.42190000000000005,0.449,0.41335,0.43884999999999996,0.56345,0.5377500000000001
0.56845,0.58455,0.53945,0.6219,0.5433,0.60515,0.8054500000000001,1.0,0.62995,0.5487,0.41945,0.56655,0.47535,0.53095,0.6269,0.73305,0.6784,0.5554,0.5311,0.4788,0.5091,0.43905000000000005,0.6632,0.8369,0.6612,0.52035,0.5497,0.57785,0.51915,0.50765,0.528,0.59925,0.65205,0.6010500000000001,0.48164999999999997,0.58565,0.55325,0.5275000000000001,0.41445,0.52885,0.5264,0.51585,0.65855,0.61945,0.5349999999999999,0.5428,0.52975,0.53935,0.5564,0.50515,0.5697,0.6242,0.5359,0.54945,0.8429,0.53135,0.5923,0.5549999999999999,0.52115,0.81495,0.54875,0.59135,0.6234,0.526,0.49325,0.5817,0.5782,0.6748999999999999,0.72855,0.6288,0.67525,0.43635,0.65025,0.6169,0.5266,0.5835,0.5393,0.5427,0.48685,0.5804
0.674,0.5780000000000001,0.5527,0.5674,0.6089,0.5953999999999999,0.51315,0.62995,1.0,0.65805,0.47035,0.57735,0.5683,0.60445,0.61005,0.5743,0.7112,0.56075,0.6677500000000001,0.62785,0.6638499999999999,0.6545,0.6152,0.5899,0.6921,0.6155999999999999,0.56365,0.61945,0.60235,0.5787,0.6151,0.6738000000000001,0.77,0.63595,0.5490999999999999,0.6026,0.5833999999999999,0.6031,0.56115,0.6041000000000001,0.58705,0.6808,0.4192,0.63925,0.6409,0.65195,0.5425,0.56685,0.6479,0.5998,0.5530999999999999,0.613,0.6238,0.54925,0.5272,0.5277000000000001,0.64185,0.6043000000000001,0.5721,0.47074999999999995,0.6512,0.7349,0.69025,0.567,0.58845,0.6876,0.6482,0.5949,0.6844,0.7140500000000001,0.65815,0.49400000000000005,0.6667,0.74275,0.74905,0.69885,0.6131,0.64005,0.5321,0.6768500000000001
0.5138499999999999,0.6266,0.75785,0.7522,0.6677,0.67845,0.50225,0.5487,0.65805,1.0,0.6153500000000001,0.7551,0.6658999999999999,0.6788000000000001,0.5417500000000001,0.5183500000000001,0.5265500000000001,0.5861,0.56745,0.71445,0.8121,0.7201,0.5563,0.49044999999999994,0.52495,0.61605,0.7253000000000001,0.7159500000000001,0.6902,0.6216999999999999,0.55915,0.61925,0.58795,0.46909999999999996,0.69255,0.6854,0.6706000000000001,0.66815,0.6465,0.6829,0.70635,0.60685,0.4857,0.78045,0.7297,0.5716,0.7285999999999999,0.7212500000000001,0.7552,0.6466999999999999,0.75305,0.7295499999999999,0.7642,0.72595,0.50035,0.7639,0.6504,0.6592,0.63265,0.4726,0.632,0.5502,0.58265,0.6820999999999999,0.66725,0.66945,0.6852,0.5753,0.5883,0.5873,0.5313,0.5574,0.49729999999999996,0.6006,0.5623,0.74085,0.61875,0.6636,0.47714999999999996,0.6256
0.38079999999999997,0.5425500000000001,0.8167,0.66295,0.58175,0.65315,0.49844999999999995,0.41945,0.47035,0.6153500000000001,1.0,0.8289,0.68635,0.69845,0.56125,0.47845000000000004,0.43895,0.5463,0.5356,0.65625,0.63575,0.66005,0.55235,0.4032,0.44400000000000006,0.63735,0.7295,0.6075,0.64245,0.58595,0.62795,0.6527499999999999,0.45730000000000004,0.53725,0.7691,0.74745,0.7024,0.7343,0.6452,0.6426999999999999,0.7349,0.515,0.5412,0.6792,0.5978,0.54935,0.8070999999999999,0.79165,0.65355,0.70015,0.7583,0.6670499999999999,0.60775,0.7249,0.5182,0.7671,0.6404,0.6346499999999999,0.60335,0.49494999999999995,0.59985,0.47759999999999997,0.5312,0.7299,0.628,0.5341,0.62695,0.5740000000000001,0.5309,0.43045,0.477,0.6973499999999999,0.53955,0.55455,0.54915,0.62705,0.5904,0.68135,0.6178,0.61355
0.48869999999999997,0.66795,0.84085,0.85565,0.72515,0.78085,0.52885,0.56655,0.57735,0.7551,0.8289,1.0,0.7837,0.7788999999999999,0.5902000000000001,0.58865,0.5344,0.6347,0.47359999999999997,0.7359,0.70705,0.7355,0.5865,0.5239,0.55045,0.714,0.7982,0.74735,0.7533000000000001,0.69445,0.6154,0.7349,0.57575,0.59855,0.77245,0.8272,0.74325,0.8064,0.72665,0.76005,0.8371999999999999,0.6491,0.55095,0.8605499999999999,0.75245,0.6355999999999999,0.8225,0.8688499999999999,0.7954,0.7518,0.86645,0.8215,0.77195,0.84705,0.5488000000000001,0.7843,0.7504500000000001,0.68385,0.6795,0.5474,0.7236,0.58855,0.6623,0.74,0.7253000000000001,0.6686,0.75145,0.6148,0.6606,0.5620499999999999,0.59535,0.76605,0.5963,0.6677500000000001,0.6073000000000001,0.7908000000000001,0.69335,0.76775,0.57915,0.7267
0.461,0.55035,0.72565,0.7347,0.8522500000000001,0.7072,0.3948,0.47535,0.5683,0.6658999999999999,0.68635,0.7837,1.0,0.7032499999999999,0.49695,0.45155,0.54235,0.48545,0.3432,0.59775,0.6395500000000001,0.6355000000000001,0.4767,0.4338,0.52265,0.5216000000000001,0.76665,0.6841,0.78675,0.6756,0.43345,0.5448999999999999,0.56005,0.54985,0.75225,0.6902999999999999,0.6693,0.6829500000000001,0.8587999999999999,0.7643500000000001,0.70895,0.59775,0.39954999999999996,0.74515,0.78225,0.56615,0.7755,0.7132,0.8695,0.7222999999999999,0.744,0.70055,0.7706500000000001,0.7365,0.46740000000000004,0.69395,0.6947,0.73955,0.6501,0.42800000000000005,0.6155999999999999,0.61785,0.6316499999999999,0.6649,0.636,0.6881999999999999,0.7015,0.5139,0.5559999999999999,0.5687,0.5432,0.5749,0.49450000000000005,0.64305,0.6768500000000001,0.80855,0.6754,0.74395,0.4525,0.5223
0.5506,0.69285,0.7575000000000001,0.7177,0.6933,0.71665,0.50765,0.53095,0.60445,0.6788000000000001,0.69845,0.7788999999999999,0.7032499999999999,1.0,0.5186,0.53315,0.54425,0.6384000000000001,0.5203,0.70035,0.66335,0.7279,0.5105999999999999,0.4789,0.528,0.7306,0.7592,0.65515,0.7184999999999999,0.6724,0.57245,0.6627,0.57555,0.57045,0.6976,0.75245,0.7465499999999999,0.7846,0.6878,0.72795,0.71635,0.6935,0.5279,0.7207,0.6505,0.7179,0.70415,0.73595,0.7139,0.86865,0.75785,0.74295,0.71755,0.7513,0.46900000000000003,0.741,0.8093,0.686,0.77695,0.44634999999999997,0.62775,0.581,0.6336999999999999,0.77155,0.7624500000000001,0.7489,0.8576499999999999,0.54265,0.5441,0.528,0.5049,0.751,0.5919,0.6433,0.6361,0.68285,0.7739,0.68955,0.66825,0.6548
0.5024,0.5709500000000001,0.6019,0.6287499999999999,0.50725,0.5889,0.68065,0.6269,0.61005,0.5417500000000001,0.56125,0.5902000000000001,0.49695,0.5186,1.0,0.6769999999999999,0.6984,0.533,0.6867,0.45735000000000003,0.4901,0.45235000000000003,0.8663500000000001,0.55755,0.6275000000000001,0.57885,0.6612,0.51205,0.49625,0.52705,0.72275,0.7482,0.62175,0.7848499999999999,0.56505,0.60115,0.66345,0.5408999999999999,0.43865,0.5206999999999999,0.5149,0.5273,0.6604,0.62915,0.4946,0.5103500000000001,0.6696,0.57525,0.5075999999999999,0.5246000000000001,0.6389,0.55565,0.4856,0.59745,0.6855,0.6043999999999999,0.5529499999999999,0.5881000000000001,0.5061,0.696,0.62135,0.6295499999999999,0.66575,0.6213,0.538,0.5322,0.6062000000000001,0.8744500000000001,0.78555,0.6184999999999999,0.7413000000000001,0.5261,0.6876,0.6502,0.5383,0.5272,0.47024999999999995,0.5227,0.66425,0.69725
0.6324,0.66925,0.5511,0.6083999999999999,0.51715,0.57325,0.6566,0.73305,0.5743,0.5183500000000001,0.47845000000000004,0.58865,0.45155,0.53315,0.6769999999999999,1.0,0.7357,0.6985,0.5816,0.47874999999999995,0.5117499999999999,0.50265,0.618,0.78035,0.7483,0.55955,0.53505,0.6606,0.5145500000000001,0.5365,0.6244500000000001,0.7097,0.7236,0.7569,0.534,0.6526,0.5356,0.5543,0.38944999999999996,0.57115,0.5610999999999999,0.62565,0.70925,0.6576,0.54985,0.509,0.50475,0.6131,0.5371,0.55105,0.57005,0.54195,0.56045,0.5849,0.65505,0.48615,0.5486500000000001,0.53075,0.51775,0.67665,0.6694,0.64525,0.6864,0.5334,0.59825,0.56145,0.588,0.7045,0.75805,0.67275,0.7481,0.5327,0.7928,0.74255,0.6087,0.55125,0.64005,0.5718,0.61965,0.61105
0.71635,0.6269,0.5683,0.58145,0.6369,0.5912499999999999,0.48505000000000004,0.6784,0.7112,0.5265500000000001,0.43895,0.5344,0.54235,0.54425,0.6984,0.7357,1.0,0.642,0.5991500000000001,0.4598,0.5009,0.4747,0.69535,0.75755,0.8398,0.4928,0.57195,0.5866,0.61405,0.57905,0.58995,0.682,0.8262499999999999,0.77805,0.5989,0.6334500000000001,0.55775,0.5195000000000001,0.4706,0.6058,0.5252,0.70045,0.5728,0.62565,0.6496000000000001,0.5852999999999999,0.5402,0.5414,0.6615,0.5951500000000001,0.55115,0.5602,0.6849999999999999,0.51735,0.661,0.4986,0.6013,0.6448,0.5582,0.56795,0.68425,0.86585,0.8445,0.5782499999999999,0.5882,0.7062999999999999,0.58985,0.7583,0.8201499999999999,0.86355,0.8407500000000001,0.46900000000000003,0.81325,0.8336499999999999,0.7184,0.6385500000000001,0.65785,0.66035,0.55315,0.58205
0.7263499999999999,0.7779499999999999,0.5923499999999999,0.6206,0.5815,0.6235999999999999,0.45385,0.5554,0.56075,0.5861,0.5463,0.6347,0.48545,0.6384000000000001,0.533,0.6985,0.642,1.0,0.52485,0.6088,0.62395,0.6466999999999999,0.50995,0.5884,0.63325,0.69545,0.5753,0.69775,0.5601499999999999,0.51925,0.6195,0.6729,0.67665,0.61165,0.55175,0.6369,0.6281,0.6351,0.43495,0.602,0.61345,0.7283999999999999,0.5393,0.7089000000000001,0.6189,0.6389,0.56455,0.67135,0.6361,0.70165,0.5789500000000001,0.6172500000000001,0.6719999999999999,0.585,0.5086999999999999,0.5338,0.6473,0.56005,0.67435,0.46805,0.6463,0.58445,0.5765,0.6464000000000001,0.7552,0.69035,0.6857,0.5263,0.6454500000000001,0.58045,0.61475,0.6552,0.63725,0.643,0.6052,0.61245,0.7243,0.6194,0.6525000000000001,0.6632
0.51635,0.47359999999999997,0.5399499999999999,0.45735000000000003,0.34035000000000004,0.44725000000000004,0.56285,0.5311,0.6677500000000001,0.56745,0.5356,0.47359999999999997,0.3432,0.5203,0.6867,0.5816,0.5991500000000001,0.52485,1.0,0.59965,0.6361,0.587,0.7150000000000001,0.52325,0.64175,0.596,0.47695,0.47850000000000004,0.3789,0.40415,0.71585,0.6797,0.58285,0.5963,0.44755,0.53545,0.5387500000000001,0.51135,0.3809,0.43315000000000003,0.41079999999999994,0.4998,0.5399,0.49505,0.38239999999999996,0.5579,0.47824999999999995,0.50335,0.3871,0.48,0.48285,0.46885000000000004,0.37839999999999996,0.42945,0.5286500000000001,0.51735,0.4835,0.46609999999999996,0.47424999999999995,0.49705000000000005,0.5157,0.49219999999999997,0.53225,0.53095,0.5183500000000001,0.45389999999999997,0.51485,0.6702,0.64225,0.5492,0.5631999999999999,0.4535,0.65435,0.61105,0.52755,0.41950000000000004,0.45025000000000004,0.4342,0.6209,0.63445
0.47785,0.5383,0.6735,0.63365,0.5591,0.65225,0.42745,0.4788,0.62785,0.71445,0.65625,0.7359,0.59775,0.70035,0.45735000000000003,0.47874999999999995,0.4598,0.6088,0.59965,1.0,0.8352499999999999,0.79085,0.4768,0.42555,0.4788,0.6544,0.6409,0.6526,0.60235,0.5591,0.52515,0.608,0.4991,0.47505,0.58675,0.7071500000000001,0.6172500000000001,0.6792,0.6414,0.6054999999999999,0.6634,0.57795,0.4114,0.6769000000000001,0.6108,0.5913,0.65505,0.7471,0.63575,0.6689,0.68175,0.6604,0.6385,0.6799000000000001,0.41180000000000005,0.6552,0.61085,0.53045,0.5900000000000001,0.34605,0.52275,0.47404999999999997,0.4888,0.61075,0.6494,0.55425,0.63695,0.4462,0.48455000000000004,0.4508,0.42074999999999996,0.64715,0.54645,0.5636,0.5679000000000001,0.63805,0.6141,0.62905,0.5380499999999999,0.5889
0.5384,0.56945,0.72045,0.6769499999999999,0.6019,0.6353,0.47035,0.5091,0.6638499999999999,0.8121,0.63575,0.70705,0.6395500000000001,0.66335,0.4901,0.5117499999999999,0.5009,0.62395,0.6361,0.8352499999999999,1.0,0.7651,0.5015,0.48200000000000004,0.5484,0.6268,0.6336999999999999,0.72435,0.59695,0.53705,0.5739,0.624,0.5761499999999999,0.45815,0.63765,0.6935,0.6349,0.6743,0.6538999999999999,0.63635,0.61505,0.6289,0.43865,0.7328,0.6428499999999999,0.58745,0.6715,0.7343,0.69865,0.64905,0.67955,0.6782,0.6670499999999999,0.65595,0.4487,0.68605,0.57935,0.57595,0.5761499999999999,0.41255,0.5602,0.481,0.50245,0.6547,0.6658999999999999,0.59065,0.6435,0.5098499999999999,0.50125,0.50265,0.44805,0.55375,0.5372,0.6165499999999999,0.5791999999999999,0.6989,0.6686,0.6313500000000001,0.5341,0.60705
0.50685,0.5953,0.66485,0.61785,0.585,0.5843499999999999,0.38839999999999997,0.43905000000000005,0.6545,0.7201,0.66005,0.7355,0.6355000000000001,0.7279,0.45235000000000003,0.50265,0.4747,0.6466999999999999,0.587,0.79085,0.7651,1.0,0.44345,0.42610000000000003,0.4648,0.67865,0.6593,0.67755,0.6563,0.58235,0.49605,0.5788,0.49844999999999995,0.479,0.63515,0.6547,0.5582499999999999,0.6686,0.6203000000000001,0.64395,0.71645,0.63325,0.38445,0.6909500000000001,0.6259,0.5756,0.628,0.69565,0.68055,0.70955,0.67815,0.6187,0.67755,0.6866,0.32905,0.64095,0.62375,0.5508,0.6071,0.31195,0.5996,0.49665,0.54025,0.5742,0.6348,0.6237,0.6965,0.40540000000000004,0.48455000000000004,0.4624,0.44455,0.62835,0.56215,0.6035999999999999,0.5949,0.65835,0.65925,0.6696500000000001,0.54505,0.6088
0.52725,0.52005,0.5944,0.6241,0.51375,0.5605,0.70425,0.6632,0.6152,0.5563,0.55235,0.5865,0.4767,0.5105999999999999,0.8663500000000001,0.618,0.69535,0.50995,0.7150000000000001,0.4768,0.5015,0.44345,1.0,0.5730999999999999,0.68845,0.57585,0.6535,0.48905000000000004,0.50515,0.487,0.70775,0.70305,0.58565,0.7003,0.57745,0.5629500000000001,0.65995,0.5123,0.4208,0.49415,0.47365,0.46775,0.6808,0.58265,0.49640000000000006,0.59165,0.6408,0.51545,0.529,0.4923,0.5984,0.5995,0.46795,0.5269,0.7255,0.5847,0.58055,0.58975,0.5298,0.72805,0.6234,0.62195,0.6795,0.6050500000000001,0.4911,0.5501,0.5697,0.8583999999999999,0.81355,0.6789,0.76525,0.47664999999999996,0.69885,0.6567999999999999,0.52325,0.5296000000000001,0.4808,0.5254,0.62015,0.6731
0.6371,0.5993,0.5362,0.5885,0.54475,0.55665,0.67995,0.8369,0.5899,0.49044999999999994,0.4032,0.5239,0.4338,0.4789,0.55755,0.78035,0.75755,0.5884,0.52325,0.42555,0.48200000000000004,0.42610000000000003,0.5730999999999999,1.0,0.7614,0.49119999999999997,0.4997,0.6143500000000001,0.52115,0.45445,0.56715,0.6138,0.6894,0.63355,0.5254,0.6224000000000001,0.53535,0.5197,0.3841,0.5492,0.5038,0.5995,0.6529499999999999,0.5982000000000001,0.56575,0.5131,0.48019999999999996,0.55365,0.57275,0.50835,0.5044,0.55085,0.55175,0.4931,0.8025,0.46645000000000003,0.5265500000000001,0.5305500000000001,0.48795,0.76935,0.5909500000000001,0.6416999999999999,0.68365,0.52215,0.5334,0.5595,0.5094000000000001,0.6611,0.72395,0.6953,0.73585,0.42279999999999995,0.70245,0.71285,0.5811,0.5819,0.60005,0.5815,0.48605,0.55205
0.7303,0.5852999999999999,0.5648500000000001,0.57085,0.62295,0.5657,0.5233,0.6612,0.6921,0.52495,0.44400000000000006,0.55045,0.52265,0.528,0.6275000000000001,0.7483,0.8398,0.63325,0.64175,0.4788,0.5484,0.4648,0.68845,0.7614,1.0,0.5237,0.56535,0.6378,0.6223,0.54935,0.67,0.69845,0.8077,0.7306,0.59215,0.63015,0.54855,0.4911,0.45255,0.6113000000000001,0.4934,0.61625,0.5843499999999999,0.6131,0.63695,0.5909500000000001,0.53425,0.56235,0.66105,0.5867,0.5065500000000001,0.62225,0.6079,0.48834999999999995,0.6216999999999999,0.49365,0.6117,0.63665,0.57925,0.5979,0.67055,0.756,0.79265,0.6016,0.58535,0.63385,0.5901500000000001,0.75715,0.82025,0.8369,0.80555,0.4279,0.81565,0.86945,0.7534500000000001,0.6254,0.7,0.6723,0.5315000000000001,0.62805
0.5730500000000001,0.6848,0.66405,0.65325,0.5176499999999999,0.6519,0.50005,0.52035,0.6155999999999999,0.61605,0.63735,0.714,0.5216000000000001,0.7306,0.57885,0.55955,0.4928,0.69545,0.596,0.6544,0.6268,0.67865,0.57585,0.49119999999999997,0.5237,1.0,0.5972500000000001,0.59495,0.5181,0.52385,0.7047,0.7887500000000001,0.54845,0.5772999999999999,0.54615,0.6731499999999999,0.6564,0.7141,0.51315,0.6531,0.5977,0.6298,0.5904,0.66405,0.51925,0.6804,0.6106,0.6841999999999999,0.5591,0.7053499999999999,0.60835,0.6809999999999999,0.5377500000000001,0.5844,0.50575,0.6491,0.68955,0.56865,0.6838,0.4868,0.657,0.47305,0.5246500000000001,0.71845,0.68765,0.5902499999999999,0.7146,0.55975,0.60445,0.47915,0.5161,0.74465,0.5789,0.5729,0.56245,0.6103500000000001,0.63305,0.5681,0.6598499999999999,0.8583500000000001
0.50585,0.6416999999999999,0.8172,0.8225,0.7674000000000001,0.69545,0.5444,0.5497,0.56365,0.7253000000000001,0.7295,0.7982,0.76665,0.7592,0.6612,0.53505,0.57195,0.5753,0.47695,0.6409,0.6336999999999999,0.6593,0.6535,0.4997,0.56535,0.5972500000000001,1.0,0.70245,0.82905,0.7644,0.61475,0.6405000000000001,0.5887,0.6359,0.85035,0.7626999999999999,0.7982,0.6719999999999999,0.68315,0.6946,0.71085,0.61975,0.54685,0.7811,0.7594000000000001,0.62985,0.8642,0.7411,0.8321,0.7715,0.89055,0.7057,0.7942,0.8125,0.61155,0.80765,0.7554000000000001,0.7866500000000001,0.7484,0.6023,0.6335,0.65625,0.6915,0.79295,0.6788000000000001,0.72025,0.7857999999999999,0.7088,0.6648,0.6104499999999999,0.61705,0.62115,0.5778,0.66475,0.67755,0.7285999999999999,0.70075,0.77205,0.6437,0.6026
0.5563,0.764,0.74925,0.84375,0.6973499999999999,0.7161,0.5027999999999999,0.57785,0.61945,0.7159500000000001,0.6075,0.74735,0.6841,0.65515,0.51205,0.6606,0.5866,0.69775,0.47850000000000004,0.6526,0.72435,0.67755,0.48905000000000004,0.6143500000000001,0.6378,0.59495,0.70245,1.0,0.6737,0.6142000000000001,0.58965,0.665,0.6831,0.5875,0.7182000000000001,0.78345,0.7019,0.7533000000000001,0.6162,0.70955,0.77495,0.65625,0.46980000000000005,0.8029999999999999,0.7189,0.58255,0.7292,0.7891,0.7745,0.6752,0.74585,0.6986,0.7556,0.786,0.5016,0.6784,0.7006,0.6446500000000001,0.67235,0.52625,0.7840499999999999,0.5923,0.622,0.65415,0.65055,0.6728500000000001,0.68905,0.568,0.6736500000000001,0.634,0.66065,0.6143500000000001,0.6658999999999999,0.7245,0.6538999999999999,0.8121499999999999,0.7626000000000001,0.7025,0.52945,0.60975
0.5727,0.59055,0.74255,0.72045,0.8185499999999999,0.67935,0.41095,0.51915,0.60235,0.6902,0.64245,0.7533000000000001,0.78675,0.7184999999999999,0.49625,0.5145500000000001,0.61405,0.5601499999999999,0.3789,0.60235,0.59695,0.6563,0.50515,0.52115,0.6223,0.5181,0.82905,0.6737,1.0,0.764,0.5064,0.59525,0.65285,0.5706,0.78435,0.75975,0.6609499999999999,0.5964,0.6952,0.75495,0.7112499999999999,0.6587500000000001,0.41425,0.7564,0.83185,0.6035,0.76125,0.69675,0.8750500000000001,0.7643500000000001,0.7643,0.73955,0.85035,0.7505499999999999,0.48785,0.69375,0.7332,0.7707499999999999,0.7177,0.47430000000000005,0.6198,0.71295,0.7234,0.7091999999999999,0.6702,0.78065,0.7782,0.5791999999999999,0.6092500000000001,0.6551,0.5839000000000001,0.56165,0.56025,0.71175,0.78315,0.7920499999999999,0.7505499999999999,0.83115,0.51295,0.5438500000000001
0.5526,0.5765,0.67205,0.6891,0.65215,0.60375,0.41805000000000003,0.50765,0.5787,0.6216999999999999,0.58595,0.69445,0.6756,0.6724,0.52705,0.5365,0.57905,0.51925,0.40415,0.5591,0.53705,0.58235,0.487,0.45445,0.54935,0.52385,0.7644,0.6142000000000001,0.764,1.0,0.537,0.6174999999999999,0.6446500000000001,0.623,0.70655,0.74145,0.62505,0.591,0.61125,0.62705,0.6296,0.6469,0.4383,0.7363000000000001,0.7108,0.61385,0.68355,0.6598499999999999,0.7363500000000001,0.71085,0.7253000000000001,0.6457499999999999,0.7596499999999999,0.71,0.5006,0.6447,0.71045,0.7273,0.6833,0.46395,0.5548,0.6888,0.661,0.67585,0.6675500000000001,0.70435,0.7565500000000001,0.56875,0.5683,0.5829,0.5267000000000001,0.5768500000000001,0.4998,0.6294,0.6655,0.66345,0.6426000000000001,0.73105,0.5608,0.55485
0.57995,0.626,0.6557999999999999,0.63215,0.49605,0.5722,0.5597000000000001,0.528,0.6151,0.55915,0.62795,0.6154,0.43345,0.57245,0.72275,0.6244500000000001,0.58995,0.6195,0.71585,0.52515,0.5739,0.49605,0.70775,0.56715,0.67,0.7047,0.61475,0.58965,0.5064,0.537,1.0,0.8586,0.64765,0.6840499999999999,0.6002,0.7018,0.6772,0.5941,0.43915,0.5808500000000001,0.5362,0.5926,0.6717,0.6681,0.5629500000000001,0.5967,0.6269,0.62325,0.5338,0.5548,0.58735,0.6489499999999999,0.5315000000000001,0.54125,0.57385,0.6681,0.5778,0.514,0.56615,0.59925,0.66215,0.57765,0.60395,0.6874,0.6304000000000001,0.53915,0.6159,0.7291000000000001,0.68415,0.58535,0.6152,0.5997,0.63195,0.6571,0.60395,0.5565,0.53815,0.5555,0.6734,0.8112
0.593,0.68265,0.6880499999999999,0.73065,0.576,0.6839999999999999,0.5375,0.59925,0.6738000000000001,0.61925,0.6527499999999999,0.7349,0.5448999999999999,0.6627,0.7482,0.7097,0.682,0.6729,0.6797,0.608,0.624,0.5788,0.70305,0.6138,0.69845,0.7887500000000001,0.6405000000000001,0.665,0.59525,0.6174999999999999,0.8586,1.0,0.7159500000000001,0.7615000000000001,0.59165,0.79805,0.6879500000000001,0.7097,0.5336000000000001,0.68145,0.6295,0.6564,0.66665,0.7622,0.61895,0.6451,0.6461,0.7372,0.6096,0.64715,0.68815,0.7348,0.61005,0.67165,0.5921000000000001,0.67835,0.66435,0.58255,0.6483,0.58395,0.7857000000000001,0.63705,0.6954,0.717,0.7154,0.59765,0.7114,0.7398,0.79025,0.64835,0.6856,0.70155,0.69335,0.73695,0.6593,0.6509,0.6362,0.62755,0.6287,0.8865500000000001
0.7102999999999999,0.65755,0.5888,0.6246,0.6551,0.62585,0.4939,0.65205,0.77,0.58795,0.45730000000000004,0.57575,0.56005,0.57555,0.62175,0.7236,0.8262499999999999,0.67665,0.58285,0.4991,0.5761499999999999,0.49844999999999995,0.58565,0.6894,0.8077,0.54845,0.5887,0.6831,0.65285,0.6446500000000001,0.64765,0.7159500000000001,1.0,0.75065,0.636,0.67025,0.5650999999999999,0.55765,0.5041,0.6367499999999999,0.57055,0.7311,0.47885,0.6999500000000001,0.68505,0.56375,0.5690500000000001,0.5833,0.6713,0.6158,0.57075,0.6246,0.7018,0.571,0.57755,0.52995,0.61555,0.64485,0.6102000000000001,0.5389999999999999,0.6931,0.8355499999999999,0.7746999999999999,0.6186499999999999,0.63585,0.6948000000000001,0.65245,0.6978500000000001,0.75295,0.7984,0.7352000000000001,0.46630000000000005,0.7402,0.8130499999999999,0.81375,0.66545,0.7169,0.70355,0.575,0.6674
0.64795,0.617,0.55415,0.6294,0.5654,0.60085,0.5526500000000001,0.6010500000000001,0.63595,0.46909999999999996,0.53725,0.59855,0.54985,0.57045,0.7848499999999999,0.7569,0.77805,0.61165,0.5963,0.47505,0.45815,0.479,0.7003,0.63355,0.7306,0.5772999999999999,0.6359,0.5875,0.5706,0.623,0.6840499999999999,0.7615000000000001,0.75065,1.0,0.58515,0.65845,0.6061,0.5638,0.479,0.5492,0.5670499999999999,0.6349,0.6193500000000001,0.64905,0.57625,0.5244,0.5795,0.61905,0.5911,0.61095,0.6275999999999999,0.5248,0.5740000000000001,0.6382,0.6151500000000001,0.5095500000000001,0.60015,0.6385,0.5877,0.6091,0.7212500000000001,0.7676000000000001,0.74165,0.5771499999999999,0.61925,0.55755,0.61905,0.79375,0.798,0.70045,0.82,0.5782,0.7886,0.74715,0.72005,0.5546,0.57585,0.6527499999999999,0.6864,0.6746000000000001
0.5386,0.6207,0.83925,0.7506999999999999,0.7752,0.6411,0.4899,0.48164999999999997,0.5490999999999999,0.69255,0.7691,0.77245,0.75225,0.6976,0.56505,0.534,0.5989,0.55175,0.44755,0.58675,0.63765,0.63515,0.57745,0.5254,0.59215,0.54615,0.85035,0.7182000000000001,0.78435,0.70655,0.6002,0.59165,0.636,0.58515,1.0,0.76415,0.75275,0.6788000000000001,0.66315,0.7095,0.7152000000000001,0.7100500000000001,0.50195,0.7686499999999999,0.80045,0.61765,0.8365,0.71575,0.8308,0.73175,0.7733,0.661,0.8130499999999999,0.7201,0.5799000000000001,0.7655000000000001,0.7150000000000001,0.78025,0.69025,0.5535,0.65285,0.68475,0.7123999999999999,0.8088,0.69055,0.753,0.7113,0.65355,0.6212,0.64595,0.6106,0.5886,0.6078,0.71245,0.6881999999999999,0.7584500000000001,0.7401,0.8201499999999999,0.642,0.5361
0.59105,0.7089000000000001,0.81805,0.8396000000000001,0.68765,0.7562,0.49379999999999996,0.58565,0.6026,0.6854,0.74745,0.8272,0.6902999999999999,0.75245,0.60115,0.6526,0.6334500000000001,0.6369,0.53545,0.7071500000000001,0.6935,0.6547,0.5629500000000001,0.6224000000000001,0.63015,0.6731499999999999,0.7626999999999999,0.78345,0.75975,0.74145,0.7018,0.79805,0.67025,0.65845,0.76415,1.0,0.7761,0.7838499999999999,0.67515,0.7952,0.7371000000000001,0.75685,0.5598,0.8566,0.75995,0.72285,0.79575,0.8817,0.76475,0.7716999999999999,0.7878000000000001,0.78925,0.76085,0.7834,0.5867,0.75285,0.73185,0.7234499999999999,0.7132,0.5690000000000001,0.66925,0.6183,0.6774,0.7938,0.7880499999999999,0.7126,0.78335,0.6549,0.6508499999999999,0.609,0.5901,0.72545,0.6324,0.71925,0.6576,0.7746999999999999,0.76535,0.7898,0.6671,0.70465
0.57345,0.7172,0.77635,0.7776,0.7137,0.7025,0.55035,0.55325,0.5833999999999999,0.6706000000000001,0.7024,0.74325,0.6693,0.7465499999999999,0.66345,0.5356,0.55775,0.6281,0.5387500000000001,0.6172500000000001,0.6349,0.5582499999999999,0.65995,0.53535,0.54855,0.6564,0.7982,0.7019,0.6609499999999999,0.62505,0.6772,0.6879500000000001,0.5650999999999999,0.6061,0.75275,0.7761,1.0,0.79995,0.63205,0.6975,0.6705,0.6999500000000001,0.56805,0.73045,0.68765,0.69765,0.79665,0.7276,0.7195,0.7352000000000001,0.75385,0.69355,0.6895,0.7067,0.63025,0.721,0.7813,0.72045,0.7389,0.6092500000000001,0.65625,0.5854,0.6118,0.8634999999999999,0.77815,0.74705,0.7721,0.6792,0.6481,0.57335,0.58995,0.73625,0.5607,0.63445,0.601,0.75995,0.71985,0.65095,0.72385,0.62885
0.51815,0.73675,0.7316499999999999,0.76085,0.633,0.69345,0.47165,0.5275000000000001,0.6031,0.66815,0.7343,0.8064,0.6829500000000001,0.7846,0.5408999999999999,0.5543,0.5195000000000001,0.6351,0.51135,0.6792,0.6743,0.6686,0.5123,0.5197,0.4911,0.7141,0.6719999999999999,0.7533000000000001,0.5964,0.591,0.5941,0.7097,0.55765,0.5638,0.6788000000000001,0.7838499999999999,0.79995,1.0,0.69395,0.6888,0.7791,0.6858500000000001,0.4967,0.76255,0.65625,0.69485,0.68445,0.76185,0.6904,0.71065,0.73015,0.679,0.67885,0.73295,0.4856,0.697,0.74805,0.6386000000000001,0.6845,0.45445,0.6744,0.5178499999999999,0.57815,0.75515,0.7404499999999999,0.6886,0.75195,0.54055,0.6003000000000001,0.5128999999999999,0.55255,0.7742,0.58525,0.6066,0.5478,0.7508,0.7154,0.634,0.6233500000000001,0.67355
0.42665,0.48244999999999993,0.6851499999999999,0.6763,0.7557,0.6700999999999999,0.3635,0.41445,0.56115,0.6465,0.6452,0.72665,0.8587999999999999,0.6878,0.43865,0.38944999999999996,0.4706,0.43495,0.3809,0.6414,0.6538999999999999,0.6203000000000001,0.4208,0.3841,0.45255,0.51315,0.68315,0.6162,0.6952,0.61125,0.43915,0.5336000000000001,0.5041,0.479,0.66315,0.67515,0.63205,0.69395,1.0,0.71,0.6548,0.5723,0.3665,0.6839000000000001,0.7397,0.5835,0.6910999999999999,0.6820999999999999,0.7721,0.65745,0.6900000000000001,0.65335,0.7078,0.68485,0.422,0.6684,0.63095,0.6226,0.59585,0.36324999999999996,0.52145,0.526,0.5428,0.62205,0.6091,0.61195,0.6396,0.462,0.45644999999999997,0.49555,0.4546,0.5639000000000001,0.44915000000000005,0.55115,0.6002500000000001,0.73485,0.5944499999999999,0.6877,0.44575,0.5142
0.5395,0.6653,0.769,0.7241,0.8432499999999999,0.82135,0.41655,0.52885,0.6041000000000001,0.6829,0.6426999999999999,0.76005,0.7643500000000001,0.72795,0.5206999999999999,0.57115,0.6058,0.602,0.43315000000000003,0.6054999999999999,0.63635,0.64395,0.49415,0.5492,0.6113000000000001,0.6531,0.6946,0.70955,0.75495,0.62705,0.5808500000000001,0.68145,0.6367499999999999,0.5492,0.7095,0.7952,0.6975,0.6888,0.71,1.0,0.70775,0.6811499999999999,0.49924999999999997,0.73305,0.76415,0.6224999999999999,0.7517,0.7384999999999999,0.77995,0.75805,0.6851499999999999,0.8054,0.7687,0.69235,0.50205,0.7057,0.7199,0.67995,0.6646,0.4857,0.6848,0.62085,0.67535,0.75285,0.66635,0.7321500000000001,0.7422,0.59605,0.6027,0.62035,0.55,0.69255,0.5738000000000001,0.7220500000000001,0.6795,0.7918499999999999,0.7575000000000001,0.73795,0.5338,0.6498999999999999
0.47614999999999996,0.6521,0.7434499999999999,0.7632,0.6855,0.7464999999999999,0.477,0.5264,0.58705,0.70635,0.7349,0.8371999999999999,0.70895,0.71635,0.5149,0.5610999999999999,0.5252,0.61345,0.41079999999999994,0.6634,0.61505,0.71645,0.47365,0.5038,0.4934,0.5977,0.71085,0.77495,0.7112499999999999,0.6296,0.5362,0.6295,0.57055,0.5670499999999999,0.7152000000000001,0.7371000000000001,0.6705,0.7791,0.6548,0.70775,1.0,0.593,0.45519999999999994,0.7885,0.7271,0.5154,0.7563500000000001,0.77515,0.751,0.6733,0.7714000000000001,0.72995,0.75675,0.834,0.4406,0.7218,0.69885,0.6062000000000001,0.6198,0.46390000000000003,0.7335499999999999,0.5972500000000001,0.64325,0.62095,0.6042500000000001,0.6666000000000001,0.6871,0.5378000000000001,0.6231,0.5601499999999999,0.6125,0.6702,0.60405,0.6353500000000001,0.6009,0.75855,0.6426999999999999,0.7347,0.49485,0.584
0.76015,0.7276,0.6331,0.6487,0.6707,0.59885,0.3854,0.51585,0.6808,0.60685,0.515,0.6491,0.59775,0.6935,0.5273,0.62565,0.70045,0.7283999999999999,0.4998,0.57795,0.6289,0.63325,0.46775,0.5995,0.61625,0.6298,0.61975,0.65625,0.6587500000000001,0.6469,0.5926,0.6564,0.7311,0.6349,0.7100500000000001,0.75685,0.6999500000000001,0.6858500000000001,0.5723,0.6811499999999999,0.593,1.0,0.43215000000000003,0.7857000000000001,0.7645500000000001,0.7424000000000001,0.5886,0.6501,0.70775,0.732,0.58765,0.5978,0.76205,0.56315,0.4981,0.5461,0.682,0.6937,0.6698500000000001,0.43570000000000003,0.59365,0.7158,0.6830499999999999,0.7415499999999999,0.8555999999999999,0.82675,0.77665,0.52925,0.5881000000000001,0.6497499999999999,0.57335,0.6503,0.60355,0.743,0.69745,0.71795,0.7872,0.7441,0.69935,0.5795
0.46845,0.5277999999999999,0.5649,0.54995,0.43685,0.52335,0.70495,0.65855,0.4192,0.4857,0.5412,0.55095,0.39954999999999996,0.5279,0.6604,0.70925,0.5728,0.5393,0.5399,0.4114,0.43865,0.38445,0.6808,0.6529499999999999,0.5843499999999999,0.5904,0.54685,0.46980000000000005,0.41425,0.4383,0.6717,0.66665,0.47885,0.6193500000000001,0.50195,0.5598,0.56805,0.4967,0.3665,0.49924999999999997,0.45519999999999994,0.43215000000000003,0.95,0.5234,0.43335,0.4795,0.553,0.5347500000000001,0.46180000000000004,0.47675,0.5259,0.5782,0.44195,0.46224999999999994,0.7422500000000001,0.5829500000000001,0.48605,0.4821,0.48085000000000006,0.71715,0.5449499999999999,0.46185,0.5045499999999999,0.5822,0.4949,0.40800000000000003,0.46265,0.6908000000000001,0.6587,0.50825,0.599,0.5407,0.5720500000000001,0.5353,0.42569999999999997,0.472,0.43360000000000004,0.45039999999999997,0.5465,0.627
0.62795,0.7209,0.7941,0.8766,0.7243999999999999,0.7465499999999999,0.5347500000000001,0.61945,0.63925,0.78045,0.6792,0.8605499999999999,0.74515,0.7207,0.62915,0.6576,0.62565,0.7089000000000001,0.49505,0.6769000000000001,0.7328,0.6909500000000001,0.58265,0.5982000000000001,0.6131,0.66405,0.7811,0.8029999999999999,0.7564,0.7363000000000001,0.6681,0.7622,0.6999500000000001,0.64905,0.7686499999999999,0.8566,0.73045,0.76255,0.6839000000000001,0.73305,0.7885,0.7857000000000001,0.5234,1.0,0.83155,0.68545,0.8042999999999999,0.83515,0.82725,0.712,0.8083500000000001,0.80345,0.83725,0.8114000000000001,0.56255,0.76475,0.7205,0.7013,0.7100500000000001,0.5751999999999999,0.71895,0.6569499999999999,0.70275,0.7538,0.8041,0.75495,0.8103999999999999,0.6385,0.6889000000000001,0.64625,0.6508499999999999,0.6663,0.58815,0.69885,0.63375,0.8102499999999999,0.70625,0.7862,0.6077,0.7121000000000001
0.6425500000000001,0.6425500000000001,0.7264,0.7436,0.8333,0.6705,0.393,0.5349999999999999,0.6409,0.7297,0.5978,0.75245,0.78225,0.6505,0.4946,0.54985,0.6496000000000001,0.6189,0.38239999999999996,0.6108,0.6428499999999999,0.6259,0.49640000000000006,0.56575,0.63695,0.51925,0.7594000000000001,0.7189,0.83185,0.7108,0.5629500000000001,0.61895,0.68505,0.57625,0.80045,0.75995,0.68765,0.65625,0.7397,0.76415,0.7271,0.7645500000000001,0.43335,0.83155,1.0,0.63045,0.7354499999999999,0.6968,0.8971500000000001,0.6726,0.7157,0.71675,0.9055500000000001,0.69985,0.51105,0.7035,0.70385,0.7292,0.6457499999999999,0.45854999999999996,0.6433500000000001,0.7365,0.7177,0.72515,0.72425,0.8090999999999999,0.72175,0.57155,0.6298,0.68835,0.62725,0.5783,0.5625,0.7127,0.7292500000000001,0.8637,0.7079500000000001,0.8286,0.50145,0.5639000000000001
0.6731499999999999,0.6364,0.63705,0.6511,0.57335,0.5949,0.47714999999999996,0.5428,0.65195,0.5716,0.54935,0.6355999999999999,0.56615,0.7179,0.5103500000000001,0.509,0.5852999999999999,0.6389,0.5579,0.5913,0.58745,0.5756,0.59165,0.5131,0.5909500000000001,0.6804,0.62985,0.58255,0.6035,0.61385,0.5967,0.6451,0.56375,0.5244,0.61765,0.72285,0.69765,0.69485,0.5835,0.6224999999999999,0.5154,0.7424000000000001,0.4795,0.68545,0.63045,1.0,0.5818,0.63945,0.65105,0.7262,0.5558,0.6668000000000001,0.6064499999999999,0.52575,0.57675,0.5795,0.7588,0.7114499999999999,0.7363999999999999,0.48875,0.52175,0.5622499999999999,0.63335,0.7399,0.73675,0.7763,0.77175,0.54445,0.5849,0.6223,0.5502,0.61815,0.542,0.6409,0.58205,0.6531,0.6989,0.67825,0.65185,0.6284500000000001
0.45735000000000003,0.614,0.87765,0.8032999999999999,0.73795,0.7797,0.56185,0.52975,0.5425,0.7285999999999999,0.8070999999999999,0.8225,0.7755,0.70415,0.6696,0.50475,0.5402,0.56455,0.47824999999999995,0.65505,0.6715,0.628,0.6408,0.48019999999999996,0.53425,0.6106,0.8642,0.7292,0.76125,0.68355,0.6269,0.6461,0.5690500000000001,0.5795,0.8365,0.79575,0.79665,0.68445,0.6910999999999999,0.7517,0.7563500000000001,0.5886,0.553,0.8042999999999999,0.7354499999999999,0.5818,1.0,0.8231999999999999,0.8049,0.7338,0.8333999999999999,0.7782,0.7397,0.8087,0.6279,0.86025,0.7079,0.7474999999999999,0.68885,0.61735,0.67405,0.5970500000000001,0.6285999999999999,0.8077500000000001,0.66035,0.65015,0.7238,0.7081999999999999,0.6382,0.5846,0.58375,0.64185,0.53505,0.6362,0.6154499999999999,0.76515,0.6339,0.7724,0.58125,0.602
0.50815,0.6826,0.81335,0.827,0.66395,0.7916000000000001,0.5,0.53935,0.56685,0.7212500000000001,0.79165,0.8688499999999999,0.7132,0.73595,0.57525,0.6131,0.5414,0.67135,0.50335,0.7471,0.7343,0.69565,0.51545,0.55365,0.56235,0.6841999999999999,0.7411,0.7891,0.69675,0.6598499999999999,0.62325,0.7372,0.5833,0.61905,0.71575,0.8817,0.7276,0.76185,0.6820999999999999,0.7384999999999999,0.77515,0.6501,0.5347500000000001,0.83515,0.6968,0.63945,0.8231999999999999,1.0,0.75865,0.7941499999999999,0.8240999999999999,0.7674000000000001,0.7213,0.8539999999999999,0.56545,0.7401,0.7061499999999999,0.6728500000000001,0.69645,0.53565,0.69185,0.5406,0.6006,0.73585,0.7584,0.6063500000000001,0.7093,0.6107,0.6183500000000001,0.5456000000000001,0.57925,0.7016,0.5832499999999999,0.65625,0.6108,0.7449,0.68445,0.75105,0.59105,0.68425
0.62565,0.66365,0.7817999999999999,0.80305,0.8947499999999999,0.73525,0.41900000000000004,0.5564,0.6479,0.7552,0.65355,0.7954,0.8695,0.7139,0.5075999999999999,0.5371,0.6615,0.6361,0.3871,0.63575,0.69865,0.68055,0.529,0.57275,0.66105,0.5591,0.8321,0.7745,0.8750500000000001,0.7363500000000001,0.5338,0.6096,0.6713,0.5911,0.8308,0.76475,0.7195,0.6904,0.7721,0.77995,0.751,0.70775,0.46180000000000004,0.82725,0.8971500000000001,0.65105,0.8049,0.75865,1.0,0.7692,0.7779499999999999,0.7604,0.9000999999999999,0.75825,0.5485,0.7260500000000001,0.7367,0.80295,0.7291000000000001,0.48585,0.6784,0.714,0.73155,0.7494500000000001,0.7241500000000001,0.8109500000000001,0.75395,0.5860000000000001,0.6571,0.70645,0.6535,0.57535,0.59525,0.741,0.7639,0.87955,0.77575,0.8618,0.49989999999999996,0.5801000000000001
0.61205,0.7121500000000001,0.7474999999999999,0.70775,0.7268,0.72865,0.445,0.50515,0.5998,0.6466999999999999,0.70015,0.7518,0.7222999999999999,0.86865,0.5246000000000001,0.55105,0.5951500000000001,0.70165,0.48,0.6689,0.64905,0.70955,0.4923,0.50835,0.5867,0.7053499999999999,0.7715,0.6752,0.7643500000000001,0.71085,0.5548,0.64715,0.6158,0.61095,0.73175,0.7716999999999999,0.7352000000000001,0.71065,0.65745,0.75805,0.6733,0.732,0.47675,0.712,0.6726,0.7262,0.7338,0.7941499999999999,0.7692,1.0,0.75715,0.70895,0.7484,0.75925,0.51125,0.66405,0.8324,0.75605,0.83795,0.45994999999999997,0.6284,0.6268,0.66735,0.8078,0.78935,0.7918000000000001,0.8619,0.5723,0.56135,0.58445,0.54915,0.70955,0.5849,0.7018,0.70925,0.6910000000000001,0.82485,0.761,0.69325,0.6221
