1.0,0.54735,0.5988,0.44275000000000003,0.6129,0.5833999999999999,0.43015,0.65245,0.6433500000000001,0.73555,0.6187,0.77495,0.4641,0.4328,0.38439999999999996,0.3258,0.3496,0.45885,0.58675,0.29685,0.41580000000000006,0.4227,0.70735,0.2788,0.49295,0.81585,0.8593500000000001,0.68615,0.71055,0.6455,0.72005,0.76205,0.59985,0.60065,0.8,0.64585,0.62035,0.6679,0.7828,0.493,0.55315,0.75645,0.6909,0.64125,0.42565,0.6734,0.49905,0.43015,0.34005,0.2944,0.27494999999999997,0.5271,0.47095000000000004,0.3543,0.34875,0.7032499999999999,0.3444,0.74385,0.6751,0.7578
0.54735,1.0,0.47895000000000004,0.6045499999999999,0.69445,0.54915,0.34125,0.57055,0.57125,0.70085,0.6538999999999999,0.5517000000000001,0.51335,0.69985,0.35345,0.60575,0.499,0.5168999999999999,0.59225,0.5589999999999999,0.42015,0.6092500000000001,0.66655,0.48644999999999994,0.75535,0.60725,0.5612,0.7008,0.686,0.6916,0.7162,0.64225,0.56935,0.5961000000000001,0.6572,0.7311,0.60845,0.7109,0.66405,0.59575,0.59885,0.6609,0.5793,0.68765,0.70495,0.48495,0.5399499999999999,0.60485,0.54935,0.5509000000000001,0.49485,0.5225,0.69875,0.40035,0.46144999999999997,0.5604,0.6546000000000001,0.56075,0.6597999999999999,0.64225
0.5988,0.47895000000000004,1.0,0.362,0.5673,0.514,0.35475,0.73605,0.56365,0.61205,0.55395,0.59325,0.3806,0.4004,0.2598,0.2551,0.28809999999999997,0.40785,0.43905000000000005,0.2117,0.2565,0.38455,0.5901,0.26030000000000003,0.37985,0.5807,0.6214000000000001,0.7202,0.64625,0.55445,0.5229,0.5812,0.49145000000000005,0.42655000000000004,0.6244,0.5860000000000001,0.6208,0.5416000000000001,0.6314,0.41395,0.49424999999999997,0.59355,0.512,0.6132500000000001,0.4598,0.5527,0.4307,0.4119,0.26525,0.23045,0.20939999999999998,0.3734,0.38355,0.29005000000000003,0.26425,0.63,0.2987,0.5622499999999999,0.50855,0.61555
0.44275000000000003,0.6045499999999999,0.362,1.0,0.5595,0.42565,0.2858,0.46235,0.4545,0.5084,0.45975,0.52305,0.34325,0.40540000000000004,0.268,0.48135000000000006,0.41965,0.4351,0.5214000000000001,0.6667500000000001,0.32425000000000004,0.3896,0.5236500000000001,0.3345,0.5714,0.43150000000000005,0.4586,0.5184,0.48235,0.48064999999999997,0.52,0.47985,0.48715,0.5886,0.5237,0.50745,0.4518,0.54435,0.5328999999999999,0.5398,0.50195,0.53255,0.501,0.4911,0.71165,0.42960000000000004,0.3765,0.46975,0.5389,0.5765,0.6302,0.3986,0.5415,0.36705,0.57455,0.4636,0.40650000000000003,0.48505000000000004,0.5288999999999999,0.58275
0.6129,0.69445,0.5673,0.5595,1.0,0.6304000000000001,0.4789,0.6256,0.65205,0.7058,0.70865,0.5863,0.6151,0.51945,0.4713,0.45225,0.6186499999999999,0.55865,0.626,0.4908,0.44135,0.5521,0.78245,0.44165,0.60945,0.64555,0.6397999999999999,0.7227,0.84245,0.72855,0.76475,0.6877500000000001,0.7939,0.6637500000000001,0.7260500000000001,0.6947,0.6973499999999999,0.7353,0.6979,0.6777,0.68315,0.71705,0.60685,0.6787,0.5896,0.5740000000000001,0.618,0.4612,0.44980000000000003,0.4266,0.44889999999999997,0.6591,0.54825,0.5646,0.42160000000000003,0.72195,0.44865000000000005,0.7138,0.71085,0.6753
0.5833999999999999,0.54915,0.514,0.42565,0.6304000000000001,1.0,0.44405,0.52815,0.8140499999999999,0.68685,0.6964,0.49765,0.4729,0.45439999999999997,0.36245,0.43065,0.49349999999999994,0.50015,0.5716,0.43115,0.4011,0.58735,0.54745,0.40614999999999996,0.6021,0.60045,0.5962,0.548,0.6728,0.6742,0.68055,0.6858500000000001,0.7798,0.4218,0.6059,0.6375,0.6689,0.53515,0.64205,0.58805,0.476,0.6426499999999999,0.5548,0.45795,0.45115,0.55085,0.46609999999999996,0.38144999999999996,0.34675,0.43715000000000004,0.44545,0.6304000000000001,0.5305,0.44604999999999995,0.40780000000000005,0.5067999999999999,0.41580000000000006,0.6151,0.7156,0.52745
0.43015,0.34125,0.35475,0.2858,0.4789,0.44405,1.0,0.36145,0.5427500000000001,0.43865,0.49325,0.4125,0.4003,0.3236,0.3725,0.31589999999999996,0.34345,0.3791,0.47895000000000004,0.24054999999999999,0.32585000000000003,0.3769,0.37679999999999997,0.3088,0.36715,0.42874999999999996,0.3983,0.35755,0.42525,0.39594999999999997,0.4365,0.38370000000000004,0.5085,0.31605,0.4044,0.33140000000000003,0.4962,0.41265,0.3702,0.4415,0.33094999999999997,0.37734999999999996,0.3378,0.3059,0.27105,0.454,0.28105,0.3191,0.2985,0.27695,0.2551,0.4647,0.35625,0.41835000000000006,0.28955000000000003,0.34235000000000004,0.30095,0.45935,0.47939999999999994,0.3767
0.65245,0.57055,0.73605,0.46235,0.6256,0.52815,0.36145,1.0,0.5604,0.7443500000000001,0.5890500000000001,0.6569499999999999,0.45345,0.4387,0.3714,0.36324999999999996,0.42055,0.6395,0.56875,0.36635,0.42555,0.43185,0.7301,0.3787,0.5286500000000001,0.6575,0.6536500000000001,0.8083500000000001,0.75135,0.5922,0.67025,0.68385,0.53675,0.55105,0.70705,0.71315,0.57435,0.69605,0.7136,0.50405,0.59085,0.6559999999999999,0.6465,0.6948000000000001,0.46445,0.5729,0.5138,0.4817,0.42424999999999996,0.35055000000000003,0.36114999999999997,0.5452,0.50615,0.36485,0.35585,0.6548,0.36365,0.64185,0.61295,0.7596499999999999
0.6433500000000001,0.57125,0.56365,0.4545,0.65205,0.8140499999999999,0.5427500000000001,0.5604,1.0,0.7465499999999999,0.78005,0.612,0.5313,0.4659,0.4378,0.39039999999999997,0.45415,0.45404999999999995,0.6596,0.40049999999999997,0.41814999999999997,0.55925,0.6045499999999999,0.41879999999999995,0.5606,0.69045,0.65675,0.56365,0.6953,0.7095,0.7187,0.6179,0.70985,0.45145,0.675,0.5939,0.6748000000000001,0.5977,0.71445,0.66245,0.4782,0.6413,0.59065,0.58565,0.52525,0.56975,0.51095,0.43795,0.3443,0.37429999999999997,0.38715,0.58955,0.5967,0.36885,0.4404,0.5378999999999999,0.46440000000000003,0.62825,0.7967500000000001,0.6254500000000001
0.73555,0.70085,0.61205,0.5084,0.7058,0.68685,0.43865,0.7443500000000001,0.7465499999999999,1.0,0.7373000000000001,0.7339,0.5507500000000001,0.5265,0.44800000000000006,0.40919999999999995,0.48815,0.553,0.66645,0.4806,0.5309,0.52145,0.8009499999999999,0.40145,0.6357,0.78555,0.70665,0.7618,0.8223499999999999,0.82365,0.8115500000000001,0.7159500000000001,0.65545,0.5931,0.8017,0.8224,0.68745,0.80055,0.8275499999999999,0.6525000000000001,0.5864,0.76265,0.7563,0.77835,0.572,0.6393500000000001,0.6216,0.50905,0.37534999999999996,0.44444999999999996,0.4213,0.6277999999999999,0.5514,0.4135,0.40069999999999995,0.6411,0.45289999999999997,0.7314499999999999,0.8053000000000001,0.8314
0.6187,0.6538999999999999,0.55395,0.45975,0.70865,0.6964,0.49325,0.5890500000000001,0.78005,0.7373000000000001,1.0,0.5769,0.5720500000000001,0.49939999999999996,0.41135,0.39735,0.44989999999999997,0.4718,0.63735,0.38530000000000003,0.4559,0.597,0.6445000000000001,0.37945,0.56645,0.6446,0.66405,0.61685,0.68965,0.6755,0.80465,0.65355,0.67705,0.49420000000000003,0.69465,0.6909,0.6954,0.6437,0.69975,0.6586000000000001,0.58825,0.64175,0.5816,0.6315000000000001,0.5312,0.57835,0.5690500000000001,0.44195,0.3846,0.3634,0.39794999999999997,0.5915,0.6557000000000001,0.37205,0.4612,0.5539,0.5371,0.60595,0.77135,0.6498999999999999
0.77495,0.5517000000000001,0.59325,0.52305,0.5863,0.49765,0.4125,0.6569499999999999,0.612,0.7339,0.5769,1.0,0.4123,0.37,0.42619999999999997,0.30955,0.32505,0.41600000000000004,0.5575,0.31115,0.40975,0.33405,0.71495,0.26695,0.4779,0.7177,0.7384000000000001,0.6514,0.65545,0.63595,0.65835,0.6855,0.54995,0.6103500000000001,0.8009000000000001,0.6488,0.5809,0.65565,0.77515,0.5206500000000001,0.6114499999999999,0.68965,0.7260500000000001,0.69265,0.41605,0.70375,0.41475,0.41859999999999997,0.37105,0.27735,0.22949999999999998,0.4346,0.4204,0.3503,0.2967,0.64525,0.28090000000000004,0.6457499999999999,0.66665,0.8164999999999999
0.4641,0.51335,0.3806,0.34325,0.6151,0.4729,0.4003,0.45345,0.5313,0.5507500000000001,0.5720500000000001,0.4123,1.0,0.5947,0.5039,0.3922,0.60495,0.46304999999999996,0.55505,0.3791,0.6114499999999999,0.6526500000000001,0.5479,0.5649,0.45885,0.50535,0.46420000000000006,0.47585,0.6368,0.56045,0.59195,0.5368,0.5264,0.42525,0.45255,0.5197499999999999,0.45519999999999994,0.5453,0.50755,0.532,0.42424999999999996,0.52405,0.41285,0.44299999999999995,0.38425,0.34125,0.69755,0.5107999999999999,0.37805,0.43274999999999997,0.42590000000000006,0.5692999999999999,0.51405,0.62025,0.4471,0.4711,0.6352,0.4904,0.5619500000000001,0.48125
0.4328,0.69985,0.4004,0.40540000000000004,0.51945,0.45439999999999997,0.3236,0.4387,0.4659,0.5265,0.49939999999999996,0.37,0.5947,1.0,0.37835,0.54235,0.42119999999999996,0.42685000000000006,0.39725,0.39615,0.4051,0.5610999999999999,0.497,0.5193,0.5723499999999999,0.48685,0.42910000000000004,0.52425,0.5663,0.47585,0.571,0.5223,0.43179999999999996,0.41195000000000004,0.4625,0.4992,0.46955,0.5469,0.44435,0.42435,0.42925,0.4789,0.3644,0.46905,0.5345,0.30835,0.4668,0.65185,0.4181,0.46855,0.4095,0.45235000000000003,0.5894,0.41235,0.4962,0.36869999999999997,0.68945,0.46654999999999996,0.5109,0.4447
0.38439999999999996,0.35345,0.2598,0.268,0.4713,0.36245,0.3725,0.3714,0.4378,0.44800000000000006,0.41135,0.42619999999999997,0.5039,0.37835,1.0,0.42755,0.49189999999999995,0.5111,0.4079,0.31655,0.597,0.3769,0.41195000000000004,0.5730500000000001,0.35365,0.3655,0.429,0.35505,0.36669999999999997,0.45225,0.44805,0.3845,0.42755,0.35605000000000003,0.48445,0.40164999999999995,0.42765000000000003,0.45435,0.4418,0.38315,0.32555,0.39335,0.4072,0.41950000000000004,0.27244999999999997,0.42665,0.33704999999999996,0.4269,0.5326500000000001,0.3559,0.3657,0.52015,0.25165000000000004,0.53325,0.25705,0.33235000000000003,0.3227,0.49715,0.4627,0.47220000000000006
0.3258,0.60575,0.2551,0.48135000000000006,0.45225,0.43065,0.31589999999999996,0.36324999999999996,0.39039999999999997,0.40919999999999995,0.39735,0.30955,0.3922,0.54235,0.42755,1.0,0.5503,0.48425,0.41075,0.5265500000000001,0.47505,0.47024999999999995,0.40164999999999995,0.534,0.63805,0.32,0.396,0.40285000000000004,0.39849999999999997,0.4283,0.44745,0.4077,0.43825000000000003,0.43935,0.4226,0.4307,0.36995,0.38734999999999997,0.43545,0.39985,0.41255,0.4093,0.4122,0.3695,0.46375,0.3698,0.358,0.6264000000000001,0.58685,0.635,0.5414,0.4327,0.5111,0.5027,0.40049999999999997,0.37639999999999996,0.5044500000000001,0.41195000000000004,0.44325000000000003,0.40170000000000006
0.3496,0.499,0.28809999999999997,0.41965,0.6186499999999999,0.49349999999999994,0.34345,0.42055,0.45415,0.48815,0.44989999999999997,0.32505,0.60495,0.42119999999999996,0.49189999999999995,0.5503,1.0,0.6355500000000001,0.5486,0.5450999999999999,0.70385,0.67745,0.46775,0.7514000000000001,0.6332,0.38115,0.42515000000000003,0.4422,0.52345,0.5023500000000001,0.51335,0.43115,0.56765,0.46115000000000006,0.4343,0.5483,0.43415,0.5345500000000001,0.44794999999999996,0.5274,0.4749,0.5234,0.44279999999999997,0.41675000000000006,0.40085,0.35975,0.6527000000000001,0.5023500000000001,0.52815,0.49800000000000005,0.59335,0.6364,0.383,0.7397,0.32799999999999996,0.4346,0.5397000000000001,0.4851,0.53035,0.45380000000000004
0.45885,0.5168999999999999,0.40785,0.4351,0.55865,0.50015,0.3791,0.6395,0.45404999999999995,0.553,0.4718,0.41600000000000004,0.46304999999999996,0.42685000000000006,0.5111,0.48425,0.6355500000000001,1.0,0.5562,0.48875,0.6554,0.51935,0.5511,0.5869500000000001,0.6618999999999999,0.47050000000000003,0.5094000000000001,0.6322,0.5221,0.5083,0.5837,0.5662,0.48785,0.48925,0.51805,0.5892000000000001,0.483,0.6273500000000001,0.51115,0.541,0.47779999999999995,0.583,0.5558,0.49729999999999996,0.39135,0.4154,0.45395,0.46665,0.48484999999999995,0.4486,0.5307999999999999,0.7104,0.43929999999999997,0.5247499999999999,0.36655000000000004,0.4568,0.43875000000000003,0.61235,0.5686,0.5585
0.58675,0.59225,0.43905000000000005,0.5214000000000001,0.626,0.5716,0.47895000000000004,0.56875,0.6596,0.66645,0.63735,0.5575,0.55505,0.39725,0.4079,0.41075,0.5486,0.5562,1.0,0.43574999999999997,0.45780000000000004,0.5006999999999999,0.6700999999999999,0.4445,0.64095,0.57925,0.6123999999999999,0.5947,0.6369,0.5951,0.6722,0.587,0.58065,0.60415,0.6032,0.62575,0.50795,0.6192,0.6593,0.62375,0.5407,0.65055,0.56995,0.54765,0.5164,0.49605,0.5751999999999999,0.5088,0.48040000000000005,0.34615,0.42035,0.59605,0.6244,0.4511,0.48019999999999996,0.5808500000000001,0.4554,0.626,0.6637,0.69255
0.29685,0.5589999999999999,0.2117,0.6667500000000001,0.4908,0.43115,0.24054999999999999,0.36635,0.40049999999999997,0.4806,0.38530000000000003,0.31115,0.3791,0.39615,0.31655,0.5265500000000001,0.5450999999999999,0.48875,0.43574999999999997,1.0,0.43710000000000004,0.4647,0.41085000000000005,0.46765,0.6024,0.40495000000000003,0.33945,0.42510000000000003,0.44265,0.4819,0.48935000000000006,0.40915,0.4793,0.4293,0.388,0.44960000000000006,0.3366,0.48775,0.434,0.48760000000000003,0.4168,0.4064,0.40015,0.37695,0.6194,0.32694999999999996,0.4187,0.4706,0.5610999999999999,0.74355,0.80885,0.55815,0.51185,0.40275,0.60775,0.32334999999999997,0.5464,0.4237,0.5305,0.4159
0.41580000000000006,0.42015,0.2565,0.32425000000000004,0.44135,0.4011,0.32585000000000003,0.42555,0.41814999999999997,0.5309,0.4559,0.40975,0.6114499999999999,0.4051,0.597,0.47505,0.70385,0.6554,0.45780000000000004,0.43710000000000004,1.0,0.6022000000000001,0.42169999999999996,0.7217,0.5515,0.47474999999999995,0.46925,0.3934,0.42169999999999996,0.5331,0.4963,0.44865000000000005,0.39005,0.3411,0.46210000000000007,0.5742,0.43905000000000005,0.5405,0.48579999999999995,0.5154,0.35609999999999997,0.44225000000000003,0.55415,0.45515,0.26985000000000003,0.3728,0.5307000000000001,0.46665,0.4382,0.51235,0.5288999999999999,0.6574,0.30435,0.6634,0.28985,0.36145,0.5051,0.48695000000000005,0.5575,0.4828
0.4227,0.6092500000000001,0.38455,0.3896,0.5521,0.58735,0.3769,0.43185,0.55925,0.52145,0.597,0.33405,0.6526500000000001,0.5610999999999999,0.3769,0.47024999999999995,0.67745,0.51935,0.5006999999999999,0.4647,0.6022000000000001,1.0,0.44480000000000003,0.71075,0.64885,0.48305,0.45485,0.4827,0.53,0.55845,0.5837,0.5119,0.5881000000000001,0.36295,0.41340000000000005,0.5700999999999999,0.5589000000000001,0.55225,0.46385,0.5782499999999999,0.39375,0.49435,0.42214999999999997,0.41135,0.42965,0.3287,0.66735,0.52345,0.49375,0.48339999999999994,0.52315,0.60275,0.587,0.59085,0.39265,0.3433,0.75475,0.5197499999999999,0.6074499999999999,0.44210000000000005
0.70735,0.66655,0.5901,0.5236500000000001,0.78245,0.54745,0.37679999999999997,0.7301,0.6045499999999999,0.8009499999999999,0.6445000000000001,0.71495,0.5479,0.497,0.41195000000000004,0.40164999999999995,0.46775,0.5511,0.6700999999999999,0.41085000000000005,0.42169999999999996,0.44480000000000003,1.0,0.32635000000000003,0.5774,0.6833,0.6939,0.8281000000000001,0.8601000000000001,0.69645,0.8323499999999999,0.7537,0.65325,0.7169,0.8108000000000001,0.7439,0.5964,0.7624,0.7828999999999999,0.6019,0.68965,0.77315,0.7167,0.7678499999999999,0.5529499999999999,0.636,0.59985,0.44135,0.36324999999999996,0.3678,0.33265,0.59695,0.5094000000000001,0.45289999999999997,0.42855,0.8092,0.3728,0.7542500000000001,0.67125,0.7965
0.2788,0.48644999999999994,0.26030000000000003,0.3345,0.44165,0.40614999999999996,0.3088,0.3787,0.41879999999999995,0.40145,0.37945,0.26695,0.5649,0.5193,0.5730500000000001,0.534,0.7514000000000001,0.5869500000000001,0.4445,0.46765,0.7217,0.71075,0.32635000000000003,1.0,0.61745,0.3748,0.33215,0.3453,0.38495,0.46040000000000003,0.3899,0.3741,0.41985,0.2585,0.3294,0.45309999999999995,0.3922,0.42785,0.33485,0.47809999999999997,0.26844999999999997,0.3342,0.3536,0.3483,0.3597,0.2629,0.5216000000000001,0.5619500000000001,0.57045,0.4907,0.56635,0.5892999999999999,0.4034,0.6317999999999999,0.34845000000000004,0.26175000000000004,0.60785,0.4462,0.5095,0.36355
0.49295,0.75535,0.37985,0.5714,0.60945,0.6021,0.36715,0.5286500000000001,0.5606,0.6357,0.56645,0.4779,0.45885,0.5723499999999999,0.35365,0.63805,0.6332,0.6618999999999999,0.64095,0.6024,0.5515,0.64885,0.5774,0.61745,1.0,0.5337,0.5439499999999999,0.5966,0.5941,0.602,0.66525,0.58285,0.6154499999999999,0.5267000000000001,0.5628,0.65705,0.54355,0.635,0.5913999999999999,0.6376000000000001,0.5466,0.6067,0.5722,0.5199499999999999,0.54825,0.4406,0.5311,0.6203000000000001,0.59875,0.5927,0.57135,0.6479,0.6581,0.5682,0.48915,0.4897,0.6151500000000001,0.5926,0.6658000000000001,0.6054999999999999
0.81585,0.60725,0.5807,0.43150000000000005,0.64555,0.60045,0.42874999999999996,0.6575,0.69045,0.78555,0.6446,0.7177,0.50535,0.48685,0.3655,0.32,0.38115,0.47050000000000003,0.57925,0.40495000000000003,0.47474999999999995,0.48305,0.6833,0.3748,0.5337,1.0,0.73255,0.6723,0.773,0.7646499999999999,0.7304999999999999,0.8092,0.59965,0.49429999999999996,0.70565,0.7322,0.6042,0.7246,0.7445999999999999,0.5991500000000001,0.4937,0.65385,0.7110000000000001,0.7281,0.528,0.5371,0.59155,0.4747,0.32280000000000003,0.3721,0.3706,0.5377,0.52425,0.30035,0.38465,0.6261,0.4061,0.7606499999999999,0.81555,0.7106
0.8593500000000001,0.5612,0.6214000000000001,0.4586,0.6397999999999999,0.5962,0.3983,0.6536500000000001,0.65675,0.70665,0.66405,0.7384000000000001,0.46420000000000006,0.42910000000000004,0.429,0.396,0.42515000000000003,0.5094000000000001,0.6123999999999999,0.33945,0.46925,0.45485,0.6939,0.33215,0.5439499999999999,0.73255,1.0,0.69015,0.71695,0.63315,0.7586999999999999,0.7405,0.6391,0.6363000000000001,0.8209,0.654,0.61735,0.66445,0.8022,0.5138499999999999,0.63775,0.7699,0.72105,0.6687000000000001,0.45759999999999995,0.7172,0.5314,0.46180000000000004,0.41414999999999996,0.3254,0.32025000000000003,0.5224,0.49055,0.41414999999999996,0.3701,0.71765,0.3618,0.70835,0.7006,0.7711
0.68615,0.7008,0.7202,0.5184,0.7227,0.548,0.35755,0.8083500000000001,0.56365,0.7618,0.61685,0.6514,0.47585,0.52425,0.35505,0.40285000000000004,0.4422,0.6322,0.5947,0.42510000000000003,0.3934,0.4827,0.8281000000000001,0.3453,0.5966,0.6723,0.69015,1.0,0.7917,0.62785,0.7744,0.72965,0.5871500000000001,0.6498,0.7935,0.73475,0.61055,0.80495,0.75465,0.54625,0.6782,0.76805,0.6751,0.7518,0.5937,0.61915,0.54645,0.4506,0.3651,0.38255,0.35350000000000004,0.5720500000000001,0.5196500000000001,0.3899,0.39935,0.7373999999999999,0.40725,0.697,0.6292500000000001,0.7736500000000001
0.71055,0.686,0.64625,0.48235,0.84245,0.6728,0.42525,0.75135,0.6953,0.8223499999999999,0.68965,0.65545,0.6368,0.5663,0.36669999999999997,0.39849999999999997,0.52345,0.5221,0.6369,0.44265,0.42169999999999996,0.53,0.8601000000000001,0.38495,0.5941,0.773,0.71695,0.7917,1.0,0.7596499999999999,0.84795,0.7708,0.77835,0.6705,0.7718,0.7643,0.64155,0.751,0.75205,0.60095,0.66345,0.7888499999999999,0.67465,0.71325,0.5871000000000001,0.5909,0.6857,0.50285,0.35735,0.4279,0.39115,0.62295,0.54875,0.49219999999999997,0.44115000000000004,0.778,0.43674999999999997,0.7463,0.7434000000000001,0.72325
0.6455,0.6916,0.55445,0.48064999999999997,0.72855,0.6742,0.39594999999999997,0.5922,0.7095,0.82365,0.6755,0.63595,0.56045,0.47585,0.45225,0.4283,0.5023500000000001,0.5083,0.5951,0.4819,0.5331,0.55845,0.69645,0.46040000000000003,0.602,0.7646499999999999,0.63315,0.62785,0.7596499999999999,1.0,0.7415,0.6966,0.69345,0.481,0.6910499999999999,0.7779499999999999,0.7379,0.7216,0.7473,0.68715,0.45135,0.6193500000000001,0.6891499999999999,0.7275,0.5760500000000001,0.5341,0.6106,0.47329999999999994,0.37855,0.4899,0.45170000000000005,0.58885,0.48869999999999997,0.45309999999999995,0.3644,0.5789500000000001,0.4346,0.74535,0.8044499999999999,0.678
0.72005,0.7162,0.5229,0.52,0.76475,0.68055,0.4365,0.67025,0.7187,0.8115500000000001,0.80465,0.65835,0.59195,0.571,0.44805,0.44745,0.51335,0.5837,0.6722,0.48935000000000006,0.4963,0.5837,0.8323499999999999,0.3899,0.66525,0.7304999999999999,0.7586999999999999,0.7744,0.84795,0.7415,1.0,0.78675,0.73805,0.67405,0.8099500000000001,0.7719,0.65925,0.7765,0.79375,0.6758,0.70055,0.7758,0.7134,0.73795,0.5883,0.6516,0.61975,0.49284999999999995,0.43565,0.44095000000000006,0.43550000000000005,0.6498,0.5982000000000001,0.48495,0.51635,0.7088,0.5011,0.7621,0.78185,0.76135
0.76205,0.64225,0.5812,0.47985,0.6877500000000001,0.6858500000000001,0.38370000000000004,0.68385,0.6179,0.7159500000000001,0.65355,0.6855,0.5368,0.5223,0.3845,0.4077,0.43115,0.5662,0.587,0.40915,0.44865000000000005,0.5119,0.7537,0.3741,0.58285,0.8092,0.7405,0.72965,0.7708,0.6966,0.78675,1.0,0.65915,0.5806,0.7529,0.75815,0.6006,0.68785,0.79375,0.58655,0.64105,0.7453000000000001,0.68575,0.6904,0.5025999999999999,0.59875,0.5838,0.44980000000000003,0.38075000000000003,0.3823,0.38575,0.55,0.54845,0.3707,0.42610000000000003,0.6811499999999999,0.4079,0.7803,0.7335499999999999,0.7354
0.59985,0.56935,0.49145000000000005,0.48715,0.7939,0.7798,0.5085,0.53675,0.70985,0.65545,0.67705,0.54995,0.5264,0.43179999999999996,0.42755,0.43825000000000003,0.56765,0.48785,0.58065,0.4793,0.39005,0.5881000000000001,0.65325,0.41985,0.6154499999999999,0.59965,0.6391,0.5871500000000001,0.77835,0.69345,0.73805,0.65915,1.0,0.5928,0.65665,0.5900000000000001,0.69085,0.58935,0.6522,0.6101,0.6167,0.6883,0.57575,0.4805,0.4899,0.63015,0.58485,0.41740000000000005,0.4631,0.45664999999999994,0.46665,0.6655,0.5352,0.58495,0.44125,0.6367499999999999,0.3995,0.7061,0.7365,0.5767
0.60065,0.5961000000000001,0.42655000000000004,0.5886,0.6637500000000001,0.4218,0.31605,0.55105,0.45145,0.5931,0.49420000000000003,0.6103500000000001,0.42525,0.41195000000000004,0.35605000000000003,0.43935,0.46115000000000006,0.48925,0.60415,0.4293,0.3411,0.36295,0.7169,0.2585,0.5267000000000001,0.49429999999999996,0.6363000000000001,0.6498,0.6705,0.481,0.67405,0.5806,0.5928,1.0,0.6494,0.5972000000000001,0.4271,0.5923,0.6447499999999999,0.44444999999999996,0.76505,0.78445,0.5999,0.5911500000000001,0.48375,0.58665,0.5368,0.46864999999999996,0.45990000000000003,0.34765,0.34714999999999996,0.5006,0.5,0.44225000000000003,0.3842,0.7032499999999999,0.35350000000000004,0.5854,0.53095,0.6952
0.8,0.6572,0.6244,0.5237,0.7260500000000001,0.6059,0.4044,0.70705,0.675,0.8017,0.69465,0.8009000000000001,0.45255,0.4625,0.48445,0.4226,0.4343,0.51805,0.6032,0.388,0.46210000000000007,0.41340000000000005,0.8108000000000001,0.3294,0.5628,0.70565,0.8209,0.7935,0.7718,0.6910499999999999,0.8099500000000001,0.7529,0.65665,0.6494,1.0,0.7094,0.63615,0.74695,0.8744500000000001,0.5583,0.7303499999999999,0.78635,0.7493000000000001,0.7596499999999999,0.5164500000000001,0.7761,0.4806,0.40495000000000003,0.398,0.3702,0.31945,0.5821500000000001,0.4636,0.43185,0.38655,0.77945,0.3356,0.7020500000000001,0.6938500000000001,0.8425
0.64585,0.7311,0.5860000000000001,0.50745,0.6947,0.6375,0.33140000000000003,0.71315,0.5939,0.8224,0.6909,0.6488,0.5197499999999999,0.4992,0.40164999999999995,0.4307,0.5483,0.5892000000000001,0.62575,0.44960000000000006,0.5742,0.5700999999999999,0.7439,0.45309999999999995,0.65705,0.7322,0.654,0.73475,0.7643,0.7779499999999999,0.7719,0.75815,0.5900000000000001,0.5972000000000001,0.7094,1.0,0.67735,0.74565,0.7175,0.59495,0.5999,0.7159,0.7108,0.8077500000000001,0.6098,0.5058,0.60755,0.55525,0.42085,0.44825,0.42735,0.59695,0.5111,0.4868,0.3516,0.60835,0.48355,0.69275,0.7498,0.7668
0.62035,0.60845,0.6208,0.4518,0.6973499999999999,0.6689,0.4962,0.57435,0.6748000000000001,0.68745,0.6954,0.5809,0.45519999999999994,0.46955,0.42765000000000003,0.36995,0.43415,0.483,0.50795,0.3366,0.43905000000000005,0.5589000000000001,0.5964,0.3922,0.54355,0.6042,0.61735,0.61055,0.64155,0.7379,0.65925,0.6006,0.69085,0.4271,0.63615,0.67735,1.0,0.6336999999999999,0.6214000000000001,0.64905,0.4609,0.5691499999999999,0.58875,0.59165,0.5085,0.5399499999999999,0.4932,0.41705,0.389,0.3794,0.40570000000000006,0.5316,0.44135,0.4821,0.31320000000000003,0.4932,0.40759999999999996,0.6637500000000001,0.6823,0.57625
0.6679,0.7109,0.5416000000000001,0.54435,0.7353,0.53515,0.41265,0.69605,0.5977,0.80055,0.6437,0.65565,0.5453,0.5469,0.45435,0.38734999999999997,0.5345500000000001,0.6273500000000001,0.6192,0.48775,0.5405,0.55225,0.7624,0.42785,0.635,0.7246,0.66445,0.80495,0.751,0.7216,0.7765,0.68785,0.58935,0.5923,0.74695,0.74565,0.6336999999999999,1.0,0.7577499999999999,0.64275,0.59405,0.708,0.6921,0.7282,0.5393,0.5471,0.6158,0.4361,0.36760000000000004,0.41529999999999995,0.4176,0.60295,0.5135,0.4306,0.3563,0.6026,0.4833,0.67625,0.73745,0.75195
0.7828,0.66405,0.6314,0.5328999999999999,0.6979,0.64205,0.3702,0.7136,0.71445,0.8275499999999999,0.69975,0.77515,0.50755,0.44435,0.4418,0.43545,0.44794999999999996,0.51115,0.6593,0.434,0.48579999999999995,0.46385,0.7828999999999999,0.33485,0.5913999999999999,0.7445999999999999,0.8022,0.75465,0.75205,0.7473,0.79375,0.79375,0.6522,0.6447499999999999,0.8744500000000001,0.7175,0.6214000000000001,0.7577499999999999,1.0,0.62405,0.69635,0.8095000000000001,0.7698,0.75125,0.51685,0.7323999999999999,0.55955,0.43550000000000005,0.40955,0.39295,0.36645,0.58055,0.5539,0.40325,0.41224999999999995,0.7519,0.3826,0.7179,0.7287,0.8686
0.493,0.59575,0.41395,0.5398,0.6777,0.58805,0.4415,0.50405,0.66245,0.6525000000000001,0.6586000000000001,0.5206500000000001,0.532,0.42435,0.38315,0.39985,0.5274,0.541,0.62375,0.48760000000000003,0.5154,0.5782499999999999,0.6019,0.47809999999999997,0.6376000000000001,0.5991500000000001,0.5138499999999999,0.54625,0.60095,0.68715,0.6758,0.58655,0.6101,0.44444999999999996,0.5583,0.59495,0.64905,0.64275,0.62405,1.0,0.45890000000000003,0.5138499999999999,0.5854,0.57415,0.476,0.48310000000000003,0.54335,0.41464999999999996,0.41585,0.4185,0.49000000000000005,0.592,0.55935,0.4487,0.40970000000000006,0.47625,0.4631,0.63995,0.7060500000000001,0.59425
0.55315,0.59885,0.49424999999999997,0.50195,0.68315,0.476,0.33094999999999997,0.59085,0.4782,0.5864,0.58825,0.6114499999999999,0.42424999999999996,0.42925,0.32555,0.41255,0.4749,0.47779999999999995,0.5407,0.4168,0.35609999999999997,0.39375,0.68965,0.26844999999999997,0.5466,0.4937,0.63775,0.6782,0.66345,0.45135,0.70055,0.64105,0.6167,0.76505,0.7303499999999999,0.5999,0.4609,0.59405,0.69635,0.45890000000000003,1.0,0.758,0.59195,0.61685,0.45214999999999994,0.6622,0.491,0.39825,0.4232,0.34535,0.34855,0.53825,0.4883,0.44284999999999997,0.40295,0.7028,0.3581,0.51325,0.54685,0.7031
0.75645,0.6609,0.59355,0.53255,0.71705,0.6426499999999999,0.37734999999999996,0.6559999999999999,0.6413,0.76265,0.64175,0.68965,0.52405,0.4789,0.39335,0.4093,0.5234,0.583,0.65055,0.4064,0.44225000000000003,0.49435,0.77315,0.3342,0.6067,0.65385,0.7699,0.76805,0.7888499999999999,0.6193500000000001,0.7758,0.7453000000000001,0.6883,0.78445,0.78635,0.7159,0.5691499999999999,0.708,0.8095000000000001,0.5138499999999999,0.758,1.0,0.69835,0.68315,0.49865000000000004,0.6825,0.6131,0.4612,0.39049999999999996,0.36619999999999997,0.35585,0.6345,0.49985,0.47809999999999997,0.3634,0.7537499999999999,0.4121,0.67225,0.65935,0.78585
0.6909,0.5793,0.512,0.501,0.60685,0.5548,0.3378,0.6465,0.59065,0.7563,0.5816,0.7260500000000001,0.41285,0.3644,0.4072,0.4122,0.44279999999999997,0.5558,0.56995,0.40015,0.55415,0.42214999999999997,0.7167,0.3536,0.5722,0.7110000000000001,0.72105,0.6751,0.67465,0.6891499999999999,0.7134,0.68575,0.57575,0.5999,0.7493000000000001,0.7108,0.58875,0.6921,0.7698,0.5854,0.59195,0.69835,1.0,0.7136,0.42110000000000003,0.6436499999999999,0.4739,0.40099999999999997,0.36205,0.38325,0.3403,0.5519999999999999,0.4258,0.43205,0.2982,0.6857,0.29535,0.6832499999999999,0.7093499999999999,0.74315
0.64125,0.68765,0.6132500000000001,0.4911,0.6787,0.45795,0.3059,0.6948000000000001,0.58565,0.77835,0.6315000000000001,0.69265,0.44299999999999995,0.46905,0.41950000000000004,0.3695,0.41675000000000006,0.49729999999999996,0.54765,0.37695,0.45515,0.41135,0.7678499999999999,0.3483,0.5199499999999999,0.7281,0.6687000000000001,0.7518,0.71325,0.7275,0.73795,0.6904,0.4805,0.5911500000000001,0.7596499999999999,0.8077500000000001,0.59165,0.7282,0.75125,0.57415,0.61685,0.68315,0.7136,1.0,0.5924,0.5609,0.5466,0.47785,0.35545,0.3408,0.3125,0.46609999999999996,0.4508,0.33245,0.30825,0.6376000000000001,0.358,0.6711,0.6817,0.78525
0.42565,0.70495,0.4598,0.71165,0.5896,0.45115,0.27105,0.46445,0.52525,0.572,0.5312,0.41605,0.38425,0.5345,0.27244999999999997,0.46375,0.40085,0.39135,0.5164,0.6194,0.26985000000000003,0.42965,0.5529499999999999,0.3597,0.54825,0.528,0.45759999999999995,0.5937,0.5871000000000001,0.5760500000000001,0.5883,0.5025999999999999,0.4899,0.48375,0.5164500000000001,0.6098,0.5085,0.5393,0.51685,0.476,0.45214999999999994,0.49865000000000004,0.42110000000000003,0.5924,1.0,0.34065,0.4528,0.5359,0.46615,0.5945,0.6085499999999999,0.37970000000000004,0.55815,0.2948,0.6304000000000001,0.4547,0.476,0.53015,0.5591999999999999,0.53705
0.6734,0.48495,0.5527,0.42960000000000004,0.5740000000000001,0.55085,0.454,0.5729,0.56975,0.6393500000000001,0.57835,0.70375,0.34125,0.30835,0.42665,0.3698,0.35975,0.4154,0.49605,0.32694999999999996,0.3728,0.3287,0.636,0.2629,0.4406,0.5371,0.7172,0.61915,0.5909,0.5341,0.6516,0.59875,0.63015,0.58665,0.7761,0.5058,0.5399499999999999,0.5471,0.7323999999999999,0.48310000000000003,0.6622,0.6825,0.6436499999999999,0.5609,0.34065,1.0,0.34695,0.26680000000000004,0.3823,0.32334999999999997,0.2948,0.5261,0.3624,0.38980000000000004,0.2926,0.6628499999999999,0.20445000000000002,0.58965,0.5717,0.6934
0.49905,0.5399499999999999,0.4307,0.3765,0.618,0.46609999999999996,0.28105,0.5138,0.51095,0.6216,0.5690500000000001,0.41475,0.69755,0.4668,0.33704999999999996,0.358,0.6527000000000001,0.45395,0.5751999999999999,0.4187,0.5307000000000001,0.66735,0.59985,0.5216000000000001,0.5311,0.59155,0.5314,0.54645,0.6857,0.6106,0.61975,0.5838,0.58485,0.5368,0.4806,0.60755,0.4932,0.6158,0.55955,0.54335,0.491,0.6131,0.4739,0.5466,0.4528,0.34695,1.0,0.50075,0.37215,0.3899,0.46315,0.47939999999999994,0.51095,0.47355,0.33985,0.51885,0.57535,0.5724,0.60785,0.544
0.43015,0.60485,0.4119,0.46975,0.4612,0.38144999999999996,0.3191,0.4817,0.43795,0.50905,0.44195,0.41859999999999997,0.5107999999999999,0.65185,0.4269,0.6264000000000001,0.5023500000000001,0.46665,0.5088,0.4706,0.46665,0.52345,0.44135,0.5619500000000001,0.6203000000000001,0.4747,0.46180000000000004,0.4506,0.50285,0.47329999999999994,0.49284999999999995,0.44980000000000003,0.41740000000000005,0.46864999999999996,0.40495000000000003,0.55525,0.41705,0.4361,0.43550000000000005,0.41464999999999996,0.39825,0.4612,0.40099999999999997,0.47785,0.5359,0.26680000000000004,0.50075,1.0,0.67405,0.52485,0.5227999999999999,0.42619999999999997,0.64825,0.47634999999999994,0.532,0.3593,0.65315,0.49800000000000005,0.49355000000000004,0.5331
0.34005,0.54935,0.26525,0.5389,0.44980000000000003,0.34675,0.2985,0.42424999999999996,0.3443,0.37534999999999996,0.3846,0.37105,0.37805,0.4181,0.5326500000000001,0.58685,0.52815,0.48484999999999995,0.48040000000000005,0.5610999999999999,0.4382,0.49375,0.36324999999999996,0.57045,0.59875,0.32280000000000003,0.41414999999999996,0.3651,0.35735,0.37855,0.43565,0.38075000000000003,0.4631,0.45990000000000003,0.398,0.42085,0.389,0.36760000000000004,0.40955,0.41585,0.4232,0.39049999999999996,0.36205,0.35545,0.46615,0.3823,0.37215,0.67405,1.0,0.5245,0.6136999999999999,0.45664999999999994,0.57675,0.5006,0.47915,0.3319,0.56935,0.44560000000000005,0.42415,0.47314999999999996
0.2944,0.5509000000000001,0.23045,0.5765,0.4266,0.43715000000000004,0.27695,0.35055000000000003,0.37429999999999997,0.44444999999999996,0.3634,0.27735,0.43274999999999997,0.46855,0.3559,0.635,0.49800000000000005,0.4486,0.34615,0.74355,0.51235,0.48339999999999994,0.3678,0.4907,0.5927,0.3721,0.3254,0.38255,0.4279,0.4899,0.44095000000000006,0.3823,0.45664999999999994,0.34765,0.3702,0.44825,0.3794,0.41529999999999995,0.39295,0.4185,0.34535,0.36619999999999997,0.38325,0.3408,0.5945,0.32334999999999997,0.3899,0.52485,0.5245,1.0,0.7873,0.54695,0.41364999999999996,0.5235000000000001,0.579,0.3128,0.4946,0.38095,0.46855,0.34435
0.27494999999999997,0.49485,0.20939999999999998,0.6302,0.44889999999999997,0.44545,0.2551,0.36114999999999997,0.38715,0.4213,0.39794999999999997,0.22949999999999998,0.42590000000000006,0.4095,0.3657,0.5414,0.59335,0.5307999999999999,0.42035,0.80885,0.5288999999999999,0.52315,0.33265,0.56635,0.57135,0.3706,0.32025000000000003,0.35350000000000004,0.39115,0.45170000000000005,0.43550000000000005,0.38575,0.46665,0.34714999999999996,0.31945,0.42735,0.40570000000000006,0.4176,0.36645,0.49000000000000005,0.34855,0.35585,0.3403,0.3125,0.6085499999999999,0.2948,0.46315,0.5227999999999999,0.6136999999999999,0.7873,1.0,0.58815,0.4816,0.46604999999999996,0.632,0.25525000000000003,0.5437000000000001,0.3921,0.4883,0.33985
0.5271,0.5225,0.3734,0.3986,0.6591,0.6304000000000001,0.4647,0.5452,0.58955,0.6277999999999999,0.5915,0.4346,0.5692999999999999,0.45235000000000003,0.52015,0.4327,0.6364,0.7104,0.59605,0.55815,0.6574,0.60275,0.59695,0.5892999999999999,0.6479,0.5377,0.5224,0.5720500000000001,0.62295,0.58885,0.6498,0.55,0.6655,0.5006,0.5821500000000001,0.59695,0.5316,0.60295,0.58055,0.592,0.53825,0.6345,0.5519999999999999,0.46609999999999996,0.37970000000000004,0.5261,0.47939999999999994,0.42619999999999997,0.45664999999999994,0.54695,0.58815,1.0,0.47165,0.6264000000000001,0.47835,0.5221,0.4992,0.58075,0.6465,0.5486
0.47095000000000004,0.69875,0.38355,0.5415,0.54825,0.5305,0.35625,0.50615,0.5967,0.5514,0.6557000000000001,0.4204,0.51405,0.5894,0.25165000000000004,0.5111,0.383,0.43929999999999997,0.6244,0.51185,0.30435,0.587,0.5094000000000001,0.4034,0.6581,0.52425,0.49055,0.5196500000000001,0.54875,0.48869999999999997,0.5982000000000001,0.54845,0.5352,0.5,0.4636,0.5111,0.44135,0.5135,0.5539,0.55935,0.4883,0.49985,0.4258,0.4508,0.55815,0.3624,0.51095,0.64825,0.57675,0.41364999999999996,0.4816,0.47165,1.0,0.2656,0.62625,0.41340000000000005,0.7001000000000001,0.50535,0.6171,0.5495
0.3543,0.40035,0.29005000000000003,0.36705,0.5646,0.44604999999999995,0.41835000000000006,0.36485,0.36885,0.4135,0.37205,0.3503,0.62025,0.41235,0.53325,0.5027,0.7397,0.5247499999999999,0.4511,0.40275,0.6634,0.59085,0.45289999999999997,0.6317999999999999,0.5682,0.30035,0.41414999999999996,0.3899,0.49219999999999997,0.45309999999999995,0.48495,0.3707,0.58495,0.44225000000000003,0.43185,0.4868,0.4821,0.4306,0.40325,0.4487,0.44284999999999997,0.47809999999999997,0.43205,0.33245,0.2948,0.38980000000000004,0.47355,0.47634999999999994,0.5006,0.5235000000000001,0.46604999999999996,0.6264000000000001,0.2656,1.0,0.3206,0.4525,0.45515,0.4657,0.41859999999999997,0.41180000000000005
0.34875,0.46144999999999997,0.26425,0.57455,0.42160000000000003,0.40780000000000005,0.28955000000000003,0.35585,0.4404,0.40069999999999995,0.4612,0.2967,0.4471,0.4962,0.25705,0.40049999999999997,0.32799999999999996,0.36655000000000004,0.48019999999999996,0.60775,0.28985,0.39265,0.42855,0.34845000000000004,0.48915,0.38465,0.3701,0.39935,0.44115000000000004,0.3644,0.51635,0.42610000000000003,0.44125,0.3842,0.38655,0.3516,0.31320000000000003,0.3563,0.41224999999999995,0.40970000000000006,0.40295,0.3634,0.2982,0.30825,0.6304000000000001,0.2926,0.33985,0.532,0.47915,0.579,0.632,0.47835,0.62625,0.3206,1.0,0.33730000000000004,0.49355000000000004,0.38625,0.42729999999999996,0.37629999999999997
0.7032499999999999,0.5604,0.63,0.4636,0.72195,0.5067999999999999,0.34235000000000004,0.6548,0.5378999999999999,0.6411,0.5539,0.64525,0.4711,0.36869999999999997,0.33235000000000003,0.37639999999999996,0.4346,0.4568,0.5808500000000001,0.32334999999999997,0.36145,0.3433,0.8092,0.26175000000000004,0.4897,0.6261,0.71765,0.7373999999999999,0.778,0.5789500000000001,0.7088,0.6811499999999999,0.6367499999999999,0.7032499999999999,0.77945,0.60835,0.4932,0.6026,0.7519,0.47625,0.7028,0.7537499999999999,0.6857,0.6376000000000001,0.4547,0.6628499999999999,0.51885,0.3593,0.3319,0.3128,0.25525000000000003,0.5221,0.41340000000000005,0.4525,0.33730000000000004,1.0,0.25405,0.63505,0.56745,0.6980000000000001
0.3444,0.6546000000000001,0.2987,0.40650000000000003,0.44865000000000005,0.41580000000000006,0.30095,0.36365,0.46440000000000003,0.45289999999999997,0.5371,0.28090000000000004,0.6352,0.68945,0.3227,0.5044500000000001,0.5397000000000001,0.43875000000000003,0.4554,0.5464,0.5051,0.75475,0.3728,0.60785,0.6151500000000001,0.4061,0.3618,0.40725,0.43674999999999997,0.4346,0.5011,0.4079,0.3995,0.35350000000000004,0.3356,0.48355,0.40759999999999996,0.4833,0.3826,0.4631,0.3581,0.4121,0.29535,0.358,0.476,0.20445000000000002,0.57535,0.65315,0.56935,0.4946,0.5437000000000001,0.4992,0.7001000000000001,0.45515,0.49355000000000004,0.25405,1.0,0.3744,0.5105000000000001,0.389
0.74385,0.56075,0.5622499999999999,0.48505000000000004,0.7138,0.6151,0.45935,0.64185,0.62825,0.7314499999999999,0.60595,0.6457499999999999,0.4904,0.46654999999999996,0.49715,0.41195000000000004,0.4851,0.61235,0.626,0.4237,0.48695000000000005,0.5197499999999999,0.7542500000000001,0.4462,0.5926,0.7606499999999999,0.70835,0.697,0.7463,0.74535,0.7621,0.7803,0.7061,0.5854,0.7020500000000001,0.69275,0.6637500000000001,0.67625,0.7179,0.63995,0.51325,0.67225,0.6832499999999999,0.6711,0.53015,0.58965,0.5724,0.49800000000000005,0.44560000000000005,0.38095,0.3921,0.58075,0.50535,0.4657,0.38625,0.63505,0.3744,1.0,0.7465499999999999,0.73975
0.6751,0.6597999999999999,0.50855,0.5288999999999999,0.71085,0.7156,0.47939999999999994,0.61295,0.7967500000000001,0.8053000000000001,0.77135,0.66665,0.5619500000000001,0.5109,0.4627,0.44325000000000003,0.53035,0.5686,0.6637,0.5305,0.5575,0.6074499999999999,0.67125,0.5095,0.6658000000000001,0.81555,0.7006,0.6292500000000001,0.7434000000000001,0.8044499999999999,0.78185,0.7335499999999999,0.7365,0.53095,0.6938500000000001,0.7498,0.6823,0.73745,0.7287,0.7060500000000001,0.54685,0.65935,0.7093499999999999,0.6817,0.5591999999999999,0.5717,0.60785,0.49355000000000004,0.42415,0.46855,0.4883,0.6465,0.6171,0.41859999999999997,0.42729999999999996,0.56745,0.5105000000000001,0.7465499999999999,1.0,0.7158
0.7578,0.64225,0.61555,0.58275,0.6753,0.52745,0.3767,0.7596499999999999,0.6254500000000001,0.8314,0.6498999999999999,0.8164999999999999,0.48125,0.4447,0.47220000000000006,0.40170000000000006,0.45380000000000004,0.5585,0.69255,0.4159,0.4828,0.44210000000000005,0.7965,0.36355,0.6054999999999999,0.7106,0.7711,0.7736500000000001,0.72325,0.678,0.76135,0.7354,0.5767,0.6952,0.8425,0.7668,0.57625,0.75195,0.8686,0.59425,0.7031,0.78585,0.74315,0.78525,0.53705,0.6934,0.544,0.5331,0.47314999999999996,0.34435,0.33985,0.5486,0.5495,0.41180000000000005,0.37629999999999997,0.6980000000000001,0.389,0.73975,0.7158,1.0
