-0.1268,0.1776,-0.0077454,0.064623,-0.14565,0.1975,-0.024984,0.038684,-0.25343,0.033687,-0.091556,0.0096702,0.24376,0.11718,-0.0061568,0.21575,-0.014096,0.083715,-0.098337,0.21836,-0.19055,0.079116,-0.025372,0.12069,-0.071156,0.15006,0.023144,0.0018752,0.01955,-0.020342,-0.11442,-0.057368,0.07939,0.060538,0.081155,0.0091015,0.032455,0.11328,0.29985,-0.065164,-0.12271,-0.11611,-0.12377,-0.081573,-0.31937,0.030218,0.18406,0.048646,0.0086762,0.12443,0.31416,0.14951,0.16845,-0.060639,-0.07147,-0.17262,-0.066492,-0.04494,-0.01421,-0.0063511
-0.13453,-0.016322,0.049888,0.082786,0.21275,-0.1395,0.20196,-0.097833,0.13789,0.036149,-0.18542,-0.024253,0.099994,-0.067073,-0.061777,0.11848,0.082465,0.064348,0.085364,0.13645,-0.0097238,-0.10521,0.29838,0.15201,0.077423,0.062141,-0.074515,0.037954,0.070864,-0.022096,-0.028318,0.16121,0.05355,0.0015442,-0.13624,0.1322,0.074039,-0.080661,0.061662,-0.11676,0.068207,0.14279,-0.053781,0.18638,-0.057585,0.20934,-0.18675,0.052969,0.31108,0.090712,-0.10016,-0.11114,0.3003,0.067335,0.13538,-0.037249,0.0075752,-0.2958,0.071043,-0.1002
-0.10971,0.1853,-0.016765,0.056814,0.23332,0.034743,-0.48814,-0.077959,-0.012455,-0.11083,-0.066701,-0.038204,-0.23188,-0.062824,0.28634,0.0050525,-0.06779,0.051311,0.23911,0.0044582,-0.063001,-0.059907,0.051626,-0.045546,-0.042011,0.06511,0.080596,0.0061569,0.076464,-0.16978,-0.18791,-0.099569,0.067956,0.31757,0.085135,-0.034108,0.19297,-0.040584,-0.033064,-0.1247,-0.03586,-0.015081,0.098039,0.12238,0.026053,-0.076123,-0.074669,0.056838,-0.20174,-0.0088451,-0.11125,0.10084,0.15166,-0.0060965,-0.016944,-0.020414,0.10093,-0.07527,0.066973,0.06844
-0.1305,-0.042369,-0.060812,-0.13251,0.17343,-0.023217,-0.091034,0.13332,-0.10451,0.21223,0.085896,0.078902,0.20143,-0.29923,-0.2183,-0.095743,-0.17867,0.066806,-0.11865,0.19851,-0.1968,-0.043662,-0.13405,-0.14749,0.0169,-0.083749,-0.19469,-0.2514,-0.12342,0.10524,0.089461,-0.2439,-0.0092195,0.12406,-0.21256,-0.071332,0.10845,-0.041626,0.11298,0.136,0.10417,0.066187,0.15336,0.040252,-0.067191,0.022543,-0.090237,-0.10071,-0.046884,-0.19041,-0.12358,0.089736,0.038153,-0.017493,-0.052733,0.01533,-0.067499,-0.10545,0.13367,0.0039809
-0.13738,0.022266,-0.013895,0.028008,-0.027674,-0.32624,-0.097326,-0.10594,0.14374,0.023791,-0.049195,0.020892,0.15374,0.082074,0.077694,0.17934,-0.066716,-0.095614,0.01672,0.060308,-0.0908,-0.058117,-0.058469,-0.12586,-0.02758,0.032988,-0.025401,-0.073775,-0.070712,0.0083062,0.030545,0.038372,-0.064453,0.055275,-0.109,0.027673,-0.018511,0.0031288,-0.021922,0.071908,0.033212,0.08734,-0.097069,0.1989,-0.073306,-0.18759,0.28334,-0.22092,-0.12627,0.062162,0.066581,-0.37706,-0.032963,-0.40173,0.19972,-0.030095,0.22284,0.10228,-0.083418,-0.072918
-0.1306,0.0016693,0.16903,-0.059057,-0.2487,-0.16429,-0.044063,0.038234,-0.03963,-0.050496,0.016552,-0.16068,-0.09473,-0.15643,0.22526,-0.11909,-0.08952,-0.083755,-0.18655,-0.08873,-0.16903,0.023664,-0.031371,0.19199,-0.21387,0.037493,-0.18876,0.0034884,0.044545,-0.080196,-0.016379,-0.042885,-0.41003,-0.046807,-0.096946,0.15548,-0.18634,0.093419,0.14784,-0.022148,0.039448,0.15484,0.16512,0.084419,0.09301,-0.061505,0.075424,0.29098,0.090248,0.03829,-0.060553,0.057791,0.18053,-0.010557,-0.071985,0.10794,-0.022675,0.0010019,-0.11367,0.0084271
-0.10642,-0.0025556,0.045426,0.15618,-0.27966,0.17469,-0.35954,0.025939,0.23265,0.2848,-0.14842,-0.19101,-0.10438,0.11569,-0.27468,0.15213,0.30966,0.22076,-0.24818,-0.055594,0.1674,-0.20061,0.12408,0.013842,0.046089,-0.092751,-0.10458,0.0094366,-0.056801,0.025545,0.095934,-0.049022,-0.16518,0.047392,-0.037591,-0.1034,0.084423,0.0081485,-0.055573,0.0039018,-0.032793,0.075347,0.044349,-0.046817,0.033942,-0.033175,-0.031401,-0.013817,-0.078474,0.032473,0.0035717,-0.018131,0.038132,0.00092533,-0.0080151,-0.0057434,-0.013499,-0.021655,0.016214,-0.014913
-0.1266,0.10579,-0.12933,-0.032361,0.28343,0.10098,-0.17804,-0.0073455,0.050074,-0.19487,0.10357,-0.20872,-0.16084,0.083123,-0.092502,-0.13962,-0.045253,-0.061813,-0.15847,0.062152,0.014462,-0.029406,-0.083006,0.12517,0.01169,0.11048,-0.11634,-0.043273,0.10095,-0.056721,0.1219,-0.11864,0.01793,-0.082654,-0.064265,-0.10313,-0.059685,-0.062759,0.072405,0.13499,-0.21862,0.07818,-0.38767,-0.0012227,0.097441,0.026436,0.081106,-0.069703,0.2238,-0.18311,0.17081,0.037391,-0.011461,0.092012,0.30257,0.15248,-0.00047258,-0.021065,-0.17707,0.021487
-0.13502,0.037859,0.20836,-0.0058979,-0.16963,-0.091201,-0.0056018,0.024639,-0.035867,0.15043,0.1148,-0.13059,-0.21618,-0.10668,0.11575,-0.042659,0.048158,-0.008912,-0.045018,-0.051196,-0.082125,0.063113,0.027887,0.13362,-0.0021984,-0.16241,0.20689,0.054722,0.050476,0.10252,-0.05804,-0.053465,0.054592,0.08148,0.042535,0.046012,0.14297,0.10939,0.031458,0.060125,0.21888,-0.30778,-0.26522,0.092105,-0.23951,0.016168,-0.095204,-0.17147,0.12956,-0.25959,-0.19394,-0.17067,-0.022212,0.0083479,0.12713,-0.12333,-0.27039,0.088757,-0.076907,0.077078
-0.14261,0.092869,0.092967,-0.095253,0.034323,-0.0020018,0.11195,-0.061953,0.13833,0.02198,0.15251,0.02488,-0.05601,0.051925,-0.045236,-0.072006,0.088007,0.014348,-0.11404,-0.046849,0.060568,0.097254,-0.038135,0.15089,0.049785,0.019132,-0.11478,0.052579,-0.11741,-0.0014763,-0.10247,-0.020543,0.0012557,0.088564,-0.087357,0.15923,-0.032629,0.06202,0.030784,0.11141,-0.083134,-0.24539,-0.015431,0.1187,-0.066243,-0.014576,0.018709,-0.035872,-0.023357,0.13573,0.077969,-0.050928,-0.14957,0.0671,-0.11042,0.11765,0.36492,-0.20899,0.33981,0.50553
-0.13436,0.11635,0.13524,0.027005,-0.084783,-0.022154,0.11379,0.13914,0.12823,-0.1259,-0.19328,0.11661,-0.12536,-0.21456,-0.05071,0.099063,-0.042278,0.058918,-0.16827,0.11215,0.056673,0.040487,-0.012938,0.067351,-0.05594,0.21787,-0.05854,0.00084357,0.081295,0.16877,0.076747,-0.034121,0.14771,0.19397,0.089373,0.11578,0.018629,-0.24428,-0.21806,-0.11476,-0.019392,-0.10696,0.14126,0.32385,0.083438,-0.020109,0.094838,-0.070343,0.054564,-0.0024371,0.1485,0.19247,-0.33997,-0.027379,-0.059425,0.068393,-0.13756,-0.0026662,-0.13737,-0.12724
-0.12376,0.21619,-0.16008,-0.05478,0.0062222,0.16392,-0.0099865,-0.052992,-0.075374,0.14886,0.037832,0.05078,0.046328,0.14709,-0.18797,-0.36775,0.034396,0.027306,0.094436,0.17806,-0.16645,-0.059218,0.20249,-0.052723,-0.18936,-0.071961,0.14353,0.10184,-0.010094,-0.10306,-0.023687,0.14358,-0.096588,-0.15789,0.073846,0.19122,-0.010829,-0.021015,-0.3034,0.026973,0.034035,0.12114,0.14508,0.1435,-0.028055,-0.22024,0.19042,0.037535,0.12899,-0.15422,0.0024069,-0.0025891,-0.080652,0.013244,0.0072809,-0.21573,-0.041977,-0.085879,-0.048272,0.11236
-0.12698,-0.083077,0.09542,0.23195,-0.10318,0.13813,0.065361,0.074496,0.23916,-0.057426,0.22438,-0.0032377,0.056254,0.062335,0.012495,0.012256,-0.27937,0.019236,0.2001,0.25466,0.069943,-0.10027,-0.095355,-0.043933,0.08883,-0.13538,0.062929,0.033864,-0.2053,0.091015,-0.18315,-0.079963,-0.10901,0.19966,-0.12135,-0.073022,-0.0055807,0.21582,-0.059978,-0.15219,-0.2293,-0.087894,0.11293,-0.044723,0.18899,0.13325,0.094401,-0.00034075,0.28653,-0.027431,-0.047453,-0.041478,0.014653,0.06779,-0.025696,-0.10218,0.069168,0.073594,-0.1726,0.0031326
-0.12482,-0.06659,0.12406,0.24887,0.07845,0.20441,0.064358,-0.12632,0.28058,-0.030108,-0.14671,-0.049875,0.16032,-0.028305,0.04271,-0.08688,-0.17148,0.0032002,0.069045,-0.027914,-0.13295,-0.068761,-0.13744,-0.070488,0.039812,-0.0021622,-0.073781,-0.011988,0.028969,0.19074,0.040417,0.25654,-0.13864,0.024211,0.18703,0.20136,0.006422,-0.0060156,0.19492,0.059725,0.23009,-0.015561,-0.21391,-0.1315,0.11654,-0.3173,-0.21348,-0.0022242,-0.17444,-0.10917,0.11403,0.13759,-0.052559,0.069109,0.00060335,-0.042281,0.011214,-0.06099,-0.02146,0.032856
-0.11207,-0.10147,-0.21303,-0.16288,-0.27296,0.12687,0.0051383,-0.11021,0.23517,0.06408,0.20169,-0.13803,0.095916,-0.30753,-0.092578,0.15599,-0.0037522,-0.23848,0.34575,-0.092841,0.0095333,0.028444,0.16292,0.030852,-0.09094,0.18408,-0.025644,0.013854,0.12479,-0.31904,-0.030595,-0.07221,0.0093932,0.0082996,-0.081425,0.086306,0.078754,-0.044357,0.036623,0.08944,-0.064163,-0.057165,0.059532,-0.12233,-0.0087133,-0.076308,-0.1085,-0.16771,0.051798,-0.0089721,0.16706,0.037406,-0.07179,-0.046533,-0.015841,0.071957,-0.11989,0.0016004,0.043886,-0.046115
-0.1133,-0.20352,-0.15984,0.070668,0.034137,0.070323,0.12962,-0.14901,0.068441,0.12197,-0.25946,-0.3025,0.23588,-0.1579,0.35978,-0.20153,0.057918,0.15225,-0.30584,-0.01736,0.0034957,0.046693,-0.15252,-0.17052,0.06038,-0.12605,0.080172,0.16887,0.04688,-0.20727,-0.1857,-0.16235,0.19957,-0.056207,-0.064314,-0.065878,-0.050339,-0.10507,-0.10992,0.0017965,-0.079321,-0.057141,0.054301,0.016111,0.017676,-0.02722,0.033228,-0.001552,0.082572,0.03495,0.028808,-0.016865,-0.037014,-0.0078002,0.012317,-0.029888,0.0028129,0.032307,0.030666,-0.0044668
-0.13091,-0.17384,-0.084774,-0.026792,0.029327,-0.15463,0.088006,-0.16762,-0.1501,0.058491,-0.03136,-0.072726,-0.21598,-0.0025532,0.016685,0.068085,0.035412,-0.11836,-0.13159,0.054512,-0.14591,-0.14867,0.11585,0.090274,0.010089,0.17512,-0.0548,-0.20568,-0.39256,0.12502,-0.34066,0.09341,0.011913,-0.19406,0.16503,-0.033822,0.29874,-0.036465,-0.12069,0.042085,0.0041373,-0.1161,0.047718,-0.2103,0.23592,0.010487,0.059003,-0.023174,0.0014376,-0.0052532,0.059344,0.13311,0.036217,-0.086061,0.064525,0.025341,-0.023366,0.0072464,-0.011384,0.028804
-0.12497,-0.17022,-0.12873,-0.13063,0.062073,0.10279,-0.066429,0.076569,-0.054309,-0.26824,0.094777,-0.22435,-0.20455,-0.1239,-0.028343,0.14364,-0.15781,0.03665,-0.15487,0.24732,0.0030084,-0.15246,0.054538,0.063762,0.19653,0.0016243,0.2999,0.055177,0.012625,0.072993,0.11324,0.21855,-0.089279,-0.15574,-0.098286,-0.0221,-0.17114,-0.14434,0.050617,-0.089965,-0.0099709,-0.026615,0.038532,-0.06141,-0.21136,-0.21206,-0.029773,-0.095236,-0.012306,0.15544,-0.17452,-0.037704,-0.037869,-0.082755,-0.24356,-0.053403,0.045806,-0.014116,0.083076,-0.01375
-0.13195,0.063242,0.058308,0.12546,-0.044997,0.086132,0.082874,-0.11234,-0.17003,0.026737,0.3406,0.016843,-0.10371,-0.16843,0.26535,0.083303,0.056576,0.1625,-0.054201,0.038993,0.26292,-0.099805,0.091703,-0.24655,-0.21699,-0.054986,0.0083677,-0.29445,0.23108,0.17503,0.038617,0.083778,0.099374,-0.001647,-0.10746,0.059234,0.001888,0.099958,-0.044313,0.072024,0.040153,0.24687,-0.09377,-0.075471,0.092101,0.011944,0.067083,0.031751,0.036205,0.18269,0.098952,0.058041,-0.082936,-0.020002,0.12095,-0.12839,-0.047778,-0.040968,0.17278,0.055084
-0.12204,-0.14788,0.061178,-0.20361,0.1532,-0.12303,-0.047191,0.20554,-0.12117,0.12395,-0.0091807,-0.27085,0.0012714,0.045197,-0.029265,-0.034739,-0.0072719,0.1132,0.12262,0.15637,0.28601,0.34909,0.20651,-0.36252,-0.054586,0.12061,-0.17407,0.19698,-0.12718,0.059466,0.033534,-0.023188,-0.11308,-0.030576,0.13974,0.20053,0.028585,0.059146,0.15922,-0.1702,-0.077752,-0.079618,-0.088725,0.0051051,0.089287,-0.031228,0.0067506,-0.015641,-0.090859,0.059633,-0.017391,-0.03259,-0.043136,0.021628,0.038841,-0.022201,-0.065028,0.015968,-0.07518,0.0039356
-0.12184,-0.1815,-0.10614,-0.20112,-0.13375,0.25506,0.10626,0.038682,0.039766,-0.061577,-0.084326,0.15312,-0.22504,0.044745,0.024774,0.10573,-0.083681,-0.0013753,-0.085475,0.0054437,0.007211,0.066365,-0.063657,-0.089521,0.12191,-0.064755,-0.085601,0.012566,-0.17717,-0.23953,-0.059608,0.20024,0.14721,0.058454,-0.19807,0.15298,0.0038189,0.27985,-0.11979,-0.041131,0.12164,0.2045,-0.2036,0.22967,-0.037658,0.10916,0.11661,0.0010204,-0.26899,-0.15313,0.013456,0.096565,0.15402,0.11511,0.021105,0.074754,-0.058132,0.032844,-0.012524,-0.042481
-0.13032,-0.1753,0.12987,0.13746,-0.017677,-0.035045,-0.018797,0.015017,-0.14836,-0.24423,-0.1067,0.028874,0.026615,0.060164,-0.055407,-0.093164,-0.055614,0.069585,0.094434,-0.086275,-0.098776,-0.018612,0.092264,0.10634,0.085392,-0.24162,-0.098569,-0.12285,0.20057,-0.068769,0.11449,-0.29696,-0.1144,-0.20974,-0.10213,0.293,0.18315,-0.032492,-0.17766,-0.30393,0.019714,-0.054028,0.023142,-0.17938,-0.073675,0.084745,0.11468,-0.2778,-0.11582,0.047539,0.096226,0.042617,-0.015412,0.093786,0.086535,0.0081998,0.08936,0.068083,0.080278,0.015719
-0.14045,0.10427,-0.060773,0.03522,0.063891,-0.045317,0.097629,-0.028448,0.087393,-0.029815,0.25667,0.044458,0.1473,0.15661,0.037461,-0.051342,0.050592,0.028279,-0.16244,-0.19159,-0.026628,0.031322,0.14551,-0.081459,-0.049322,-0.080468,0.1038,0.078716,-0.011745,0.0019059,0.016619,0.03514,-0.024096,0.056585,-0.095109,-0.015889,0.045923,-0.089996,-0.023121,-0.24706,-0.017522,0.05706,-0.10784,-0.092894,-0.012703,0.18809,-0.14082,-0.071751,-0.11699,-0.095676,-0.054348,0.23326,0.030681,-0.46094,-0.22223,0.20261,-0.078489,-0.17495,-0.30262,0.12752
-0.12186,-0.25393,-0.088235,-0.041003,0.065056,0.033967,0.059066,-0.18195,-0.11512,0.053454,-0.016345,0.072876,-0.18296,0.16437,0.025552,0.14005,0.072533,-0.065339,0.097788,-0.0085924,-0.29977,-0.085621,0.17499,-0.062482,-0.051913,-0.17167,-0.38921,0.3,0.26975,0.24316,0.0040285,-0.025604,0.096627,0.13675,-0.0093991,-0.22295,-0.24199,0.12159,0.033516,0.014389,-0.058283,-0.073043,0.10959,0.015076,-0.023291,-0.085126,0.012415,-0.041083,0.048418,-0.035022,-0.032848,0.086644,-0.11125,-0.037152,0.0045546,0.014608,-0.0076341,0.0076919,-0.011977,0.012951
-0.13121,-0.20842,-0.036223,0.029027,0.10251,-0.014392,0.11197,-0.092651,-0.1004,-0.082267,-0.11942,0.01569,-0.0011605,0.075978,0.036954,0.0052143,0.22211,0.038992,-0.0059438,-0.021889,-0.15222,0.058915,0.13356,-0.028277,0.062657,0.10243,0.30452,-0.25913,-0.14904,-0.17711,0.43552,-0.13785,-0.14329,0.37974,0.12912,0.076253,-0.1295,0.2309,-0.047076,0.1605,-0.060384,-0.052851,0.00067116,-0.017803,0.11937,0.0024372,-0.067121,0.046641,0.11255,0.016832,0.020527,2.5105e-05,-0.041191,-0.028034,-0.05752,-0.019288,-0.03022,0.010811,0.0081398,0.0033646
-0.12778,0.10362,0.21652,-0.088187,-0.047542,0.17116,-0.002567,-0.08277,-0.19842,0.14716,-0.13537,-0.059585,0.044664,0.3272,-0.062798,0.11012,-0.099107,-0.1866,-0.012246,0.0361,0.022244,-0.033118,-0.092257,-0.078293,-0.0056269,0.042019,0.25752,-0.086251,0.15186,-0.0064583,-0.1172,-0.060626,0.074834,-0.13586,-0.16317,0.13632,-0.11336,-0.019208,0.14373,0.15032,-0.017386,-0.036313,0.19115,0.16312,0.27375,0.039392,-0.2203,-0.24229,-0.047389,0.15872,-0.17645,0.076006,-0.0036461,0.03402,0.116,0.17072,-0.022471,0.0068741,-0.10184,0.012822
-0.12994,0.16045,-0.088109,0.080983,-0.11676,0.13722,-0.019845,0.11349,-0.21496,0.013721,-0.18566,0.060379,-0.032284,-0.15847,0.11464,0.1966,-0.090792,0.027433,0.1342,-0.057558,-0.14393,0.24019,-0.11961,0.090615,0.11969,-0.10703,-0.11803,0.12057,-0.096926,0.043996,0.080637,0.037401,-0.13039,-0.15156,0.015447,0.011848,0.091087,-0.033889,-0.19271,0.15737,-0.31129,0.17596,-0.14792,-0.048329,0.10629,0.11204,-0.2669,0.067163,0.014033,0.031013,-0.12984,-0.15967,-0.21277,-0.18783,0.027673,-0.11909,0.0054743,-0.14468,0.016228,0.080756
-0.1329,0.099902,-0.071819,0.0010974,0.25289,0.026474,-0.1159,0.10319,0.024118,-0.15367,0.098285,-0.25058,0.057738,0.15701,0.012539,0.108,-0.04603,0.034678,-0.05063,-0.14384,-0.035887,0.054435,-0.076826,0.097531,0.030208,-0.046427,-0.075435,0.14735,-0.00043015,-0.005168,0.065747,0.19949,0.085259,0.053394,-0.099011,0.12646,0.13832,0.10556,-0.0077137,0.21402,0.32642,-0.035162,0.38532,-0.10396,0.054168,0.29437,0.030395,0.088058,0.016163,0.021337,0.22087,-0.15563,-0.13156,-0.045674,-0.020326,-0.10947,-0.14715,0.1196,0.01296,-0.046128
-0.14062,0.045828,0.090406,0.11612,0.068458,-0.14614,0.02074,-0.087489,0.10441,0.060786,0.18404,-0.0097077,-0.05027,0.17206,-0.013149,-0.10523,-0.096425,-0.19385,-0.16042,-0.046454,-0.10028,0.074335,-0.034494,-0.059149,-0.0062114,0.061195,0.071876,0.070429,0.036124,-0.0024427,-0.078499,-0.050798,-0.11321,-0.026579,0.065649,-0.065043,0.041787,0.1218,-0.10009,-0.0027367,-0.23292,0.060441,-0.055028,0.030217,-0.080743,0.029231,-0.022979,-0.038135,-0.19637,0.059189,0.03946,-0.11178,-0.10862,0.19829,-0.16641,0.0052619,-0.2162,-0.25538,0.31566,-0.49494
-0.13205,0.037967,0.19052,-0.21305,-0.025405,-0.12216,0.0030185,-0.19159,0.10071,0.033638,-0.021672,0.066475,0.016609,-0.080517,0.087825,0.01668,-0.054371,0.13127,0.11565,0.20326,0.015613,-0.055999,0.11605,0.048879,0.10529,-0.28436,0.17266,0.0081142,-0.059688,-0.13107,0.084779,0.070651,-0.16628,-0.18227,0.15018,-0.30584,-0.0635,-0.070019,0.19392,-0.0093175,-0.032186,0.024048,0.10183,0.11782,-0.019493,0.25231,-0.02009,0.11734,-0.19924,-0.10105,0.28455,0.11984,-0.20227,0.0272,0.199,0.059916,-0.045661,0.035646,0.043401,0.066254
-0.14186,0.071527,0.075228,-0.011045,-0.078125,-0.016408,0.15943,0.15227,0.072819,-0.083841,0.092775,0.050172,-0.051309,-0.040452,-0.11023,-0.083504,0.10491,-0.033429,-0.19549,-0.016728,-0.013823,0.20208,0.027411,0.034459,0.15603,0.07354,0.062997,0.066751,0.16283,-0.0031256,-0.033673,0.093516,0.11943,0.089301,0.13771,0.010405,-0.016122,0.02547,0.12172,-0.070858,-0.20648,0.14655,0.26969,-0.15938,0.098545,-0.094799,-0.085974,-0.063516,-0.075299,-0.28677,-0.068041,0.053019,0.20949,-0.18456,0.31764,-0.19726,0.19755,0.19074,0.22875,-0.060997
-0.13654,0.10741,0.087112,-0.038317,-0.13772,0.14122,0.087993,0.027516,-0.12797,-0.11981,-0.10939,-0.10533,0.12675,0.056783,0.064518,-0.091151,0.0095621,-0.23896,0.0032673,0.21694,0.1096,-0.20616,0.066787,-0.068296,0.017181,0.087731,-0.17665,-0.059752,0.15151,-0.036326,0.098838,-0.01467,0.057028,-0.0020253,0.19944,-0.17989,0.064545,-0.016047,-0.050092,-0.10313,0.10632,-0.0044977,-0.099542,0.021809,0.17887,0.13342,0.0061881,0.035459,-0.017289,-0.2377,-0.0077443,-0.35796,0.090712,-0.086508,-0.34317,0.15193,-0.024112,0.11885,0.2127,0.12494
-0.1314,-0.050558,0.018585,0.10604,-0.16887,-0.33772,-0.20105,-0.056317,-0.035874,0.015053,-0.052771,-0.024762,0.055292,0.024335,-0.051609,-0.12217,-0.13396,-0.20307,0.014164,-0.13844,0.032696,0.017429,-0.0050777,-0.061454,0.1574,0.15759,-0.035568,0.039979,-0.061079,-0.0055705,0.11526,0.12321,0.15009,0.036265,-0.055227,-0.12862,-0.19193,-0.10686,-0.048506,-0.0069892,-0.00043226,0.16566,-0.065582,0.026583,0.032517,0.14341,-0.0098063,-0.18248,0.022863,0.082599,0.053488,0.20237,0.068819,0.19442,-0.13044,-0.41733,-0.12622,0.050617,-0.0031754,0.3208
-0.1285,0.06547,-0.21026,0.16974,-0.04201,-0.20269,0.039836,0.01739,-0.027885,0.22984,0.11847,0.006049,-0.051335,-0.10392,-0.15811,-0.012035,-0.21372,0.30013,-0.052325,0.096364,-0.12236,0.040849,0.090026,0.11387,-0.078282,0.029041,0.017532,0.016481,0.22168,-0.15484,0.029975,0.077027,0.11649,-0.053031,0.16235,-0.0036432,-0.038606,0.10917,-0.03459,0.11522,0.068136,-0.096636,-0.13792,-0.0019013,0.16394,0.15108,-0.081296,-0.014075,-0.13936,0.10638,-0.077752,-0.013085,0.018843,0.14433,-0.18322,0.10098,0.35036,0.24108,-0.16037,-0.11647
-0.13825,0.15206,-0.15057,-0.041119,-0.018139,0.032741,0.10024,0.086334,0.040143,-0.0034309,-0.041446,0.021544,-0.010662,0.0048043,0.084272,-0.0046099,0.1623,-0.19206,-0.044349,-0.04383,-0.094357,0.078629,0.020532,-0.072223,0.079153,-0.062642,0.062452,0.031761,-0.050997,0.032951,-0.033237,-0.046386,-0.073167,0.087812,0.12144,-0.14541,0.31642,0.037066,0.26077,-0.14115,0.17968,0.40102,0.020886,-0.026959,-0.10302,-0.048712,0.066245,-0.15231,0.19165,0.20531,-0.12065,0.031696,-0.26934,0.28171,-0.039431,0.12336,0.16906,0.13489,-0.099447,0.023455
-0.13595,0.093615,0.052536,-0.1756,0.084428,0.032722,0.074365,-0.14566,0.15834,-0.11005,-0.12719,0.2313,-0.067188,-0.080748,-0.044945,0.012391,-0.034591,0.026934,-0.16738,0.069592,0.066179,0.029823,0.029172,-0.022674,-0.14935,0.13542,-0.054483,-0.072086,0.043866,-0.055162,-0.070177,-0.13587,0.031809,-0.0098346,-0.024308,-0.093507,-0.11335,0.094274,-0.062447,-0.049628,0.018558,-0.0053945,0.12986,-0.37205,-0.099922,-0.028237,-0.1271,0.011699,-0.20539,0.073551,-0.056778,-0.37232,-0.0042811,0.18606,0.050388,-0.17265,-0.098857,-0.12523,-0.37166,0.15585
-0.12527,0.074475,0.085671,-0.11024,-0.074281,-0.12801,-0.35368,-0.11268,0.10188,-0.28866,-0.15001,0.18133,0.17521,-0.099935,-0.068137,-0.0034511,0.043269,0.10945,-0.031221,-0.025264,0.034275,0.21243,0.05362,-0.11006,-0.05407,-0.13926,0.019273,-0.041209,-0.031589,0.057793,-0.044181,0.146,0.19956,-0.22807,0.037411,-0.055066,-0.015174,0.35912,-0.026821,0.059358,0.0032071,-0.088744,-0.0030769,-0.075816,0.068442,-0.12698,0.0028463,-0.074648,0.32752,-0.015435,-0.070533,0.09639,0.036152,-0.041806,-0.12851,0.2106,-0.028141,-0.041793,0.098272,-0.093586
-0.13281,0.075156,0.0397,-0.13924,0.087719,0.014495,0.064059,0.024671,0.137,-0.0354,0.041574,-0.34472,0.10525,-0.086874,-0.255,0.24912,0.14067,-0.084579,0.12839,-0.21595,-0.25629,0.076664,-0.12777,-0.14058,-0.036712,-0.10691,0.10887,-0.27289,0.0638,0.18285,-0.079634,-0.054153,0.10511,-0.090673,0.089637,-0.033156,-0.1421,-0.014457,-0.17745,-0.2022,-0.053544,-0.014425,-0.086947,0.11159,-0.0045322,0.057956,0.11219,0.32252,-0.095231,0.0076504,-0.091462,0.014248,0.04391,0.11359,0.0025652,-0.063903,0.056122,0.058266,-0.016687,0.074667
-0.14192,0.12013,-0.049181,-0.041241,-0.040171,0.018043,0.10606,0.05671,0.032395,-0.10899,0.053668,-0.041654,0.082171,-0.0054718,0.18456,0.019279,0.20818,-0.015706,0.13154,-0.032475,0.18883,-0.058966,0.014123,0.11009,0.15079,-0.10897,-0.14889,-0.065433,-0.022871,-0.02185,0.079439,-0.069513,0.025695,-0.10595,0.12403,-0.0056654,-0.048279,-0.055977,0.11879,0.28957,0.024841,-0.14933,0.050574,0.015981,0.083323,0.0257,0.329,-0.135,-0.16125,-0.088467,-0.28602,0.15728,0.069839,0.071886,-0.10981,-0.229,0.10734,-0.31609,-0.18905,-0.21661
-0.12793,-0.063022,0.14007,-0.21117,-0.095515,-0.11943,0.02704,-0.042291,-0.048267,-0.048706,0.13421,0.057894,-0.037352,0.041072,-0.021672,-0.10349,0.30633,0.36962,0.21795,0.020649,-0.1553,-0.266,-0.47567,-0.13767,0.14744,0.33458,0.0028324,0.18517,0.10627,-0.012679,0.004439,0.028297,-0.039143,-0.070912,-0.013887,0.031383,0.12996,0.022862,-0.028076,-0.0076789,-0.025243,0.070066,-0.015988,-0.033938,-0.010609,0.037995,-0.05084,-0.021924,0.060721,0.026051,0.010822,-0.010612,0.01432,-0.009019,-0.049186,0.026429,-0.025568,-0.013772,-0.058854,-0.02459
-0.12275,0.092155,-0.25047,0.16061,-0.0051411,-0.17673,0.049917,0.18003,0.079081,0.022028,-0.24474,0.014333,-0.21791,0.017022,-0.026662,-0.12224,0.066391,-0.26282,0.079538,0.084247,0.19922,-0.19345,-0.10528,-0.21376,0.030592,0.023065,0.012225,-0.097214,0.10435,0.016865,-0.038413,-0.094712,-0.049598,-0.17227,-0.079254,0.090707,-0.046384,0.26679,0.043531,0.039198,0.02079,-0.14793,0.047133,-0.0095367,-0.29125,0.11585,-0.20578,0.21516,0.022892,-0.055668,0.077456,0.18029,-0.11076,-0.17423,0.013351,-0.049331,0.12056,0.0054245,-0.017115,-0.029157
-0.14185,0.074017,-0.067747,0.16655,-0.016814,-0.11379,0.11854,0.060715,0.01772,-0.0097927,0.051795,-0.024308,0.11047,0.048946,-0.070527,0.021687,-0.11595,-0.010111,0.057544,0.12081,0.10088,-0.021942,-0.080393,0.058909,0.16523,-0.015998,-0.076131,0.081472,0.045017,-0.10419,0.088019,0.0091775,0.019572,0.079325,0.17766,-0.068641,0.024507,0.042255,-0.19359,0.11355,0.031639,-0.014027,0.048323,-0.10238,-0.13449,-0.16898,0.15081,0.13965,-0.096452,0.27577,-0.26408,0.12493,0.11716,-0.024155,0.28915,0.34485,-0.37118,0.030427,0.075544,0.20993
-0.13013,0.078833,-0.11383,-0.16918,-0.012835,0.053046,0.1357,0.0066799,-0.13034,-0.01627,-0.094501,0.022032,0.046435,0.027742,-0.076458,-0.062585,-0.38406,0.27323,0.025382,-0.54724,0.18525,-0.2044,0.19188,-0.01389,0.22443,0.11701,0.027736,-0.063768,0.027898,0.11763,-0.14309,-0.10869,-0.11743,0.039041,0.083353,-0.11336,0.011571,0.097294,0.066812,0.027976,-0.035369,0.00065094,0.018313,0.14971,-0.056549,-0.12516,0.028991,0.028134,0.09666,-0.030769,0.077493,-0.087948,0.016242,-0.038012,0.0097685,-0.017958,-0.030502,0.011099,0.01827,-0.035931
-0.12893,0.16087,0.060008,-0.17364,0.17549,0.041854,0.11374,-0.11334,0.19031,0.06425,-0.16071,0.14162,-0.13402,0.056979,-0.082405,0.0077919,-0.061798,0.035149,0.052132,-0.028256,0.052828,-0.045266,-0.066279,0.082569,-0.2075,-0.042853,-0.003486,0.13821,-0.089629,-0.096802,0.036131,-0.18157,-0.05608,-0.0017677,-0.14164,0.014233,-0.017756,-0.12699,0.095271,-0.0099442,0.080573,-0.027646,-0.24371,-0.17325,0.15615,0.037059,0.13983,0.062867,0.076232,0.15488,-0.20906,0.1597,-0.018391,-0.19873,-0.11034,-0.22957,-0.10769,0.32996,0.28444,-0.10378
-0.12763,0.038693,0.12763,-0.067918,0.28188,-0.016906,-0.10355,0.042483,0.013101,0.27795,0.041594,0.2128,0.13896,-0.077909,0.23507,0.22943,0.085074,-0.13222,-0.0459,-0.037969,0.10721,-0.11871,0.077589,0.029672,0.17705,0.0067082,0.038561,0.077067,0.028216,0.10511,-0.010886,0.02008,-0.085888,-0.05865,0.014785,0.25845,-0.070447,-0.061692,-0.18162,0.1372,-0.21873,0.065924,0.011716,-0.12002,-0.16408,-0.04274,0.041895,0.018875,0.054248,-0.19083,0.082331,0.04109,0.12618,0.18686,-0.18464,0.1371,0.011372,0.32339,-0.081585,0.02146
-0.12359,0.18173,-0.21804,0.03021,-0.093868,-0.096844,0.019744,0.26885,0.011126,0.059144,-0.14573,0.019244,-0.12999,-0.016495,0.090377,-0.18186,0.13623,0.12502,0.21268,-0.048089,-0.12995,-0.057691,0.01951,0.016804,-0.038751,-0.14484,0.081952,-0.1056,-0.14819,0.14981,-0.091466,0.13779,0.11608,0.1311,-0.14331,0.093504,-0.32007,-0.17695,0.16701,-0.073733,-0.091921,-0.028504,0.00044415,-0.21015,0.11637,0.022635,0.074239,-0.14248,-0.077644,0.016918,0.14943,-0.19562,0.071279,0.10507,0.00076075,0.25154,-0.18535,-0.028112,0.10134,-0.044621
-0.13304,-0.066264,0.211,0.16592,0.047774,-0.084235,0.040256,-0.087655,-0.1178,0.1083,0.077998,0.011214,-0.18039,0.060986,-0.14581,-0.049792,0.025981,-0.013215,0.12775,0.0046659,0.092714,0.13805,-0.02424,0.11679,0.24758,-0.16063,-0.049516,-0.11665,-0.038636,-0.19418,-0.0072343,-0.089487,0.35155,-0.053837,-0.13695,0.011927,0.078936,-0.098484,0.18479,-0.01839,-0.012812,0.141,0.03336,0.0013238,0.028355,-0.3634,0.0036414,0.30093,0.039573,-0.026491,0.13211,-0.12053,-0.089092,-0.10919,-0.23889,0.00488,-0.052755,-0.010698,-0.17043,-0.048311
-0.12192,-0.12252,-0.013223,0.21677,0.068158,0.27484,-0.10353,-0.29244,0.0085447,0.16067,0.0085202,0.1166,-0.18196,-0.099735,-0.059781,-0.12695,-0.039421,-0.013914,0.05104,-0.14913,0.052185,0.19815,-0.1729,-0.085076,-0.011874,0.13563,-0.074286,-0.15561,-0.032897,1.9318e-05,0.098163,0.1752,-0.050154,-0.10289,0.2141,0.045031,-0.097844,-0.13821,0.16145,-0.1081,-0.04328,-0.064217,0.17842,0.04918,-0.22995,0.30019,0.21744,-0.072828,0.1179,0.0099623,-0.16035,-0.12457,0.044357,-0.11563,-2.1895e-05,0.11355,-0.011806,0.042023,-0.0085305,-0.013248
-0.12305,-0.16865,-0.20892,-0.019874,0.047083,-0.083733,-0.079193,-0.10843,-0.22594,-0.088827,-0.042842,0.18517,0.15617,-0.18133,-0.2472,-0.04786,0.16375,-0.17431,-0.098626,-0.037873,0.21808,-0.060802,-0.16912,0.09829,-0.067776,-0.21306,0.12033,0.092859,0.21212,0.038357,-0.13051,0.22514,-0.1976,0.2198,-0.073388,0.05221,0.19633,-0.022366,0.14039,-0.051121,-0.15531,-0.15066,-0.081691,0.099209,0.20013,0.0094782,0.084682,0.12228,-0.10526,0.040959,-0.0068603,-0.085724,-0.020687,0.061383,0.01528,-0.064652,-0.086771,0.010521,-0.070534,0.02043
-0.11302,-0.27268,0.022888,-0.11642,0.065563,0.091117,-0.053398,0.22592,0.15508,0.20649,-0.10937,0.0067646,0.123,0.12709,0.19582,-0.22835,0.0018716,0.009667,0.15416,0.002625,0.037821,0.14082,0.031439,0.3824,-0.12697,0.21623,0.089265,-0.1878,0.16657,0.20411,0.10116,0.14921,0.070329,-0.080807,-0.21166,-0.25975,0.17669,0.14661,-0.070995,-0.038172,-0.078774,0.017543,0.0040717,0.018203,-0.02532,-0.030737,0.067934,0.056884,-0.11806,0.048592,-0.067667,0.03845,-0.070283,-0.058206,-0.0055666,-0.0067539,0.018259,0.015736,-0.0051097,0.029276
-0.12383,-0.21629,0.044674,-0.17803,0.093744,-0.012867,-0.096291,0.25535,-0.033813,0.14307,0.051749,0.039373,0.024065,0.060404,-0.011877,0.055185,-0.050156,-0.063941,-0.0065144,-0.044407,0.15302,-0.15236,-0.25014,0.22391,-0.17998,-0.21042,-0.034974,-0.065921,-0.016841,-0.17736,-0.1234,-0.014045,0.087014,0.089416,0.44862,0.044891,-0.22401,0.021918,-0.10442,-0.1261,0.12127,0.16365,-0.036724,-0.043501,-0.02058,-0.00062254,-0.13784,-0.14445,0.16041,0.095092,0.094801,0.00068389,-0.031962,-0.13373,0.030493,-0.057411,0.061485,-0.18728,0.020148,-0.051778
-0.12968,-0.16246,-0.049715,-0.05467,-0.15211,-0.08387,0.031828,0.14881,0.11701,-0.1821,0.032436,0.10524,0.00029625,0.367,0.089199,0.083565,-0.081311,0.11769,-0.056863,-0.030076,-0.035454,0.03544,0.0080162,-0.2053,-0.24648,-0.12192,-0.11535,-0.22536,0.038428,-0.14302,-0.015121,0.14057,-0.020275,0.024581,0.038348,-0.0086702,0.19904,-0.40488,0.050814,0.2093,-0.17599,-0.11418,0.016734,0.046375,-0.17493,-0.032818,-0.16202,0.12728,0.12917,-0.050827,-0.082668,-0.018403,0.040671,0.1508,-0.02604,-0.046896,-0.0012905,0.10403,0.016718,0.023521
-0.13065,-0.039244,0.12217,0.24792,0.091594,0.0094265,0.12583,0.045716,-0.13591,-0.15286,-0.011808,-0.08924,0.069845,-0.13625,-0.075161,0.044062,0.040701,0.012325,0.068141,-0.16656,0.076857,-0.25375,-0.01563,0.066699,-0.47861,0.034416,0.052641,0.23367,-0.34563,-0.033777,0.17255,-0.0062418,0.19682,-0.1336,-0.026249,-0.076282,0.041693,0.11245,0.10184,0.019086,-0.18173,0.077834,0.088661,0.12842,-0.13097,-0.069922,-0.071383,-0.090383,-0.14505,-0.10876,-0.060943,-0.0089655,0.0038537,0.098966,0.025101,0.0643,0.04418,0.095756,0.00091214,0.033073
-0.11624,-0.22853,-0.25176,0.028064,-0.17104,0.005095,-0.1469,-0.0803,0.12377,-0.11523,0.097191,0.16653,0.028242,0.093341,0.019753,0.010123,-0.023322,0.0088431,0.011178,0.078931,0.049925,0.074819,0.031269,0.091515,-0.033562,0.061961,0.22304,0.19777,-0.050162,0.36424,0.0056011,-0.43422,0.14408,-0.11969,0.1473,0.19633,-0.017415,-0.12348,0.089698,0.11834,0.15203,0.18915,-0.010146,0.088527,0.062703,0.10032,-0.015913,0.21003,-0.071991,-0.038726,0.017066,-0.095081,0.10015,0.0022957,0.023828,0.040052,-0.007444,-0.043277,0.063927,0.051336
-0.11779,-0.11378,0.16005,0.13201,0.063375,0.16803,-0.12891,0.40931,0.017844,0.018021,0.13746,0.30915,0.036958,-0.136,0.028176,-0.026283,0.06984,-0.13461,-0.10629,-0.14982,-0.22763,-0.13312,0.19593,-0.22059,0.10757,0.11307,0.053086,0.125,-0.01837,-0.1927,-0.00092281,-0.015314,0.033557,-0.18807,-0.026889,-0.122,-0.043197,-0.065634,0.068888,-0.0032508,0.13773,-0.22664,-0.094798,0.050202,0.17008,0.0094085,0.083809,0.15227,0.02447,0.19745,0.023865,-0.084997,-0.031517,-0.021266,0.15467,-0.040124,0.016372,-0.068398,0.0028142,0.0056747
-0.1314,0.071536,-0.2345,0.13005,0.0086531,-0.11124,0.012444,-0.034341,-0.10286,0.13457,0.058338,0.10267,0.039218,0.14435,0.11686,0.35114,-0.010952,0.077645,-0.016415,-0.033502,0.11149,0.1311,-0.18207,0.048794,-0.044355,0.15737,0.044642,0.0063071,-0.014637,-0.11485,0.12056,-0.011766,-0.13526,-0.12966,-0.14444,-0.13699,-0.087977,-0.030146,-0.015454,-0.35347,0.23234,-0.15327,0.061146,-0.027678,0.14269,-0.18571,0.005668,0.026293,0.10145,-0.34486,-0.028552,0.015594,-0.069204,0.18151,0.080391,0.0071991,0.014294,-0.13372,0.14412,0.030562
-0.13001,-0.10966,0.13353,0.22564,0.093588,0.042666,0.062186,0.088144,-0.11364,-0.17957,-0.047466,-0.0091832,0.0084966,-0.030904,-0.15418,0.012859,0.17716,0.083543,0.14002,0.049315,0.10229,0.26543,0.049706,0.010771,-0.05351,0.099853,0.05707,0.0023144,0.035616,-0.031493,-0.43422,-0.05301,-0.28941,0.053012,-0.098236,-0.25073,-0.20326,-0.12235,-0.1508,0.27076,0.24311,0.14139,-0.064388,0.010486,-0.10959,0.029743,-0.003071,-0.10514,-0.037797,-0.091978,0.061571,0.050917,0.011752,-0.036137,-0.079596,0.06113,0.033552,0.075373,0.022519,-0.014308
-0.13532,0.041342,0.06116,-0.084582,-0.1753,0.062398,-0.16782,-0.16688,-0.20108,-0.057958,0.089819,-0.034964,0.24719,0.052142,0.019436,-0.16782,0.027221,-0.044701,-0.0030888,0.012695,0.06233,-0.086549,0.11303,0.093591,0.07904,0.11578,-0.12517,-0.017481,-0.20725,0.019719,-0.049952,0.074333,0.11216,0.20123,-0.1166,0.085697,-0.18113,-0.12055,-0.094072,-0.10458,0.089659,-0.059891,-0.10345,-0.14643,-0.16603,0.072514,-0.14016,0.23926,-0.033906,-0.014739,-0.19658,0.042762,-0.30577,0.05336,0.21848,0.049084,0.19783,0.10173,0.0047878,-0.27882
-0.13859,0.019809,0.15077,-0.13169,-0.11001,0.016098,0.070623,-0.027691,-0.11121,0.11037,-0.11221,-0.050244,-0.1414,-0.052289,-0.058117,-0.036761,-0.17533,-0.15513,0.052535,-0.064055,0.067827,0.094405,-0.084706,-0.15573,-0.10099,-0.093737,0.18427,0.21697,-0.0031861,0.12299,0.2509,0.04393,0.016103,0.15059,-0.080295,-0.15135,0.15536,-0.16149,-0.19533,0.10721,0.12084,-0.076785,0.00068408,-0.23941,-0.051226,0.00017598,0.11162,0.084244,0.088219,0.031827,0.20304,0.045712,0.28508,0.040572,0.047044,0.11923,0.30883,-0.2294,-0.052147,-0.11883
-0.13642,0.15015,-0.14136,-0.045656,0.028038,0.13149,0.046667,-0.083364,-0.014282,-0.048441,0.18418,0.067148,0.0062981,-0.0089814,0.091345,-0.14013,0.16978,-0.054606,0.019509,0.026206,0.056391,0.12964,-0.073928,0.074816,0.05624,-0.10532,-0.16704,-0.053084,-0.17132,0.1215,0.12091,-0.048908,-0.086657,-0.093219,0.0012211,-0.14409,-0.016407,-0.021552,-0.14226,-0.1051,0.072839,-0.17833,0.043752,0.2796,0.0074528,-0.15606,-0.34711,-0.10112,-0.024766,0.29534,0.21323,-0.0096892,0.32732,0.0062596,0.017931,-0.085164,-0.027123,0.23816,-0.066335,-0.1384
