-0.13615,0.16341,-0.019579,0.0046962,-0.0064269,0.0053545,-0.16777,0.094112,-0.16815,0.0054449,-0.19799,0.1171,-0.084053,0.16707,-0.17179,0.010544,-0.11312,0.14099,-0.031834,0.0099009,-0.23143,0.099143,-0.10511,-0.072367,0.14954,0.049074,-0.22735,0.083585,0.0072109,0.1373,0.054916,0.0001886,-0.088292,-0.04318,-0.062339,-0.010605,-0.18442,0.00032378,0.056038,0.17774,0.2338,0.10336,-0.067187,-0.11275,-0.090659,-0.093018,-0.034499,-0.021338,-0.14445,-0.061354,-0.13042,-0.11928,0.25032,0.21735,0.040506,0.32504,0.19649,-0.11215,-0.010751,-0.21162
-0.14053,-0.058412,0.17721,0.067356,0.14975,0.018081,-0.00089188,-0.097101,0.21214,0.20511,0.043285,-0.18813,0.0055912,0.030889,-0.05397,-0.032464,0.028137,0.038393,-0.071024,0.12863,-0.11024,-0.033735,-0.20542,-0.21266,0.00069925,-0.21482,0.037609,-0.03585,0.0079237,0.027933,-0.11186,0.15991,-0.086992,0.039629,-0.019132,0.036429,-0.023285,0.19509,-0.038668,0.099109,0.037751,0.029814,0.11224,-0.092855,0.053406,0.13265,-0.10942,-0.14203,-0.026211,-0.13122,0.0474,-0.062915,0.15475,-0.53186,-0.26419,0.14261,0.074136,0.0024031,0.059139,0.011378
-0.11415,0.1463,0.020325,0.068318,0.099883,-0.0092826,-0.095267,-0.41041,0.01279,-0.27995,-0.058314,0.28439,0.27592,0.027532,0.11288,0.051182,0.099624,0.037486,-0.0049608,-0.034486,0.060652,0.14204,-0.0081403,-0.16133,-0.088271,0.14764,0.24747,0.044649,-0.060779,-0.16359,0.083236,-0.048764,0.031465,0.25935,0.035299,-0.047332,0.062549,-0.098417,0.090291,0.1772,-0.13573,0.031363,-0.039272,0.040492,0.15574,-0.051249,0.066912,-0.11937,-0.11418,-0.031037,0.16799,-0.1742,0.06637,0.055747,-0.15042,0.095144,0.11794,-0.0020873,0.0088266,0.062734
-0.11411,-0.078222,0.30013,-0.12172,-0.15554,0.072877,0.041522,0.03269,0.0029993,0.027601,0.23206,0.11471,0.13498,0.1836,-0.098359,0.16716,-0.10351,0.27928,-0.0844,-0.26688,0.1918,-0.065817,-0.1678,0.15299,-0.05052,-0.040959,-0.18334,0.11901,0.054657,0.04153,-0.14668,-0.12237,0.18686,0.15218,0.06233,-0.25384,0.072308,-0.10465,-0.016103,-0.099779,0.046247,0.055756,-0.059149,-0.21393,-0.078293,-0.043052,-0.10741,-0.0092031,-0.13186,0.010829,0.15292,0.12662,0.0015092,-0.035964,-0.10846,-0.13885,0.041561,-0.12398,0.00075998,-0.011199
-0.14752,0.025464,-0.026724,0.0091965,-0.045646,-0.14299,0.18412,-0.16063,-0.0027939,0.043586,0.23336,-0.036581,-0.07685,-0.1079,-0.11963,0.016533,0.10471,-0.026913,-0.0056274,0.032924,0.070738,0.16643,-0.20905,-0.01871,0.22342,0.11696,-0.05495,0.11948,-0.11365,0.081737,-0.1235,-0.0765,-0.055043,-0.011299,-0.11662,-0.093681,0.023394,0.087493,-0.1387,0.10527,-0.26819,0.069166,-0.04581,0.073667,-0.052943,-0.24454,-0.042086,0.036971,0.43589,0.096562,-0.073779,0.11601,-0.042743,0.038784,0.10534,0.17054,0.23149,-0.11855,0.1136,0.19301
-0.1298,0.0044657,-0.07343,0.20732,-0.26209,-0.077619,0.024393,-0.083994,0.1472,0.044098,-0.275,0.074233,-0.042715,-0.17373,0.17051,-0.043699,-0.13103,0.13426,-0.11705,-0.17496,0.15211,-0.21314,-0.050821,-0.033967,-0.011457,0.020095,-0.066068,-0.23263,0.018276,0.033464,0.028723,-0.032134,-0.023578,0.13242,0.00091352,0.076227,-0.12967,-0.06437,-0.18634,-0.05792,-0.032529,0.035652,-0.15815,-0.064651,-0.09794,-0.099249,0.21044,0.022149,0.022678,0.029463,-0.27275,0.017171,-0.059889,-0.16669,-0.06495,-0.02718,0.25205,0.20841,-0.26921,-0.0013601
-0.090316,-0.01096,-0.14667,0.1087,-0.25483,-0.20455,-0.25509,-0.12091,-0.01666,-0.21847,0.27542,-0.16383,-0.12498,0.5455,-0.023632,-0.32098,0.065423,-0.060354,0.1694,0.12772,0.031658,-0.15105,-0.022695,0.010622,-0.059755,0.022126,0.050147,-0.13868,0.028605,0.11606,-0.093115,0.051481,0.12494,0.037967,0.089834,-0.046146,-0.012671,0.11675,-0.012651,-0.043337,-0.021851,-0.057429,-0.056904,0.050855,0.013333,-0.0083282,0.076096,0.0020925,-0.056788,-0.054837,-0.0034985,0.034296,-0.016213,0.0075169,0.016701,0.030558,0.028238,-0.021406,-0.081871,0.0028603
-0.1346,0.101,0.019714,-0.0607,0.12996,0.084869,-0.035925,-0.14045,0.083376,-0.39309,-0.059056,0.10749,0.079586,-0.049679,0.082259,-0.043678,0.14019,-0.20479,-0.091614,-0.11317,0.077223,-0.11914,-0.042348,0.22509,0.079098,-0.19127,-0.21118,0.042737,0.091389,0.025252,0.033107,-0.061805,-0.071941,-0.20845,0.25077,-0.022499,-0.15458,0.11499,0.041679,0.10566,0.039374,-0.14902,0.069977,-0.13294,-0.0054801,0.0027316,-0.2699,0.13734,0.0021471,-0.16739,-0.063787,0.093285,0.022666,-0.11596,0.23775,0.041409,0.014455,0.16659,-0.0075637,0.16971
-0.13613,0.039056,-0.053707,0.25984,-0.20315,-0.050642,-0.11031,0.049355,0.01599,0.012985,-0.0045125,0.0013368,0.10334,-0.092744,0.2735,-0.084441,0.029431,0.21466,-0.10679,-0.02681,0.106,0.16482,0.016419,0.086714,-0.051253,0.12435,-0.011436,-0.11596,0.23532,0.081712,0.063801,0.15493,-0.03235,-0.22236,0.097912,0.057163,-0.0015959,-0.12957,-0.088532,-0.079343,-0.0062569,0.20901,0.089874,0.038209,0.028586,-0.056518,-0.11677,0.1766,0.01433,0.12108,0.1556,0.011229,0.083363,-0.095606,-0.019428,0.24576,-0.31034,-0.17132,0.29015,0.010592
-0.15294,0.088659,-0.0094555,0.080121,0.013382,0.15209,0.020842,0.030232,-0.0047102,0.017358,0.0097181,-0.087871,0.040632,0.011345,0.18239,-0.15622,-0.053001,-0.12019,-0.22417,-0.028477,-0.066741,-0.037751,0.21089,0.060139,-0.016052,-0.027158,-0.12108,-0.047939,-0.081123,0.054293,-0.092164,0.0061827,0.16268,0.011947,0.0044071,0.065576,-0.13098,0.10805,0.16207,0.080247,0.056244,0.081257,-0.19577,0.031532,-0.0016618,-0.10806,0.082593,-0.34887,0.056335,0.077529,-0.051844,-0.032917,0.10493,0.047012,-0.015,-0.37607,0.13807,-0.076766,0.48343,0.05864
-0.1391,0.034786,-0.016749,0.23219,-0.075009,-0.099135,-0.045198,0.068067,0.071981,0.022728,0.046379,-0.13649,0.24636,-0.15721,0.080132,-0.04222,-0.039604,-0.091658,0.34515,-0.036299,-0.09027,0.036855,-0.10204,0.16103,0.041348,-0.00069387,-0.17783,0.19547,0.024117,-0.14094,0.0018194,-0.013572,0.20191,0.18529,-0.13068,-0.13051,0.072516,0.048011,0.069082,0.37577,0.05246,0.023312,0.21198,-0.048763,0.0088118,0.07703,0.16217,0.048352,0.040604,0.11555,-0.17567,0.049252,0.13876,-0.03679,0.063653,-0.10348,-0.21954,0.086817,-0.079338,-0.14457
-0.13084,0.17251,0.012778,-0.086638,-0.015597,0.082519,-0.21762,0.086894,-0.08408,0.094142,0.061004,0.046755,0.12671,0.18156,-0.047138,0.058436,-0.071968,-0.04305,-0.22828,-0.020895,0.27038,-0.080764,-0.034177,0.050952,0.080417,-0.063169,-0.023944,0.1574,-0.046258,-0.0080255,0.23923,0.44332,-0.12688,-0.018288,-0.24331,0.10201,0.13682,-0.077076,-0.046261,0.11934,-0.12203,-0.13989,0.032475,-0.0089466,0.1839,0.15328,0.15776,0.057318,0.0021464,-0.00945,-0.15455,0.050172,-0.26972,-0.041135,0.076412,-0.022992,0.074445,-0.04633,0.092261,-0.024049
-0.11831,-0.11478,-0.17458,0.10853,0.17831,-0.18203,0.080077,0.060023,-0.37767,-0.022121,0.066773,-0.10451,0.10576,0.051447,0.094789,0.13515,0.090932,-0.034358,-0.072796,-0.25803,0.023383,-0.1642,-0.20571,-0.10531,0.004643,-0.040335,0.032295,0.030228,-0.025596,-0.21779,-0.19422,0.065692,-0.2038,-0.13016,-0.1108,-0.065567,-0.002014,0.10852,0.20444,-0.098582,0.099623,0.25789,-0.17417,0.077904,-0.014856,-0.07122,0.11164,0.19021,-0.079932,-0.12323,-0.030087,-0.17979,0.016899,-0.041236,0.0098916,-0.10583,-0.098019,0.0019922,-0.058685,0.11749
-0.11188,-0.12591,0.087227,0.14553,0.26899,-0.10385,-0.13781,-0.21528,-0.095419,0.06869,-0.12854,-0.34626,-0.11443,0.039614,-0.12372,0.080032,-0.050267,0.18808,-0.11704,-0.089621,0.20754,0.12033,0.23297,-0.084784,0.06308,-0.17165,-0.11382,-0.16621,-0.080517,-0.16351,0.0152,-0.209,0.16263,-0.11361,0.13067,-0.08145,0.017357,-0.10866,-0.089142,0.17975,0.0098439,-0.14092,-0.1477,-0.002488,0.072987,0.2087,0.10244,0.011532,0.076566,0.029684,-0.0088791,0.059742,-0.02596,0.098048,0.083977,0.097103,-0.10786,-0.10859,-0.02267,0.011733
-0.096202,-0.086258,-0.24666,-0.17749,-0.04051,0.07564,-0.30487,-0.047306,-0.23382,0.032806,0.2397,-0.20138,-0.0086912,-0.45905,-0.066902,-0.14744,0.030403,0.13276,-0.08381,-0.13298,-0.048436,-0.032946,-0.07877,0.0081003,-0.066162,-0.012191,0.2288,-0.0059585,0.15692,0.05299,0.1637,-0.04493,0.035123,0.16357,-0.13475,-0.01817,-0.20859,0.069887,-0.0090393,0.040131,0.079904,-0.17373,-0.051792,-0.07735,0.082841,-0.099885,-0.14531,-0.088498,-0.036662,-0.087192,0.10719,0.11633,-0.022202,0.021882,0.010998,-0.02346,0.018832,-0.029502,-0.057857,-0.061279
-0.10248,-0.19302,0.081303,-0.1486,0.0046731,-0.026694,-0.19486,-0.17384,0.15876,0.27549,-0.12808,-0.072161,-0.21221,0.064923,0.27652,-0.019386,0.37273,0.083365,0.2103,-0.22646,-0.12016,-0.055625,-0.013229,0.10841,0.032185,0.12419,-0.10953,0.16029,-0.1723,0.14708,0.17087,-0.029249,-0.13839,-0.012764,0.015778,-0.0083789,0.072185,-0.11244,0.34124,-0.08788,-0.069293,-0.051622,-0.05539,-0.061726,0.020046,-0.019825,-0.010354,-0.026729,0.015068,0.023235,-0.044904,-0.048312,-0.10178,0.0040688,-0.045715,0.027499,-0.022215,0.017126,0.051758,-0.0057099
-0.11627,-0.19687,-0.21492,-0.14351,0.039735,-0.054791,0.19131,0.012633,0.076819,0.047699,0.06311,0.16515,0.056142,0.019547,0.1008,-0.098222,0.059057,0.2099,0.058838,0.13786,0.10539,-0.0010487,0.066559,0.10807,0.24746,0.10945,-0.15048,-0.17552,-0.22392,0.056936,-0.096033,0.052897,-0.11233,0.0091864,-0.13302,0.12002,-0.045548,-0.099761,-0.11814,0.35918,0.13793,-0.034243,-0.061603,0.23787,-0.058233,0.0903,-0.09204,0.033643,-0.19466,-0.20663,0.23912,0.13564,-0.0038304,0.017533,-0.072974,-0.13397,-0.040928,0.059314,-0.032077,-0.0047404
-0.12182,-0.091589,-0.12915,-0.16945,0.020313,0.12037,0.031076,0.021926,0.26025,-0.41587,-0.06721,-0.094983,-0.17675,-0.067639,-0.078999,-0.027299,-0.042489,0.1448,0.14151,-0.25622,-0.0082014,0.075182,-0.042575,-0.0014679,-0.0076228,-0.0012152,0.071322,0.018158,-0.010915,-0.15437,-0.22051,0.38477,-0.051943,-0.13903,-0.01342,0.0328,0.14054,-0.056148,-0.080856,0.0051519,0.17583,-0.12715,-0.0074277,-0.056723,-0.042883,-0.014121,0.0071257,-0.11112,0.15434,0.23747,-0.029633,-0.15859,0.046525,0.072013,-0.11426,-0.059867,0.016099,-0.15069,-0.054857,-0.046711
-0.13288,-0.0070783,-0.00072087,0.019305,-0.030505,-0.11765,-0.024271,0.30681,0.084863,-0.16839,0.24508,0.09351,-0.099587,0.034933,0.35208,0.026469,-0.072175,0.16771,-0.07422,0.093098,-0.25029,-0.12922,-0.034419,-0.2213,0.05727,-0.20716,0.055922,-0.067558,-0.14883,-0.21795,0.30459,-0.23925,-0.10862,-0.078283,-0.010053,-0.095785,0.18595,-0.040659,-0.12302,0.039599,-0.072925,0.0086878,0.058773,-0.19139,-0.018662,0.060071,-0.082473,-0.078536,0.126,-0.057714,-0.01423,-0.02243,-0.030374,0.1128,0.015225,-0.051055,0.032082,-0.016175,0.036362,-0.012083
-0.10571,-0.21107,0.212,-0.094343,-0.19493,0.1536,0.17284,0.082142,-0.065392,-0.03269,-0.05277,-0.013453,0.067967,0.027417,-0.10906,-0.20711,0.14854,-0.05525,-0.17921,0.051545,0.03689,0.042741,-0.033275,0.027584,-0.00052326,0.33852,0.072385,-0.18729,-0.22319,-0.22733,0.20381,0.072956,-0.024865,0.088359,0.030346,-0.16365,-0.18726,0.28446,0.047736,0.001201,0.026633,0.063902,-0.074024,-0.15219,0.0023762,0.29593,-0.050487,0.097462,0.047431,0.18916,-0.042211,-0.081633,0.041669,0.029211,0.074874,0.076065,-0.074347,0.022789,-0.039609,0.00030046
-0.11038,-0.15652,-0.30038,-0.1381,0.067599,0.22275,-0.018883,0.14478,-0.084416,0.0052633,-0.08871,-0.095773,0.13243,0.1141,0.089553,0.086941,-0.075205,-0.028001,0.2149,-0.057751,0.013122,0.090868,-0.052683,0.012885,-0.014287,-0.046439,-0.023477,0.079739,-0.087512,-0.02474,-0.067659,0.019854,0.22229,0.10557,0.14695,0.31319,-0.05022,-0.027213,-0.1448,-0.12283,-0.37871,0.26742,-0.13634,-0.16203,0.10362,0.19384,-0.13451,-0.030867,0.061814,-0.11688,-0.046793,0.083742,0.10811,0.04118,0.0044998,0.13611,0.054873,0.097115,0.011865,-0.021551
-0.11997,-0.18351,-0.14779,0.18411,0.11148,-0.082194,0.062163,0.01599,0.12138,0.048983,-0.11538,0.12634,0.19275,0.072892,-0.21092,0.059394,-0.034208,0.062877,0.011373,0.10347,-0.070401,-0.17411,-0.011291,0.14251,-0.35001,0.074347,0.034606,0.094329,0.11107,0.25238,0.084004,-0.11677,-0.21309,-0.001289,-0.0078597,0.0019264,0.23434,0.12266,-0.096903,0.053234,0.14471,-0.045924,-0.31808,-0.048974,0.24216,0.050372,-0.10866,-0.081952,0.22789,0.073419,0.055872,-0.044035,0.0096343,0.015775,0.16181,-0.053174,-0.035894,-0.0087305,2.4798e-05,-0.048967
-0.14741,0.12497,0.036491,-0.0766,0.081917,-0.047173,0.13864,-0.01789,-0.063286,-0.045915,0.10805,-0.11848,-0.13433,-0.044584,0.048864,0.13668,0.069829,-0.071318,-0.087533,0.052048,-0.10042,-0.084412,0.055884,0.081637,-0.14508,0.01005,-0.21031,-0.015435,-0.056933,0.081528,0.25128,0.16974,0.11276,-0.014952,-0.12186,-0.10804,0.0653,-0.11013,-0.136,-0.13137,-0.13036,-0.0056905,-0.082963,0.26596,0.15238,-0.03856,-0.1026,-0.11043,-0.22789,0.21411,-0.049261,0.045488,0.42599,-0.017463,-0.028852,0.020286,-0.045693,0.012341,-0.27935,0.20007
-0.10133,-0.25779,-0.22636,-0.035343,0.11428,0.0925,-0.080853,-0.021868,0.037845,-0.03104,-0.010282,0.097197,0.036339,-0.074357,-0.015773,0.075177,0.12688,0.25435,-0.05918,0.34482,0.22954,0.047796,0.053861,-0.0041934,-0.099632,-0.23263,-0.091625,0.11866,-0.0098628,0.11141,0.076411,0.017085,0.025386,0.046391,0.14036,-0.13712,-0.011342,0.30833,0.062365,-0.095596,-0.010998,0.13356,0.29335,0.077006,-0.14683,-0.085237,0.14352,0.011932,-0.13106,0.14874,-0.2198,-0.080527,-0.073613,0.14682,-0.10463,-0.031444,0.0425,-0.043315,-0.011177,0.07324
-0.13544,-0.138,0.047702,-0.020665,0.01022,0.014979,0.0035621,0.063281,0.36393,0.050559,-0.096825,-0.0034641,-0.16556,0.11029,0.044547,0.14689,-0.070439,0.0024038,-0.1217,0.18609,-0.043482,-0.018485,0.12202,-0.00086338,0.17162,-0.071276,0.24728,0.14564,0.22045,-0.13652,-0.0065576,0.18631,0.17447,0.10797,-0.072972,-0.19462,-0.25958,-0.050105,0.13949,0.031915,-0.033761,0.11864,-0.17165,0.033787,0.18383,-0.24713,-0.013937,0.22111,0.084364,-0.15943,0.078699,0.053427,0.046404,0.072416,0.15594,-0.056755,-0.079485,0.032643,-0.087048,-0.026676
-0.13995,0.10869,-0.0088987,0.15977,0.027655,0.19443,-0.041393,0.10564,-0.18935,-0.0072698,-0.11195,0.084329,-0.18776,0.13119,-0.10705,-0.10815,0.080523,-0.020479,0.046973,0.15751,0.14653,0.12031,-0.14878,-0.071118,0.096797,-0.050214,0.017709,-0.0051979,0.10607,0.057493,0.061494,-0.12253,-0.0942,0.021591,-0.051182,0.16052,-0.080481,-0.2147,0.18456,0.069165,0.073762,0.084029,0.058754,-0.18469,0.05596,-0.013196,-0.062818,-0.080278,0.21767,0.17987,0.1006,0.11511,-0.0024027,-0.014791,-0.23229,-0.26707,-0.17049,0.034774,-0.26265,0.31139
-0.14037,0.13505,-0.021596,-0.057049,-0.014076,-0.038161,-0.15873,0.088378,-0.08499,0.056376,-0.19007,0.1468,0.040427,0.031085,-0.086086,0.021027,-0.072106,0.15871,0.18817,0.03014,-0.23428,0.19142,0.0069797,0.10781,0.19745,0.040299,0.025512,-0.027927,0.098508,-0.22004,-0.077892,-0.040128,-0.2378,-0.022051,0.1568,-0.19134,-0.038374,0.2401,-0.11963,-0.16292,-0.24466,-0.24173,-0.17606,0.12451,0.050921,-0.020922,0.080923,-0.062747,-0.15361,0.063772,-0.068208,0.20055,-0.023549,-0.18645,-0.065267,-0.17605,-0.10165,-0.04074,0.086487,0.091153
-0.14384,0.11236,0.078405,-0.066033,0.14104,0.01636,0.096377,-0.17319,0.10137,-0.23746,-0.032344,-0.093573,0.025434,0.00028107,-0.073158,0.019067,0.076978,0.083996,-0.045956,0.024056,-0.1482,-0.070548,0.039604,0.098631,-0.080189,0.0481,0.077219,-0.024509,0.059038,0.040922,0.076157,-0.063231,-0.14509,0.060443,-0.21223,0.13992,-0.023489,-0.0057528,0.057489,-0.19883,0.016091,0.24226,0.078865,-0.037855,-0.23601,0.18452,0.34457,-0.013213,0.058138,-0.17143,0.011397,0.48215,0.052433,0.020517,0.047913,0.0078196,-0.075194,-0.18427,0.016913,-0.10456
-0.15184,0.090115,0.0043201,0.064017,0.055953,-0.098453,0.19142,-0.12295,-0.12936,-0.017955,-0.019797,0.014453,-0.16056,-0.034066,0.066893,-0.053216,0.061878,-0.1125,-0.13336,0.056478,0.050495,0.048046,-0.0048223,0.13084,0.065586,-0.086691,-0.15919,-0.03687,0.0936,-0.064175,-0.049525,0.037236,-0.052083,-0.0052108,0.040987,0.045561,0.053995,0.16024,0.041647,-0.051118,-0.23618,0.067949,0.032238,-0.070972,0.11415,-0.088327,-0.12709,-0.13559,-0.017033,0.081606,0.19503,-0.055695,-0.20901,0.052636,-0.094763,-0.071978,-0.043075,-0.017871,-0.18972,-0.65221
-0.14374,0.033702,-0.061058,0.15657,-0.057579,0.22768,0.077199,-0.076304,-0.055497,0.19084,0.08486,0.038571,-0.087413,-0.050022,0.074569,0.013842,0.036013,-0.12541,-0.12027,0.013011,-0.095288,0.02106,-0.026022,-0.16878,-0.042385,-0.011327,0.13833,0.081896,-0.24585,0.015682,-0.20076,0.18557,-0.08343,0.056105,0.34007,-0.03723,0.24472,-0.018348,-0.065949,0.02904,0.19403,-0.080653,-0.014288,-0.17177,0.0018015,-0.16034,0.11803,-0.027667,-0.18049,0.038464,0.021951,0.3676,0.0095553,0.15492,0.1554,0.1285,-0.13025,0.16014,-0.039172,-0.0040177
-0.15516,0.062601,0.017,0.049185,-0.0096333,-0.059664,0.080683,0.072245,-0.0165,0.046587,-0.026029,-0.18243,-0.068178,-0.12282,-0.057285,0.047843,-0.075421,-0.08076,0.15856,0.063057,-0.12711,-0.081164,0.13806,0.22019,-0.041992,0.066171,-0.12863,-0.14981,0.17037,-0.18546,0.036902,0.07977,-0.042376,0.11765,0.11623,-0.002152,0.15384,0.036948,0.080457,0.015108,0.14609,0.12655,0.10263,-0.079681,0.20452,0.039489,-0.023221,0.16302,-0.093929,-0.059719,0.15703,0.049506,-0.25427,0.18817,-0.23451,0.12573,0.40687,-0.031795,0.069348,0.27743
-0.14418,0.099508,0.012552,0.047876,0.033142,0.031467,0.013708,0.050091,-0.063341,-0.015344,-0.21506,0.041812,-0.20622,-0.056717,-0.18964,0.058987,0.061055,0.045515,0.22073,-0.068789,0.22651,-0.42968,-0.15312,-0.21229,0.076271,0.003614,0.05446,-0.094365,-0.017295,0.029062,0.077257,0.0051883,0.07191,0.093999,-0.014163,-0.072397,0.041222,0.06057,-0.031904,-0.063567,-0.09018,-0.077657,0.17105,0.12678,-0.0056659,0.023579,-0.032766,0.11467,0.025978,0.046388,0.21679,0.029184,0.2166,0.11782,0.048176,-0.063264,-0.010842,0.19696,0.39721,-0.13203
-0.13834,0.0052645,-0.069672,0.065313,-0.25973,-0.23006,0.11253,-0.11232,0.013238,0.1209,-0.030783,0.15226,-0.1351,-0.1385,-0.12807,-0.044663,0.0022676,-0.10256,-0.12545,0.019589,0.072773,0.021379,0.05986,0.17483,0.0092982,-0.10209,0.12753,0.1223,-0.022574,-0.015697,-0.11428,-0.0018518,0.0054375,-0.010347,-0.04305,0.052605,0.078501,-0.024237,0.022563,-0.10277,-0.10203,-0.18424,0.03878,-0.18483,-0.012891,0.22742,-0.051406,-0.0081256,-0.027251,-0.37166,-0.20242,-0.16823,0.2602,0.24534,-0.22176,-0.048451,-0.17441,-0.13049,0.066184,0.11229
-0.126,0.065178,0.12244,-0.25582,0.060048,-0.24428,0.087087,0.12061,0.021165,0.10169,0.12341,0.038574,-0.099003,0.039066,-0.051003,-0.18819,-0.15482,0.015698,0.0056535,-0.24113,0.050184,0.21934,0.043245,-0.080565,-0.28715,-0.075527,-0.043582,0.096646,0.0086475,0.055915,0.16648,0.047204,-0.17861,0.14101,0.37774,0.1709,-0.1479,0.061028,-0.032563,0.12621,-0.014437,0.052122,0.094799,0.14126,0.025747,-0.06313,0.22403,0.15079,0.15249,-0.075649,0.10573,-0.07281,0.13135,0.018612,0.019444,-0.12274,-0.029185,0.084583,-0.032137,-0.0011924
-0.1474,0.15516,0.012924,-0.11132,-0.034824,0.0056007,-0.07668,-0.02455,-0.028462,0.078553,-0.06214,-0.13756,0.12561,-0.061831,-0.0070324,0.067522,0.02458,0.079513,-0.022096,0.15847,-0.08765,-0.047758,0.010521,0.099414,0.17159,0.082289,-0.061049,0.016333,0.0010212,0.099604,0.0038856,0.083274,0.12635,-0.080011,0.035366,0.0082406,0.086021,0.063138,-0.14716,-0.10206,-0.033195,-0.019779,0.016211,-0.20674,-0.23821,-0.028835,0.28414,-0.14776,0.086143,-0.11381,0.423,-0.40108,-0.035744,0.00097284,0.23029,-0.034559,-0.085182,0.14022,-0.15262,0.18084
-0.14697,0.042819,-0.009602,0.030779,0.13474,0.19069,0.098875,-0.050257,0.1065,0.060209,0.020465,0.029189,-0.024271,-0.033637,0.13212,-0.10294,-0.33608,-0.17591,0.15227,0.053388,0.072896,-0.21335,-0.14495,-0.071085,-0.028494,-0.0035126,-0.12985,0.021914,-0.07757,-0.045156,0.048352,-0.089581,-0.04354,0.23025,0.0075503,0.090331,-0.14827,0.02634,0.019341,-0.092244,-0.0068761,-0.18137,-0.091105,0.093998,-0.11967,-0.064381,-0.033184,0.036169,-0.078839,0.015991,0.03046,-0.15092,-0.18705,0.027019,0.058873,0.182,-0.25417,-0.48429,-0.042362,0.10113
-0.1306,0.037735,-0.09041,0.17518,-0.12933,0.065287,-0.054293,-0.31015,0.11375,0.072686,0.13689,0.089553,0.10769,0.0018909,-0.19787,0.12795,-0.25068,-0.090429,0.10533,-0.20287,-0.20944,0.12129,0.06201,-0.068468,0.1346,-0.18273,0.05477,-0.044548,-0.23261,0.1334,0.25054,0.083463,0.066632,-0.19285,-0.016335,-0.040682,-0.10757,0.085303,0.036061,-0.16029,0.096705,0.17747,0.0019792,0.14883,-0.087064,0.1492,-0.17871,0.12127,0.043522,0.073668,0.091926,-0.014809,-0.14827,0.065469,-0.092894,-0.16608,-0.015747,0.1092,-0.044877,-0.019466
-0.14529,0.05358,-0.018964,0.0075844,0.10425,0.14236,0.11461,0.029991,0.062756,-0.063701,0.10899,-0.21471,0.040066,0.11774,-0.20113,-0.10002,0.049219,0.09641,-0.17901,-0.067411,-0.1497,-0.0060417,0.035155,0.2322,0.2574,-0.035348,0.20538,-0.04231,0.0038321,0.07697,-0.014143,-0.24583,-0.11666,0.27899,0.052105,0.13731,0.12832,-0.22114,-0.082692,-0.055523,-0.0044958,0.038312,0.098698,0.10315,0.032325,-0.11965,-0.045019,0.1458,-0.15483,0.12083,-0.23862,-0.2805,-0.06672,-0.047965,0.016448,0.023104,-0.11511,0.1861,0.11816,-0.046619
-0.1499,0.13384,0.025839,-0.045636,-0.022041,0.040187,-0.04777,0.11278,-0.019814,0.079226,-0.091343,-0.0184,0.13466,-0.04746,0.088343,0.079035,0.12857,0.026584,-0.07228,-0.027949,-0.088225,-0.13641,0.029195,-0.11042,0.10696,0.16722,0.21417,-0.038702,-0.064902,0.21802,-0.16276,-0.094272,0.16281,-0.12161,0.23683,0.06773,0.068316,0.042285,0.041225,0.062032,-0.0081861,-0.038542,0.21288,0.14096,0.15037,0.12956,-0.054173,0.2074,0.054837,0.0036658,-0.065166,-0.003732,0.066662,-0.044106,0.07367,-0.23265,0.20626,-0.43832,-0.26891,-0.084463
-0.12968,-0.039084,-0.056419,0.14124,-0.13612,0.086662,0.077714,0.14198,0.16169,0.0022853,0.26833,-0.0306,0.035755,0.060019,-0.084689,0.41644,0.23997,-0.096978,0.057199,-0.15201,0.097831,0.1177,0.22451,-0.29257,0.070421,0.15869,-0.13577,-0.12375,0.33135,0.0020272,0.062787,-0.043789,-0.12118,0.079293,0.0021444,0.20618,-0.053508,0.12852,0.10442,0.027864,-0.035684,-0.19802,-0.021865,-0.010412,-0.1229,0.033021,0.0040205,-0.13451,-0.084057,-0.042863,-0.043854,-0.04314,0.015211,0.031837,0.057877,0.023973,-0.018479,0.011566,-0.028937,-0.017145
-0.12731,0.07941,0.094015,-0.22193,0.024139,-0.26974,0.093114,0.037674,0.10231,0.06134,-0.039655,-0.11398,0.181,-0.049551,-0.068541,-0.10668,-0.033893,-0.13116,0.25287,0.065422,0.33854,-0.011679,0.089963,-0.087931,0.1554,-0.0090179,0.26476,0.038967,-0.013174,-0.0061574,0.19585,-0.089874,0.023962,-0.26165,0.015804,0.10073,0.088673,0.038334,-0.009896,-0.014898,0.13441,0.17098,-0.1535,-0.21957,-0.031024,-0.22717,-0.076075,-0.1296,-0.27678,0.10686,-0.11667,0.075867,0.020421,-0.035106,0.0038758,-0.0033605,0.0083455,-0.054523,0.010556,-0.026425
-0.14581,0.10761,0.0085779,-0.11724,0.043069,-0.15604,0.085984,0.058292,0.044279,0.039302,-0.13192,0.014938,0.022245,0.017619,0.020823,-0.18865,-0.20261,0.17583,-0.084483,-0.14394,-0.028162,0.026038,0.033254,-0.19893,-0.07377,0.068387,0.028757,-0.07216,0.1447,0.12323,-0.21389,0.049121,0.075675,0.038412,-0.1308,-0.12331,0.10716,0.065834,0.26836,0.014857,-0.12136,0.083886,0.17893,0.12331,-0.015973,0.16536,-0.25631,-0.2833,-0.047267,-0.010424,-0.11083,0.062192,-0.23155,0.12179,0.22913,0.11942,-0.12165,0.19081,-0.084936,0.18369
-0.1361,0.11306,-0.043427,-0.11587,-0.0323,0.18853,-0.013066,0.11632,0.06766,0.11872,-0.080641,-0.0073244,-0.034735,0.1298,0.084104,0.17173,-0.0030656,-0.12369,0.04954,-0.087538,0.074694,0.2195,-0.11907,0.26013,-0.31319,-0.20138,0.21653,-0.43635,-0.11811,0.069596,-0.055107,-0.15639,0.007838,-0.1317,-0.26186,-0.10213,0.059071,0.13569,0.081585,0.17206,-0.086061,-0.0905,0.044858,-0.0097318,-0.066103,-0.16633,0.081989,0.094281,-0.015845,-0.027761,0.052477,-0.032278,0.047191,0.031865,-0.010082,0.10529,0.008855,0.010996,-0.016634,-0.018651
-0.13727,0.12174,0.050458,-0.023712,0.17139,0.22013,0.017564,-0.051579,-0.0001677,0.074328,0.1777,-0.082073,0.068243,-0.069563,0.084278,-0.079275,-0.0053397,-0.060976,0.22601,0.15506,0.12433,0.052483,0.034429,-0.10057,-0.11723,0.15909,-0.029671,-0.096767,0.11105,0.11876,-0.10483,0.041697,-0.23097,-0.12685,0.044387,-0.44121,-0.16416,-0.30925,-0.15079,-0.099384,-0.0079466,0.063567,-0.024761,-0.051696,0.039868,0.13268,0.012879,-0.0032199,0.068207,-0.20148,-0.2024,-0.13566,-0.016863,0.107,-0.040742,-0.12872,0.05698,0.097771,0.018507,-0.15199
-0.11759,-0.077289,0.32142,0.072263,-0.024754,0.11426,0.089715,-0.18965,-0.12191,0.0064248,0.20003,0.037995,0.019471,-0.059747,0.075414,-0.051446,-0.15386,0.32598,0.1626,0.21362,-0.064963,-0.015123,-0.025463,0.0028692,-0.12237,-0.01944,0.029621,0.039368,0.053026,-0.09351,-0.13273,0.0039065,0.015051,-0.24576,-0.13347,0.38885,-0.059323,0.038129,0.18154,-0.0464,-0.10114,-0.20725,-0.046015,-0.034774,0.080775,-0.018726,0.021306,0.19751,-0.083423,0.11408,-0.06451,-0.048552,0.087487,0.095465,0.15884,-0.047563,0.13805,0.16968,-0.00049741,-0.0086033
-0.12179,0.14376,-0.031254,-0.17647,-0.2161,-0.10576,-0.16423,-0.031173,0.019135,0.080424,-0.11757,-0.058237,0.25765,0.025051,-0.095893,-0.0071167,0.20629,-0.029,-0.011273,0.12775,-0.041128,-0.074902,0.29843,-0.16837,-0.21859,-0.21449,-0.18312,0.0118,-0.18634,-0.24372,-0.24563,-0.030015,-0.17183,0.15941,-0.1538,0.054188,-0.10453,-0.15541,-0.054044,-0.12651,0.054594,-0.0059996,0.061024,-0.022326,-0.056501,-0.12145,-0.23274,0.13281,0.13367,0.13831,0.060056,0.011612,0.011089,-0.00060006,0.059362,-0.0076277,-0.019748,-0.015409,-0.011787,-0.033844
-0.1234,-0.058313,-0.096601,0.099676,0.22692,-0.084397,0.26753,0.13987,-0.17091,0.069636,0.057089,0.29282,0.066858,0.038797,-0.019765,-0.21285,0.18844,-0.0045863,0.1131,-0.13416,-0.13958,-0.032147,0.28692,0.0014263,0.021877,-0.21417,0.12924,0.00556,0.088373,0.12072,0.027232,0.1417,0.21585,0.019232,-0.069011,-0.13843,-0.1208,-0.15345,0.028207,-0.034609,-0.057837,-0.19498,-0.04015,-0.17664,-0.16533,0.066995,0.11905,0.097306,0.028511,0.17347,0.063988,0.001647,-0.051967,-0.16593,-0.016821,0.18217,0.13641,-0.062975,0.01543,-0.0020562
-0.11263,-0.17343,0.11598,-0.002669,0.23662,-0.025407,-0.29451,-0.056736,-0.074835,0.004236,0.025323,0.19343,-0.18929,0.010444,0.19612,-0.059895,-0.15893,-0.21249,-0.002694,-0.058047,0.099523,0.20137,0.21845,-0.016319,0.11012,0.16001,-0.023359,-0.031431,0.056374,0.052796,-0.098271,-0.04815,-0.0094954,0.2117,-0.25456,0.042814,0.25576,0.19126,-0.20372,-0.1936,0.16886,0.057594,0.091512,-0.096016,-0.052154,0.019183,-0.10205,0.17194,0.01696,0.02921,0.0013507,-0.0225,0.1522,-0.088753,0.10824,-0.09406,0.078982,0.034157,-0.016706,0.01169
-0.10225,-0.20444,0.097596,-0.18481,-0.0074839,-0.050867,-0.30476,0.031359,0.079271,0.019892,0.13348,0.26401,0.0076784,-0.24233,-0.20753,-0.04048,0.021167,-0.26201,-0.071534,0.12043,-0.10721,-0.098611,-0.16969,-0.022931,0.04777,-0.11084,-0.087229,-0.27616,0.15441,-0.030492,-0.11504,0.008985,0.039601,-0.049926,0.14489,0.059115,0.17413,-0.23801,0.168,0.097836,-0.13524,0.1847,-0.20146,0.11862,-0.1056,0.10986,0.14397,-0.0035378,-0.025721,0.14303,-0.024216,-0.025429,0.020371,0.013888,0.037722,0.048159,-0.031714,-0.011355,0.019005,-0.03943
-0.10122,-0.2343,0.14183,-0.099189,-0.17627,0.16511,0.078793,-0.18133,-0.18308,0.085623,-0.20278,-0.080889,0.015532,0.1672,0.12007,-0.05754,0.050565,-0.16402,-0.017258,-0.070213,-0.14687,-0.10107,0.0051439,-0.070198,-0.071375,-0.082047,0.12113,0.21108,0.36438,-0.063838,0.064224,-0.050343,-0.043467,-0.12142,-0.044725,-0.0037598,0.051294,0.002528,-0.35519,0.27035,-0.052756,0.04736,0.051869,0.18673,-0.27225,0.0093761,-0.060011,-0.025623,-0.049488,0.038615,0.0027751,-0.00086687,-0.071686,0.14348,-0.094411,-0.058858,0.023698,-0.020584,0.0056057,0.048988
-0.10196,-0.26796,0.13266,-0.071631,-0.20539,0.15681,0.11943,0.0034892,-0.1277,-0.11108,-0.084813,0.10723,0.12231,-0.025145,-0.086221,-0.1241,0.03344,-0.044633,0.10714,-0.089616,-0.052781,0.047155,0.066746,-0.13895,0.12202,-0.14072,-0.17058,-0.11652,-0.025922,0.058439,0.054708,-0.073811,0.072795,-0.082895,-0.10446,-0.019472,0.080439,-0.015208,-0.042399,-0.17149,0.1187,0.00057802,0.17311,0.11114,0.47031,-0.23821,0.23162,-0.15565,0.095756,-0.26643,-0.038203,-0.011346,-0.034332,-0.063138,0.035747,0.10891,-0.10045,-0.056429,-0.007022,0.0016017
-0.13066,-0.096494,-0.16561,-0.070417,-0.15991,-0.040279,0.10862,0.062611,0.043926,-0.23876,-0.16638,-0.2214,-0.024986,-0.070708,0.0034955,-0.043903,-0.14149,-0.15237,-0.15233,0.12812,-0.030722,0.25031,-0.091126,-0.26932,-0.078294,0.057188,-0.13643,0.21268,-0.021939,0.21392,0.010333,-0.17187,0.015525,-0.051078,-0.093677,-0.11424,0.10721,-0.12088,0.15287,-0.037957,-0.089309,-0.18048,-0.10091,-0.062986,-0.0034336,0.10373,0.10622,0.28573,-0.21664,0.04323,0.16302,0.016082,-0.068357,-0.16489,-0.056824,-0.079179,0.090499,0.058292,0.12093,-0.038731
-0.12008,-0.10498,0.22114,0.20462,0.076996,-0.18588,-0.15661,0.24046,0.14643,-0.087294,-0.0067854,0.022902,-0.028539,-0.074266,0.00016088,0.059994,0.15049,-0.14406,-0.019169,-0.079401,-0.004124,0.045596,-0.14057,0.072461,-0.057071,-0.021252,0.098355,0.15602,-0.15718,0.10863,-0.20446,-0.088685,-0.033908,-0.067603,-0.11095,0.086238,-0.38968,-0.025264,-0.27325,-0.078073,-0.0023389,0.013177,0.097066,0.049273,0.16639,0.12158,0.097302,-0.15944,-0.23054,0.1286,0.12986,-0.0046832,-0.18643,0.20567,0.0134,0.038299,0.034954,0.044184,0.012586,0.060065
-0.10583,-0.16655,-0.2614,-0.20882,-0.032326,-0.1583,0.065166,-0.19221,-0.080361,0.10679,0.053282,0.056063,-0.012101,0.16438,0.077817,0.25762,-0.28378,-0.128,-0.083571,0.05925,-0.0092364,-0.11527,-0.026195,0.12067,0.045872,0.17024,0.073578,-0.024385,0.05596,-0.1219,-0.033867,-0.11935,-0.072898,-0.098123,0.073061,-0.024518,-0.22781,-0.17828,0.078652,-0.042298,0.11837,-0.1017,0.35942,-0.084015,0.10932,0.059419,0.10506,-0.18929,0.077109,0.24394,0.017298,0.028918,0.09883,-0.13895,0.04943,0.074762,0.040505,0.051592,0.085255,-0.033802
-0.096787,-0.15665,0.28218,0.05015,-0.14179,-0.11364,-0.029016,0.10376,-0.32749,-0.27587,-0.074422,-0.11206,-0.0086915,-0.1012,0.086106,0.30363,-0.15927,-0.023595,0.13906,0.14692,0.040051,-0.012222,0.17223,0.1223,0.024969,-0.074998,0.18221,-0.020079,-0.17587,0.27017,-0.015324,0.1738,-0.14552,0.20083,0.1297,-0.027763,-0.025996,-0.074248,0.13444,0.093768,-0.013379,-0.029998,-0.062389,0.092952,-0.17492,-0.029513,-0.1226,-0.11433,0.13138,-0.06744,-0.055376,-0.0010035,-0.056574,-0.12954,-0.032262,0.070833,-0.04465,0.0105,0.015831,-0.043598
-0.1314,0.15378,0.020023,-0.17341,0.023252,-0.17806,0.11248,-0.077027,-0.09249,0.0092225,-0.050577,0.074823,-0.06419,0.031712,0.13277,0.19015,0.21923,0.021367,0.030053,0.15943,-0.077126,0.20139,-0.31826,-0.047049,-0.085095,-0.027663,-0.010993,-0.097229,0.094551,-0.026979,0.05991,0.053934,0.35885,0.13356,0.04269,0.11875,-0.022369,-0.020456,-0.12983,-0.12056,0.38998,-0.097301,-0.13836,0.083576,0.0017612,0.095739,-0.058582,0.035101,0.091773,-0.036777,-0.20309,-0.019164,-0.23347,-0.01713,0.022491,-0.066661,-0.081458,0.053977,0.15726,-0.041214
-0.10624,-0.23654,0.045319,0.18609,0.24584,-0.11421,-0.080422,0.095021,0.027827,0.019572,-0.095544,-0.060116,0.20479,0.083096,-0.17326,-0.064489,-0.04271,-0.069282,-0.11108,0.018869,-0.099342,0.057007,-0.14218,0.0027483,-0.13083,0.27771,-0.057903,-0.12105,-0.094364,-0.13029,0.14977,0.14976,0.14383,-0.09111,0.047341,0.068549,0.019988,-0.16158,0.016411,-0.10306,-0.12296,-0.21498,0.20401,-0.013371,-0.24276,-0.34823,-0.15416,-0.023792,0.036232,-0.20722,-0.063204,0.095972,-0.023073,0.06509,-0.095311,-0.13658,0.041211,0.018578,-0.011663,-0.037428
-0.14301,0.06659,-0.062597,0.019799,-0.042391,0.086645,-0.039008,-0.0045703,-0.065879,-0.053998,0.061665,0.16513,-0.37934,-0.071092,-0.23661,0.091428,0.028475,0.0565,0.062521,0.0075011,-0.056269,-0.088697,0.20889,0.0022839,-0.28344,0.24257,-0.012274,0.13298,-0.14737,-0.13201,-0.014927,-0.081677,0.16762,-0.15731,-0.025129,0.025233,-0.023577,-0.02923,-0.089898,0.20978,-0.069812,0.22971,0.053942,-0.062556,-0.013409,-0.081969,-0.021246,-0.0038613,-0.12902,-0.1365,-0.096506,-0.092894,-0.22736,-0.36291,0.08407,-0.041662,-0.11388,-0.036876,0.057375,0.012603
-0.14924,0.015123,-0.04807,0.17137,-0.10531,0.12706,-0.0086113,0.14602,0.021769,0.08016,0.0013156,0.0018389,-0.061985,-0.019352,-0.016325,-0.13877,0.046136,-0.0061323,0.017824,0.036393,0.20846,0.1504,-0.055528,0.16593,-0.025078,-0.081979,0.095793,0.22655,-0.013303,-0.29209,0.073913,-0.11528,-0.0054845,-0.039249,0.054244,-0.025656,0.11277,-0.12797,0.13754,-0.19847,0.1758,-0.014706,-0.021551,0.38858,-0.16274,0.14423,-0.047894,-0.20536,0.041367,-0.12183,0.114,-0.016046,0.085458,-0.15794,0.21928,0.10479,0.29977,0.016141,-0.084736,-0.092795
-0.14771,0.12493,0.044998,-0.11954,0.082604,0.073319,-0.11263,0.14586,0.025232,-0.022065,0.097798,0.034469,0.089085,-0.0086263,0.056425,-0.0063785,-0.05915,-0.025779,-0.11947,0.0098777,0.043121,-0.17989,0.15552,0.0023346,0.026583,0.18767,-0.0032649,0.19446,-0.024624,-0.0024952,-0.097608,-0.16549,0.15083,-0.17331,-0.0081632,0.023332,0.0251,0.16307,0.042604,-0.036997,0.10544,-0.11532,-0.13026,0.18527,-0.032674,-0.019575,0.079937,0.062963,0.24489,0.00012347,-0.01601,0.069964,-0.032169,0.038941,-0.51255,0.29291,-0.14327,0.26285,-0.074235,-0.078368
