-2.1079e-05,0.0044694,-0.012976,0.00017607,0.99987,1.2142e-05,-0.00058726,-1.4187e-05,8.9953e-05,-0.00022233,0.0082064,0.00039898,8.3271e-18,2.0779e-18,-7.299e-18,3.4774e-18,2.7497e-19,-3.5216e-18,-3.2567e-18,-2.4956e-19,2.9075e-19,-4.8964e-19,-3.4709e-20
-0.0089619,0.00037858,0.0002394,0.021702,-3.8121e-06,0.17764,-0.00017323,0.0091757,-0.2137,-0.082749,-1.0645e-05,-2.8868e-07,0.64015,-0.36061,0.060389,-0.21015,0.21868,0.061775,0.0671,0.31478,-0.28697,-0.29605,-0.04923
-6.1494e-06,0.0011816,-0.0033743,3.143e-05,0.0065981,-6.197e-05,0.004651,0.00020657,-0.0028893,0.0074494,-0.79901,-0.21234,0.10494,0.22175,0.19453,0.18314,0.27426,-0.33101,4.7201e-16,-3.0827e-15,2.4269e-16,6.3575e-16,1.7063e-15
-2.7709e-06,0.00053198,-0.001519,1.4095e-05,0.0020698,-2.7704e-05,0.0020617,8.9698e-05,-0.0011796,0.003025,-0.21718,-0.77037,-0.11185,-0.23634,-0.20733,-0.19519,-0.2923,0.35278,-7.496e-16,3.3307e-15,-2.4335e-16,-1.0415e-15,-1.4866e-15
-0.0063018,0.010794,0.0042493,0.025789,7.4315e-06,-0.19815,-0.00012143,0.37775,-0.27082,-0.12271,-5.2818e-05,-1.9111e-06,0.051761,0.22352,-0.75128,0.23447,0.17042,-0.004439,-0.039668,0.059063,-0.033428,-0.1344,-0.058716
-0.042174,-0.0090848,-0.0034925,-0.064966,7.5326e-06,0.049614,-0.00024393,0.318,-0.026176,-0.020718,-2.2195e-05,-8.2894e-07,-0.6533,-0.035861,0.19348,-0.16471,0.34838,0.08008,0.14579,0.34081,-0.30339,-0.19458,0.038255
-0.010326,4.5631e-05,0.00010901,0.018424,-3.2133e-06,-0.0079225,6.1491e-05,0.019823,0.4669,0.18392,3.262e-05,1.0259e-06,0.11087,-0.03292,-0.19123,-0.0052449,0.16692,0.036112,0.42565,-0.22876,0.0079353,-0.26998,0.6014
-0.068126,0.002065,0.0014726,0.15128,-2.6525e-05,0.90788,-0.00077345,0.089007,-0.14017,-0.047771,1.2504e-05,6.3319e-07,-0.058757,0.094476,-0.12147,0.070287,0.086898,0.084168,0.014988,-0.14329,0.096512,0.18251,0.091018
-0.021085,0.00046375,0.00038089,0.043867,-7.6803e-06,0.18554,-0.00012216,0.031702,0.2768,0.1106,2.4023e-05,8.0595e-07,0.074726,0.34293,0.017558,0.31822,-0.54506,-0.011792,0.16096,0.43155,-0.29011,-0.20157,-0.12012
-0.86639,-0.1294,-0.047436,-0.46797,2.6776e-05,0.0029666,5.1588e-06,-0.028939,0.0036144,0.0028946,3.6583e-06,1.4447e-07,0.048459,0.0031547,-0.034346,0.013442,-0.014079,-0.0069362,0.012878,-0.038259,-0.034005,0.059425,-0.015001
-0.0004044,0.0074695,-0.00035433,-0.0018586,-0.00014677,0.0079297,0.0047115,-0.022449,0.25496,-0.64432,-0.0066208,-0.0010388,0.08814,0.45376,-0.036358,-0.55075,-0.024823,-0.014725,-1.0318e-16,-1.9649e-16,5.432e-17,1.6992e-16,1.0079e-16
-0.041502,-0.0016597,-0.00034432,0.046422,-8.9177e-06,-0.040224,0.00034014,-0.50034,-0.049519,-0.0027826,2.9636e-05,1.1495e-06,-0.02375,0.31761,0.066908,0.22303,0.30633,0.62178,-0.16772,0.026418,0.042312,-0.27317,-0.018687
-0.0090198,3.986e-05,9.5226e-05,0.016094,-2.8069e-06,-0.0069205,5.3714e-05,0.017316,0.40785,0.16066,2.8494e-05,8.9617e-07,0.10197,-0.061748,-0.1671,-0.038666,0.27642,0.10039,-0.1215,0.58789,0.31734,0.46457,-0.011487
-0.4802,0.074506,0.032909,0.84994,-6.4318e-05,-0.14731,0.00012997,0.037492,0.029728,0.0073407,-9.2795e-06,-4.0293e-07,-0.036103,-0.053787,0.053259,-0.051701,-0.010555,-0.053532,-0.032205,-0.011183,0.0049152,-0.036005,-0.034145
-0.028955,-0.0015366,-0.00040096,0.026712,-5.4005e-06,-0.029785,0.00025641,-0.46823,-0.43022,-0.15437,-1.6792e-07,1.9106e-07,-0.16561,-0.01623,-0.12525,-0.018191,-0.14108,-0.26395,0.28767,0.39073,0.22595,0.011214,0.38668
-1.6038e-05,0.0030836,-0.0088068,8.1792e-05,-0.00049102,-0.00047254,-0.66831,-0.00055936,0.001722,-0.0041121,-0.0036988,-0.00074651,2.4408e-05,0.0059085,-0.011171,0.010218,-0.069777,-0.054761,-0.5184,0.049002,-0.28486,0.058714,0.43517
-0.0025839,0.34458,-0.93852,0.0046282,-0.013747,-0.00028985,0.013916,0.0003178,-0.0016135,0.0039058,0.0042409,0.00091121,8.8647e-17,-1.3878e-16,-3.8858e-16,-6.6613e-16,-2.7756e-17,-6.9389e-17,-4.8572e-17,-1.8128e-16,-2.6541e-16,-1.9949e-16,3.4694e-18
-3.1568e-06,0.000607,-0.0017337,1.6206e-05,0.004338,-3.2044e-05,0.0024234,0.0001096,-0.001612,0.0041733,-0.56055,0.6012,-0.10625,-0.22452,-0.19696,-0.18543,-0.27769,0.33514,3.9725e-16,3.5666e-15,-6.9389e-16,-7.6328e-16,-1.9412e-15
-0.047299,-0.010189,-0.0039169,-0.072861,8.448e-06,0.055643,-0.00027357,0.35664,-0.029357,-0.023236,-2.4892e-05,-9.2968e-07,0.034041,-0.0037298,0.21622,-0.0052709,-0.15128,0.0071032,-0.27575,0.12914,0.65539,-0.49909,0.13568
-0.0004202,0.0077613,-0.00036817,-0.0019311,-0.0001525,0.0082394,0.0048955,-0.023326,0.26492,-0.66949,-0.0068794,-0.0010794,-0.084827,-0.4367,0.034991,0.53005,0.02389,0.014172,-8.3267e-17,-3.3307e-16,2.7756e-16,8.3267e-17,-5.5511e-17
-1.7848e-05,0.0034315,-0.0098004,9.102e-05,-0.00054642,-0.00052585,-0.7437,-0.00062247,0.0019163,-0.004576,-0.0041161,-0.00083073,-2.1933e-05,-0.0053095,0.010039,-0.0091825,0.062703,0.049209,0.46585,-0.044034,0.25598,-0.052762,-0.39106
-0.0063808,0.010929,0.0043025,0.026112,7.5246e-06,-0.20063,-0.00012295,0.38249,-0.27421,-0.12425,-5.348e-05,-1.9351e-06,0.21546,0.1764,0.34873,0.15018,-0.090371,0.39965,0.27698,0.024244,-0.0032787,0.39859,0.31011
-0.082161,0.92649,0.33974,-0.13769,0.00029197,0.015703,-0.00029088,-0.01056,-0.00033991,0.011427,3.4649e-05,1.4882e-06,-7.2346e-17,1.1102e-16,1.6653e-16,1.1102e-16,2.7756e-17,-4.1633e-17,1.0929e-16,5.5511e-17,2.2204e-16,-2.2204e-16,-1.3878e-17
