-0.006608,-0.0065105,-0.0016898,0.46612,-0.42549,0.581,0.053647,0.50004,-0.10545
-0.00031636,-0.036676,0.87253,0.002318,-0.00048571,-9.2192e-05,0.42911,-0.090761,-0.21207
-0.0064625,-0.0021336,-0.00058219,0.32088,0.53916,0.58837,-0.053246,-0.49631,0.10467
-0.00012262,-0.014216,0.3382,0.00089845,-0.00018826,-3.5734e-05,-0.20228,0.21036,0.89457
-0.00012693,-0.014715,0.35007,0.00093001,-0.00019488,-3.6989e-05,-0.8741,0.022993,-0.33564
-0.01585,-0.99891,-0.041959,-0.012524,0.0026932,0.0005245,0,1.0755e-16,2.498e-16
-0.0079959,-0.0094057,-0.0024315,0.66431,-0.40511,-0.40631,-0.049997,-0.46602,0.098278
-0.99977,0.016017,0.00034653,-0.013937,-0.0020093,-0.0014808,0,-4.8572e-17,-5.5511e-17
-0.0075117,-0.0045257,-0.0011944,0.48795,0.60344,-0.3888,0.051836,0.48316,-0.10189
