-0.021595,0.020389,-0.0027199,-0.73531,0.004283,0.67696,0.011326,7.717e-16
-0.0022417,0.10406,0.99156,-0.00076051,0.00020305,-4.9526e-05,2.8307e-05,-0.077289
-0.0083467,0.017754,-0.002318,-0.30672,0.87578,-0.34197,0.14698,-3.9899e-16
-0.00017378,0.0080668,0.076867,-5.8956e-05,1.5741e-05,-3.8393e-06,2.1944e-06,0.99701
-0.084467,0.99041,-0.1041,0.032244,-0.0088158,0.0021576,-0.0012368,-2.9143e-16
-0.01313,0.01557,-0.0020633,-0.60267,-0.45676,-0.6517,-0.054994,-7.0083e-16
-0.99607,-0.08502,0.0066888,0.023772,-0.0010254,-0.0033877,0.0016459,1.3878e-16
-0.0023132,0.00063023,-9.1174e-05,-0.020524,0.15584,-0.0068501,-0.98754,-2.6086e-16
