-0.014708,-2.2282e-15,4.1576e-05,0.32339,0.90999,-0.25873,0.013465,5.5745e-16
-0.0019438,-1.1838e-15,0.0012547,-0.0038376,-0.02288,-0.12928,-0.84776,-0.51385
2.7756e-17,-1,-6.7971e-15,0,0,8.6875e-15,4.5103e-17,-1.4531e-16
-0.0074917,-6.932e-15,0.0016809,0.051291,-0.24405,-0.8032,-0.18027,0.51001
-0.016748,4.0882e-15,0.010955,0.65068,-0.096538,0.45596,-0.36008,0.47889
-0.11233,-6.678e-15,0.99349,-0.018151,0.0046198,0.0001923,0.0016561,-6.9389e-18
-0.021838,-2.3622e-15,0.010995,0.68426,-0.32013,-0.25148,0.3449,-0.4965
-0.99315,8.1213e-16,-0.11281,-0.029135,-0.0034464,0.0079625,0.0011209,-5.5511e-17
