-0.0025114,0.0069653,-0.075951,0.053996,0.043466,-0.059233,-0.99291
-0.035251,0.020497,-0.49411,0.18699,0.77931,-0.31879,0.10133
-0.021793,0.011338,-0.045224,-0.48723,0.40802,0.7687,-0.050899
-0.23371,0.97097,0.048624,0.0066177,-0.010654,-0.0079687,0.0040519
-0.027238,0.031124,-0.82768,0.1573,-0.45009,0.29101,0.03509
-0.97047,-0.23587,0.039032,0.026728,-0.017369,0.0043071,-0.0017495
-0.033339,0.0044267,-0.24311,-0.8362,-0.14597,-0.46819,-0.0052223
