-0.00038463,1.3184e-16,0.016616,0.10204,0.82031,-0.39165,0.40375,1.9061e-16
-0.014682,2.4021e-16,0.021671,0.29876,0.42832,0.49451,-0.46693,-0.51385
-1.5266e-16,1,-2.7756e-17,0,-5.5511e-17,-2.7756e-17,-2.2204e-16,2.417e-17
-0.0068296,-7.1469e-17,0.044593,0.77206,-0.038638,-0.20261,-0.315,0.51001
-0.012462,7.6328e-17,0.0070501,0.062949,0.1367,0.74886,0.43247,0.47889
-0.032994,7.3654e-18,0.99758,-0.059981,-0.011798,-0.0010354,-0.0029605,5.5511e-17
-0.99924,-1.1102e-16,-0.033772,-0.010603,-0.0063108,-0.015044,0.001346,1.8292e-16
-0.0038401,2.7756e-17,0.030179,0.54459,-0.35112,0.0023779,0.57679,-0.4965
