-0.023256,0.010096,-0.52272,0.7739,-0.35623,0.015557,-0.0078119
-0.021746,-0.035163,0.30806,0.15347,-0.13106,-0.63482,-0.67799
-0.034249,-0.032101,0.092924,-0.22433,-0.6544,-0.4574,0.54898
-0.22953,-0.96999,-0.063326,-0.018858,0.040411,0.020723,-0.0025876
-0.025965,-0.048649,0.76057,0.54273,0.063949,0.1665,0.30353
-0.97091,0.23285,-0.011787,-0.016337,0.05144,-0.0054327,0.0051544
-0.04221,-0.012838,0.20153,-0.17897,-0.64755,0.59947,-0.38305
