1.0,0.8042392948689627,0.7362089787808366,0.7252706837112008,0.7981874501250006,0.8109891601001096,0.7731675799964819,0.8038519369390847,0.8801953457913703,0.7869013383223271,0.6755379287195004,0.7068480826784581,0.7405452334394467,0.7843596352991882,0.9135830085358434,0.8398249251159917,0.9566600921662249,0.8356343789513293,0.938272850428719,0.6930124247287224,0.7829690974863783,0.6790408721971428,0.9286455496672789,0.8261584021633798,0.9592060475960047,0.8162333798608877,0.731512196266905,0.7477214307840673,0.7565185624870957,0.7410584312906301,0.8687413517086855,0.865275450331997,0.9210332557102383,0.8802302101795071,0.7225335169802779,0.7648588054910082,0.7925080252454676,0.7109274242848251,0.7011423687273668,0.797436487254232,0.6807786821578807,0.8629950972366469,0.8049433580124816,0.7778806413796261,0.7696054646078053,0.8911123675731238,0.7414430029904115,0.7307862566957962,0.7597778238703713,0.798030125916107,0.6879613868007677,0.8127705305371705,0.7483774577219328,0.6821977378020024,0.7937434598032367,0.7334287947325062,0.8123067075687729,0.8031423882776554,0.8273546009203141,0.7734641808843914,0.8280759963288332,0.9025107922248171,0.8990358872274822,0.8117008833359423,0.8271588957259501,0.8596362525836156,0.8428165464306254,0.9178835793212148,0.9112920893070422,0.9573854285668795,0.9092236489208319,0.7285479589663084,0.8801405875982675,0.9126503096178087,0.8404355882340241,0.7868719733306685,0.8079139850633549,0.7800948708983549,0.8516249177143937,0.8187428408152968,0.18432393803781627,0.1700753227390812,0.11504090681992037,0.21876409383781653,0.1881963632708517,0.11172683925863088,0.21331528795204396,0.20291353009094446,0.19741300952352467,0.2469454494441215,0.16412206829816542,0.1691663495724093,0.1935646042202985,0.2113192934781892,0.14825362722040272,0.2217625463650248,0.17449801819751615,0.24288490130587265,0.19751804056279787,0.1533541428973876,0.2432704744478679,0.25077507909914,0.18921612195608634,0.16365612305817537,0.1349435848442813,0.23625341737342848,0.21867636355643763,0.24010780167060544,0.20967558044382337,0.25390790901893323,0.17224485718063975,0.166173673396832,0.18422764226514435,0.1737816623497076,0.1833258032726425,0.15970453734003948,0.2075208386073879,0.15781212907875403,0.17231759145828615,0.16420225506505395,0.16447536506719354,0.1707121981019674,0.18315105485832278,0.12223171198763194,0.17824366121076124,0.19286932876238197,0.13261681363295508,0.20545383668397593,0.20297447108260758,0.21685555836420126,0.21210217456810265,0.19060565641669455,0.1787531989141606,0.21125943016926851,0.20658544334765913,0.1980935985786367,0.17823745577031697,0.18678236121676592,0.19957783299957327,0.1778754993838042,0.1730230263580453,0.198119749622283,0.19761617215824895,0.12128508187966988,0.13888760801840122,0.20920769235011688,0.21404027837165182,0.17181418277080923,0.21449240609352277,0.1487040265737109,0.2140302642563162,0.18222071703085002,0.18034517638657072,0.1646527159154688,0.13641973654355238,0.20187126955844792,0.26926326525487937,0.1746410406059481,0.19266229302436416,0.18633299479829638
0.8042392948689627,1.0,0.9101475964500103,0.9357902488153778,0.9089478076576925,0.9560126966039565,0.7986944535367883,0.7971502871958692,0.8228502262408558,0.8927597309903043,0.8859779046363613,0.8973116068642056,0.8507768282352017,0.9427302148845407,0.8432694063189269,0.7823584957997489,0.7961341659221204,0.9548694038001682,0.8339948086502353,0.7948870482016458,0.8311661987588501,0.8015467465746926,0.8537690986027631,0.7807458037385215,0.8070943510131116,0.947760827446492,0.898460556616713,0.934364201280513,0.8476972111039593,0.8261932092374508,0.9582065349431105,0.9457026241779897,0.8992175812143308,0.8349795409571936,0.8749283516931377,0.9154657642563864,0.9701546439808222,0.9086243837358783,0.7983473358629355,0.9103192756224402,0.8850516194024023,0.8805704535053097,0.7521260332573952,0.918433847654233,0.8213005623615011,0.9159794037518456,0.9043695489855995,0.9184478167369121,0.8663156761516664,0.9327599160747484,0.8958854716561409,0.9278815251163092,0.8478025139894015,0.889306297679266,0.7970375348563083,0.913778098630111,0.9578218995217987,0.912341836157888,0.9835911242378597,0.8076457774445476,0.9466287214208611,0.8073966388741427,0.8515999798193576,0.9380935700001996,0.933988299758824,0.9067059839360802,0.9357765015644866,0.8453012929286003,0.8832912967893481,0.8455625518396783,0.8480018553416372,0.9300181239841858,0.818003372379853,0.8641687140209615,0.8987763093274331,0.8784677414688075,0.9253268529433505,0.864042935222181,0.8926482770498353,0.9451778992154567,0.12261615081431543,0.07919273474337515,0.12863437116351997,0.07084627302298055,0.15859531028541515,0.13196389069235717,0.06464034768720969,0.053362395024622075,0.10424754266307659,0.11006223644196847,0.13844255464391203,0.14715914043100478,0.15521173381939324,0.06215870638057869,0.06747630240661481,0.19294242043083934,0.07433426931344457,0.16438205018793164,0.1685256592993894,0.15529803141636503,0.14445485267433794,0.10219643275457302,0.08840944976526965,0.0764779977548701,0.09980589223945718,0.16477063815667387,0.07007376347751526,0.0939370585647965,0.060842767671219065,0.10502786818771628,0.07072340451185435,0.06465477196565964,0.15533335191569342,0.07424461023594708,0.15873108858171606,0.1413623286215847,0.0600230144312789,0.14549868726218979,0.022520596310844382,0.13940370769764326,0.014902200989512258,0.16004571051674316,0.03373386781975493,0.14283661439014145,0.13142864681173755,0.043164841478216906,0.11605235931698554,0.08937323855355225,0.053782716618606084,0.06788469909877734,0.06357661627619315,0.041348918436087886,0.029324716444486393,0.06261197098890663,0.07547285612310346,0.04894005594527655,0.07638208468217898,0.03946814864504709,0.05009000956331664,0.0780029732159121,0.11150163301804732,0.10317794516132121,0.10647791299211677,0.13316852199461282,0.1448732900244813,0.0627072377367661,0.06522497898819181,0.0744444413269951,0.17187761851506353,0.08546862204514317,0.11400597179466429,0.13203582785660806,0.07888735011686204,0.0631682770751085,0.06518362586573438,0.07605795809043656,0.1489271827010566,0.06025322474610785,0.11756415814295713,0.10296069821879161
0.7362089787808366,0.9101475964500103,1.0,0.9731399401522592,0.9229915168891646,0.9410083272435716,0.7478080032926322,0.7638664653141738,0.7796094966162169,0.9718392663348918,0.9780296442172478,0.9821169462472016,0.9628310596004152,0.9366899529447483,0.7771360178545257,0.7483364822463744,0.7495791360743267,0.8461746512829691,0.7432899650495983,0.8663032751879272,0.8987925252672504,0.8661971887770112,0.7608691476234624,0.7511079026719532,0.7486675163086869,0.8849717046311797,0.9743505550741706,0.967314293595634,0.9568002752895282,0.9342413287989861,0.8781727291724769,0.8807885211534654,0.854227071358434,0.7780495131643453,0.9857629557335367,0.9925218725890061,0.9422533669857287,0.9133735316503749,0.9174106193646387,0.9285942737842913,0.9722786777023069,0.8763902137683719,0.7195086751836718,0.981995029694588,0.939088040223958,0.858447489374063,0.9980078457985856,0.9963316491696673,0.9753413992963473,0.9223237537239477,0.9651686877388588,0.9616048724220201,0.9695545450781065,0.9601330287592669,0.7774912294842226,0.9976615886773281,0.9411293919817328,0.9615062372535679,0.9285154257710191,0.7647588619928642,0.877183356086638,0.7981974497490025,0.8346152171459842,0.9389962113048753,0.920803301758512,0.9019403171885483,0.9214187083462437,0.791090343901047,0.785365089759912,0.7953178366527351,0.762141206618012,0.9157557827634886,0.7510605489689753,0.8355728875112136,0.8898399549580169,0.971352185077692,0.9102330410025008,0.9705576025769073,0.8366713190652844,0.8712515245162521,0.18955667100231993,0.14617193497443653,0.15157844410992255,0.13803698696286815,0.1342794539320967,0.1508212438067794,0.08211005606393654,0.1295635277607205,0.16982777865565504,0.1416901911265349,0.15039218570451202,0.14800017145909244,0.13954279886578705,0.09533931466244736,0.1398602202372186,0.21882424195120578,0.14145597962391965,0.2048030340064701,0.19264721668748813,0.16583016398003775,0.15417725371757268,0.12001126866360268,0.15562302749016105,0.14563933775736426,0.1770238518366134,0.23184958360704555,0.08863278966709544,0.13916671552017898,0.09205751530850635,0.12513086998115858,0.13773862466741066,0.13171255748319885,0.18035706911258656,0.14364457711420267,0.13277334540782681,0.15076073523194466,0.10475851291009082,0.14836796181529777,0.09299117046497252,0.1532243243491825,0.0907313440401345,0.13803632782481187,0.09913221729685322,0.14903722579398465,0.1488420512439043,0.10133882299740779,0.14610300552827304,0.12798074830553685,0.09870709092603207,0.08738869249295368,0.08271340833816707,0.10013767525751538,0.09793654482352812,0.08525009069951428,0.11916111590623149,0.09938161557106914,0.13911159386619412,0.10271755632247612,0.11762648141257318,0.14381446314867208,0.15151146337724816,0.17565502923261708,0.17231477833038616,0.15083909122451775,0.1477238972116793,0.08736595569152505,0.0854049186972753,0.1435914147477892,0.19957757947972074,0.15446369244386923,0.18114924249938116,0.14984415679473445,0.14558597679405275,0.1301037923704102,0.13830784475958066,0.1244586604311017,0.16384412631821627,0.10538717204760792,0.1774264999381654,0.17005355844974265
0.7252706837112008,0.9357902488153778,0.9731399401522592,1.0,0.8702229136110826,0.9206208545247907,0.77184405453316,0.7706103161406739,0.7529434842298781,0.9356900099874323,0.9506769411980468,0.9533038866911167,0.9070720059872055,0.9053924379729533,0.779224022936551,0.7557607832166497,0.7375091281758609,0.8716714542560918,0.7499989877847555,0.8236917747852059,0.8725111938037209,0.8340427811388738,0.7792921032384712,0.7648225208561505,0.7293513845498604,0.8890589627039563,0.9382570135535433,0.9894236950510354,0.8952250099970946,0.8744247913349932,0.8959725781027238,0.8883018382204526,0.8473371271084276,0.7832975142846087,0.9456332573171906,0.9769234498807835,0.9267501259551251,0.9085408900432682,0.866122527824734,0.8759274460209049,0.9602360697066301,0.8454258720591655,0.7345372765621532,0.9728330898063836,0.8840286847247188,0.8555395578668238,0.964325493906494,0.9834466955837418,0.9286692216353825,0.8939192152393216,0.9479086514517107,0.9457183479704774,0.9139545986014543,0.9524530207888858,0.7811778067436366,0.9708568605619814,0.9068694346889604,0.9202111371033898,0.9283356960297983,0.7833803731758728,0.8829731234668646,0.7479615536479501,0.7998775061311161,0.8919357329272135,0.8841236213410664,0.863140443667237,0.8806139802773721,0.7856633726946021,0.8030687276500892,0.7823402276692397,0.7885444426535511,0.8831847509669088,0.7631894768726568,0.8116539884874852,0.8507594984867619,0.9303060554349356,0.8713893334826498,0.9331248874245877,0.8396371654638308,0.8856883866524047,0.1608044617722439,0.11661014311648284,0.13597401844480939,0.118473619945109,0.15053980613234597,0.13704357942946643,0.10014820278422265,0.10206703222919766,0.14150154858811007,0.14994186732285195,0.14292160615616503,0.148660124035941,0.15097621967392483,0.10131308766246208,0.11026240594656382,0.18968849466869953,0.11227166510912268,0.20660081827804305,0.16411716874488588,0.14843060643340808,0.1810140498260744,0.13800895824278275,0.12603217299888259,0.11630123351836304,0.14744599885210832,0.20224716306872512,0.10608167860800402,0.13706818770376544,0.10050302672778148,0.14064747691070673,0.10814876287377236,0.10211209966031758,0.15151187650444903,0.1138067722117154,0.1520831569311346,0.14446406516260837,0.10304839190077227,0.14673548763634986,0.06748548150926252,0.14398065358251735,0.06334360005819412,0.15390282558536683,0.08116886944476102,0.14603169078368464,0.13465239281921254,0.08631589592992206,0.12329430219631869,0.13050302455043905,0.09652974150395754,0.10279388593426568,0.0999995741514373,0.0877573975783501,0.07729262184845169,0.09993090452679976,0.11791698175148095,0.09349007668186032,0.11097277362055177,0.08459752768286223,0.0975811254128775,0.11516435390224071,0.14339804237492618,0.14568759689435856,0.14510178362798382,0.13821499506423351,0.14743596341784956,0.10070565803960918,0.10113343155321752,0.1138262860292786,0.16993427549918447,0.1281717845791076,0.1519951020623133,0.13412877227571357,0.11613787390276249,0.10055490936230452,0.10909336252068158,0.12003979705396946,0.1784976052412517,0.10865519322704129,0.15201991969322115,0.14044725450692344
0.7981874501250006,0.9089478076576925,0.9229915168891646,0.8702229136110826,1.0,0.9808881986590988,0.7072007038736822,0.7363107862070055,0.854309944049121,0.918170019714751,0.8909674678009811,0.8966882167105403,0.9542902966976594,0.9736529609599941,0.7930578362875658,0.7073304349608781,0.8200566593900891,0.8529308970458181,0.7633422356855333,0.8190720751065923,0.8746959763074905,0.8058014128412762,0.7673934953496249,0.7125917492150629,0.8094310415145822,0.8755191674124496,0.9229612764319164,0.8831708296963786,0.9417224569019428,0.8955467827341327,0.8656567119506917,0.87191602436754,0.9205510262317873,0.8006812034806579,0.9249115410824033,0.911300639960046,0.9610322713974021,0.8907259860604,0.9071485453708202,0.9947585482700261,0.8924498370821844,0.9288696528745763,0.6584171213396938,0.8917423505028589,0.9087230906143262,0.8802143042707258,0.9325281910888386,0.9058371355511945,0.9487707834249755,0.9816865034236393,0.8930228819139618,0.9221290637245414,0.9459308709239881,0.8896408510259235,0.7395345332917569,0.913687122746348,0.9783107067979536,0.9763136828312717,0.9547390755465198,0.716016661052642,0.879373071622082,0.8912307331009508,0.8802088949264352,0.9805956361388845,0.949111672897631,0.9741627574882393,0.9683880077376387,0.8040244557259717,0.7837667186370745,0.8536671532790672,0.7701892173255885,0.9295067394294317,0.7746233227105274,0.8857265481572391,0.9731201710763125,0.9349129564475811,0.981230358509513,0.9241550892134788,0.8612254699678381,0.8602993757518729,0.16136332745401089,0.11662994351655068,0.15085335062513056,0.08935599366426175,0.119790508160233,0.15174162385910855,0.016987626369177757,0.0883395450179149,0.14268429038129166,0.07179991692583454,0.146201645891461,0.14040070440781,0.12625012718218756,0.03597531587158298,0.1102734171639859,0.2401204552191265,0.11231703065528068,0.1065239427419219,0.21512614608695033,0.17894519757146163,0.0483770190168384,0.054301569685021714,0.1260439754490675,0.11632310439429983,0.14745976786494577,0.20225792861931424,0.02313112899290849,0.07935451982806302,0.02953463383348423,0.061898134394454275,0.10816008241168526,0.10212301795544207,0.20221416028822053,0.11315849119051972,0.11975472925080573,0.14730070567242792,0.045709724709497954,0.1404306238176904,0.05550713803994568,0.14943205282423092,0.04968803937838817,0.12740205023406442,0.050407100419114705,0.1423026401104111,0.14897775273737585,0.055938451929965105,0.1521361763107161,0.06894997022912758,0.04162014238526894,0.025287575920748734,0.016761492869207535,0.04748544213419565,0.050832751218774466,0.02037781048322477,0.061572603612585076,0.0431885939248612,0.11233017019762322,0.05717590271129021,0.07070611549186387,0.11556491946753886,0.11897334416960326,0.1443209325889168,0.1460727557954821,0.15056893735689353,0.13934907258996876,0.023479049612794102,0.021529094476305802,0.11346710137985486,0.2198097508076066,0.13059911492375376,0.15204139120618923,0.14921524388511337,0.11624804916264457,0.10058763165131572,0.10943197670412619,0.06773406561111021,0.09914860748108016,0.045003061831047804,0.15515146642526062,0.14045797169666768
0.8109891601001096,0.9560126966039565,0.9410083272435716,0.9206208545247907,0.9808881986590988,1.0,0.7485383748542316,0.7734452129399912,0.8569848458768405,0.9269321458165937,0.9002624865760849,0.9068520085484879,0.9300655505865467,0.9804430288504182,0.8170335021044043,0.739193611973209,0.8289054186937003,0.8939190275072576,0.8000101129333634,0.8126721104625444,0.875364707951977,0.8058637697319119,0.809601782245841,0.755771158730404,0.8186746519679989,0.9189307524667921,0.9185360235801013,0.9271846055930005,0.9110061641821374,0.8766915500640184,0.9152707985781617,0.9153346264171688,0.9345631678812054,0.821781232251548,0.9245573102429484,0.9391180985646519,0.9806579893481,0.9239685142960801,0.8937107510402862,0.983844938832463,0.9068369640343399,0.9343334549026793,0.7073716326957875,0.9239560353126638,0.8925151164076477,0.9176225704235655,0.9416937536592567,0.9334414609415471,0.9357004142550395,0.9806742871889715,0.8964412392049457,0.946237473095357,0.9244740867335475,0.8973448463586593,0.7799467708785935,0.9352001590018808,0.9840028569621367,0.9684398738855012,0.98613782347037,0.7607568612799634,0.9147064768330271,0.8614674573599508,0.881870624003324,0.9829810922515186,0.9602184908443909,0.965654963399054,0.9674909771436161,0.8331653663808858,0.8273234868797903,0.8693183392706743,0.8133716097563294,0.9362722434027659,0.7993236745207525,0.894865948642259,0.9574717294071787,0.9324319925160605,0.9703682755771105,0.9266873739915369,0.8788543132978969,0.911012610902209,0.15350496568665198,0.10917995500479197,0.1478687320355812,0.0833619222986428,0.14352974571239624,0.1488082654989622,0.042636477926953645,0.07103252243355233,0.13460491383024514,0.09547290605788783,0.15080787070982266,0.1516911946595488,0.14774450121355848,0.051656677819160425,0.10289201552603251,0.2323533194305069,0.10487767409462681,0.1418407540294418,0.20710203281150646,0.17015052884923132,0.10096100922439102,0.07961915557359424,0.1184893713302706,0.10889070378265389,0.14001356508169288,0.19488393324660444,0.04803897199300217,0.08999625066785955,0.04814007096429116,0.0845218893126904,0.10069972426429286,0.09482742933490432,0.19423997259042958,0.10625830893092617,0.14402420583982767,0.15184096724193308,0.05629600856485477,0.1507912663384937,0.03700968415222301,0.15567318027769142,0.03195442924239654,0.148597926096101,0.04502218196914518,0.15093552657553075,0.14622990520857312,0.04963432222749766,0.1397019556285926,0.08215385032928071,0.05092342388041756,0.04716401328470123,0.04186827706321338,0.048113850884141204,0.04208035607916587,0.04358707515335269,0.07175609547919913,0.049823650492287715,0.10385406793959177,0.04895638336407844,0.062198529948494216,0.10783722827053781,0.11358510568196505,0.13802499191613993,0.13799763784450303,0.14913861532405476,0.15059986558960875,0.04546233901726492,0.04466182487014232,0.10632504987476883,0.212476686178231,0.12136259552850177,0.1446038240727999,0.14624919678395326,0.10873028365324847,0.09312748884990395,0.10173820959787447,0.07560419734474341,0.12574678316497817,0.05952451835270284,0.14537608420718084,0.13315755321480988
0.7731675799964819,0.7986944535367883,0.7478080032926322,0.77184405453316,0.7072007038736822,0.7485383748542316,1.0,0.985435619723922,0.7645454848377516,0.7413333796670514,0.7287945474719331,0.7425151223053268,0.6958101518220083,0.7464411299958925,0.8356415290679816,0.9284470399215689,0.7896781623465357,0.8174306849092782,0.8112638337062587,0.6835518425178699,0.7080399425277296,0.6874619935523626,0.8468579583067454,0.9539983300167985,0.7851783477407408,0.7769991484983796,0.7609933754888275,0.7820740989731715,0.7202905389065979,0.7258730865629653,0.7838272215869643,0.7654222420071018,0.8097890106854759,0.8368485370672163,0.7311284590301899,0.7718363778442561,0.7715805974736558,0.7158610626683041,0.6416299839471079,0.6993220618633631,0.7308864295481121,0.7396816537064044,0.9064699034362936,0.7696551206799194,0.6786458984417572,0.7775285443149745,0.7470516799826007,0.7557602964953786,0.7133178783046088,0.7453319002558288,0.7563391152076456,0.7423502477780286,0.6936925553886073,0.751693306655571,0.9659719287068966,0.7495684222238868,0.7689380396248717,0.730728544953371,0.7818684385977204,0.9852275443759246,0.7401099079942609,0.7565362333103824,0.7567631421081537,0.727605341818846,0.7325585873099618,0.7348139470444772,0.7552529925880292,0.827816258792209,0.8243428415860585,0.7593961977465031,0.8391086251254991,0.7276631172899396,0.8270328312759819,0.7604530132387868,0.7583439274446648,0.7224846553021235,0.7526332249976886,0.7463183504248494,0.8344506290708535,0.7933863085734056,0.10418614227401043,0.10041837068025916,0.0874473638511952,0.2195427950478776,0.12364164680774645,0.0907873033135043,0.20318510149419033,0.20371309745948304,0.1356766835217719,0.255285664669034,0.09491868077171538,0.10142261552714726,0.1177337940343846,0.20570895562140343,0.08421848230268,0.14134553534236058,0.10821601952948001,0.30889676894224627,0.11839557789690598,0.10906405554025404,0.2842501729464472,0.2389140038688115,0.1248398456524638,0.095183829008714,0.057154507894742954,0.15682805974175482,0.2069958119152983,0.23652224362566834,0.20089515373515682,0.24433259511236166,0.10807219134311057,0.10231389362809347,0.10424541415091393,0.10594695516934574,0.10811374121539656,0.09815969495537824,0.20297551634011768,0.10705631335745924,0.176628647457396,0.09380251343725288,0.16472073241013396,0.11861702401805144,0.18232647042341343,0.09739331303507588,0.11297528020451746,0.19429245674171114,0.07685112718738976,0.18944092604746615,0.1978370769250804,0.20828964172467837,0.2000863086734356,0.18791502448716976,0.17741611293526877,0.20036463793907608,0.19389416370784876,0.19335259617246417,0.11631763608152564,0.18702984302242234,0.19846047273590908,0.1121500407044207,0.14938826107969544,0.12777507505452257,0.13430436035213922,0.09128881551378827,0.09835658339768616,0.19926714812726104,0.20393024822152767,0.10567661508095343,0.1399021570092021,0.08661401881239421,0.14761299732494024,0.10990563442364298,0.1161314804807189,0.10045558229881779,0.07137107390886545,0.18796741074231327,0.31603559533861064,0.16409199414584386,0.12562717814187346,0.11314477915395946
0.8038519369390847,0.7971502871958692,0.7638664653141738,0.7706103161406739,0.7363107862070055,0.7734452129399912,0.985435619723922,1.0,0.782789966231469,0.7687161204055638,0.7233948359188199,0.7394062152067233,0.7228862234182583,0.7535038978338393,0.818964303821464,0.9183991355443958,0.8164081717021878,0.8023440075228514,0.8073463141030283,0.6767018668985005,0.7246518510097074,0.6713626677493868,0.8405064230924776,0.9691166513551724,0.822171705486296,0.778022256214065,0.7605053287372625,0.7860166416847137,0.746170805367543,0.7490514614117803,0.7898573461775626,0.769176166611256,0.8406035987325031,0.8159503276279502,0.7451770111105117,0.7907342939249158,0.7716002557860651,0.7090037075605325,0.6704154610523549,0.7347315381933475,0.7199950497709141,0.7623209925217134,0.9136543977480066,0.7806953906211495,0.7105769665807542,0.806661721790368,0.7641073952288363,0.7622205554333712,0.742958596261643,0.7540575458308456,0.738430856976847,0.7800967368655163,0.7229710153084051,0.7312948140498585,0.987595232125139,0.766032566110626,0.7810750000076733,0.7612403771062729,0.7953425938553533,0.9883846281385831,0.7362828983904054,0.7709921521972993,0.7684384304536864,0.7563911673654872,0.7507880080234204,0.7606932609571103,0.7708568348858031,0.8312340720881395,0.8255701052969785,0.7985647996114138,0.8280667412512617,0.7218624605025744,0.8023943021021402,0.7780763143963602,0.7790048504339118,0.7562868514431006,0.7641166149944794,0.7745470035564449,0.8094027117825882,0.7965275561624205,0.13395407825970326,0.13022162422450334,0.07814227847831003,0.20940757277606412,0.12349763226920936,0.08070648110856826,0.20379483244923638,0.1920360695711748,0.16424310187914876,0.24874860010931096,0.08709577000444492,0.09559926858335327,0.1160598709019347,0.20125766439389844,0.11390600661455781,0.17063544111017642,0.14050216472082658,0.2921445282645031,0.14713959539436305,0.11665004770669055,0.27526479873692977,0.23985822061543752,0.15451825524510635,0.12657435941214454,0.08689453180282913,0.18651299441564556,0.20769648925974407,0.2301662220684549,0.19838973543593638,0.2433129292578377,0.1377581720363532,0.13200682424517146,0.1332780749907662,0.139549420971043,0.10778638077038113,0.08997229206330884,0.19692455780649426,0.10120189054064513,0.16322012018031326,0.09117256085152163,0.1529662684059628,0.1161966312476163,0.1723061475904855,0.09088225240935548,0.10319317145961773,0.18262940393142205,0.06533310092018227,0.1844761604651217,0.1915884879730791,0.20660678322686277,0.20100915013759182,0.17938498789953466,0.1669199352294993,0.20013803766203725,0.1879130757133815,0.18651306867436535,0.14472543789417736,0.1754471495712202,0.18785845127618148,0.14442529799447157,0.16586272016392453,0.16659097253808783,0.17230244739794637,0.08165334509964672,0.09280512769583929,0.1981889383388204,0.20329781253133436,0.13730421986887792,0.17037129113825294,0.11894361543001661,0.1801061997220096,0.10050863094552129,0.14596809655999415,0.13023031524681686,0.10090482810954542,0.1814321296831825,0.3002774496399855,0.1598348165921256,0.15741969769628056,0.1428337469931936
0.8801953457913703,0.8228502262408558,0.7796094966162169,0.7529434842298781,0.854309944049121,0.8569848458768405,0.7645454848377516,0.782789966231469,1.0,0.8451868020247602,0.7449530224226908,0.769615036623681,0.8162963273283864,0.8625918563018669,0.8182484219236447,0.7253741037155541,0.8418378494138711,0.8355434573215721,0.9038519200839943,0.851415859234611,0.8883207386139741,0.8364256997309788,0.8221340693305651,0.7289863954160692,0.8296243931389548,0.8421913100692937,0.7939253194372811,0.77879409382753,0.8166270160498772,0.797153329375552,0.8080761865327182,0.7951285290466602,0.8993678856929354,0.8034772413594116,0.778228179836695,0.7989545811930397,0.8429127330452382,0.8452900194431653,0.8439437989475056,0.8471677514585364,0.75319573223916,0.9107843671440268,0.682997957718448,0.808782931346331,0.7912061472982687,0.916257856455245,0.7882676970676742,0.7706909106512823,0.8110199078040955,0.8611362106067315,0.7525811158793494,0.832009942529664,0.803353891826345,0.7496767398620079,0.7505596161789856,0.7773148338070238,0.8650755115359949,0.8489023902651066,0.8582350920251264,0.7349298373987898,0.7645642184702586,0.8741192649358869,0.8446277988558579,0.8508437627921559,0.866065148789739,0.9097410084241606,0.8928777433194256,0.8032487830899484,0.7969064295907784,0.8556597041749585,0.7908950266030865,0.8141504255016034,0.7894781042509021,0.8618828765896609,0.9013101188348553,0.8321775892080858,0.8712317943576682,0.8281865728089686,0.8691619688954934,0.8452591827954775,0.1992066026282579,0.16605858691889686,0.14525649656733935,0.16703598222455035,0.16236920759635015,0.14934728391346797,0.12123139630385256,0.14837093775563232,0.18816464110903341,0.17548837505586773,0.15112362881115693,0.15092279070804196,0.16572973933093066,0.1299692371538999,0.12788733906635086,0.23763189622928088,0.16049884064700218,0.2167316118090214,0.2157244318155486,0.17896609665331098,0.15904294463574234,0.1522098028363763,0.1558758927123651,0.15461035978374532,0.1447086231165061,0.23576540138681587,0.12047053400205562,0.16095938164311485,0.12039405219428627,0.1594193525291488,0.15279712622571612,0.15369715322654484,0.20044433265822179,0.1587617792935834,0.14518665861258714,0.1517439437478129,0.12794595037835726,0.15845371819598125,0.12166133897290679,0.15337726944000385,0.10677596916387673,0.1543372747599538,0.12181856012588488,0.14870050474634558,0.16255817426519642,0.1291534021822504,0.14010528468259587,0.1478343907502549,0.12428911302030485,0.12363601093158624,0.11358603533569914,0.12268576760545151,0.11494807388831478,0.11568693088644019,0.14129017736870178,0.1224297176356494,0.1669358005995774,0.126259998109987,0.13570557729055374,0.16441646047698713,0.17345923061272644,0.18291881361077994,0.18926936946621675,0.14867171169746568,0.1479081317909265,0.11560020000669344,0.11878165580669708,0.15759950710601472,0.21711444198416324,0.13917855008940375,0.19999296598016753,0.17043902372732672,0.16726792981932453,0.15155308003911605,0.1257954825472527,0.1433230349154912,0.2515826025918805,0.09650941141318264,0.1972381824877106,0.1801757850625199
0.7869013383223271,0.8927597309903043,0.9718392663348918,0.9356900099874323,0.918170019714751,0.9269321458165937,0.7413333796670514,0.7687161204055638,0.8451868020247602,1.0,0.9371241244829882,0.9583152850214057,0.9584315283771889,0.9223205018771541,0.7584132692762863,0.7289103423334605,0.7565112499782509,0.8666948471905933,0.7828381788756672,0.9164748673987774,0.9612681764454795,0.906137340442719,0.7567552203924335,0.7328664146971129,0.7658169839212589,0.8982323884417326,0.9480978778295572,0.9431319747185508,0.9562150964385223,0.9233420820494425,0.8601335065342501,0.8626597223624415,0.8581287569222018,0.7382324903731414,0.9476410124015231,0.9640394437079566,0.9193755197877816,0.8959586785115465,0.9279183452230564,0.922399076825743,0.9259255659928233,0.8857060222143993,0.7019589063420141,0.9745089280266566,0.9404439067714595,0.884714991251338,0.9747662560837872,0.9641146626899225,0.9735939709728058,0.9099940067863997,0.9268733340763535,0.9817044539630716,0.9674072785917502,0.9149096924717977,0.7667778441548748,0.9740634386595335,0.9273894385343435,0.9655394034997826,0.9251347999029796,0.7454836233791273,0.8559958693635575,0.79699657529787,0.8112331391567519,0.937417974731342,0.9323101236644298,0.9210061228511293,0.9340100346878643,0.7644890488953253,0.7696549750950562,0.8044554129256906,0.7316747679966222,0.8947218869238652,0.7150524559714577,0.821647443474831,0.8865729840729004,0.992000715469439,0.9063408801572426,0.9518148765348269,0.8298639448309831,0.8840517264884827,0.20744203880435666,0.16277310104801443,0.1482840624729749,0.13725354291613437,0.1432042751836141,0.14989000856000728,0.09380580694556558,0.12312055474805375,0.18939742521831032,0.14742032087250007,0.15188249821970537,0.15211857569396323,0.14940297227823915,0.10283713425695792,0.15613085177468933,0.236172909992024,0.1584853922712555,0.19310196678824837,0.21164700609010828,0.17601147957503352,0.1469561523854091,0.12913911298394837,0.17063268288623726,0.1624851319679685,0.19360340608077173,0.2477643598986546,0.09751907647311428,0.13968593189012102,0.09784177675677183,0.13447252465796372,0.1538677377295916,0.14870042785602783,0.19820811607730154,0.15948520273654618,0.14419475923942882,0.15252910262898142,0.10613351939249054,0.1511832274331199,0.0904285267884517,0.15630464421959206,0.08326541016527131,0.14919558923606685,0.09674132969441404,0.15116706573735342,0.14699033515703797,0.1012571067915353,0.140776525719646,0.13226690858294857,0.10111866494651726,0.09738441338303619,0.09123224712938373,0.09910461872418445,0.09274287410976051,0.09308766670767378,0.12192560524777307,0.10006734307037246,0.15818077552145052,0.10040748178457695,0.11295131919039818,0.16167025516618053,0.16726932643801642,0.19086292077036318,0.1921369979349123,0.1499541749373366,0.15067385693258223,0.09515367043655017,0.09447496403432717,0.15971008614797708,0.21599049175795196,0.17628430779376061,0.1982121675063311,0.14749904827062854,0.16237306498913975,0.14672678123700744,0.1555064765450511,0.12590420948719477,0.18870451041904893,0.1094015512914416,0.2007189715694711,0.18644052362286084
0.6755379287195004,0.8859779046363613,0.9780296442172478,0.9506769411980468,0.8909674678009811,0.9002624865760849,0.7287945474719331,0.7233948359188199,0.7449530224226908,0.9371241244829882,1.0,0.9953618574806736,0.9416418501673205,0.9309444184205968,0.7721614890813494,0.7328604932087134,0.6881703409234308,0.825003171546783,0.7237499616217066,0.8774992957359053,0.8610178011536217,0.8896843172211018,0.7418144842436467,0.7100198800925532,0.6859712933776911,0.8791520811050987,0.9739956115174451,0.9294383041169336,0.9332076231030364,0.9194644589335264,0.8575625343064379,0.8656604665277878,0.7901822639292786,0.7747597549154774,0.9788948138435666,0.961039649863527,0.9327530075438446,0.92877677477296,0.908138148810156,0.8929927288210742,0.9898098967702316,0.8423568410122322,0.7029417047654007,0.9575659140537105,0.9090672219323915,0.8138983062163871,0.9750954415562741,0.9813744974379268,0.9377470102514943,0.8953883662348021,0.9794047819041027,0.908780215150472,0.9429500013584564,0.9717558024141857,0.7374608213678974,0.9781945412593286,0.922204039457634,0.9160026369637088,0.8874403113286448,0.7377942058933227,0.8613273423821426,0.7713578125670222,0.8146629483178535,0.9090046288383103,0.8986705611591151,0.8624961784063536,0.8989944117881266,0.77049381108248,0.7633565130149002,0.7319237756237353,0.7398892019554153,0.9435409104104826,0.7428429440467698,0.7968719605716013,0.8507650599683145,0.9275369642114498,0.87807477105074,0.9353594040117809,0.8390951003863876,0.8629852507936556,0.15957467175797158,0.11658781539597554,0.14606680583315523,0.14007783513671074,0.10546692397246413,0.14425469617511305,0.05420258220943323,0.14034841364159592,0.14037018187799205,0.12463350066416838,0.1380637665832707,0.12866158392619412,0.11508110188894922,0.07320097271525756,0.11019657220104653,0.1890764993767868,0.11163606558502681,0.2126789377291256,0.16308761632103597,0.1568340804983736,0.1382787174321527,0.09055971702998773,0.12520265937784322,0.11591174250128508,0.1474484739140039,0.2020179166550662,0.059323918472332815,0.12213145451166885,0.06722574394201677,0.0966770151881663,0.1079406481547764,0.10246988799151717,0.15049488274359218,0.1140594379586459,0.10273475162022752,0.13700303502148717,0.08723864091312358,0.13078598985957607,0.10329109958409596,0.13414410365498744,0.10061596214977406,0.10951238615022323,0.09743502110507246,0.1322618012396946,0.1423202973223437,0.09671034109881664,0.14951056857104783,0.10709448281531686,0.08126894446386108,0.059024257940631666,0.053468707900242815,0.092095774577265,0.09812182666165052,0.05712262545561227,0.10100323589630951,0.08492681076169324,0.10897132792027557,0.10141413849434347,0.11726330261920066,0.11379521085956723,0.1354809437208183,0.1459674872250099,0.1415053732563449,0.1428693621128732,0.1287989055566646,0.05990487956981323,0.056839186991265334,0.11403640785235099,0.17000711815577768,0.12342795573807308,0.15131027826337456,0.14494515635596822,0.11595288656470648,0.10051514192395197,0.10858569941139315,0.10888514077030038,0.15742534053194457,0.08386536027253483,0.14599859732139922,0.14051376804673982
0.7068480826784581,0.8973116068642056,0.9821169462472016,0.9533038866911167,0.8966882167105403,0.9068520085484879,0.7425151223053268,0.7394062152067233,0.769615036623681,0.9583152850214057,0.9953618574806736,1.0,0.943428192525246,0.9359919267103886,0.7828048868312749,0.7433950102598081,0.7005157408610856,0.8524451929742554,0.7486942091140875,0.8992021620850114,0.8877109290284493,0.9085197211231517,0.755748090956893,0.7195898435336631,0.7029762932831863,0.8990299006436817,0.9775180178500762,0.9368609522905385,0.9398713592042217,0.9255245654701382,0.8686490193898496,0.8765896280816348,0.8013391870863436,0.7756779080614169,0.9763018034357908,0.965609473007671,0.9404142552717267,0.9264333417872205,0.9066310779947401,0.8981162619477843,0.9836404557316234,0.8590022955544665,0.7099497541810106,0.9729391697888659,0.9181959262349239,0.8374780540541427,0.9804944320901015,0.9858045901369433,0.9458651260064166,0.9033473694429928,0.9790966864014923,0.92886265675551,0.9500092409610941,0.968573779461835,0.7490627181403811,0.9836384271511036,0.9315897498082639,0.9270131020930961,0.9027819367843468,0.7478100266192106,0.8711722385007862,0.7773666535316346,0.8189259986146892,0.9220694738811546,0.9198590361841552,0.8804703190529377,0.9189995552044788,0.7775468329216894,0.7748901111923602,0.7447705836290284,0.7455409576937575,0.9446756322173855,0.7455162431556713,0.8049125123002279,0.8578057285275396,0.9448920779489324,0.8875791163212856,0.9389721179911745,0.8544906239934157,0.879596903182866,0.16661116130075038,0.1229822008468624,0.14951170555805077,0.14134119289698668,0.11439062855997717,0.14869497962285233,0.06274298685116907,0.13957116387580953,0.1475494446018822,0.13164087383265594,0.14352233826928118,0.1359632797749622,0.12295212497186503,0.0812318043620233,0.1166689831524494,0.19579679777755696,0.11845069848908132,0.2122140506725553,0.17017243051109987,0.1611168184479153,0.14557847889348535,0.0993143873394006,0.1319968453280766,0.12256050567314791,0.1538268575019237,0.20859620418724956,0.06808933386151346,0.12842032963613084,0.07521291364272661,0.10588924135500859,0.11443575751777502,0.10875437486845221,0.1574415904635605,0.12039769391689562,0.11259357800445605,0.14322686081155042,0.09367656600896382,0.13729055126383732,0.10396402536323635,0.14080887879630194,0.10014193834277267,0.11961024620767739,0.1000015295524331,0.13875245888426663,0.14649242160574283,0.10144744665862696,0.15107872984095955,0.11457379462726203,0.08789923731855162,0.06857824086737913,0.06206241516809208,0.09616552065144657,0.10015563386289945,0.06565362098377003,0.1078018094699555,0.09058894928978406,0.11646694424103894,0.10478136564230826,0.11958152536602537,0.12103069431264697,0.14313108129626753,0.15242894571001248,0.1501750526540045,0.14756338192318444,0.13568636529192885,0.06853494942962506,0.06589193296280572,0.12034607967511408,0.17636461739147216,0.13260916611990678,0.15815882768938203,0.1484396612021237,0.12244190568448979,0.106917964721383,0.11525244865774101,0.11487009805233153,0.16683588943725192,0.09120732480789459,0.15586733307931316,0.1469709738682777
