1.0,0.5767185546875219,0.4009870723079634,0.38990618010049277,0.4793723109501492,0.3833482593956411,0.38462916715766765,0.5205974342720876,0.6655181562807748,0.5378036991872028,0.3398662850920126,0.4234572562848105,0.457824866959498,0.552168439998646,0.45550692559936784,0.6191527794556494,0.7480317527814238,0.7760044011060667,0.6046028577870057,0.45741628769373266,0.5403390131906975,0.5112964300315281,0.5076762735049496,0.584265522840876,0.7531031789312572,0.5874398577764691,0.4374035338601915,0.5122130476734681,0.5567036326174688,0.5115490612924225,0.5174988507163749,0.532921858409226,0.7431126049507347,0.642161093890193,0.4660989012477055,0.5050813346677162,0.4552321390867215,0.41697154802777286,0.37896235606805706,0.462552248049534,0.4062974132618965,0.745793893330514,0.5105707802407587,0.5534880450402205,0.5861801472912611,0.7247319836514452,0.34387051306879035,0.45464289741857683,0.5569752107468052,0.6542092690826721,0.37136800703265266,0.49026801932382585,0.5802243629468015,0.3756641471216694,0.4892879382787786,0.33109633148320905,0.5858680522547403,0.5383788027892803,0.6357564850881843,0.37236411620822174,0.523152704311239,0.669659097493939,0.6309769504689,0.5547284788651988,0.6836762111297523,0.7025726741662826,0.6177166530395793,0.4886868752301264,0.6064855879782461,0.7518226705363174,0.6162520333607213,0.46171964211733546,0.6394408027037423,0.6692667739144134,0.6855054780653853,0.5367351108775813,0.623455677521531,0.6200565905307728,0.6304114049314129,0.5257895539534705,-0.24557003815655093,-0.31283529816286293,-0.30296570298650594,-0.18883271150869674,-0.23980660947124507,-0.27654072880798575,-0.1713106235830126,-0.12995691375153026,-0.27202988567940384,-0.1370993732701727,-0.23475393470636402,-0.21924280769862348,-0.25832312862057805,-0.19085938912123004,-0.3348832142241585,-0.26550010986656153,-0.28248097775810266,-0.20648216816885406,-0.21795784057144788,-0.2814763330445456,-0.1538497454956012,-0.14890991840540527,-0.32637891786688555,-0.2858162438675537,-0.36671692975463904,-0.32974029513579833,-0.10921741799689957,-0.1568070420021739,-0.12572875962305313,-0.16373526065366747,-0.3276497752349562,-0.28661139883678854,-0.24405004057112847,-0.28713440727500367,-0.21044548766167734,-0.26077842759256586,-0.17996539590537092,-0.2518250247457082,-0.24371693106838338,-0.2821693552161445,-0.2730268998835217,-0.17971986940181456,-0.2388685523767521,-0.2719239652776707,-0.25536252881352645,-0.2598948591396906,-0.29551344219398895,-0.21025239664230672,-0.19892915542524658,-0.139109103104999,-0.105041547870997,-0.1244995153127659,-0.2279178779120473,-0.11442999760537642,-0.23197365589699906,-0.17731647576768636,-0.2730679689519174,-0.19535990116175142,-0.173344561010292,-0.320666457308303,-0.250779734045088,-0.2790842360321992,-0.2634205183176364,-0.29032468022244107,-0.1862556193132762,-0.1756487376654515,-0.21141569476892638,-0.29927873388227,-0.2956969828335455,-0.3677601233416461,-0.3154987472154821,-0.28050092624788203,-0.2618882310543703,-0.2683815550885597,-0.3130283001615407,-0.24380154576397706,-0.12684582436180508,-0.26135839160589364,-0.3095731191659861,-0.3085832109225235
0.5767185546875219,1.0,0.7565790586393064,0.8201964088482386,0.7197951563815203,0.7413349032451884,0.44449840192102263,0.537839338749617,0.5733949721193824,0.7474942112006713,0.698119744928399,0.788443047955617,0.7382761872345356,0.8052136640762457,0.5663099381915232,0.6475824727227064,0.6379977082084487,0.8152195190173149,0.5128207627519665,0.5919841374936721,0.6651950274416649,0.7029982521200686,0.5261776835406085,0.5603907085841151,0.6054702222384629,0.7439630324502762,0.7286593950476226,0.8328373702437609,0.7636629550241649,0.6353588852456811,0.6816827551929616,0.7559741758895779,0.6634584184982946,0.6226824830125929,0.6728709854350187,0.7859065939221773,0.7837620641995572,0.773149221476516,0.5605216084857412,0.7303327263136354,0.7690633189088495,0.7783058082623643,0.4947688896217281,0.8105387628815542,0.6973312210848761,0.7125177753683414,0.6716428455320165,0.7569287343613407,0.7579577439510994,0.8010084290015651,0.7438739232402958,0.7766150760515351,0.6931297534314531,0.7077401176337292,0.42932618901387337,0.6651080520316137,0.7539914884069573,0.759669201119238,0.7743416569900208,0.45477359276518997,0.7417806065194352,0.573822809564924,0.5928560605181405,0.7256789665425318,0.791787560017501,0.7699217353068797,0.7894513864385092,0.5371678707175334,0.6671366963227179,0.585009805625442,0.6294700728918705,0.8431556268391274,0.7070729814548551,0.7188453922035859,0.6885542493662093,0.7857204464187924,0.8957705943342574,0.7290496323509408,0.611948393193672,0.6761969779740368,-0.3230615531033817,-0.3561339517536155,-0.31630292743389815,-0.34780515392938777,-0.2614922104674475,-0.3053374503780916,-0.40276633007296053,-0.367091677922311,-0.384680000798577,-0.3774720229973958,-0.30327383369252375,-0.2727421391134764,-0.3439689743608111,-0.4193730102789335,-0.40279865235267176,-0.2755722553798714,-0.3266337700938489,-0.4119872466285052,-0.2672010107380686,-0.3603063762551154,-0.3964883689894723,-0.3682066826296876,-0.38229726198078107,-0.32783931668669514,-0.32384230350574494,-0.32031835659938207,-0.3470794512501354,-0.3489489622974359,-0.3713770502024189,-0.3558785418087139,-0.38642708062454467,-0.3485459069893885,-0.25283126373413073,-0.33358807302819693,-0.257790527644086,-0.2733629093289857,-0.343599614452235,-0.3066300663842151,-0.4880494917095394,-0.3132394099594897,-0.4250756266776638,-0.24319366240764947,-0.3964709279316156,-0.2639394037577115,-0.30825371290901654,-0.4366664085918166,-0.3178541197136081,-0.36552216663498577,-0.3958887444359642,-0.3846536475348946,-0.33751896225629097,-0.35852819302600886,-0.40625314334784884,-0.31682640486758384,-0.35576093550853927,-0.3992914106735304,-0.3505163780635612,-0.43052569090190335,-0.3847543375395378,-0.34755703855051556,-0.24987338186243185,-0.33132912923609,-0.25130490471694367,-0.3242200363819207,-0.26411458701184254,-0.36305254251771285,-0.38805088080554295,-0.3630800514060802,-0.2757516463771184,-0.34672750035642347,-0.3681000093711875,-0.29687741346948376,-0.36000803585910635,-0.3366751016153015,-0.38409046589340745,-0.39633216092058726,-0.37226466382091034,-0.38813491749213125,-0.33473443380112744,-0.3326999982662244
0.4009870723079634,0.7565790586393064,1.0,0.8875631983751655,0.7895951326089113,0.8612931975277162,0.5258182637514824,0.49936512289396784,0.5180232160213526,0.8712775528483979,0.9416531906582636,0.9103986764859009,0.8671450811780674,0.8199194429194924,0.6785535254439791,0.5650374503408854,0.5315705528774356,0.5607888336942486,0.5872173903767541,0.7103070649712034,0.7759993197485795,0.7048097074074022,0.6180492946850747,0.4671996773821136,0.5846764860577267,0.6667546336855544,0.8788917711571796,0.8572373424382091,0.8145679476364134,0.7760245420515178,0.7561669204974804,0.7541964575601317,0.6163742649828209,0.5274671283243764,0.9118082144501509,0.9063710841722846,0.8556171584469048,0.8007653866701443,0.7640415452266598,0.8709076673137324,0.8552942076418608,0.6697188332410056,0.5227130879952037,0.9019148290540328,0.8114156624568979,0.6701044022570033,0.9571240583399204,0.8773177230512965,0.8310130951465375,0.7745918064031703,0.8659805488873715,0.8911855500147734,0.8128432373766333,0.854024706630323,0.5047059582150365,0.9722157537915137,0.8099871181795498,0.8158025213075902,0.7646369601677583,0.5336331582495092,0.6894425024408147,0.5274691383619781,0.6548488429506699,0.8772579507696442,0.7522483242063785,0.7264558363643747,0.8069131042098452,0.6982967799875343,0.5817737240281315,0.5284664222035691,0.5226845909013507,0.8232667967055869,0.5772383158032307,0.6820230227542378,0.6398644152416052,0.83974866840828,0.7575786403968849,0.8418891920006972,0.6245178369904331,0.6432213586598227,-0.4176922682454638,-0.4277732310014627,-0.2524099523900719,-0.36175289964488333,-0.2216747933022652,-0.2286008168094326,-0.38245881914246277,-0.3811089972645635,-0.46644494980128437,-0.45232070061438634,-0.2246366810216081,-0.212396762108313,-0.3046792420431861,-0.4714413340743381,-0.37175569319806784,-0.3399508275403281,-0.3989091766440497,-0.43575700170612386,-0.3297860538520622,-0.4371342228652037,-0.486667973020638,-0.4320873397074275,-0.36897079610800326,-0.40181752663841347,-0.39041032519859364,-0.3920077836673968,-0.41134984980923284,-0.4039264020863228,-0.43023199008858015,-0.4195978735178514,-0.35906654576823305,-0.4219446621868196,-0.3128321900809082,-0.39548769365891256,-0.22745119986939072,-0.19634228228842343,-0.37128761304995117,-0.2288133174674411,-0.46029017966847513,-0.25073350515882703,-0.40369669260025953,-0.2131158885771042,-0.37602419590694924,-0.2100095234142106,-0.21659013440455638,-0.34731023355201074,-0.2148543843071103,-0.3003914414818496,-0.35311201076288334,-0.44193316097679797,-0.4030508111669602,-0.38747869435520965,-0.3970755274918802,-0.3781716626692773,-0.3667640136822822,-0.3268190838362314,-0.44598073277059463,-0.42502254445183263,-0.3923500748858661,-0.3290540342408856,-0.3635487060264733,-0.38569355798760524,-0.3415069730314217,-0.24491748373926944,-0.20690205932195163,-0.3929563545843091,-0.35031094104952054,-0.4150402056485786,-0.3338011468614061,-0.4550992097642298,-0.44035893219353667,-0.19443119395560118,-0.4513784387113839,-0.40873961952881244,-0.4624178536236611,-0.31279638064289783,-0.4353091993390869,-0.3376233519305471,-0.36481025393337013,-0.40235221538697274
0.38990618010049277,0.8201964088482386,0.8875631983751655,1.0,0.7960620076578715,0.904416007686328,0.5198692775055386,0.6028023878006292,0.5427325007216738,0.8829206107888028,0.8102409515147381,0.9418902397655262,0.8641001932761961,0.7686090174306675,0.6324914532899137,0.581361228973219,0.5486031612541717,0.6121304725935579,0.5241937610744469,0.7081809645895286,0.7490020806181643,0.6689385515889349,0.6254829262557515,0.5449278847179203,0.605266620276962,0.6954056634418588,0.876539807037332,0.9138524625269462,0.7945147317802681,0.7415556757528212,0.6836013590199593,0.7984249274975805,0.6048777940183082,0.5666634853236846,0.7763646061902638,0.8966057090872409,0.8486785326304643,0.8389339641779919,0.7366116719228792,0.8306105183531554,0.8907270503221453,0.6115851468763346,0.516039027110679,0.9266277408215557,0.7923727832314893,0.6863985859461332,0.8702713701364335,0.9029521012033801,0.8346808839403079,0.7336959830588425,0.9289341811288316,0.9356014649605757,0.7836780648231794,0.9063133867617381,0.5339051624704503,0.8745379456515554,0.8272244802513692,0.8226336495992659,0.7962317684046093,0.5471411916013487,0.7534774495586987,0.5203810188287257,0.6402395045987882,0.7817850027884268,0.7122942527323641,0.7106394008527698,0.7678195764131281,0.6666913259754998,0.7242463175010749,0.5758117396377476,0.6558733585068467,0.8107801539964903,0.6137953862133738,0.6732959114918267,0.5993775109564204,0.8664382977627774,0.726589656614242,0.8116371422796143,0.4977309480594957,0.693241620563603,-0.35284162997627466,-0.3686572776360599,-0.2923659508339279,-0.3592331787528607,-0.2480291624822649,-0.290646848287407,-0.42389280332020485,-0.39391014039721195,-0.40967405173925464,-0.4182660560364636,-0.2827395431603815,-0.2567936183539993,-0.33262710338398616,-0.4125483071460077,-0.41323733480038716,-0.2826973266364326,-0.3395834867244615,-0.38841214016895564,-0.2876644154151925,-0.3739081317728101,-0.4382603059722447,-0.3677696426282648,-0.39837633379459997,-0.3448772386539921,-0.3264448268592104,-0.33746605254509887,-0.3393593264490392,-0.3795943044863713,-0.36744412456097114,-0.34033754295507856,-0.4002528607826301,-0.36197620348491955,-0.2657449214972659,-0.3439002223818014,-0.25183837240916024,-0.25177086489383094,-0.3490918233004889,-0.2814437120958993,-0.4885027788223749,-0.2857721957046952,-0.38820166632070824,-0.2424929115635189,-0.3544172479488875,-0.25919632786451685,-0.2806886409744357,-0.4052639476537371,-0.29631551780434706,-0.34800276249075274,-0.36940709568188235,-0.37568546887881243,-0.3507554494969297,-0.3792953663866876,-0.36602998092979766,-0.3399513128131699,-0.32452231817819666,-0.39058170972931583,-0.37460815620492693,-0.42239969972937425,-0.36535634193025396,-0.36130155056648194,-0.28912287440975915,-0.3240499416969337,-0.2736389011233975,-0.30660772437628153,-0.26502229005066413,-0.34411819690050616,-0.37180288483558915,-0.37231579454247477,-0.2722639144862996,-0.3802453624831446,-0.3753623691529064,-0.2612453624543794,-0.3873309716085398,-0.35535574106826473,-0.40111750602811946,-0.3624556567059064,-0.36523409054374456,-0.368033220302635,-0.3863038477191444,-0.3483648536781564
0.4793723109501492,0.7197951563815203,0.7895951326089113,0.7960620076578715,1.0,0.8967751901802246,0.41986110740702137,0.5936915982940778,0.5938941488311686,0.8475455082493543,0.666046166884785,0.8085816956038224,0.903466852250993,0.6951669284541273,0.49327227218955133,0.5727412946090593,0.6686947645496975,0.5895525755118463,0.3607836504140104,0.636721553686072,0.6954570075786137,0.6344835885417819,0.5031591755425989,0.613953107492913,0.6457354080615152,0.4929986989285272,0.8572644154981754,0.7904115081934455,0.927784890651034,0.7720409492619851,0.5092893383790571,0.5997590278498078,0.6639644085717205,0.5448903384392836,0.8360556996100419,0.765590815684185,0.7775525881386052,0.6690302682896917,0.7281595199568685,0.9057639997734332,0.7987360631364977,0.7084158845930724,0.4900407509048593,0.8141032664187616,0.905978643981519,0.6431566353860889,0.8019803195291935,0.7399171876259244,0.944752112235709,0.7623185886631985,0.80904380653671,0.8173185651494768,0.9058579910090039,0.7513693328923369,0.5512745027140882,0.7393276597992025,0.8171860825316261,0.864116127007585,0.7455942133137764,0.48180165434773575,0.6375680297615854,0.7032698251314522,0.7073693700599591,0.7812399410563696,0.7088382759648443,0.838450903393048,0.7245548566689075,0.5656031532770226,0.644655240648652,0.6574325839839619,0.6260169470566389,0.6849692230802624,0.5694189479842979,0.7528895780645035,0.7547248153317236,0.9037137919083854,0.8277957861102496,0.8804007465639764,0.41589153312488686,0.49024083765658355,-0.2856274772300001,-0.30665037692607616,-0.21158152939537275,-0.25381669762160997,-0.2321918509536384,-0.1955119635810952,-0.3890533742287939,-0.2697295687652257,-0.3457760681770388,-0.3493331369125965,-0.21475210061188316,-0.21222929083328812,-0.2981524286504547,-0.36587156670673854,-0.3453469808191715,-0.21442192147967326,-0.27664331833990385,-0.3085914012060958,-0.21719898109058527,-0.3126405826984141,-0.39798579850077476,-0.36049371549940223,-0.3351493882000084,-0.2786707750909015,-0.2662269283689348,-0.2905653206249073,-0.31481641400120786,-0.3142334118819968,-0.327840915440666,-0.3062500191179092,-0.332131148299297,-0.301402446287071,-0.20251656394788875,-0.2830188323016866,-0.2400887015020064,-0.19155896773037212,-0.29017043085028627,-0.22242234148002252,-0.42135517285134094,-0.2365116847938523,-0.28739871979565057,-0.2012425691416892,-0.2657265693035639,-0.21589053796211313,-0.19847969924669573,-0.2971377061795612,-0.19983337784156954,-0.30251969013860236,-0.3037801949800261,-0.34529403771615547,-0.32462073035622313,-0.2915663393106298,-0.2742308029185797,-0.3258222719608362,-0.2734969862717669,-0.31856135960501974,-0.30900656302687435,-0.3330386409163778,-0.26369827360939363,-0.29011265791189095,-0.20829535578812336,-0.27345455211711095,-0.20281728226610835,-0.24242637943188053,-0.22399859871127856,-0.3088905929135201,-0.3486010227524967,-0.31191469632518853,-0.21032582536429975,-0.30300050187674443,-0.31275100228857805,-0.18351333709297082,-0.32116187024955983,-0.28946687313073954,-0.3346231125065591,-0.2910680145130248,-0.3164725469067021,-0.33613593964784105,-0.2958169160394723,-0.28931353335845883
0.3833482593956411,0.7413349032451884,0.8612931975277162,0.904416007686328,0.8967751901802246,1.0,0.5436114942161008,0.6648532039180842,0.5701330290143976,0.8758970344838188,0.7492954753820549,0.8855827584420339,0.8882417514891403,0.7742891413842662,0.5751032062115142,0.6069536045104618,0.5598250973310608,0.5159099326539591,0.4992557817652578,0.714987818832239,0.7762165424516722,0.639291318597024,0.5489919642548207,0.5998818413200603,0.6035325524134763,0.6185243330182615,0.8390645933139652,0.8549981233157545,0.8012089113211198,0.7302139971957733,0.588382890517731,0.7213584266413655,0.5890456205581804,0.5070048389765709,0.7446240471373549,0.8717956317392046,0.8169985884507176,0.7719925216611712,0.7649753349448566,0.9416888483356693,0.8241125664317501,0.617052442425554,0.5251908125139081,0.862289960023365,0.7850447109961595,0.6587013527114316,0.8535821223382515,0.864167449626821,0.8425107903925116,0.7486967189920776,0.867508493340269,0.9179719713994979,0.7816775535746993,0.8429850163206887,0.5905545897255929,0.837361553179077,0.8068415019365235,0.8103714340840964,0.7499930358241991,0.5650166357073341,0.6796799894039977,0.5442532293824239,0.622385392118899,0.7852210214264557,0.7015683675254019,0.7128827886764124,0.7696528456845871,0.61846574991204,0.6310998625767213,0.5699572070703705,0.5747108215817759,0.7639646858984184,0.5697742601083415,0.681450195490684,0.6196732583211674,0.8734320544689818,0.7577086883783641,0.7969574582442366,0.43683839322156226,0.6059388116933592,-0.29944583202530617,-0.3221372767758442,-0.21110644954823282,-0.28011499716174015,-0.1869986007670418,-0.21398727917438393,-0.37013935340438897,-0.31172485142969036,-0.3582794778400466,-0.36304340663077467,-0.20707443092574604,-0.18633549297820623,-0.27836406748145714,-0.3548323385660908,-0.3640010682530895,-0.23389616730248358,-0.29199923789592985,-0.3098562738694208,-0.23435141624634565,-0.3223699778065408,-0.39362989409745863,-0.3121329913726162,-0.3472213897746036,-0.2939998403551909,-0.2741898330440128,-0.2818197052932231,-0.2886235961926336,-0.3198524930323273,-0.3166441837223679,-0.28603425955907524,-0.3513415817752631,-0.3123906355648612,-0.20981775288651833,-0.2975956377051853,-0.18981759028679143,-0.17125594658327958,-0.2847381000136511,-0.20596627559249675,-0.42289070279287133,-0.21926582098659253,-0.2958632627275756,-0.1859618799504013,-0.2678825176039939,-0.18967122459907798,-0.19252265040068192,-0.3190247706300007,-0.20314771649855054,-0.2795714694934658,-0.2989887976148391,-0.32378020203826235,-0.30096092157468707,-0.3115618510398339,-0.2824629019291134,-0.28270449738251735,-0.25100028751971953,-0.3225477087764889,-0.32396938652582163,-0.34903043464700473,-0.27915063521517197,-0.31318209273788217,-0.22943279536764472,-0.2810059283550478,-0.21911820944834162,-0.22535922119385607,-0.1966379560466915,-0.2927569017886903,-0.31057884453890794,-0.32497417513695576,-0.22427729304282287,-0.3177751341871465,-0.3272101793448115,-0.17383033440758422,-0.34033919085798775,-0.3056064060266949,-0.3530166416818076,-0.2893388782218854,-0.3031602453310517,-0.3077059126260679,-0.3264065214379961,-0.2973889476695825
0.38462916715766765,0.44449840192102263,0.5258182637514824,0.5198692775055386,0.41986110740702137,0.5436114942161008,1.0,0.8718509879082393,0.5283826250458327,0.4363624330152446,0.5027772709067947,0.47191562910194707,0.42296672522451706,0.4241166868681618,0.7459863992406439,0.6994480872401883,0.47585876824965717,0.34130167184973026,0.6640277813308878,0.35000108316176937,0.3790318415502075,0.2987796087142375,0.7364716888806857,0.6784637634743834,0.49278437204323283,0.5341143443527104,0.48492650937314047,0.4518996837510474,0.3455179005787036,0.39334355156789147,0.606528536049274,0.5353306313224444,0.499692267255719,0.5725606359353117,0.44153612747654,0.450277191404241,0.5585998603004433,0.4247768102018548,0.31734781511181437,0.446510900519116,0.4176264961572927,0.29329879256704694,0.751043349093163,0.4664324474174756,0.31351050491780097,0.42497271575579854,0.5449421720414519,0.4386833210106835,0.3488311021774543,0.3782212322373609,0.5071850542957874,0.4690784681081893,0.287923158187488,0.47585835957423467,0.8533374708077034,0.5424824852673846,0.4701572056747307,0.3877059200372736,0.4336652005292314,0.9508572475328918,0.4767015728818592,0.4552399903418379,0.40024114358745944,0.4662804421558099,0.33412112643567027,0.35335349910879854,0.43319645092547043,0.722055427826613,0.5945529430195451,0.4650602288058182,0.5816256874333467,0.4164560470056564,0.5800674879753319,0.4372102219239201,0.4063986730160634,0.4101878295725391,0.3502955512337964,0.36322770358774575,0.5911810807322186,0.5651774839723483,-0.22486549993512206,-0.22721860672884125,-0.275784764115168,-0.21296074122273478,-0.2658575453537548,-0.23864184954055837,-0.10629385493535341,-0.18589381593893176,-0.20423066372599016,-0.198465347045203,-0.290396038863798,-0.2741121835778899,-0.34561335888396766,-0.2234544785136045,-0.1531787284289595,-0.3318818359356427,-0.1846171764814449,-0.18062098236336632,-0.2533309222993288,-0.32865716733021155,-0.20835403525872048,-0.15785552447945334,-0.13970196057164147,-0.18851310748299205,-0.3031041905719808,-0.24975190673961842,-0.1440350922466619,-0.2132470977934406,-0.17634349738254526,-0.17946478987923073,-0.13644493545651967,-0.20017274249243808,-0.29343708087721765,-0.19695533696406117,-0.2489822569613223,-0.274926248173298,-0.18311707582431566,-0.27105238627445455,-0.1918618046113201,-0.3189355053279318,-0.25060129071859616,-0.22334924120658073,-0.20290310451414145,-0.20753981582060418,-0.29130267479755095,-0.14014118016735172,-0.3093263200850249,-0.12439437241815747,-0.13793506844507242,-0.17149539257587548,-0.15573830584831405,-0.18588256730177186,-0.21739382175742036,-0.14376959211134294,-0.20039963913178765,-0.10990535393694145,-0.20327557557672088,-0.18687336358595835,-0.19730446252460526,-0.10462079714519965,-0.09370485662399791,-0.19925470762731046,-0.10953982332562284,-0.26250857976979725,-0.2135708490306955,-0.16451393517952112,-0.11193336971261754,-0.19256226352511646,-0.30185544984244367,-0.2266385203481053,-0.22760379131628997,-0.29737047601833605,-0.21440360064225433,-0.1870164377910331,-0.25944211750541324,-0.15443028378830653,-0.11012761564734144,-0.1403386414924846,-0.08335962995489188,-0.22329233728156414
0.5205974342720876,0.537839338749617,0.49936512289396784,0.6028023878006292,0.5936915982940778,0.6648532039180842,0.8718509879082393,1.0,0.6521777134471894,0.5664004345501967,0.3787657064490383,0.538529734806246,0.5410645583209731,0.46203456152496686,0.625763179402352,0.7748671944502499,0.6459660020880368,0.42125408418434,0.5686541861570285,0.3883144421985743,0.45171988177986544,0.3410204923828227,0.6538260694237765,0.8547020360604775,0.6777740898136894,0.5609342505455582,0.52582900302693,0.5698054441562534,0.5055111885534653,0.49385410709881344,0.5257980986181543,0.585015962039859,0.6632268352386493,0.6244892108939696,0.43784934998113634,0.535836267531888,0.5510571576929861,0.47737191326370043,0.4059269359905658,0.5843534145500155,0.5007209562864496,0.44657142314142834,0.7470923769167384,0.5673675051221541,0.4860737889375743,0.5246142404314069,0.49897066803442164,0.5044927980832501,0.5194475159429441,0.4556920166098356,0.5372230598980613,0.5933935762884103,0.45492537511483944,0.505429197451935,0.8979445811706391,0.47677091548234873,0.5683484825901363,0.5066760808637687,0.5085388424972566,0.8885404864632773,0.5401741727010622,0.5965238135632889,0.5509572368769982,0.4846242315648636,0.427004983224147,0.5045824450673998,0.49765269068119505,0.6739143787861851,0.7243664852361585,0.6139519009218727,0.7010297817108041,0.44644991372732373,0.6454015702733724,0.6035191216533712,0.5644687978198311,0.5836253316171456,0.4913861484107767,0.5196097386526852,0.43856575208439724,0.6044610782145633,-0.21931902813699972,-0.20443644791799165,-0.3436903223352219,-0.2099333774981102,-0.34332548790825823,-0.3276090892332659,-0.23034128161023296,-0.2175329296910522,-0.20488477034601832,-0.23496611363048886,-0.38471768908489995,-0.3602360488126007,-0.4261687361694837,-0.2167550861641263,-0.23336997932521458,-0.3061425233774225,-0.1552908203667254,-0.2016138132738942,-0.2802277576561207,-0.3607660778092493,-0.2425007925786387,-0.16933808596434197,-0.21331868549661576,-0.16463318109049524,-0.27547224576405066,-0.23400373887145895,-0.14444807922702094,-0.2198966381649748,-0.16863296854065893,-0.15745825182316617,-0.21682163953163416,-0.17601301399069819,-0.28865327352077086,-0.16475198260324725,-0.340555022469018,-0.3616244795193232,-0.1883280481393255,-0.3665998729203913,-0.2824077695439708,-0.39038299452349257,-0.23792015426532748,-0.3091732680617709,-0.19337903024373645,-0.2931655145495827,-0.3779492569152967,-0.23117801160610502,-0.4029847522356441,-0.21243976086608854,-0.19717658118811268,-0.1786606543208668,-0.16160068423647272,-0.20033799088292065,-0.2001812111385247,-0.15935931609126208,-0.18772533669544306,-0.21439231801904088,-0.18080615765602198,-0.22900814358296723,-0.1910997064182857,-0.17640156600275592,-0.0769048762522252,-0.15469026945748507,-0.0782256774360289,-0.3574858786718707,-0.3200138016155075,-0.16583207948855172,-0.19106055783602438,-0.18658334665837853,-0.2737895114697134,-0.21892874767634649,-0.1945563653407015,-0.38222182281135536,-0.18811919557068515,-0.16777148006842252,-0.23505966162254327,-0.23162520834858938,-0.14604381760474766,-0.21044916341803951,-0.18611739761648316,-0.20419001459651293
0.6655181562807748,0.5733949721193824,0.5180232160213526,0.5427325007216738,0.5938941488311686,0.5701330290143976,0.5283826250458327,0.6521777134471894,1.0,0.709044502163497,0.4423493207949603,0.590199401177679,0.6269719514589599,0.6165032168665328,0.5853226460999028,0.5522414265924485,0.7179307709963394,0.5357602483534382,0.754201613958138,0.6908598531900363,0.7275802514666168,0.6773973264691544,0.6061070170729418,0.5621968707267391,0.7278525891306049,0.6449727589123105,0.5480985987074596,0.6161585922167738,0.6272737228484307,0.5716810195600619,0.5961924772554472,0.6524808711055814,0.7598769599240264,0.6476877432405701,0.5172320271311865,0.5786199139806066,0.5762706582245751,0.64904946010695,0.6278006487162415,0.5772398354899235,0.5822621655091006,0.6656590186158904,0.43778798824213566,0.6265571991138306,0.6280409817409998,0.6760834114359925,0.5000907782172868,0.5602650052974762,0.6348131543358222,0.6011101488530073,0.5479081966974573,0.6077219715941221,0.6077131683092472,0.5266726490343908,0.5352565927752948,0.477477596212209,0.6320869964788411,0.567727281920211,0.5506105528400658,0.4708223919889539,0.6556924344710438,0.7508928134412999,0.6828169878628915,0.5659198916550292,0.5949744113349393,0.6782688458841751,0.6146973942158198,0.6009537866291017,0.6850937357952951,0.7488305406077198,0.6686165299181952,0.5194584134218251,0.7053338814895348,0.7784165359498296,0.7888997552530842,0.7214575228499936,0.6386448419504172,0.6189167154900087,0.5256345884718746,0.7210507182919705,-0.24115693837473962,-0.3235093049600097,-0.2977114461341098,-0.3868951118102665,-0.33760231683809383,-0.26072411419126207,-0.4007997414630733,-0.3409632889804563,-0.2974687227577574,-0.3677053583326188,-0.30122793642805,-0.31963741330244916,-0.3893227383172527,-0.4105716014429029,-0.3776285355581529,-0.27678028795370524,-0.29854346258380565,-0.3038015173671945,-0.17100197428060654,-0.2178477637253867,-0.3609711596202764,-0.3281148837477187,-0.3635570004779959,-0.2898198564170379,-0.34851064161943196,-0.3020974814330592,-0.35342797180193797,-0.4131748749660643,-0.3799387333195124,-0.3832670650493532,-0.35613693075644404,-0.31014292948015887,-0.250119943822341,-0.3028069234005212,-0.3255972425026274,-0.331110872004572,-0.4029502683926536,-0.30336117726217754,-0.4222123197748601,-0.3703373232074444,-0.42271690680563434,-0.29035494049241795,-0.37838670798940677,-0.26159049016646907,-0.33802708571894896,-0.41327355472178945,-0.35397334035680283,-0.38681098861551905,-0.39442779561343,-0.3787334013034208,-0.36544428070854973,-0.36399816294584053,-0.39686579711926645,-0.361596019879883,-0.3913395919790779,-0.4027585431563089,-0.30190937494961956,-0.4066908879081671,-0.35696518153979806,-0.32306782830762953,-0.20307674041660637,-0.2957418700840885,-0.22039174122220553,-0.31693875105503794,-0.2673341863529164,-0.4017482554984883,-0.4271346628673527,-0.3251359917677529,-0.2962887770672371,-0.3459351510941147,-0.33420657987125835,-0.3026917498500992,-0.3148272970883366,-0.2935701208292834,-0.35862577914913324,-0.41522092638696195,-0.24986650180812195,-0.4590161788783651,-0.2691978627962176,-0.3130311354261691
0.5378036991872028,0.7474942112006713,0.8712775528483979,0.8829206107888028,0.8475455082493543,0.8758970344838188,0.4363624330152446,0.5664004345501967,0.709044502163497,1.0,0.7727909614058113,0.9164781223910504,0.887264718591705,0.8233246403984034,0.5365652613789473,0.5596275411031612,0.5810073598146844,0.645409635915645,0.5863569563456783,0.8288283668824666,0.9108261429821111,0.8138907284810344,0.5313581983381699,0.5309445255917242,0.6560108964806094,0.6775587721533993,0.8158182566578386,0.920721875510902,0.8624231771592881,0.7635059702701334,0.6167272941700928,0.7221757297107534,0.6754851929266364,0.4878563854324791,0.8180416580275951,0.8684213240985704,0.7942487653029021,0.8594123768392554,0.8513331622822294,0.8855457969239371,0.9148312025600479,0.7521407999881182,0.42816158791655096,0.94745982765509,0.9074616068747462,0.7491090359286541,0.8354772992899342,0.8755273904056095,0.8912121421713989,0.7784719685799423,0.8433955419793484,0.9362544929700082,0.9029277897410328,0.8612101058326648,0.4635271896308845,0.8481887772970589,0.8528139349962387,0.8085094679375471,0.7889278622772686,0.4102580513380264,0.7431524280774939,0.5803876637785599,0.698764912701971,0.8207348120386353,0.784634721607618,0.8430552907742467,0.8363856633043325,0.5826135564545268,0.628076226892523,0.6447035932874552,0.5750865418464539,0.7645774040908123,0.5818654127096548,0.7230777526506232,0.6836245323231636,0.961273785937314,0.7722669899693853,0.8737693398571815,0.5121145397476254,0.6693920428140702,-0.39283027851925123,-0.43157607589232594,-0.34259504204802826,-0.39723369370153233,-0.30996059309242824,-0.3269672122858273,-0.4370000637081516,-0.38483957984257333,-0.44712809453737073,-0.4317922551693033,-0.3055085656720641,-0.3024282091377437,-0.37330422015741666,-0.4463560296822723,-0.4652611241408109,-0.3471272965203607,-0.40712134708009245,-0.3612993807392687,-0.2906156918061239,-0.36135844865611827,-0.43947019934076853,-0.38000065556668905,-0.4536265903821852,-0.4087457837629958,-0.38854214094707734,-0.4059893473965358,-0.3789075898207718,-0.4256193298177381,-0.4025380234413901,-0.39996798642377157,-0.45226253001138444,-0.4235848273377102,-0.3158013890687602,-0.4040727998587941,-0.3022534052613476,-0.3006746802371761,-0.40549697339118324,-0.3012700918794809,-0.4940524140762662,-0.3418505192314757,-0.42978207455977985,-0.3006843321953985,-0.38538378325342415,-0.30984779319687933,-0.3140644316351981,-0.42711361900478445,-0.3276012625166686,-0.38502593301284865,-0.40064301117362644,-0.40820825018361984,-0.3863950246046144,-0.39304781956537893,-0.39831008265650725,-0.37623082173136313,-0.3891191569694387,-0.4090200144369159,-0.4334389093909413,-0.43812183473747995,-0.38031541170361743,-0.42392081502000095,-0.36068496814939294,-0.3769719767205695,-0.3469907400128354,-0.3444432405799104,-0.2919063697524702,-0.4060835033782739,-0.4189453837216351,-0.43389128733739113,-0.33622503436005813,-0.46259777202604624,-0.4497144749264808,-0.2790572965303799,-0.44307673046008755,-0.4128301265906541,-0.45645622715155165,-0.4042988415784488,-0.33642160791442577,-0.4317306901543277,-0.4404824344897271,-0.4117836687425567
0.3398662850920126,0.698119744928399,0.9416531906582636,0.8102409515147381,0.666046166884785,0.7492954753820549,0.5027772709067947,0.3787657064490383,0.4423493207949603,0.7727909614058113,1.0,0.890433179033758,0.779259815685448,0.8303047021587344,0.6576597569016073,0.5430555811880646,0.40926644987538924,0.5559048267544834,0.6127861490068164,0.7435481379352527,0.7461022683385268,0.7379581692022443,0.5820946818239546,0.38213937564506467,0.47912073524802434,0.6840899143219905,0.8205986387574585,0.7791272135510249,0.7092098518721988,0.7157014065515346,0.7727714665983066,0.7450940270635364,0.49810577108836085,0.5111711312846641,0.86358082688599,0.8701509874733862,0.8133665515847447,0.8087929875713609,0.7347024372122002,0.7859917223537252,0.8281764458904934,0.6168599283424844,0.5233939629359796,0.8217285654646738,0.7063441987459704,0.6270594096464321,0.8952312125656487,0.8740458888907338,0.7190910067644916,0.760202810966802,0.8470977852989104,0.774874968376843,0.7216388235979554,0.8402859685424454,0.4165445524911709,0.9313369371524614,0.7447381282590843,0.7012771871471054,0.6962104904535582,0.4684127695411576,0.6377724110929611,0.42002457754535066,0.5649518660131254,0.8243758101467729,0.7361920401714473,0.6206501565026524,0.7515082000254485,0.6426588593296941,0.4858226024354348,0.4042965369249372,0.4296964082653399,0.8559012140193746,0.5567937794583575,0.5986481284425156,0.5658075039105911,0.7206063981992467,0.6880895301701153,0.7488291476226352,0.7020596147223283,0.6398334828226272,-0.39417428510470204,-0.42107280384221973,-0.25590489834534347,-0.3528075870208946,-0.25217946184505285,-0.237747638504103,-0.368075968746479,-0.33721208563264665,-0.44136496863627317,-0.4263172225225461,-0.22552268842685502,-0.2327050899085926,-0.3087105327765349,-0.45515823531530125,-0.3579362539420442,-0.32278641603510233,-0.39456937881631143,-0.3891056338680626,-0.28096357378017667,-0.36505082995819,-0.45161274717017613,-0.4214082480484664,-0.35265449554728046,-0.399196852698375,-0.3810570356591993,-0.3861564378829739,-0.4117510012943736,-0.4003531813377698,-0.4206739318899813,-0.4383545935076928,-0.34785098566592926,-0.4140920691171391,-0.2982378566092074,-0.38795670799354026,-0.24542179577308465,-0.21339213010071806,-0.381089429198064,-0.23203585637812787,-0.42208728646663934,-0.2638392312323255,-0.39964616132243935,-0.23990021660200256,-0.37363397735235976,-0.23368485448547446,-0.22297478579406604,-0.34273592368640743,-0.2083501951702939,-0.3181453667219939,-0.3573712664498728,-0.4446422795277084,-0.4083393241476469,-0.36665729706522704,-0.39284006232443847,-0.3847848183568029,-0.3899952872367234,-0.31950268781838875,-0.43205190028906754,-0.39801191287676796,-0.3719017873021021,-0.3231318321624502,-0.3634928574231867,-0.37340468384794523,-0.3455779128507129,-0.2502231858305633,-0.21573550495144814,-0.4128844546415077,-0.37188250014690627,-0.403756508811511,-0.32589116588475014,-0.4559062363686384,-0.4366813872451717,-0.19186338853564208,-0.4268944644638408,-0.40011010094433364,-0.44264690218756764,-0.3296872538916068,-0.3849862672139042,-0.36073234999082954,-0.3525483009479922,-0.39668837104976273
0.4234572562848105,0.788443047955617,0.9103986764859009,0.9418902397655262,0.8085816956038224,0.8855827584420339,0.47191562910194707,0.538529734806246,0.590199401177679,0.9164781223910504,0.890433179033758,1.0,0.8938627769619476,0.8686610605812269,0.624765462156631,0.6015264607924438,0.5249002641856305,0.6281103894053571,0.572867220472874,0.8271041380760147,0.8326072662623083,0.8031537430349157,0.5714532841957516,0.5143292203832643,0.5903421172268367,0.7416667509590654,0.8883515059147615,0.8952613390906341,0.8261427914305098,0.7853159627302186,0.6833830283033822,0.8103923435342864,0.5876239408088026,0.5789543131396324,0.8232082184806442,0.9279491700949137,0.8563034978341049,0.9047454415759271,0.8272165016302477,0.8800755404522702,0.9460150294216433,0.703205124271908,0.500705143999792,0.9465661587976838,0.8420892875858488,0.7151759329836045,0.8685079790883661,0.9486726057577973,0.8561858285218552,0.8068638683349629,0.9447408985299196,0.9086604461984559,0.8449872403167579,0.9365284169823722,0.4729777877469433,0.8813831903788916,0.8543366567396861,0.8042349359247958,0.778242484065468,0.45826954464158964,0.737002315914748,0.5373614167392703,0.6745838331381069,0.82701294829002,0.7990551741091243,0.7555000593691767,0.8348301519610807,0.6327160865426467,0.6429658425907633,0.5289320063157082,0.587313615011284,0.8979800162574858,0.6390159473757315,0.7045865067123057,0.6486856495028013,0.8851712833145386,0.7712765333095136,0.850069251232652,0.5857144832198216,0.7142992885814701,-0.37961457915459323,-0.40643180678235147,-0.3207027801421168,-0.35752571969727365,-0.3291314855619622,-0.3206465865021051,-0.4880163787360116,-0.3650316579628562,-0.43762733654470976,-0.4550941980299498,-0.31621622312520803,-0.31616278667063835,-0.40132150383827814,-0.45529923538042805,-0.44722949516160054,-0.31667135298575044,-0.3756297562933101,-0.3891096955770463,-0.29814178195064833,-0.3827991293984688,-0.48846447285339767,-0.4249930999638556,-0.43292595202649337,-0.3792299345334604,-0.3577208564760237,-0.3773405935959252,-0.4100522682350798,-0.41682720079567775,-0.4205729075082438,-0.4165441745380775,-0.4362216485146779,-0.3970383574606055,-0.2928752119169221,-0.37121092297029246,-0.33098760769125285,-0.29298679600132943,-0.39452767445902137,-0.317880820105754,-0.5154616413707893,-0.3420750719670825,-0.3861150143284335,-0.3218475035559415,-0.3629424746763662,-0.3125996755983448,-0.30188092879050527,-0.4225807974278621,-0.29581680036925595,-0.4004913675698155,-0.410273647516975,-0.4455321189239885,-0.41581652648060236,-0.3863585998034071,-0.37410748989370457,-0.3974101813741978,-0.3761012502797687,-0.4232164898765099,-0.40875453375463566,-0.4340224880770986,-0.3561977682458658,-0.4033055665726347,-0.33179152496023406,-0.34874019753913205,-0.31248790831731416,-0.33707129890713644,-0.31076321419749936,-0.4226974003145137,-0.44811597108293083,-0.40778925128627747,-0.3089125129041063,-0.43298657199610924,-0.4201531803590631,-0.27348452974761017,-0.41128380703157486,-0.3868803261859646,-0.42627902438211407,-0.4063678347111767,-0.3957055397342297,-0.4359723298230421,-0.43174188875893477,-0.38379265353941977
