0.011012,0.012796,0.75839,0.033352,0.012109,0.013003,0.010242,0.011985,0.006416,0.006304,-0.64396,0.0039905,0.0058945,0.073019,0.015112,0.0060021,-0.0010299,-5.1096e-005,0.0037515,0.003871,-0.00055677,0.047915,0.00092114,0.011668
-0.0046602,0.071174,-0.483,0.18729,0.067356,0.072329,0.056968,-0.0043104,0.058115,0.039807,-0.4582,-0.0011952,0.051052,0.64679,-0.0052959,-0.0017977,0.0040894,-0.00032597,0.033852,0.03284,0.00071228,0.26652,0.012101,0.064901
-0.0014581,-0.15275,0.11896,-0.4025,-0.14456,-0.15523,-0.12226,-0.00057444,0.053538,-0.084362,0.13204,-0.00055438,0.046546,0.60203,-0.00093504,-0.00083385,-0.0065605,-0.00019197,0.02903,0.030867,-0.002722,-0.572,0.010847,-0.13929
0.065346,-0.034925,-0.10227,-0.09371,-0.033052,-0.035492,-0.027954,0.054812,-0.005678,0.3997,-0.1433,0.030691,-0.0016532,-0.10792,0.076334,0.046163,0.86599,-0.00040203,0.011054,-0.0071896,-0.0042402,-0.13078,-0.0015353,-0.031847
0.47157,-0.037688,-0.18366,-0.097747,-0.035667,-0.0383,-0.030166,0.35635,-0.0014054,-0.11525,-0.22382,0.23487,0.0053043,-0.17294,0.51678,0.35326,-0.19715,0.0015497,0.041448,-0.015713,0.0026855,-0.14113,0.0017289,-0.034367
-0.48813,0.0062358,0.029377,0.0163,0.0059013,0.006337,0.0049911,-0.25441,-0.0040136,0.010598,0.037064,0.46059,-0.0059986,0.029275,-0.0043768,0.69278,0.015081,-0.00021527,-0.020235,0.0043384,-0.00017138,0.023351,0.00062171,0.0056862
-0.086498,-0.012,-0.045046,-0.028405,-0.011356,-0.012195,-0.0096049,-0.05233,0.28793,-0.020298,-0.069131,-0.016165,0.32148,-0.13847,-0.065255,-0.024314,-0.028819,0.0035416,0.86128,-0.11998,0.0066975,-0.044936,-0.1071,-0.010942
0.6904,0.0061749,0.019333,-0.0074334,0.0058437,0.0062751,0.0049424,-0.49964,0.0090441,0.0086044,0.021372,0.13677,0.0097674,0.015815,-0.45412,0.20572,0.011019,-0.0054488,0.0096948,0.0046605,-0.050844,0.023123,-0.038843,0.0056307
0.016114,-0.053114,-0.033663,0.28857,-0.050265,-0.053976,-0.042513,-0.050547,-0.019623,-0.028551,-0.051433,0.0001357,-0.013091,-0.03509,-0.053892,0.00020411,-0.00066027,0.0018579,-0.0093049,-0.0081067,0.9202,-0.19889,0.075677,-0.048433
-0.018273,-0.0089264,-0.052841,-0.06382,-0.0084476,-0.0090713,-0.0071447,-0.05339,-0.10615,-0.016397,-0.079127,-0.0081011,-0.069569,-0.061559,-0.061707,-0.012185,-0.024125,0.009828,0.12779,-0.13245,-0.086785,-0.033426,0.95705,-0.0081397
-0.046215,-0.017897,-0.077426,-0.055912,-0.016937,-0.018188,-0.014325,-0.046129,-0.029459,-0.024847,-0.11379,-0.015206,-0.0063532,-0.079554,-0.058078,-0.022872,-0.031748,0.97502,-0.041675,0.014802,-0.019134,-0.067019,-0.042313,-0.01632
0.010246,0.0025717,0.011707,0.0093873,0.0024338,0.0026135,0.0020584,0.0068448,0.75718,0.0043683,0.016881,0.00293,-0.48724,0.010277,0.0090086,0.0044071,0.006214,0.028473,-0.12054,-0.41556,0.0056579,0.0096302,0.012609,0.0023451
0.21902,0.082467,0.34624,0.24694,0.07679,0.080687,0.064173,0.19119,0.029328,0.11373,0.50846,0.069334,0.087308,0.36025,0.24672,0.10512,0.1442,0.21995,0.18227,-0.008422,0.079185,0.30096,0.1419,0.073344
-0.00079428,-0.0062075,-0.0012556,-0.034301,-0.017844,-0.01566,-0.011023,-0.0024827,-0.16177,0.6858,-0.001844,-0.0033082,0.24931,0.028948,0.00078107,0.0010045,-0.33196,-0.00079766,-0.11937,-0.55382,0.015253,-0.059016,-0.05915,-0.014863
0.0012884,0.025051,0.0020367,-0.018208,-0.0098017,-0.0080863,-0.0030284,0.0022769,0.53403,0.3093,0.002991,0.0015991,0.43215,-0.097788,0.00037226,0.00024263,-0.14822,0.0012939,-0.25468,0.54419,0.0096123,-0.027212,0.19446,-0.0075883
-0.00028435,0.85189,-0.00044952,-0.096201,-0.31135,0.18696,0.13229,0.17767,-0.013748,-0.01758,-0.00066014,-0.09967,-0.0125,0.0020981,-0.16695,0.13035,0.0082324,-0.00028556,0.0070028,-0.012635,0.044502,-0.13772,-0.0051569,-0.085787
0.00049398,-0.23615,0.00078092,0.095342,0.026305,0.060496,0.11549,0.50569,0.0739,-0.30472,0.0011468,0.0055187,0.40264,-0.013005,-0.47265,0.17923,0.14763,0.00049608,-0.21173,-0.27534,-0.043917,-0.011565,0.027099,0.018778
-0.00011629,0.20972,-0.00018384,-0.046288,-0.013664,-0.026887,-0.075413,-0.40721,0.082638,-0.37745,-0.00026997,0.074471,0.47775,-0.015659,0.38115,-0.19669,0.1822,-0.00011678,-0.25165,-0.33611,0.02143,0.057507,0.029903,-0.0037329
0.00012505,0.075725,0.00019769,0.010628,-0.047888,0.041014,0.047268,0.14855,-0.010745,0.036062,0.00029031,0.83112,-0.046621,0.0022197,-0.13888,-0.49885,-0.017304,0.00012558,0.024843,0.027862,-0.0048336,-0.038539,-0.0038223,-0.012545
0.00025351,-0.23121,0.00040076,0.27975,-0.24669,0.44386,0.64925,-0.18281,0.002907,0.0051706,0.00058853,-0.036141,-0.0013034,-0.0001207,0.1717,-0.041927,-0.0022669,0.00025459,0.00075702,0.0067319,-0.12992,-0.32411,0.0012063,-0.03007
3.4353e-005,0.12982,5.4308e-005,0.7279,-0.046255,-0.29473,-0.33413,-0.0001055,-0.00023053,-0.0017964,7.9753e-005,-0.0072443,0.00052304,0.00010051,0.00016559,0.0047911,0.0008989,3.4499e-005,-0.00021951,-0.00095649,-0.3386,-0.35634,-6.3023e-005,-0.10466
-0.00029622,0.2266,-0.00046829,-0.024116,0.6614,-0.40448,0.50293,-0.0018257,-0.0035149,-0.0034384,-0.0006877,0.00021616,-0.0026018,0.00016313,0.001134,-0.00091446,0.0013914,-0.00029748,0.0012502,-0.003865,0.010957,-0.25144,-0.0014524,0.17515
1.925e-005,0.011103,3.0431e-005,-0.0029134,-0.18373,0.051861,-0.14051,0.00097853,0.00022992,0.00017702,4.4689e-005,0.00018727,0.00019626,-1.0883e-005,-0.00087904,0.00023627,-6.7996e-005,1.9332e-005,-9.5357e-005,0.00022613,0.0013724,-0.17135,9.4927e-005,0.9562
1.2275e-005,0.069949,1.9405e-005,0.0010386,0.57302,0.68279,-0.35909,-0.00040457,0.00014738,0.0016492,2.8497e-005,0.00040186,0.00011547,-7.0825e-006,0.00040277,-0.00040875,-0.00078539,1.2327e-005,-5.5859e-005,0.00015551,-0.00047229,-0.2661,6.081e-005,-0.028189
