-0.019137,0.00047948,0.00043924,0.0010304,0.00041568,0.00044637,0.84407,0.0033192,-0.011594,-0.004195,-0.0081248,0.0088479,-0.006844,-0.0012685,-0.53512,0.00039745,-0.00078447,-0.00030322,0.00029234,-0.00035934,0.00029903,0.0053522,0.00035157,-0.0012043,0.00061184,0.0027967,0.017327,0.0016517,0.0018504,-0.00098481,-0.010941,0.00040052
0.65715,0.0026242,0.00043396,0.0015119,0.00041068,0.000441,-0.39273,-0.00048523,-0.0049811,-0.0039568,-0.0026405,-0.0036577,0.0064633,-0.0011887,-0.64149,0.0028251,0.00087073,0.0014506,0.0041046,0.00051061,0.0016712,-0.0061526,0.00034734,-0.0015571,0.002648,-0.0034433,0.046741,-0.0029463,0.0018281,0.00078046,-0.00022058,0.00039571
-0.44619,0.020858,0.0066455,0.015812,0.006289,0.0067533,-0.20092,0.002755,-0.0093259,-0.0021966,-0.0083707,-0.0014168,-0.006192,-0.00073678,-0.27338,0.0018312,0.003782,-0.00062208,0.0089412,-0.00079586,0.0051463,-0.0019992,0.0053191,-0.00017415,0.016124,-0.00070791,0.8267,-0.00043515,0.027995,-0.0012826,-0.010635,0.0060598
-0.3285,-0.0032172,0.15937,0.33523,0.15082,0.16195,-0.16506,0.090374,0.017075,0.010564,0.013602,0.0038168,0.027541,-8.4489e-006,-0.25696,0.0040734,0.0032075,0.010128,-0.0024945,0.0011334,0.00093815,0.0048611,0.12756,0.0071775,-0.0053204,0.0027511,-0.33628,0.0030482,0.67137,0.0065912,0.031737,0.14532
-0.25577,0.015861,-0.063315,-0.13485,-0.059919,-0.064342,-0.11474,0.016421,0.2501,0.094471,0.12749,0.016745,0.50468,0.0050545,-0.20632,0.0095702,0.017322,0.10416,-0.0072384,0.020645,-0.0050346,0.036826,-0.050677,0.064469,-0.0057996,0.0034974,-0.20439,0.0022207,-0.26673,0.10638,0.59851,-0.057734
-0.044495,0.018464,-0.0087868,-0.019822,-0.0083154,-0.0089294,-0.020087,-0.018272,-0.3053,-0.12189,0.71581,0.0023746,0.42397,-0.024322,-0.031612,0.00094151,-0.029473,-0.034245,-0.026644,-5.7594e-005,-0.0037831,-0.022768,-0.0070329,0.043064,-0.0011572,0.0029858,-0.036323,0.0053696,-0.037016,0.0044508,-0.43187,-0.0080123
-0.10006,0.0049737,-0.022961,-0.046102,-0.021729,-0.023334,-0.051647,0.0011728,0.58865,0.45547,0.38423,0.011255,-0.38717,-0.026864,-0.091709,0.026641,0.013806,0.021994,0.019633,-0.030398,0.0059815,0.12159,-0.018378,0.09238,0.0089946,0.011901,-0.086849,0.0011301,-0.096728,-0.12946,-0.24934,-0.020937
-0.15186,0.36944,-0.032598,-0.050256,-0.03085,-0.033127,-0.082395,-0.062543,-0.3227,0.21663,-0.20218,-0.029116,-0.030689,0.0070747,-0.11498,0.51265,0.31792,-0.082017,0.054568,0.0079344,0.05082,0.27268,-0.026092,0.11698,0.083922,0.2086,-0.15369,0.19195,-0.13733,0.04527,-0.13908,-0.029725
0.061913,-0.20799,0.018726,0.029018,0.017722,0.01903,0.032076,-0.25279,-0.20901,0.50557,-0.075881,-0.42731,0.14999,-0.0030317,0.044062,-0.31842,-0.22226,-0.2546,-0.050478,0.014883,-0.028783,0.31036,0.014988,0.17393,-0.041088,0.080702,0.061187,0.015005,0.078888,0.087506,0.040917,0.017076
-0.0023288,-0.081282,-0.0073189,-0.023415,-0.0069263,-0.0074377,-0.010901,0.31932,-0.10843,0.3912,-0.28006,0.628,0.24263,-0.034026,0.00073591,-0.17493,-0.15291,0.22517,-0.042399,0.0075071,-0.022384,0.048683,-0.0058581,0.10165,-0.010549,-0.02128,-0.0022532,-0.032204,-0.030832,0.032119,-0.26372,-0.0066738
-0.067611,-0.17938,-0.016728,-0.030084,-0.01583,-0.016999,-0.042711,0.084082,0.032023,-0.29638,-0.0013307,-0.010524,-0.099782,7.1702e-005,-0.056109,-0.2593,-0.13986,0.22918,0.064008,-0.0054382,0.014114,0.24835,-0.013389,-0.018987,-0.0089176,0.51615,-0.057313,0.60439,-0.070468,-0.052155,-0.041322,-0.015253
-0.023008,-0.12468,-0.0061508,0.00015904,-0.0058208,-0.0062506,-0.019317,-0.0033752,-0.31816,-0.0031749,0.30849,0.49886,-0.38153,0.099098,-0.02177,-0.092434,0.01164,-0.42927,0.081479,0.0051769,0.036446,0.14886,-0.0049231,0.056702,-0.0086027,0.022476,-0.01809,-0.017928,-0.025911,0.047118,0.38964,-0.0056086
-0.0053081,-0.042067,-0.0053917,0.00010901,-0.0051025,-0.0054792,-0.005848,0.14782,-0.16575,-0.18004,0.070104,-0.13323,-0.13605,0.047049,-0.0031646,-0.01414,0.021181,0.47135,0.055734,-0.0058293,0.031864,0.58133,-0.0043155,0.16106,-0.0017254,-0.10154,-0.0053065,-0.48553,-0.022714,-0.17162,0.077447,-0.0049165
-0.0638,-0.23352,-0.024352,0.10151,-0.023046,-0.024747,-0.027939,-0.017776,-0.059354,0.070422,-0.049202,-0.083166,0.014857,-0.016596,-0.044789,-0.1269,0.20473,0.060085,0.76673,-0.0046194,0.42529,-0.17198,-0.019492,-0.0037798,-0.056592,-0.090482,-0.060691,-0.027955,-0.10259,0.11053,-0.092101,-0.022206
0.016829,-0.024914,0.00138,-0.010238,0.001306,0.0014024,0.011944,0.1311,-0.38976,0.37049,0.19845,-0.1807,-0.21971,0.16379,0.0129,0.039672,0.017285,0.46405,-0.11474,0.0084378,-0.036598,-0.40772,0.0011046,-0.07712,-0.013956,-0.062545,0.017094,0.22291,0.0058136,-0.16213,0.24655,0.0012584
-0.023447,0.0089416,-0.0042581,-0.032877,-0.0040297,-0.0043272,-0.012521,0.055815,-0.01565,-0.0059262,0.079443,-0.06326,-0.20679,-0.01793,-0.018664,-0.0016977,-0.05744,0.19191,-0.096449,-0.077554,-0.066654,0.030743,-0.0034082,-0.12571,0.046953,-0.012732,-0.020419,-0.058817,-0.017938,0.92413,-0.060745,-0.0038828
-0.074762,0.41967,-0.0087861,-0.085608,-0.0083148,-0.0089287,-0.036309,-0.027469,-0.051901,-0.028183,-0.028636,-0.040069,-0.063878,0.1137,-0.055937,-0.31356,-0.26463,-0.019521,0.26368,0.011459,-0.18704,-0.083256,-0.0070324,0.027072,0.69414,-0.070714,-0.090262,-0.040455,-0.037013,-0.05669,-0.016135,-0.0080117
-0.03128,-0.048127,-0.0079284,0.0093877,-0.0075031,-0.008057,-0.0156,-0.026028,0.098999,-0.089323,-0.074668,-0.0079989,0.041875,0.92177,-0.02646,0.013411,-0.019187,-0.04477,-0.075351,-0.046898,0.072558,-0.045422,-0.0063459,0.25821,-0.099337,-0.041119,-0.025032,0.014495,-0.0334,0.068671,-0.13129,-0.0072296
-0.01157,-0.0577,0.00035751,-0.038479,0.00033833,0.00036331,-0.0049105,0.0033298,-0.013539,-0.16352,-0.030987,-0.030902,-0.10849,-0.27969,-0.0091126,0.023696,-0.0051517,0.03401,-0.016454,-0.047193,-0.10928,-0.20397,0.00028615,0.86634,-0.021887,-0.18795,-0.0092001,0.1585,0.0015061,0.081088,0.013692,0.000326
-0.012973,0.16905,-0.024373,0.21972,-0.023065,-0.024768,-0.0069,-0.013087,-0.0039804,-0.027903,-0.004325,-0.0025604,-0.037677,-0.090302,-0.010564,-0.23695,0.067527,0.00189,-0.46576,0.0039047,0.75471,-0.024608,-0.019508,0.066825,0.21339,-0.026565,-0.020339,0.0072374,-0.10267,0.0024141,0.0085929,-0.022224
-0.043519,-0.047856,-0.0081006,-0.021537,-0.007666,-0.008232,-0.021835,-0.007888,0.0048223,-0.030473,-0.011031,-0.017077,-0.063788,0.016164,-0.033653,0.0035011,-0.022827,0.0062053,-0.030953,0.98718,-0.012577,-0.021787,-0.0064837,0.022427,-0.019324,-0.029973,-0.03634,-0.01574,-0.034125,0.057826,-0.056181,-0.0073866
-0.012305,-0.11953,-0.00041115,-0.026294,-0.00038909,-0.00041782,-0.0053563,-0.0038166,-0.014213,0.034256,-0.0065925,-0.012476,-0.017096,-0.0051981,-0.0098501,-0.064325,0.20001,0.0022106,-0.062608,-0.00039641,-0.070835,-0.3293,-0.00032908,0.15961,0.11657,0.73772,-0.010264,-0.48773,-0.001732,0.0010765,-0.0050336,-0.00037491
-0.026177,-0.32123,0.001943,-0.084837,0.0018388,0.0019745,-0.013927,-0.0078123,0.0071748,-0.0069692,-0.037341,-0.0045067,0.043953,0.035772,-0.021642,-0.27423,0.72422,-0.017066,-0.17783,-0.0081686,-0.24769,0.096666,0.0015552,-0.073068,0.32202,-0.22291,-0.021664,0.12633,0.0081853,-0.0061208,-0.076326,0.0017717
-0.0045465,0.58179,0.0023035,-0.04078,0.00218,0.0023409,-0.0030689,0.004914,-0.017538,0.002624,0.012123,-0.0048991,-0.042114,-0.00079206,-0.0054648,-0.51531,0.28342,0.012949,0.046328,0.0203,-0.12708,-0.016335,0.0018437,0.021359,-0.53899,0.023462,-0.0090484,-0.01639,0.009704,0.022701,-0.00091631,0.0021005
0.36989,0.19814,0.069052,0.1709,0.065347,0.070172,0.18939,0.11487,0.19731,0.10989,0.20262,0.091495,0.20018,0.086317,0.28692,0.103,0.1969,0.10639,0.19023,0.11194,0.071866,0.14807,0.055269,0.16021,0.19773,0.14751,0.32204,0.1587,0.29089,0.12569,0.20504,0.062965
0,0,0.16001,0.81938,0.012381,0.059546,-2.0144e-016,-0.036399,2.8449e-016,6.5919e-017,1.3878e-016,0.013221,1.9732e-016,-3.4694e-017,3.7676e-018,-4.996e-016,1.1102e-016,0.015373,1.1102e-016,2.2204e-016,-0.29415,5.5511e-017,0.041629,0,-3.1919e-016,0,-5.8981e-017,1.4051e-016,-0.44012,1.6653e-016,3.3307e-016,-0.12496
-0,-5.4817e-016,0.7006,-0.27686,0.32806,0.26166,1.7521e-016,0.16089,9.7145e-017,6.245e-017,1.6653e-016,-0.058439,1.249e-016,5.5511e-017,2.1321e-016,2.9143e-016,1.1102e-016,-0.067952,2.0817e-017,-1.6653e-016,0.099392,-1.3878e-017,0.3514,-0,1.0755e-016,1.8041e-016,-3.3307e-016,-3.4694e-018,-0.20513,1.3878e-016,-1.1102e-016,-0.21694
0,6.3317e-017,-0.17407,0.050925,0.2211,-0.083617,1.0365e-016,0.79741,2.2204e-016,-1.3878e-017,3.6776e-016,-0.28964,0,2.8883e-016,4.4927e-017,3.4694e-017,-4.3715e-016,-0.33679,-1.1102e-016,-3.3307e-016,-0.018282,0,-0.19434,-2.0817e-016,-1.249e-016,8.3267e-017,-2.7756e-017,-1.6653e-016,-0.11296,4.7184e-016,-3.3307e-016,0.16488
0,-2.4026e-016,0.067171,-0.0099799,0.73217,-0.22423,4.0419e-016,-0.2973,-3.4694e-016,-2.0817e-017,-2.8103e-016,0.10799,-6.245e-017,-9.7145e-017,-5.1825e-017,0,-1.6653e-016,0.12557,-2.2204e-016,-9.7145e-017,0.0035828,0,-0.28007,-4.1633e-016,-1.1102e-016,-5.5511e-016,1.249e-016,-1.1102e-016,-0.1271,-2.0817e-016,-2.7756e-016,0.44567
-0,3.4694e-016,-0.24627,-0.053086,-0.026616,0.85187,6.245e-017,-0.049888,2.073e-016,-1.1102e-016,1.0755e-016,0.018121,1.4051e-016,2.498e-016,-5.6379e-017,2.7756e-017,1.3878e-016,0.021071,3.4694e-016,5.5511e-017,0.019058,-1.1102e-016,0.0018353,5.5511e-017,1.1102e-016,-0,-1.1102e-016,3.3307e-016,-0.19725,8.3267e-017,5.5511e-017,0.40939
0,6.0889e-016,-0.5741,0.020252,0.41906,-0.043289,1.0712e-016,-0.030913,-2.5674e-016,-4.8572e-017,-1.4111e-016,0.011229,-2.5587e-016,-1.5266e-016,5.3953e-017,-2.7062e-016,-1.9429e-016,0.013056,-1.249e-016,-1.1102e-016,-0.0072705,-2.7756e-016,0.65613,-1.8388e-016,-3.3307e-016,-9.7145e-017,0,-1.6653e-016,-0.025232,-1.4572e-016,-1.3878e-016,-0.24509
0,-1.0408e-016,0.14299,0.00069897,-0.31122,-0.32226,-1.2317e-016,0.04482,1.7347e-018,1.4919e-016,1.9082e-017,-0.01628,6.245e-017,-1.5959e-016,-5.318e-017,-8.3267e-017,4.1633e-017,-0.01893,-2.7756e-017,1.1102e-016,-0.00025093,-1.3878e-017,0.55108,2.498e-016,5.5511e-017,2.2204e-016,8.3267e-017,-1.1276e-016,-0.14255,-1.3878e-017,1.3878e-016,0.67246
