-0.63044,0.00041755,-0.0026929,0.0010174,0.00039515,0.00042432,0.06086,0.0010479,0.0030007,0.0023122,0.00093928,-0.0016918,0.77334,-9.0156e-005,-0.0031133,-0.00096108,0.0084939,0.0003342,0.0019556,0.0023431,-0.0014164,-0.020683,0.003924,-0.0002015,0.0027839,0.0015636,0.0026139,0.014097,0.00038075
-0.34596,0.0097047,0.0078595,0.0263,0.0091841,0.0098622,0.86276,0.0038795,-0.01047,-0.0097879,-0.0066178,-0.00069079,-0.34817,0.0024207,0.014576,0.0029662,0.041952,0.0077676,-0.003028,0.01851,0.0086891,0.087622,0.0078393,0.0020536,0.042371,0.03634,-0.002978,-0.0034423,0.0088493
-0.45895,0.044263,0.062174,0.12213,0.041888,0.044981,-0.39685,0.023974,-0.0061538,-0.0010347,0.012678,-0.0025745,-0.32469,0.01948,0.016995,0.023403,-0.018586,0.035428,0.0010583,-0.0077825,0.066447,0.68125,-0.0026339,0.014901,-0.019642,0.16575,0.001185,0.0061611,0.040361
-0.17275,0.16051,-0.043096,0.42051,0.1519,0.16312,-0.1206,0.089158,0.01317,0.012892,0.01322,0.0011783,-0.14803,-0.013087,-0.018745,-0.018844,-0.0051238,0.12848,0.0090894,-0.00036027,-0.047356,-0.51821,-2.5627e-005,-0.0028375,-0.0045497,0.60107,0.0049506,0.0081517,0.14637
-0.23127,-0.059611,0.022323,-0.12075,-0.056413,-0.060578,-0.11729,-0.0054159,0.23397,0.29917,0.51803,-0.011636,-0.19744,0.017602,-0.0036421,-0.021511,-0.060746,-0.047712,0.062197,0.0071609,0.010587,-0.24313,-0.023439,0.09098,0.026172,-0.22322,0.13382,0.55265,-0.054357
0.00012682,0.00016341,-0.026071,-0.030577,0.00015465,0.00016606,-0.0033035,0.13741,0.3005,-0.45422,-0.49673,0.0014241,-0.0086286,0.034274,0.013727,0.0026113,-0.094928,0.00013079,0.32514,0.0056794,-0.010149,0.0029786,-0.043535,-0.078741,0.056225,0.00061191,-0.057476,0.5525,0.00014901
-0.010224,-0.01155,0.022561,-0.015649,-0.01093,-0.011737,-0.0094973,0.29383,-0.58239,-0.10095,0.21754,0.0042379,-0.0076904,-0.0035177,0.012726,-0.0043012,0.032617,-0.0092444,0.71022,0.0083739,0.0051937,-0.022659,0.018596,0.037301,-0.0068225,-0.043249,0.060347,-0.042199,-0.010532
-0.08872,-0.021915,-0.033461,-0.068513,-0.02074,-0.022271,-0.047196,0.17657,0.52528,0.42214,-0.20413,-0.0064617,-0.069616,-0.026648,-0.058327,0.0041773,0.20052,-0.017541,0.44564,0.021149,-0.012493,-0.065409,0.1019,-0.027804,-0.091081,-0.082064,-0.13308,-0.398,-0.019984
-0.075351,-0.016651,0.015402,-0.038634,-0.015757,-0.016921,-0.083467,-0.06054,-0.060631,-0.25028,0.0075318,0.011159,-0.068532,0.020093,-0.059301,-0.0080531,0.77968,-0.013327,-0.12238,0.19561,0.0078733,-0.086565,0.42755,0.012956,-0.19015,-0.06235,0.04142,0.11019,-0.015183
-0.019902,0.0045074,-0.16297,-0.067549,0.0042656,0.0045806,-0.01683,-0.014929,-0.26787,0.44816,-0.45082,0.0081798,-0.021388,0.035727,-0.095186,0.035789,0.030873,0.0036077,-0.04102,0.075718,-0.037418,0.0042766,0.03163,-0.20161,0.048044,0.016879,0.63187,0.16315,0.0041102
-0.0069493,-0.0018031,0.015292,-0.0068309,-0.0017064,-0.0018324,0.010245,0.02486,0.33476,-0.42342,0.2167,0.001058,-0.0020489,-0.082268,0.049693,0.0093259,-0.049911,-0.0014432,0.061129,-0.1363,-0.034137,-0.00093434,-0.061406,-0.0053192,-0.10962,-0.006752,0.7205,-0.30058,-0.0016442
-0.12762,-0.024152,0.3965,-0.081148,-0.022857,-0.024544,-0.098119,-0.027809,-0.048001,-0.00017215,-0.14601,0.0035364,-0.095554,0.0034785,0.74864,-0.096564,-0.0476,-0.019331,-0.035448,0.19979,-0.13984,-0.16854,0.10258,-0.044968,0.27718,-0.090441,0.038693,-0.118,-0.022023
-0.057007,-0.015476,-0.14835,-0.010119,-0.014646,-0.015728,-0.062867,-0.0084166,0.058262,-0.14993,0.058005,0.073575,-0.04382,-0.024018,-0.35275,0.039279,-0.14643,-0.012387,-0.00045066,0.63307,0.097955,-0.043844,0.091251,0.077538,0.57154,-0.057953,0.031768,-0.16533,-0.014112
-0.040089,-0.018169,0.56999,0.042894,-0.017195,-0.018464,-0.011542,-0.016069,-0.034051,0.0040716,-0.16628,0.20101,-0.030744,0.42612,-0.29,-0.24653,-0.047788,-0.014543,-0.01518,-0.06721,0.41156,-0.12805,-0.070699,0.23013,-0.077105,-0.068036,0.091356,-0.059143,-0.016568
-0.02892,-0.0038529,-0.13208,-0.024895,-0.0036462,-0.0039154,-0.012723,-0.0049086,-0.0067046,-0.0019364,0.013604,0.97183,-0.020356,-0.097495,0.07317,0.056634,-0.0024672,-0.0030839,-0.006773,-0.063989,-0.095366,-0.0046256,-0.0036843,-0.037519,-0.036073,-0.014428,-0.038037,0.0055565,-0.0035133
0.0084419,-0.030178,-0.014378,0.22535,-0.028559,-0.030668,0.0031333,-0.017539,-0.041536,0.063402,-0.2146,-0.019727,0.0060089,-0.51538,0.048052,0.022968,0.014218,-0.024155,-0.003548,-0.042603,0.025183,0.0040504,0.0094264,0.77358,-0.010128,-0.11301,0.082709,0.054965,-0.027518
-0.044387,-0.023763,-0.44349,0.077694,-0.022488,-0.024148,-0.029137,-0.015025,-0.0016211,-0.042739,-0.040619,-0.022809,-0.033905,0.65946,0.21272,0.25804,-0.046468,-0.01902,-0.0056687,-0.2082,-0.016983,-0.044926,0.19367,0.35581,0.11665,-0.088982,0.015815,-0.078416,-0.021668
-0.027055,0.0015985,0.066138,-0.065381,0.0015127,0.0016244,-0.018915,-0.0035256,-0.016346,-0.014028,0.0002217,-0.013428,-0.022421,-0.25237,-0.10016,0.031897,-0.14637,0.0012794,-0.010359,-0.5224,0.28259,-0.048752,0.62023,-0.1767,0.34839,0.0059856,-0.017747,-0.0063424,0.0014576
-0.092694,-0.013626,-0.011724,-0.085606,-0.012895,-0.013847,-0.049833,-0.02057,-0.051657,-0.043852,-0.054189,-0.022504,-0.071032,-0.13909,0.1512,0.65606,0.042252,-0.010906,-0.031553,0.078397,0.59279,-0.17108,-0.25559,-0.1265,-0.13196,-0.051025,-0.035607,-0.047943,-0.012425
0.00058937,0.00080495,-0.097846,-0.0048067,0.00076177,0.00081801,-0.040417,0.0019441,0.010115,-0.0022095,0.0122,0.00027007,-0.00025465,-0.013074,0.026789,-0.17983,0.50295,0.00064428,0.00359,-0.33689,0.096186,0.0064438,-0.51225,-0.017576,0.56273,0.0030142,0.0044472,-0.011147,0.000734
-0.024037,-0.0065691,0.43752,-0.0008984,-0.0062168,-0.0066757,-0.018074,-0.0069174,-0.016852,-0.0045187,-0.026588,-0.0062093,-0.019145,0.049788,-0.29135,0.59511,0.073393,-0.0052579,-0.0081109,-0.15158,-0.54857,-0.024155,-0.053784,0.041538,0.17114,-0.024599,-0.0063602,-0.0025519,-0.0059901
0.37532,0.073688,0.20104,0.21812,0.069735,0.074883,0.19216,0.089573,0.20021,0.20559,0.20312,0.087583,0.29113,0.10451,0.19979,0.19302,0.15024,0.058979,0.11934,0.16256,0.20062,0.32676,0.14967,0.062378,0.16103,0.27593,0.12753,0.20805,0.067193
0,-0.32204,7.7179e-016,0.26214,0.13555,-0.5161,-6.9389e-017,0.66712,2.7756e-017,2.0817e-017,-9.0531e-018,-2.1164e-016,5.5077e-017,1.1102e-016,-1.0278e-016,-1.9429e-016,1.7347e-017,0.010203,-0.28176,4.1633e-017,-2.2204e-016,1.1102e-016,-1.9429e-016,-0.10322,8.3267e-017,-0.087144,1.1102e-016,-5.5511e-017,-0.0074293
0,0.29441,-6.802e-016,-0.15672,-0.21043,0.61211,1.1102e-016,0.6058,1.1102e-016,-9.3675e-017,6.9931e-017,1.6653e-016,-7.893e-017,-4.1633e-017,-1.3336e-016,4.4409e-016,6.8955e-017,-0.11792,-0.25586,2.3592e-016,-4.7878e-016,1.3878e-017,-3.3307e-016,0.061712,-5.5511e-017,-0.12925,-1.4919e-016,-1.1102e-016,-0.054038
-0,-0.027057,3.7237e-016,0.73537,-0.35608,0.1853,3.4694e-018,-0.15678,2.8103e-016,-4.8572e-017,2.0266e-016,-6.6895e-017,1.6805e-017,2.3679e-016,1.0923e-016,-3.2613e-016,-4.8247e-017,-0.041013,0.066218,1.1102e-016,2.2204e-016,1.1102e-016,1.1102e-016,-0.28957,-1.3878e-016,-0.40317,-6.9389e-017,-5.5511e-017,-0.14255
0,0.31283,-1.2985e-015,0.14601,0.70182,0.044426,-8.1532e-017,-0.046187,-1.9776e-016,-1.1102e-016,-1.0608e-016,7.1124e-017,1.2143e-017,-1.6653e-016,6.9172e-017,-1.3531e-016,1.7224e-016,-0.49394,0.019507,-2.2204e-016,6.9389e-017,1.1102e-016,-8.3267e-017,-0.057494,2.498e-016,-0.3116,-5.5511e-017,-5.5511e-017,0.19853
-0,-0.44519,1.1694e-015,-0.020888,-0.18589,0.18966,1.3878e-017,-0.01144,6.5052e-017,2.3939e-016,-2.2592e-017,7.6328e-017,1.4713e-016,1.6653e-016,9.8012e-017,5.5511e-017,2.0172e-016,-0.17703,0.0048319,6.9389e-017,1.6827e-016,1.0755e-016,-1.1102e-016,0.0082254,1.3878e-016,-0.03494,-0,2.2204e-016,0.8355
-0,0.25429,-7.2704e-016,0.0051181,0.19036,0.014172,3.6863e-017,0.029293,-1.7412e-016,-5.2042e-018,-5.8953e-017,-8.2616e-017,-2.1399e-017,1.6653e-016,-1.7347e-017,-7.6328e-017,5.1066e-017,0.80323,-0.012372,2.4286e-017,6.9389e-018,-0,-1.9429e-016,-0.0020154,-7.6328e-017,-0.37955,-1.6653e-016,4.1633e-017,0.32958
0,0.63841,-1.4605e-015,0.0029296,-0.45919,-0.49453,4.1633e-017,0.024807,-2.0817e-017,-2.2551e-016,6.9308e-017,-1.4745e-016,3.8869e-017,1.1102e-016,-2.0383e-016,-1.8041e-016,-3.3025e-016,-0.19446,-0.010477,4.8572e-017,-2.498e-016,-3.8858e-016,1.1102e-016,-0.0011536,-3.5388e-016,0.039971,-2.2204e-016,-2.2204e-016,0.31122
