-0.0012588,-0.00089012,-0.23845,-0.0075909,-0.0024851,-0.0099469,0.0054068,-0.12832,-0.021489,-0.020065,0.011297,-0.024443,-0.0022814,0.004451,-0.002568,-0.39591,-0.00072541,0.0019657,0.87209,-0.0010291,0.0021574,0.0046708,-0.021803,-0.080053,-0.010389,-0.012382,-0.019433,-0.0051681
-0.0018384,-0.00098449,0.67159,0.018324,-0.0021334,0.024042,0.00014077,0.35367,0.058033,0.052617,-0.003891,-0.024542,-0.002808,6.5763e-05,-0.0031839,-0.60906,-0.0030905,-0.0018211,-0.017323,0.0029514,9.0225e-06,-0.0035306,0.059453,0.19233,0.025463,0.030042,0.052698,0.0065849
-0.00064652,0.00044927,-0.18372,0.0037586,0.0030296,0.0043755,0.01464,-0.074991,-0.0092472,-0.0035323,-0.0035991,0.017161,0.00032794,0.0043696,0.00030446,-0.22113,-0.0012848,-0.0011178,-0.1523,-0.00096588,-0.00037236,-0.0022137,-0.011648,0.042982,0.0037866,0.0052184,-0.0093012,0.94113
-0.00064352,0.0015596,-0.43583,0.073799,0.0083195,0.087355,-0.0033929,-0.026227,0.022159,0.06903,-0.0016839,0.053297,0.0021537,-0.0010389,0.0022849,-0.21595,-0.0010672,-0.0006384,-0.13947,-0.0034268,-0.00013843,-0.0010612,-0.0032763,0.81408,0.087212,0.108,0.0089097,-0.19975
-3.6355e-05,0.00033539,-0.41981,0.00036272,0.0016555,-0.02913,-6.3617e-05,0.87995,-0.0031921,-0.038181,-3.1757e-05,0.013111,0.00052318,-2.7303e-06,0.00056587,-0.0090549,-5.3162e-05,-2.0012e-05,-0.0057985,0.010482,-1.3789e-08,-2.0513e-05,0.093214,-0.18579,-0.022174,-0.053215,0.013174,-0.0050241
-0.0017806,0.026946,-0.078566,-0.020075,0.1317,-0.020302,-0.00077225,-0.10391,-0.016459,-0.025031,-0.0011113,0.89875,0.042579,0.00062446,0.046194,-0.25869,-0.0026064,-0.00094529,-0.15143,0.0003697,0.00016225,-0.0011026,-0.010082,-0.2164,-0.023056,-0.025628,-0.011188,-0.11596
-0.00013244,0.00052749,0.0029974,0.15365,0.0028826,-0.21623,-0.0015522,0.021056,0.562,-0.43922,-0.007358,0.017665,0.00060609,-0.0015991,0.00068768,0.020996,-0.0008275,-0.0018592,0.015852,-0.0050751,-0.00034498,-0.0053745,-0.46704,0.064226,0.077499,-0.26618,0.34654,0.0095521
0.0012107,-0.003226,-0.13758,-0.076485,-0.018758,0.21842,0.017352,-0.15406,0.33935,-0.073943,0.11505,-0.12208,-0.0027178,0.017335,-0.0032453,-0.15522,0.0097318,0.027321,-0.118,-0.029937,0.0034379,0.083211,0.54648,-0.21502,0.072928,0.2682,0.52949,-0.069726
-0.0016976,-0.0024295,-0.045484,0.030748,-0.01105,-0.043911,-0.011112,-0.023179,-0.044265,0.050452,0.76326,-0.081004,-0.0038732,-0.0065681,-0.0046395,-0.11818,0.028198,0.16243,-0.099216,0.00499,-0.0047373,0.5443,-0.15573,-0.062293,-0.037741,-0.087106,-0.11746,-0.04817
0.00037103,-0.00017848,-0.0055002,0.36457,-0.0015293,0.63725,0.0068569,-0.010137,0.036594,0.057212,-0.032957,-0.0080711,0.00027973,0.0060369,0.00027706,-0.010078,-8.5842e-05,-0.006452,-0.0071435,-0.0047044,0.0013633,-0.023252,-0.057616,-0.011497,-0.59082,-0.31172,0.067371,-0.0048417
0.00083639,-0.00049397,-0.052854,-0.3088,-0.003987,0.1722,0.019841,0.05067,0.42994,0.47361,-0.046907,-0.020058,0.00066287,0.017425,0.00063222,-0.025745,0.0010664,-0.0086096,-0.01881,-0.0045442,0.0035903,-0.03279,-0.47058,-0.12675,-0.12173,0.4389,-0.099228,-0.012178
0.0020515,-0.00098115,-0.071056,0.30428,-0.0087656,-0.32122,0.092944,-0.068581,0.16234,0.70244,-0.063228,-0.045818,0.0025566,0.079869,0.0025047,-0.060496,0.0050328,-0.0099412,-0.045375,-0.043255,0.014487,-0.042773,0.12539,-0.087023,0.15802,-0.42177,0.12935,-0.029215
0.0028339,-0.0017061,-0.027745,-0.027007,-0.01405,0.012284,0.74363,-0.020248,-0.065164,-0.13125,-0.026474,-0.059038,0.0039439,0.62164,0.0038103,-0.078712,0.0075049,-0.0022748,-0.066847,0.010344,0.099844,-0.0069018,-0.052353,-0.039252,-0.011877,0.02079,-0.066096,-0.050392
-0.0035569,0.0065329,0.015694,-0.33644,0.040909,-0.1565,0.029392,0.034294,-0.45144,0.15973,0.028236,0.032515,-0.039626,0.016193,-0.039975,0.046614,-0.023629,-0.0039563,0.033913,-0.0083948,-0.0020693,0.016669,-0.22576,0.10188,-0.27752,-0.031601,0.69259,0.020027
-0.0061779,-0.099867,-0.019448,-0.015261,-0.52883,-0.0090328,-0.026193,-0.011731,-0.063773,-0.0051093,-0.013709,-0.010427,0.58649,-0.011873,0.59277,-0.047342,-0.0050546,0.00098835,-0.031388,0.0049982,0.0034632,-0.017542,-0.048165,-0.025325,-0.0065666,-0.0037714,0.044338,-0.018522
0.0030065,0.0037057,-0.039513,0.2157,0.0099187,0.171,-0.073502,-0.0095619,-0.21755,0.0025809,-0.28099,-0.065588,-0.021924,0.0051909,-0.023144,-0.094511,0.69981,-0.087999,-0.066637,0.033271,0.032876,0.29787,-0.22346,-0.1422,0.29773,0.09916,0.11609,-0.039299
0.015792,0.0061393,-0.011362,0.34632,0.01692,0.28291,-0.023772,0.020221,-0.259,0.035913,0.1896,-0.024693,-0.024643,0.0053699,-0.024432,-0.02911,-0.39879,0.19293,-0.023865,0.041882,0.011434,-0.34015,-0.27642,-0.15261,0.46786,0.16894,0.17209,-0.013565
-0.00018865,0.0013344,-0.026165,-0.095762,0.0020639,-0.083946,-0.094964,-0.026032,0.027166,-0.028272,0.16455,-0.039715,-0.0073479,0.072413,-0.0081894,-0.058311,0.46649,0.6623,-0.043442,-0.0050015,0.073333,-0.49853,0.034681,9.2109e-05,-0.12525,-0.053279,-0.045655,-0.02344
0.0078602,0.002204,-0.0067433,-0.018978,0.0047333,-0.016981,-0.57159,-0.0062616,0.0032927,-0.006594,-0.021484,-0.011093,-0.0069347,0.59018,-0.0068245,-0.013746,-0.11292,-0.096569,-0.011197,-0.0006843,0.54525,0.053771,0.0048507,-0.0021998,-0.024671,-0.010951,-0.0092034,-0.0001276
0.99582,-0.00024724,-0.0195,-0.017989,-0.0013455,-0.019767,-0.004887,-0.015527,-0.010336,-0.014104,-0.017759,-0.029429,-0.00055105,-0.020979,-0.0018695,-0.045043,-0.010977,-0.0096775,-0.030974,0.0051064,-0.0067253,-0.0045391,-0.0092665,-0.020357,-0.023338,-0.014276,-0.012845,-0.018473
-0.0099662,0.014081,-0.015558,-0.0094684,-0.0067271,-0.017734,-0.00066312,-0.014911,-0.0015665,-0.0041167,-0.47105,-0.02218,-0.0066047,-0.027412,-0.0074901,-0.031836,-0.30606,0.66022,-0.02179,0.1959,0.015342,0.4527,-0.0018617,-0.015727,-0.018762,-0.010789,-0.0051061,-0.013971
-0.0084274,0.019964,-0.013485,-0.006412,-0.040722,-0.036374,-0.0029167,-0.024475,0.030805,0.02287,0.086295,-0.0083219,-0.019429,-0.0068847,-0.022959,-0.01989,0.049436,-0.1433,-0.015163,0.97446,-0.0012629,-0.099108,0.028496,-0.0051282,-0.037872,-0.015607,0.013435,-0.0088154
-0.0052075,0.90308,-0.014902,-0.0087044,-0.39272,-0.010725,0.0018427,-0.01103,-0.010508,-0.011115,-0.0057803,0.016878,-0.074461,-0.023837,-0.1327,-0.03299,-0.0073088,-0.016535,-0.023948,-0.044204,0.018721,-0.013236,-0.01034,-0.017683,-0.011222,-0.0081408,-0.0097366,-0.01425
-0.0089672,-0.022295,-0.015014,-0.0080277,0.026338,-0.011613,0.28417,-0.011505,-0.0095351,-0.010235,0.0060122,-0.027471,0.0026122,-0.48901,0.0064675,-0.032158,-0.0040233,-0.02476,-0.025403,-0.0081435,0.82065,-0.021222,-0.0094502,-0.01764,-0.01199,-0.0079106,-0.0091034,-0.016348
-0.023835,0.37769,-0.054291,0.061325,0.70669,-0.10676,-0.03267,-0.042134,-0.039952,-0.040296,-0.034101,-0.23394,0.26939,-0.019119,0.3921,-0.11704,-0.037602,-0.041676,-0.086481,0.019368,-0.041372,-0.037521,-0.032137,-0.069488,-0.10245,0.055858,-0.026613,-0.051274
0.0012812,-0.065346,0.0051974,0.57559,-0.11603,-0.42599,0.0020037,0.0024166,-0.039265,-0.028568,0.0021322,0.029934,-0.046156,0.0012298,-0.066638,0.0073241,0.0021882,0.0024823,0.0053784,-0.022871,0.0024898,0.0022639,0.013246,-0.027555,-0.39553,0.54792,0.03729,0.0031889
-0.0028546,-0.0040109,-0.0045499,-0.002767,0.077684,-0.0027704,-0.0023112,-0.0034947,-0.0027609,-0.0028905,-0.0030291,-0.019147,0.74051,-0.0021232,-0.66698,-0.0094121,-0.0039598,-0.0035164,-0.007206,0.0012613,-0.0022071,-0.003286,-0.0028746,-0.0054057,-0.0027732,-0.0029165,-0.0026949,-0.0042723
0.084194,0.15995,0.22147,0.12906,0.15655,0.13643,0.11016,0.17,0.13465,0.1404,0.14724,0.30607,0.14952,0.10547,0.14929,0.47271,0.14678,0.14328,0.35071,0.054948,0.10021,0.14137,0.14016,0.26394,0.13567,0.13744,0.13069,0.20793
