-0.0016039,0.00030429,-0.18077,0.00097365,-0.00069978,-0.66831,-0.00048541,0.72158,-0.00072496
-0.0012176,-0.00010403,0.81844,-0.00033286,-0.00053124,-0.50907,-0.00079157,-0.26645,-0.00055035
0.80718,0.012641,-0.16186,0.04045,0.35217,-0.16369,0.023363,-0.1897,0.36484
-0.093862,0.28829,-0.11364,0.92245,-0.040952,-0.11279,0.099755,-0.13453,-0.042425
-0.067424,-0.045363,-0.10896,-0.14515,-0.029417,-0.10938,0.96454,-0.12795,-0.030475
0.23339,0.057735,0.49645,0.19421,0.09302,0.49265,0.24325,0.58124,0.098253
-0.52217,-0.11957,0.0045882,0.03933,0.66165,0.0045531,0.0022481,0.0053719,0.5231
-0.061802,0.94539,0.0019988,-0.2946,0.12325,0.0019835,0.00097935,0.0023402,0.020601
-0.06437,0.057275,1.5935e-005,-0.017893,-0.64172,1.5813e-005,7.8078e-006,1.8657e-005,0.76187
