-7.5377e-05,-0.0086423,-7.4484e-05,-0.0018202,-0.00021487,-0.013645,0.0020807,-0.00031691,-0.0018014,-0.44503,-0.0043737,-0.0018838,-0.00035759,-0.00044726,-0.00055513,-9.1004e-05,-0.0090767,-0.10233,-0.006547,-0.00011769,0.00010337,-0.0020847,-0.00054516,-0.0001784,-0.00021741,-0.00021741,0.00022388,0.87528,0.0043714,0.0028535,-0.0064811,-0.15767
0.00017933,0.025317,0.00017497,-0.00010592,0.001412,0.017149,-0.0032255,2.7293e-05,-0.00012137,-0.28325,-0.0072322,-0.00049037,0.00084739,0.0010545,-0.0011234,0.00062407,-0.016103,0.78732,-0.009755,0.0007455,-0.0010215,-0.00071781,0.00018216,0.00042364,0.0012658,0.0012658,-0.0039013,-0.14655,-0.002612,-0.0047407,-0.01045,-0.52621
5.6091e-05,0.0080798,5.468e-05,-0.0021133,0.00046869,-0.002141,0.0041616,-0.0003356,-0.0021425,-0.5903,0.0056522,-0.0025131,0.00026498,0.00032964,0.0012451,0.00020791,0.015084,0.26465,0.0056591,0.00024664,0.0015295,-0.002974,-0.00046101,0.00013249,0.00042133,0.00042133,0.0060029,-0.13376,0.0023293,0.0062519,0.0076389,0.75038
0.0087619,0.90012,0.0081798,0.0054021,0.00029278,0.14612,-0.0008024,0.0013055,0.0052326,-0.23942,-0.0022628,0.0027694,0.040846,0.049948,-0.00028186,3.1272e-05,-0.0034832,-0.24339,-0.003493,0.00025972,-0.00022197,0.001774,0.0032187,0.020565,0.0079675,0.0079675,-0.00050107,-0.16441,-0.00080578,-0.00094092,-0.0034349,-0.14092
-0.0034864,-0.36243,-0.0030612,0.027638,0.0031942,0.75989,-0.00058065,0.0067814,0.027391,-0.33289,-0.0027613,0.015458,-0.015963,-0.019048,-0.00029809,0.00094145,7.3317e-05,-0.29592,-0.0045746,0.0021903,-8.8009e-05,0.011719,0.015995,-0.0081149,-0.0035289,-0.0035289,0.00022389,-0.23009,-0.00037886,-0.00022364,-0.0043046,-0.19207
-0.00049989,-0.060517,0.001718,0.27126,-0.00084005,-0.19231,-0.023801,0.0074708,0.082903,-0.13004,0.0461,0.21881,0.00032939,0.0064787,0.026133,-0.00024205,0.78899,-0.10097,0.12054,-0.00058199,-0.0095855,0.018889,0.058432,-0.00098225,0.0015066,0.0015066,-0.034466,-0.085953,-0.011048,-0.03576,0.3735,-0.10027
0.00010633,0.017784,-0.0011987,-0.26967,0.0026122,0.073268,-0.08501,-0.018369,-0.21005,0.027236,0.48511,-0.14761,-0.00075706,-0.0049361,0.020127,0.00080044,-0.0027652,0.029431,0.68845,0.0017585,-0.012009,-0.082343,-0.12921,0.00044571,-0.00084999,-0.00084999,-0.16656,0.028459,-0.13085,-0.24163,0.09491,0.0083273
-0.00041668,-0.073416,0.0051186,0.34536,-0.0015761,-0.23258,0.083888,0.028559,0.33236,-0.14428,0.21774,0.14462,0.0033053,0.021142,-0.015398,-0.00042961,-0.20831,-0.12188,0.44361,-0.0011182,0.0051995,0.12154,0.20475,-0.0018746,0.0034059,0.0034059,0.17519,-0.10826,0.16024,0.27323,-0.38828,-0.088147
-0.00010515,-0.041339,0.0043032,-0.27963,0.0057506,-0.089426,0.12706,-0.011836,-0.1967,-0.079199,0.2076,-0.13943,0.0028978,0.018194,0.030071,0.0018385,-0.045813,-0.068351,-0.045997,0.0037895,0.0020889,-0.053791,-0.13617,-0.0017251,0.002106,0.002106,0.33819,-0.064085,0.34141,0.5902,0.41109,-0.065488
-1.1028e-07,-0.0196,0.0025867,0.15746,-0.0028065,-0.073109,-0.036015,0.025276,0.36285,-0.040117,0.42312,-0.065847,0.0016474,0.011045,0.051214,-0.000848,-0.38273,-0.031991,-0.27687,-0.0019022,-0.0016904,0.13925,0.21419,-0.0011937,0.001126,0.001126,-0.11758,-0.025947,-0.11756,-0.21486,0.5328,-0.018565
0.017686,-0.04913,0.11088,-0.053023,0.0044207,-0.062824,0.47516,0.0091692,-0.056052,-0.046893,0.00014944,0.030901,0.0059421,0.50379,4.0751e-06,0.0014795,-0.0017531,-0.040596,-0.006436,0.0028422,0.040686,0.018011,-0.059985,-0.13121,-0.058385,-0.058385,0.49951,-0.034369,-0.37135,-0.26694,-0.0053846,-0.031864
0.02781,-0.044973,0.16696,-0.083196,0.0014695,-0.021311,-0.29848,0.015983,0.076353,-0.015244,-0.093882,-0.061088,0.0025553,0.7606,-0.0064191,0.0005526,-0.0016539,-0.012425,0.024931,0.00087963,-0.027214,0.090642,-0.00090472,-0.20487,-0.096093,-0.096093,-0.36655,-0.011695,0.24082,0.1128,0.0014959,-0.0058293
-0.0056512,-0.0046284,-0.030526,-0.38967,-0.00046933,-0.035785,0.061914,0.082827,0.43354,-0.025177,-0.43514,-0.30105,0.0026162,-0.14003,-0.037549,-0.00012984,0.050159,-0.019229,0.2735,-0.00033093,0.0014029,0.48102,0.018369,0.040977,0.021565,0.021565,0.062665,-0.01639,-0.038889,-0.032118,0.16302,-0.016729
-0.0032153,-0.019651,-0.011878,-0.2507,0.0025229,-0.061653,0.093265,0.16663,-0.042235,-0.044688,0.29052,0.46761,0.0069031,-0.056229,0.033562,0.00083962,0.040458,-0.037221,-0.21328,0.0016272,-0.0081431,0.53907,-0.40185,0.022594,0.015527,0.015527,-0.12611,-0.032685,0.13968,-0.10172,-0.19005,-0.023706
-0.0014975,-0.010458,-0.0048992,0.044077,0.0029676,-0.02836,0.61788,-0.041304,-0.026689,-0.02132,-0.082233,-0.10771,0.0039139,-0.023486,-0.0089359,0.0009485,-0.023252,-0.019265,0.043168,0.0019559,-0.033956,-0.14587,0.076866,0.010511,0.0075564,0.0075564,-0.27634,-0.020031,0.60423,-0.34414,0.04014,-0.01417
-0.0075962,-0.031729,0.00861,-3.3853e-05,0.0036518,-0.0030059,-0.0020332,-0.00014473,-0.002086,-0.0021365,-0.0024786,0.00033608,0.56254,0.023742,-0.00027853,0.0014908,-0.0021308,-0.00037835,0.00031791,0.0020601,0.00018927,-0.0016496,-0.00056073,0.53084,-0.4472,-0.4472,-0.0012049,-0.0016034,-0.0014152,-0.00086486,0.00065251,-0.0012309
-0.0014056,-0.009135,-0.0005041,0.19237,-7.3119e-05,-0.027465,-0.038266,0.092529,-0.22891,-0.019424,-0.42133,0.50288,0.0052034,-0.0045621,-0.10328,2.0535e-05,-0.40236,-0.015057,0.30951,-9.5231e-05,0.011684,0.004418,-0.16802,0.0069566,0.011335,0.011335,-0.036722,-0.012869,-0.018533,-0.014385,0.41174,-0.0051627
-0.082236,-0.096313,0.077187,-0.044966,0.030781,-0.12789,-0.056786,-0.0077277,-0.051597,-0.094259,-0.031319,-0.056269,0.42194,0.18861,0.014743,0.0092273,-0.025524,-0.083796,-0.035835,0.020942,0.014969,-0.055914,-0.0069308,0.40464,0.51709,0.51709,-0.038391,-0.071031,-0.038394,-0.044099,-0.038018,-0.05573
0.0072048,-0.014848,-0.0079504,-0.022269,0.067209,-0.048532,-0.33486,0.048163,-0.01246,-0.034967,-0.02263,-0.012799,-0.021526,-0.021597,0.14565,0.019271,-0.010733,-0.030781,-0.0025205,0.046663,0.72789,-0.032933,0.0023879,-0.019589,-0.024191,-0.024191,0.31575,-0.026512,0.32514,-0.33291,-0.011925,-0.021723
0.0052977,-0.010894,-0.0057637,-0.07961,0.031819,-0.037825,0.042932,0.52893,0.029631,-0.025122,-0.086699,0.036082,-0.015261,-0.015529,0.79267,0.0092086,-0.027816,-0.022422,0.027066,0.022001,-0.12456,-0.19088,0.061576,-0.013955,-0.017309,-0.017309,-0.062506,-0.01922,-0.065329,0.043141,-0.02332,-0.015478
-0.0011421,0.0024866,0.0012526,-0.12396,-0.056452,0.0045807,-0.013268,0.75326,0.089726,0.0065065,0.075873,0.015476,0.0032688,0.0033907,-0.56259,-0.015767,0.053503,0.0052159,-0.042537,-0.039644,0.031056,-0.25497,0.096795,0.0029776,0.0033428,0.0033428,0.021002,0.0043475,0.019981,-0.013701,-0.016413,0.0030994
0.018056,-0.037214,-0.018216,-0.03605,0.76438,-0.12117,-0.001421,0.0089487,-0.033348,-0.084989,-0.016627,-0.036941,-0.042146,-0.046827,-0.10523,0.20886,-0.023285,-0.076255,-0.032616,0.54176,-0.061526,-0.039572,-0.007829,-0.03975,-0.044368,-0.044368,-0.071206,-0.063994,-0.069031,0.00058551,-0.025751,-0.050227
0.0077157,-0.0060359,-0.004545,-0.0096789,-0.017388,-0.017683,0.35159,0.00081072,-0.0018673,-0.013111,0.0040205,-0.013094,-0.0027855,-0.00618,4.1339e-05,-0.0032574,0.0075718,-0.011426,-4.3103e-05,-0.013924,0.66309,-0.0073123,-0.002661,-0.0060366,-0.0052625,-0.0052625,-0.44823,-0.010434,-0.33074,0.35271,-0.0012679,-0.010007
0.84558,-0.026637,-0.34365,-0.010353,-0.023766,-0.034066,-0.011528,-0.0071419,-0.01477,-0.025342,-0.0072281,-0.011417,0.3143,-0.017816,-0.0071354,-0.001594,-0.0078795,-0.022116,-0.0080741,-0.022094,-0.012972,-0.0076377,-0.0024028,-0.24004,0.045426,0.045426,-0.0070716,-0.019066,-0.0079057,-0.011622,-0.0074455,-0.014987
-0.0090592,-0.011019,0.0012468,-0.0095888,0.20407,-0.033219,-0.0091117,-0.0042972,-0.016497,-0.024426,-0.0069654,-0.010912,-0.012454,-0.010206,-0.0055756,0.76151,-0.0075757,-0.021737,-0.0075693,-0.61152,-0.0073296,-0.0050227,0.0011647,-0.00343,-0.0086043,-0.0086043,-0.0089219,-0.018378,-0.008976,-0.0093646,-0.0070346,-0.014465
-0.0046859,-0.0081611,0.00014975,0.021916,-0.011776,-0.025283,-0.0047135,0.13858,-0.59011,-0.018559,0.00050998,-0.077215,-0.00821,-0.0073936,-0.0088444,-0.011213,0.006911,-0.015667,-0.0080392,0.00021996,-0.001463,0.4549,0.64546,-0.0029191,-0.0065609,-0.0065609,-0.0075288,-0.013518,-0.0075022,-0.0050771,-0.010571,-0.010868
-9.0005e-05,-0.00027141,-1.8904e-05,0.56348,-0.0010339,-0.00052241,-0.00083104,0.27624,-0.17828,-0.00078601,-0.002327,-0.52218,-0.00023269,-0.00023501,0.0017889,-0.00050536,-0.0054149,-0.00051598,0.0022673,-0.00049405,-0.0012208,0.25735,-0.48523,-0.00010381,-0.00019752,-0.00019752,-4.9686e-05,-0.00044486,1.1256e-05,-0.0007856,0.0034318,-0.00025294
0.038655,0.1679,0.001403,0.15315,0.21201,0.49169,0.12579,0.086726,0.14903,0.36479,0.10423,0.14704,0.1418,0.14492,0.065664,0.10594,0.11458,0.31835,0.10971,0.098878,0.075732,0.15268,0.091435,0.059466,0.11805,0.11786,0.13788,0.27453,0.13453,0.1328,0.10223,0.21627
0,0.0010229,0.7251,0.00093305,-0.013525,0.0029955,0.00076631,0.00052835,0.00090794,0.0022224,0.00063502,0.00089583,0.4309,-0.28223,0.00040004,0.016496,0.00069808,0.0019395,0.00066835,0.015397,0.00046137,0.00093014,0.00055704,-0.45446,-0.027937,0.029375,0.00084001,0.0016725,0.00081956,0.00080903,0.00062283,0.0013176
0,6.3342e-06,0.020735,5.7779e-06,-0.20061,1.855e-05,4.7454e-06,3.2719e-06,5.6225e-06,1.3762e-05,3.9324e-06,5.5475e-06,0.012295,-0.0080885,2.4773e-06,0.21462,4.3229e-06,1.201e-05,4.1388e-06,0.20032,2.8571e-06,5.7599e-06,3.4495e-06,-0.012996,0.66059,-0.66058,5.2018e-06,1.0357e-05,5.0752e-06,5.01e-06,3.8569e-06,8.1592e-06
-0,-3.6652e-05,-0.028272,-3.3434e-05,-0.52717,-0.00010734,-2.7459e-05,-1.8932e-05,-3.2534e-05,-7.9634e-05,-2.2754e-05,-3.21e-05,-0.016797,0.011007,-1.4334e-05,0.56389,-2.5014e-05,-6.9497e-05,-2.3949e-05,0.52631,-1.6532e-05,-3.3329e-05,-1.996e-05,0.017719,-0.25063,0.25058,-3.01e-05,-5.9931e-05,-2.9367e-05,-2.899e-05,-2.2318e-05,-4.7213e-05
0.5243,0.0026682,0.55409,0.0024339,0.0033708,0.0078138,0.001999,0.0013782,0.0023684,0.0057972,0.0016565,0.0023368,-0.44239,-0.010308,0.0010435,0.0016819,0.001821,0.0050593,0.0017434,0.0015698,0.0012035,0.0024263,0.0014531,0.47121,0.0018676,0.0018816,0.0021912,0.0043629,0.0021379,0.0021104,0.0016247,0.003437
