-0.080621,-0.0089797,-0.44826,-0.0013606,-0.0013579,-0.00021141,0.002863,-0.0055145,-0.00021636,-0.00013612,-0.0013234,0.013304,-0.00016773,0.00082952,0.0007691,-0.0054245,-0.032871,-0.00022653,-0.00011556,-0.00083043,-0.31303,-8.5193e-05,-0.00025832,-0.083714,-0.0097174,-0.01704,-0.00056703,-0.013374,-0.00036664,-6.6513e-05,-0.00016787,-0.00087304,0.00080224,0.0030795,-0.00013128,-0.00010886,-7.9699e-05,-0.00013863,-0.0052869,-0.00085221,0.82782,-0.0079756,-0.0050829,-0.00028849,0.00091028,-0.0017953,-0.00024002,-0.002371,0.00076557,-0.002238,-0.010374,-0.0069272
-0.50662,0.011178,0.64878,-0.0052467,0.00034825,-0.00080537,-3.0237e-05,0.0067268,-0.00082422,-0.00051853,-0.0050794,-0.072588,-0.00063894,-0.000214,0.0003417,0.0075235,-0.16157,-0.00097943,-0.00059732,0.00069228,0.31581,-0.00032453,-0.0011041,0.070777,0.012359,-0.07541,0.00053459,0.017323,-0.0015756,-0.00028127,-0.0010221,0.0011752,0.0004079,9.0578e-05,-0.00050011,-0.00056271,-0.00030361,-0.00052811,0.0065326,0.00016064,0.42233,-0.0017942,0.0069271,-0.001099,-8.6482e-05,0.0024457,-0.0010397,0.0029976,0.00034013,-0.020256,0.01337,-0.028391
-0.12814,-0.00060957,-0.50041,-0.00033095,0.0046418,-5.0072e-05,-9.7068e-05,-0.010391,-5.1244e-05,-3.2239e-05,-0.0003186,-0.0076319,-3.9725e-05,-4.7983e-05,8.8742e-06,-0.0093473,-0.015241,-7.825e-05,-0.00010205,0.0032423,0.83524,-2.0177e-05,-8.2775e-05,-0.18435,0.0041451,-0.0066891,-0.00061369,0.0029357,-0.00012075,-1.9902e-05,-0.00024698,-4.4373e-05,1.2841e-05,-9.2599e-05,-3.1093e-05,-9.6141e-05,-1.8876e-05,-3.2834e-05,-0.0098672,0.0028531,0.013219,0.024337,-0.0088382,-6.8327e-05,-3.8404e-05,-0.003292,-8.33e-05,0.0011347,8.8334e-06,-0.0014165,0.0024188,-0.0019377
-0.58908,-0.0019489,-0.10458,0.0049618,0.00013496,0.00073636,0.0051115,0.0013361,0.00075359,0.0004741,0.0047401,0.31595,0.00058419,0.0022636,-7.3297e-05,-0.00021416,0.70514,0.0012315,-1.1525e-06,-0.00038043,-0.1182,0.00029673,0.0012994,0.073866,-0.0030071,0.088783,0.00026909,-0.0039251,0.0018988,0.0003115,-0.0010183,-0.00026897,-0.00013306,0.0050381,0.00045726,-1.0857e-06,0.00027759,0.00048285,0.0011184,0.00013389,-0.12627,0.0040626,1.7842e-05,0.0010048,0.001928,2.2883e-05,0.0013119,-0.00073485,-7.296e-05,0.022395,-0.0031073,0.03271
-0.046904,-0.00022702,-0.013884,0.00068893,4.4851e-05,0.00010112,0.014971,0.00032992,0.00010349,6.5105e-05,0.00065523,0.88798,8.0223e-05,0.0064899,-8.0885e-05,1.7814e-05,-0.45358,0.00020543,3.1578e-05,-3.2703e-05,-0.011295,4.0748e-05,0.00020615,0.015884,-0.00036491,0.015287,6.3336e-05,-0.00046996,0.00030652,4.6973e-05,-7.3799e-05,-3.4551e-05,-9.0933e-05,0.014847,6.2792e-05,2.9748e-05,3.812e-05,6.6307e-05,0.00028248,3.4592e-05,-0.046793,0.00070283,6.2109e-05,0.00013798,0.0056019,2.2924e-05,0.00021918,-8.8608e-05,-8.0513e-05,0.0029475,-0.00038491,0.0049016
-0.13715,-0.003655,-0.24422,0.003582,0.0010128,0.00051531,-0.0023686,0.021931,0.00052738,0.00033178,0.003379,-0.1369,0.00040883,-0.0010066,1.5204e-05,0.0054151,-0.20597,0.0016428,0.00040083,0.00036661,0.032105,0.00020765,0.0015337,0.91603,-0.0058861,0.12571,0.0038963,-0.0064549,0.0023423,0.00032143,-0.00014764,-0.00066254,-3.0694e-05,-0.0023632,0.00032,0.0003776,0.00019426,0.00033791,0.019129,0.00065789,-0.043744,0.0079296,0.0075991,0.00070318,-0.00088094,0.0025718,0.0017574,-0.0013957,1.5134e-05,0.020327,-0.0068603,0.029878
-0.24025,2.7759e-06,-0.024701,0.0091826,0.00058011,0.0012914,-0.0027838,-0.0063851,0.0013216,0.00083144,0.0085804,-0.16123,0.0010245,-0.0011702,8.1715e-05,-0.0021463,-0.25621,0.011087,0.0031477,-0.00041184,-0.10445,0.00052037,0.0092742,-0.24885,-0.00060174,0.86719,-0.0010818,-0.001336,0.014769,0.0016634,0.00026504,-2.4446e-05,-6.5114e-05,-0.0027881,0.0008019,0.0029653,0.00048682,0.00084679,-0.005604,0.00044743,-0.090125,0.0091902,-0.0026928,0.0017622,-0.0010336,-0.00088251,0.011893,-0.0001575,8.1339e-05,0.08324,-0.00033832,0.095782
-0.12158,0.00016418,-0.037768,0.010931,0.0010584,0.0014262,-0.0010603,-0.0017528,0.0014596,0.00091824,0.0098854,-0.066783,0.0011315,-0.00044161,8.5407e-05,-0.00072374,-0.10859,-0.0026544,-0.00088704,-0.00021065,-0.057253,0.0005747,-0.0010916,-0.065316,-0.000798,-0.22012,-0.00027976,-0.0013198,-0.0024278,0.00012974,-0.00038182,-7.3472e-05,-4.2067e-05,-0.0010686,0.00088562,-0.00083564,0.00053764,0.0009352,-0.0015314,0.00075179,-0.060153,0.012945,-0.00086876,0.0019461,-0.00039645,-0.0002631,-0.0028713,-0.00019589,8.5015e-05,0.037133,-0.00068773,0.9519
-0.19615,0.0035378,-0.07616,0.060874,0.0064781,0.006036,-0.0010076,-0.001942,0.0061773,0.0038863,0.047935,-0.093857,0.0047887,-0.00041809,0.0023945,-0.00068702,-0.15357,-0.0023207,-0.0012234,-0.00041812,-0.098951,0.0024323,0.015899,-0.083248,-0.0012857,-0.23711,-0.00030034,-0.0023944,0.01505,0.007917,-0.00053135,-0.00015247,7.9112e-05,-0.0010358,0.0037482,-0.0011525,0.0022755,0.003958,-0.0015991,0.004432,-0.11372,0.075154,-0.00096288,0.0082366,-0.00039623,-0.00019879,-0.0025146,-0.00030874,0.0023835,0.89351,-0.00087566,-0.16298
-0.15164,0.028663,-0.06102,0.71722,0.046498,0.013608,0.00031279,-0.00056422,0.013926,0.0087612,0.15516,-0.06953,0.010796,7.9691e-05,-0.00061473,0.00044198,-0.11327,-0.00079989,-0.00020565,-0.00095496,-0.092284,0.0054834,-0.0052526,-0.060713,-0.0025269,-0.10985,-0.00014858,-0.0037338,-0.0060265,-0.0022053,-0.00019463,-0.00021365,-9.8969e-05,0.00029853,0.00845,-0.00019374,0.0051299,0.0089231,-0.00022501,0.030474,-0.088746,0.55946,4.0842e-05,0.018569,4.9359e-05,0.00024868,-0.0010208,-0.00061433,-0.00061191,-0.24294,-0.0013448,-0.088536
-0.044656,0.036791,-0.015369,-0.65619,0.060666,0.0050993,0.00015286,0.00018221,0.0052187,0.0032832,0.06474,-0.020403,0.0040456,4.6394e-05,-0.00015694,0.00059773,-0.033236,-0.00021091,-5.6199e-05,-0.00099012,-0.043091,0.0020549,-0.0013788,-0.018486,-0.0033611,-0.032299,-6.9688e-05,-0.0038046,-0.0015991,-0.00057653,-5.2381e-05,-0.00018071,-2.6975e-05,0.00014849,0.0031666,-5.2943e-05,0.0019224,0.0033438,0.00029401,0.039386,-0.026312,0.73894,0.00041304,0.0069584,3.422e-05,0.00024412,-0.00027843,-0.00083149,-0.00015622,-0.063884,-0.002372,-0.025389
-0.084725,-0.0097251,-0.037459,-0.1292,-0.017624,0.046704,0.00065059,-0.00029803,0.047798,0.03007,0.94067,-0.038392,0.037053,0.000223,-0.00021756,0.00014884,-0.062514,-0.00025854,-7.2211e-05,0.00012155,-0.037156,0.01882,-0.0020767,-0.032719,0.0015261,-0.060616,-2.3653e-06,0.00077893,-0.0024629,-0.00087179,-7.073e-05,-1.5906e-06,-4.235e-05,0.0006417,0.029002,-6.8027e-05,0.017607,0.030626,-7.4608e-05,-0.011092,-0.05055,-0.22391,-9.8325e-05,0.063732,0.0001811,0.00012822,-0.00040275,0.00038923,-0.00021656,-0.099002,0.0017871,-0.045603
-0.15431,0.01718,-0.070441,-0.071966,-0.00067319,0.37229,0.014404,0.0069034,0.38101,0.2397,-0.20811,-0.069033,0.29536,0.0050463,0.00035128,0.0078617,-0.11154,0.0034722,0.0010355,-0.00041629,-0.077886,0.15002,0.00023239,-0.058705,0.013883,-0.10587,0.0012506,0.0086246,1.4738e-05,-0.00047041,0.00075532,0.00012184,7.4663e-05,0.014415,0.23118,0.00097554,0.14035,0.24413,0.0085339,0.0028974,-0.095061,-0.10705,0.0051736,0.50802,0.0043321,0.0033999,0.002641,0.0033876,0.00034967,-0.12407,0.021591,-0.073249
-0.097694,0.5045,-0.065631,-0.040588,0.090193,-0.050701,0.081989,-0.079646,-0.051888,-0.032644,-0.045506,-0.046316,-0.040224,0.02413,0.0010237,-0.1286,-0.070374,0.0097198,0.0025149,-0.014551,-0.068216,-0.020431,0.0055448,-0.025501,0.31211,-0.066791,0.014673,0.16572,0.0063728,0.0008166,0.0019021,0.0027294,0.00011407,0.082976,-0.031484,0.0023692,-0.019113,-0.033247,-0.10053,0.10651,-0.061049,-0.092821,-0.098401,-0.069185,0.021049,-0.039083,0.0080621,0.071589,0.001019,-0.074734,0.68297,-0.045432
-0.10675,0.12336,-0.051752,-0.043782,0.061679,-0.048852,0.57258,0.15736,-0.049995,-0.031453,-0.050263,-0.068751,-0.038757,0.15124,0.00013928,0.21166,-0.076849,0.015285,0.0036447,0.0040027,-0.049321,-0.019685,0.0093268,-0.05406,-0.15182,-0.073105,0.011773,-0.020203,0.010921,0.0015599,0.0027774,0.0032284,-0.0011921,0.58409,-0.030336,0.0034335,-0.018416,-0.032034,0.22371,0.064988,-0.070249,-0.080594,0.11604,-0.066662,0.13459,0.052846,0.012764,-0.035739,0.00013864,-0.081175,-0.17476,-0.049515
-0.013102,0.67949,-0.010704,-0.0053566,0.21513,-0.0058303,-0.25031,0.074751,-0.0059668,-0.0037538,-0.0061778,0.0036203,-0.0046255,-0.063366,0.0010199,0.11548,-0.00943,0.0020864,0.00048672,0.0028219,-0.003894,-0.0023494,0.0011811,-0.01329,-0.3951,-0.0089727,0.029574,0.078403,0.0014068,0.00017883,0.00036994,0.022528,0.0008253,-0.25622,-0.0036204,0.00045851,-0.0021979,-0.0038231,0.11939,0.2301,-0.0062905,-0.073838,0.05916,-0.0079558,-0.057002,0.016451,0.0017516,-0.10288,0.0010152,-0.010041,-0.29283,-0.006073
-0.063021,-0.14022,-0.043044,-0.025682,-0.027616,-0.027215,-0.19864,0.32752,-0.027852,-0.017522,-0.029758,-0.020399,-0.021591,-0.047262,0.0019563,0.46712,-0.045359,0.011497,0.0025641,0.0026808,-0.029245,-0.010967,0.0069285,-0.0503,0.064882,-0.043233,4.0057e-05,-0.26675,0.0082559,0.00116,0.0019679,-0.021253,0.00097649,-0.2044,-0.0169,0.0024155,-0.010259,-0.017846,0.53451,-0.030895,-0.037581,-0.027322,0.1826,-0.037136,-0.043336,0.086473,0.0096497,0.049399,0.0019473,-0.047999,0.37113,-0.029196
-0.029516,-0.028718,-0.018469,-0.011948,-0.010348,-0.012024,-0.034541,0.74884,-0.012305,-0.0077414,-0.013961,-0.011752,-0.009539,-0.0065589,0.00090465,-0.43503,-0.021242,0.007564,0.0014876,-0.006269,-0.019087,-0.0048451,0.004596,-0.027183,0.18424,-0.020333,0.044561,0.26291,0.0055899,0.00080003,0.0011651,0.0041137,0.00032725,-0.03631,-0.0074664,0.0014014,-0.0045327,-0.0078843,0.14165,-0.0085376,-0.018035,-0.013362,-0.26763,-0.016407,-0.0066791,0.14712,0.0063778,0.0034395,0.0009005,-0.022461,-0.14846,-0.013658
-0.054482,-0.046366,-0.040738,-0.022041,-0.02262,-0.022083,-0.060359,-0.25602,-0.0226,-0.014218,-0.025772,-0.02182,-0.01752,-0.01109,0.0016941,0.34237,-0.039211,0.014477,0.0028035,-0.016241,-0.038186,-0.0088988,0.0087882,-0.020068,0.45851,-0.037553,0.023338,0.62292,0.010715,0.0015333,0.0022025,0.0074236,0.0006034,-0.063663,-0.013713,0.002641,-0.008325,-0.014481,0.26397,-0.017487,-0.033317,-0.023645,-0.057288,-0.030134,-0.011521,-0.15543,0.012213,0.011628,0.0016863,-0.041463,-0.30218,-0.025209
-0.059871,-0.023969,-0.038993,-0.024133,0.016145,-0.023571,-0.050239,0.14681,-0.024123,-0.015176,-0.028324,-0.024567,-0.0187,-0.0067659,0.0020711,0.024818,-0.043079,0.020257,0.0034836,-0.0051458,-0.032991,-0.0094984,0.012135,-0.026085,0.18401,-0.04143,-0.01462,0.17375,0.015059,0.0021399,0.0027903,-0.0041795,0.00068663,-0.054718,-0.014637,0.0032818,-0.0088859,-0.015456,-0.41037,0.017474,-0.036729,-0.035482,0.75231,-0.032165,-0.0089264,0.38145,0.017149,0.011242,0.0020615,-0.045602,-0.065947,-0.02768
-0.0035042,-0.0033911,-0.0012298,-0.0014027,0.0010461,-0.001307,0.46843,-0.0033919,-0.0013376,-0.00084151,-0.001657,-0.0022768,-0.0010369,0.56247,0.00033927,-0.0031522,-0.0025207,0.0024928,0.00024715,0.00026073,-0.0016524,-0.00052668,0.0012921,-0.0011239,-0.0030342,-0.0024736,-0.00032237,-0.004758,0.0017378,0.00022591,0.00022775,6.958e-06,0.0002129,-0.499,-0.00081161,0.00023283,-0.00049272,-0.00085705,-0.0018794,0.00079037,-0.00198,-0.0020482,-0.004748,-0.0017835,-0.4637,-0.0023668,0.002151,0.00054981,0.00033771,-0.0026983,-0.0017516,-0.0016179
-0.06124,-0.23436,-0.017195,-0.024416,0.5973,-0.022092,-0.03599,-0.058849,-0.022609,-0.014224,-0.028949,-0.026004,-0.017527,0.00025631,0.0034228,-0.057469,-0.044068,0.16144,-0.00080025,0.0017431,-0.030246,-0.0089023,0.039844,-0.019343,0.26018,-0.047049,-0.048137,-0.28505,0.075954,0.0075691,0.0044049,-0.029949,0.0010926,-0.029606,-0.013719,-0.00075388,-0.0083283,-0.014487,-0.039713,0.53297,-0.037772,-0.10166,-0.085552,-0.030146,0.0086035,-0.02917,0.15,0.15758,0.0034071,-0.048337,-0.15171,-0.028265
-0.05643,0.01617,-0.023879,-0.02252,-0.17263,-0.02023,-0.032211,-0.028124,-0.020703,-0.013025,-0.026724,-0.024066,-0.016049,0.0032804,0.0046402,-0.026936,-0.040689,0.6551,-0.027786,0.0048946,-0.027133,-0.0081518,-0.093201,-0.019739,-0.11972,-0.055679,0.0116,0.028575,0.059651,-0.0090223,-9.0005e-05,0.010748,0.0011571,-0.027152,-0.012562,-0.026176,-0.0076262,-0.013265,-0.021791,-0.15611,-0.0349,-0.011736,-0.026731,-0.027605,0.010058,-0.016142,0.68076,-0.031977,0.0046189,-0.042067,0.011199,-0.026093
-0.063376,-0.014563,-0.025928,-0.025243,-0.084681,-0.022488,-0.035957,-0.032378,-0.023014,-0.014479,-0.029985,-0.027085,-0.017841,0.0089972,-0.00833,-0.031205,-0.045669,0.071068,-0.025883,0.0052854,-0.030693,-0.0090618,0.65254,-0.022065,-0.076814,-0.058135,0.0052739,-0.0073372,0.69907,0.098839,0.0018378,0.0066294,0.0006809,-0.030763,-0.013964,-0.024383,-0.0084775,-0.014746,-0.024894,-0.077397,-0.039058,-0.025579,-0.032774,-0.030686,0.016067,-0.016642,-0.13227,-0.0047373,-0.0082918,-0.075403,-0.010053,-0.02928
-0.023608,0.11281,-0.011679,-0.0093318,-0.13662,-0.0081139,-0.038722,-0.005755,-0.0083039,-0.0052241,-0.011115,-0.010613,-0.0064372,0.091995,0.0048168,-0.0064673,-0.016947,-0.025137,0.019738,-0.0029723,-0.012195,-0.0032696,-0.012907,-0.0086459,-0.07998,-0.014953,0.024418,-0.031971,-0.034805,-0.0021582,0.0068472,0.014121,0.00079683,-0.028032,-0.0050385,0.018595,-0.0030588,-0.0053206,-0.0024848,-0.093785,-0.014594,-0.002962,0.0028088,-0.011072,0.10446,-0.0054563,-0.014131,0.95298,0.0047947,-0.016578,-0.12585,-0.010858
-0.033758,-0.034788,-0.013497,-0.013339,0.0022665,-0.011581,-0.2082,-0.017361,-0.011852,-0.0074566,-0.015891,-0.018092,-0.0091881,0.63064,0.0065665,-0.01551,-0.02423,-0.034248,0.030202,0.0050467,-0.016339,-0.0046669,-0.014132,-0.011782,-0.014644,-0.021497,-0.0016304,-0.0040735,-0.048788,-0.0026121,0.010249,0.0011458,0.00075248,-0.14055,-0.0071917,0.028452,-0.0043659,-0.0075943,-0.010842,-0.0039745,-0.021036,-0.01798,-0.017117,-0.015804,0.70744,-0.0015536,-0.01799,-0.15567,0.0065363,-0.023801,0.011001,-0.015524
-0.0061336,0.003645,-0.0013789,-0.0024189,-0.0087706,-0.0020857,-0.00025124,-0.35565,-0.0021345,-0.0013429,-0.0028838,-0.0025737,-0.0016547,-0.0077016,0.0015984,-0.098405,-0.0043987,-0.0089854,0.0092631,0.0010487,-0.0029826,-0.00084047,0.021954,0.0014912,-0.013096,-0.0039932,-0.013831,0.0017973,-0.025909,0.00044835,0.0024526,0.0087083,0.00028117,-0.00082086,-0.0012952,0.0087263,-0.00078628,-0.0013677,0.24571,-0.0060798,-0.0037786,-0.0027107,-0.23176,-0.0028461,-0.0082388,0.8645,0.0069844,-0.0007899,0.001591,-0.0044673,-0.0066704,-0.0028178
-0.017803,-0.010236,-0.0073298,-0.0070161,-0.0058005,-0.0060456,-0.0012931,0.0057743,-0.0061872,-0.0038925,-0.0083651,-0.0074774,-0.0047963,-0.020481,0.0019228,-0.0038674,-0.01276,-0.14953,0.033604,0.0028429,-0.0086773,-0.0024362,0.71662,-0.0064038,-0.011219,-0.011313,0.0017811,-0.0036126,-0.61312,0.018883,0.0076987,0.0014111,0.0007227,-0.0027592,-0.0037542,0.031657,-0.0022791,-0.0039643,-0.014893,-0.0065488,-0.010949,-0.0090242,0.0018572,-0.0082497,-0.021829,-0.03573,0.28457,-0.013672,0.0019139,-0.015082,-0.0023312,-0.0081738
-0.080183,-0.044881,-0.032781,-0.031332,-0.023178,-0.026823,-0.016729,-0.026797,-0.027451,-0.01727,-0.037382,-0.033692,-0.02128,-0.051782,0.031237,-0.033143,-0.057042,0.021116,0.70615,0.017041,-0.038916,-0.010809,-0.044138,-0.02821,-0.053938,-0.058468,0.010214,-0.011707,0.021475,0.005864,0.032968,0.0099249,0.0045285,-0.019331,-0.016656,0.66523,-0.010112,-0.017589,-0.025751,-0.027934,-0.049049,-0.040597,-0.021468,-0.036602,-0.053395,-0.030289,-0.036816,-0.036363,0.031093,-0.058329,-0.011585,-0.036534
0.0058345,0.042035,0.0018196,0.0022981,-0.036712,0.0019547,0.0014656,0.25059,0.0020004,0.0012585,0.0027436,0.0024821,0.0015507,0.0027514,-0.0048996,0.59927,0.0041882,0.0043211,0.012545,0.0045892,0.0030437,0.00078766,0.0044813,0.0077806,0.042969,0.003676,-0.16593,-0.024833,0.0031265,4.9528e-05,-0.012138,0.0026467,-0.00043121,0.0015605,0.0012138,0.011819,0.00073687,0.0012817,-0.53663,-0.0061917,0.0036078,0.0045963,-0.46592,0.0026673,0.0027643,0.19621,0.003243,2.1429e-05,-0.0048771,0.0042129,-0.023423,0.0026819
-0.060459,-0.10022,-0.025101,-0.023161,0.060036,-0.019635,-0.015267,-0.008788,-0.020094,-0.012642,-0.027661,-0.02506,-0.015577,-0.024469,0.098829,0.005976,-0.042234,-0.023772,-0.058709,-0.0079777,-0.029576,-0.0079121,-0.031238,-0.020843,-0.13904,-0.038736,0.033827,0.091101,-0.023364,0.0019766,0.95002,0.01971,0.0046482,-0.015934,-0.012193,-0.055308,-0.0074019,-0.012875,-0.040434,-0.016014,-0.036478,-0.033047,-0.033773,-0.026793,-0.024292,-0.0054003,-0.030413,0.0044941,0.098376,-0.043093,0.050608,-0.027042
0.0031283,0.33812,0.0047849,0.001399,-0.37243,0.0011853,0.00092296,-0.024665,0.001213,0.00076315,0.001671,0.0015142,0.00094036,0.0014459,-0.0077458,-0.06332,0.0025514,0.0055082,0.0083478,0.30788,0.0042906,0.00047764,0.0035154,0.0013888,0.50445,0.0020144,-0.11045,-0.48398,0.0025408,0.00025725,0.21041,-0.032707,-0.00027297,0.00095994,0.00073604,0.0078641,0.00044684,0.00077724,0.045151,-0.0066918,0.0022072,0.015514,0.028055,0.0016174,0.0014319,-0.023947,0.0013227,-0.10433,-0.0077102,0.0025779,-0.29383,0.0016336
-0.052884,-0.028087,-0.022171,-0.020986,-0.013594,-0.017743,-0.012782,-0.014557,-0.018158,-0.011424,-0.025071,-0.022742,-0.014076,-0.019472,0.67019,-0.0096527,-0.038285,-0.013581,-0.0541,0.21596,-0.027043,-0.0071497,-0.011363,-0.018968,-0.029563,-0.034217,0.025122,-0.0047103,-0.020137,-0.025665,-0.17331,0.012544,-0.00436,-0.012949,-0.011018,-0.050965,-0.0066887,-0.011635,-0.025247,-0.014637,-0.034159,-0.027376,-0.022322,-0.024211,-0.018925,-0.009703,-0.041123,-0.012954,0.66711,-0.042355,-0.0078218,-0.024512
-0.014318,-0.10778,-0.0070333,-0.0056531,0.11825,-0.0047752,-0.0042602,0.0026203,-0.004887,-0.0030745,-0.006754,-0.0061247,-0.0037884,-0.0056194,-0.16286,0.018737,-0.010314,-0.018319,-0.013677,0.92167,-0.012046,-0.0019242,-0.015377,-0.0053178,-0.14765,-0.0091846,0.0917,0.16445,-0.0066333,0.01238,-0.032509,-0.010488,0.0048474,-0.0044677,-0.0029653,-0.012885,-0.0018002,-0.0031313,-0.022195,-0.0020802,-0.0085605,-0.011043,-0.013947,-0.0065161,-0.0055982,0.0063834,0.0017917,0.036441,-0.16211,-0.009476,0.09403,-0.0066037
0.013927,0.001702,0.0055962,0.0054914,0.012904,0.004622,0.0038147,0.004171,0.0047302,0.0029759,0.0065632,0.0059603,0.0036669,0.0047418,-0.017274,-0.0047463,0.010025,0.66617,-0.0087861,0.016946,0.0066451,0.0018625,0.15496,0.0051713,-0.0058849,0.01208,-0.091064,0.019799,-0.26926,-0.31597,0.0050651,0.0053125,-0.00098192,0.0038996,0.0028702,-0.008277,0.0017424,0.0030308,0.015124,0.0012285,0.0086297,0.0069493,0.01054,0.0063071,0.0046202,-0.0010595,-0.58998,0.0076004,-0.017195,0.015782,0.010204,0.0064181
-0.0076071,0.015024,-0.0011932,-0.0030053,-0.039512,-0.0025292,-0.0021226,-0.0022653,-0.0025884,-0.0016284,-0.0035919,-0.003262,-0.0020066,-0.002607,-0.012767,0.089383,-0.0054868,0.060654,-0.0072315,-0.060503,-0.002509,-0.0010192,0.0097316,-0.0048799,0.077363,-0.0046291,0.94276,-0.11539,-0.031022,-0.025594,-0.0091265,-0.21949,0.0020779,-0.0021755,-0.0015706,-0.0068125,-0.00095346,-0.0016585,-0.10784,0.012617,-0.0046953,-0.0029817,-0.063043,-0.0034513,-0.0025453,0.040926,-0.061754,-0.03015,-0.012709,-0.0049319,-0.04388,-0.0035125
-0.029952,-0.012272,-0.013215,-0.011817,0.030651,-0.0099268,-0.0083348,-0.003957,-0.010159,-0.0063913,-0.014126,-0.012835,-0.0078755,-0.0097909,-0.024629,0.01348,-0.02158,0.020033,-0.019977,-0.0023843,-0.015012,-0.0040002,-0.016539,-0.011131,0.054665,-0.019241,0.19873,-0.085218,-0.034816,0.090157,-0.025643,0.96155,0.0093021,-0.0085029,-0.0061643,-0.018819,-0.0037422,-0.0065094,-0.028293,-0.052869,-0.018509,-0.016451,-0.013072,-0.013546,-0.0095099,-0.0020189,-0.043299,-0.022509,-0.024516,-0.021964,-0.023177,-0.013815
-0.0139,-0.007207,-0.0057281,-0.0054856,-0.028504,-0.0046065,-0.0038513,-0.0047067,-0.0047144,-0.0029659,-0.0065577,-0.0059594,-0.0036546,-0.0044948,0.0069663,-0.0073066,-0.010019,0.2132,-0.016768,-0.0079275,-0.0067513,-0.0018563,-0.042201,-0.0048965,-0.014798,-0.0074972,-0.03023,0.0053818,-0.16239,0.93445,-0.014901,-0.10118,0.0022569,-0.0039226,-0.0028605,-0.015796,-0.0017366,-0.0030207,-0.0020138,0.022113,-0.0086099,-0.0065865,-0.0037964,-0.0062859,-0.0043586,-0.0037206,-0.19566,-0.0022492,0.0069343,-0.01471,-0.001486,-0.0064133
-0.00924,-0.13726,-0.0043532,-0.0036442,-0.58697,-0.0030589,-0.0025728,-0.00057797,-0.0031305,-0.0019694,-0.0043566,-0.0039595,-0.0024268,-0.0029638,-0.0077234,0.0011617,-0.006656,-0.0084224,-0.0053428,0.0012522,-0.0046946,-0.0012326,-0.0029958,-0.0033365,-0.14241,-0.0060414,0.016028,0.13092,-0.00051233,-0.030194,-0.0069859,0.078203,0.0035343,-0.0026206,-0.0018995,-0.0050333,-0.0011531,-0.0020058,-0.0041376,0.76394,-0.0057104,0.0092889,-0.0013658,-0.004174,-0.0028732,-0.0017688,-0.00058483,0.0087818,-0.0076879,-0.0064982,0.08586,-0.0042607
-0.040575,-0.011947,-0.016911,-0.015982,-0.013832,-0.01336,-0.010111,-0.012168,-0.013673,-0.0086017,-0.019115,-0.017395,-0.010599,-0.01128,-0.010888,-0.013132,-0.029212,-0.017291,-0.019355,-0.010771,-0.019855,-0.0053836,-0.016535,-0.01447,-0.013456,-0.026494,-0.012822,-0.015408,-0.01562,-0.012561,-0.021308,-0.01808,0.99288,-0.01002,-0.0082962,-0.018234,-0.0050365,-0.0087606,-0.012356,-0.017205,-0.026065,-0.020955,-0.012513,-0.018231,-0.010638,-0.0083684,-0.016409,-0.010207,-0.010838,-0.029557,-0.014264,-0.018697
0.35173,0.11452,0.14695,0.13839,0.12179,0.11518,0.09809,0.10305,0.11787,0.074155,0.16559,0.15084,0.091375,0.095072,0.11963,0.10794,0.25313,0.1375,0.13837,0.062527,0.17243,0.046412,0.13772,0.12567,0.12205,0.23026,0.069302,0.12205,0.13387,0.076854,0.13817,0.079362,0.11825,0.098836,0.071521,0.13035,0.043419,0.075524,0.10694,0.12336,0.21729,0.18198,0.10556,0.15716,0.090594,0.067885,0.13317,0.080138,0.11908,0.25469,0.11452,0.162
-0,1.1553e-15,-4.5731e-17,-3.7515e-17,-2.1567e-15,0.64425,0.0862,-5.9674e-16,-0.2552,0.14045,1.9429e-16,-6.9389e-18,0.4352,-0.079203,0.0064286,9.7855e-16,1.1015e-16,-3.4694e-17,0.015668,-1.0625e-15,2.7756e-17,-0.04977,1.0981e-15,1.3878e-17,3.4694e-17,-1.6653e-16,-6.0889e-16,5.5511e-17,-2.498e-16,-2.3592e-16,-1.1068e-15,-6.1366e-16,-4.1026e-16,-0.082338,-0.26938,-0.016632,-0.13826,-0.35194,1.6653e-16,-2.4286e-16,2.7756e-17,9.7145e-17,8.3267e-17,-0.25543,0.079613,-1.0929e-16,-5.1174e-16,-2.0903e-16,-0.0064583,-5.5511e-17,-5.5511e-17,2.2204e-16
0,-3.8858e-16,7.4393e-17,-2.6744e-16,3.0774e-15,-0.3869,-0.28371,2.014e-15,0.2758,0.15784,9.3675e-17,-8.3267e-17,0.60193,0.26068,-0.0093778,-1.2846e-15,-2.7756e-17,4.996e-16,0.058927,-1.0825e-15,-4.1633e-17,0.018821,-1.0963e-15,-5.5511e-17,-4.4062e-16,1.6653e-16,2.949e-17,4.8572e-17,-2.3592e-16,-9.4022e-16,-5.2736e-16,1.0408e-16,-9.3675e-16,0.271,-0.040038,-0.062552,-0.05548,-0.099259,2.2204e-16,-2.7062e-16,0,-1.6653e-16,-2.7756e-17,-0.27206,-0.26203,-1.1102e-16,-4.996e-16,-2.2204e-16,0.009421,5.5511e-17,1.1449e-15,-2.7756e-16
0,1.3878e-15,5.7465e-17,-1.5151e-16,-1.9994e-15,0.14909,-0.23032,1.9949e-17,-0.34403,-0.058172,4.3368e-17,2.7756e-17,0.011886,0.21162,-0.37592,-1.3878e-17,-1.2468e-17,-8.3267e-17,-0.39144,-2.2343e-15,0,-0.094241,0,0,3.7817e-16,-5.5511e-17,-3.0184e-16,-2.5327e-16,-6.9389e-16,-7.2858e-16,-1.2074e-15,-6.7654e-16,-1.216e-15,0.22,0.13421,0.41552,0.13671,0.069019,5.5511e-17,-2.9837e-16,5.5511e-17,1.6653e-16,-1.8041e-16,0.06512,-0.21272,-2.3072e-16,-6.6613e-16,-3.2613e-16,0.37765,-1.1102e-16,5.7593e-16,1.1796e-16
0,-1.1023e-15,9.7072e-18,-1.0804e-16,2.5513e-16,-0.064831,0.0061365,-3.6445e-16,0.2751,0.35427,-1.4572e-16,3.6429e-17,-0.19001,-0.0056383,0.24571,-1.6653e-16,-2.4286e-17,1.8735e-16,-0.47407,2.9683e-16,6.9389e-18,0.015964,1.7174e-16,8.3267e-17,-4.0246e-16,2.7756e-17,-2.5153e-17,4.3021e-16,7.2858e-17,1.8215e-17,6.2537e-16,-3.7297e-17,8.5961e-16,-0.0058616,-0.26032,0.50323,-0.22136,-0.19773,1.249e-16,4.4756e-16,-5.5511e-17,-2.2204e-16,7.6328e-17,0.054419,0.0056676,6.0368e-16,2.2725e-16,2.7582e-16,-0.24685,1.1102e-16,7.6328e-17,-1.1102e-16
0,2.7756e-17,4.0285e-17,-9.3835e-17,4.6011e-16,-0.13666,0.050757,6.2103e-16,0.14947,0.35779,-6.245e-17,3.4694e-18,-0.17202,-0.046636,-0.4606,4.1286e-16,-5.9848e-17,-3.3307e-16,0.17674,-2.1511e-16,-2.7756e-17,-0.11021,-9.7145e-17,2.7756e-17,2.4286e-16,1.3878e-17,-2.5847e-16,-1.8995e-16,-5.8287e-16,3.4694e-17,-8.1879e-16,1.0061e-16,-5.6899e-16,-0.048483,-0.28709,-0.18761,-0.27015,-0.24002,-4.1633e-17,-1.3357e-16,4.1633e-17,-5.5511e-17,-1.0408e-16,0.27241,0.046878,-7.1991e-17,-6.9389e-17,-1.1102e-16,0.46273,1.249e-16,1.8388e-16,-1.1102e-16
0,1.9429e-16,1.8315e-17,-8.2022e-17,1.5129e-15,-0.044904,0.27484,1.2872e-15,0.43673,-0.18778,2.498e-16,6.9389e-18,0.18648,-0.25253,-0.24416,8.8471e-17,-1.9082e-17,-6.9389e-18,-0.19317,8.7777e-16,-1.1102e-16,-0.21548,-3.4694e-17,-6.9389e-17,-8.3267e-17,0,6.3838e-16,-1.8041e-16,7.6328e-17,7.8063e-17,5.6899e-16,1.5959e-16,1.0755e-16,-0.26253,0.11476,0.20506,0.030326,0.19849,-3.3307e-16,-6.4532e-16,-2.7756e-17,1.1102e-16,-2.2204e-16,-0.40681,0.25384,-2.0817e-16,-1.9429e-16,-3.4694e-17,0.24529,-2.7756e-17,-5.5511e-16,-1.1102e-16
-0,-4.1633e-17,1.5901e-17,-7.9671e-17,7.8321e-17,-0.0056581,0.049511,-4.0506e-16,-0.052236,0.42249,-4.8572e-17,-2.949e-17,-0.17905,-0.045492,-0.11999,2.4199e-16,4.8789e-17,-5.0654e-16,0.0054311,4.4062e-16,-1.5613e-17,0.70286,9.7145e-17,1.1102e-16,1.8041e-16,-5.5511e-17,-3.2786e-16,-2.1684e-16,-3.4694e-17,1.0582e-16,-3.6776e-16,-5.7246e-16,-2.4807e-16,-0.047293,0.14908,-0.0057652,0.27832,-0.022846,1.3878e-16,2.047e-16,5.2042e-17,-8.3267e-17,4.2327e-16,-0.39323,0.045728,1.9082e-16,2.8449e-16,1.7347e-17,0.12054,9.7145e-17,-1.0408e-17,-0
0,-5.4123e-16,1.9361e-17,-9.8891e-17,-4.9806e-16,0.019299,-0.015585,-8.7376e-16,-0.17599,0.59708,-2.0817e-16,-3.1225e-17,-0.092136,0.01432,0.083672,6.8001e-16,-1.2143e-17,3.4694e-17,0.077483,1.8388e-16,-5.5511e-17,-0.52775,6.6613e-16,2.2204e-16,3.5735e-16,-5.5511e-17,-3.1919e-16,3.6776e-16,-3.1919e-16,1.1588e-15,-4.0939e-16,1.8735e-16,2.7235e-16,0.014887,-0.032545,-0.082249,0.16897,0.47166,2.9143e-16,3.747e-16,5.2042e-17,-1.6653e-16,5.5511e-17,-0.21298,-0.014394,7.6328e-17,1.9429e-16,1.1796e-16,-0.084058,9.7145e-17,1.5266e-16,5.5511e-17
-0,-1.4225e-16,-2.6289e-18,-2.1826e-17,-6.9791e-16,0.023631,-0.0012399,-7.8144e-17,0.082006,0.15703,-5.8981e-17,3.5779e-18,-0.12201,0.0011392,0.044146,-5.1608e-17,1.2143e-17,1.9516e-16,0.030315,-1.236e-16,-6.9389e-18,-0.32896,2.5327e-16,1.3878e-17,1.3878e-17,1.3878e-17,3.9031e-17,5.7246e-17,-1.5352e-16,2.1858e-16,7.0039e-17,1.6285e-16,3.0856e-16,0.0011843,0.6935,-0.032179,0.089158,-0.59032,1.5959e-16,3.0184e-16,1.3878e-17,-2.949e-17,1.8562e-16,-0.041376,-0.0011451,1.0755e-16,9.0639e-17,7.893e-17,-0.044349,6.9389e-17,-6.9389e-18,1.3878e-17
0,-2.2898e-16,-1.0163e-18,9.9726e-18,2.8079e-16,-0.058999,0.016415,2.3256e-16,0.12928,-0.075018,2.949e-17,6.0715e-18,0.0082639,-0.015082,0.0039714,-1.7694e-16,8.2399e-18,6.245e-17,-0.0059867,1.301e-16,-1.3878e-17,-0.13989,-1.249e-16,-4.1633e-17,-1.197e-16,2.7756e-17,3.0358e-18,1.2056e-16,1.249e-16,-5.8113e-17,2.6194e-16,2.1771e-16,1.3531e-16,-0.015679,-0.40432,0.0063549,0.83496,-0.28477,-5.8981e-17,1.2663e-16,-1.7347e-17,-3.4694e-18,-6.9389e-18,0.10835,0.01516,-8.2399e-18,4.1633e-17,1.0235e-16,-0.0039897,-1.3878e-17,2.6021e-17,-3.4694e-17
-0,1.249e-15,-5.1801e-18,4.4162e-17,-3.5655e-15,0.46801,-0.23442,6.4792e-16,0.47129,-0.1722,2.7409e-16,1.8735e-16,-0.4342,0.21539,-0.027364,-4.9722e-16,-3.1225e-17,1.5543e-15,0.11384,-1.9203e-15,2.7756e-17,-0.049083,1.5266e-16,-1.1102e-16,-4.7184e-16,-1.6653e-16,1.4919e-16,-3.1225e-16,-9.6451e-16,-2.2794e-15,-2.4286e-16,-1.2317e-16,2.5674e-16,0.22391,-0.11522,-0.12084,-0.041206,0.045479,-3.8511e-16,-3.747e-16,-2.7756e-17,1.6653e-16,-4.8919e-16,-0.30628,-0.2165,-1.3704e-16,-7.3552e-16,-1.0408e-16,0.02749,1.1102e-16,3.8858e-16,-5.5511e-17
