-0.00039352,0.00033892,-0.015235,-0.0020089,-0.0032135,0.81279,-0.0029738,-0.00039027,0.00051556,-0.0013517,-0.012354,-0.46328,-0.004245,-0.31989,0.0012344,-0.017779,-0.010767,0.00081345,0.00049285,0.00092298,-0.00050481,-0.14542,-0.020106,-0.001253
-0.0013165,0.00011863,0.0094261,-0.0010578,-0.011271,0.30626,0.0056099,-0.0013056,-0.00033073,0.00057675,0.014954,0.76441,0.0060715,-0.077419,0.0004167,0.020467,0.010675,0.00016249,-0.00031617,0.00032305,-0.0015945,-0.56089,0.015754,8.1916e-005
-0.0011059,1.149e-005,0.014787,0.0057433,-0.0092415,0.030889,-0.004339,-0.0010967,-0.00017743,-0.0014464,-0.01876,-0.3216,-0.0056777,0.78392,3.7534e-005,0.0020171,0.0034981,-1.5054e-005,-0.00016961,3.129e-005,-0.0012656,-0.52926,0.014319,0.0022896
0.0024161,4.306e-006,-0.011984,-0.00046827,0.028055,-0.2085,0.032979,0.0023961,0.063443,0.1006,0.87986,-0.15479,0.13109,-0.21549,0.00034744,-0.020526,-0.0021885,0.013483,0.060649,1.1727e-005,0.0046595,-0.27193,-0.01901,-0.00031051
0.070753,0.0012185,0.066269,0.0037457,0.82893,-0.22008,-0.014596,0.070167,-0.0079932,-0.032157,-0.23644,-0.13568,-0.045884,-0.24178,0.019433,0.053081,0.041915,0.0033021,-0.0076411,0.0033184,0.1377,-0.29007,0.075585,0.007575
-0.005252,0.00010804,0.58805,0.044568,-0.064264,-0.011365,-0.014495,-0.0052085,0.0049328,0.0022337,-0.0048043,-0.0091606,-0.012033,-0.031463,-0.0011373,-0.46185,-0.38873,0.00172,0.0047156,0.00029422,-0.010907,-0.013019,0.52811,0.052923
-0.019547,0.0011299,0.30782,-0.00025468,-0.24955,-0.087067,-0.078476,-0.019385,0.040729,-0.011262,-0.050729,-0.091427,-0.088068,-0.12732,-0.0030878,0.60951,0.43946,0.01605,0.038935,0.0030771,-0.043193,-0.10377,0.4604,0.027684
-0.0021704,0.00087229,0.4396,0.064638,-0.033975,-0.019944,0.12848,-0.0021524,-0.11086,0.035043,-0.045413,-0.010857,0.16048,-0.024082,0.0016584,-0.40281,0.66055,-0.037787,-0.10598,0.0023755,-0.0064451,-0.024684,-0.36094,0.016896
0.0015063,0.0004613,-0.072927,-0.019734,0.028119,0.019662,0.18667,0.0014938,-0.46643,0.36912,-0.042266,-0.00098142,0.54546,0.016676,0.0039764,0.16303,-0.099027,-0.18942,-0.44589,0.0012563,0.0052757,0.022007,0.18234,0.0029
-0.00021086,0.0046616,-0.11263,-0.040785,-0.070263,-0.05267,0.76526,-0.00020911,0.11506,-0.50786,-0.074728,-0.039166,0.25261,-0.054454,0.011298,-0.0017953,-0.0067225,0.11386,0.10999,0.012695,-0.017639,-0.063702,0.13058,0.0203
0.0022702,0.0060474,0.15586,0.90258,-0.044863,-0.034537,0.059448,0.0022514,-0.0012689,-0.024111,-0.036091,-0.020575,0.03468,-0.041118,0.041078,0.20904,-0.20968,0.029443,-0.001213,0.016469,-0.01544,-0.041903,-0.2204,-0.089501
-0.018699,-0.0010622,-0.02071,-0.043435,-0.043137,-0.027699,-0.021732,-0.018544,-0.0051068,0.013118,-0.023732,-0.014412,-0.0084536,-0.02666,0.99365,-0.021417,-0.0052737,0.0036849,-0.0048819,-0.0028928,-0.052957,-0.0315,-0.0067278,0.02075
0.035116,0.037536,-0.0033299,-0.051375,-0.08789,-0.071042,-0.063872,0.034826,0.016518,0.25385,-0.13665,-0.039168,0.18645,-0.072479,-0.031356,0.0041634,-0.063193,0.84582,0.015791,0.10222,-0.05112,-0.085633,-0.089631,0.32033
0.011563,0.020711,0.089505,-0.01859,-0.021748,-0.017199,0.024831,0.011468,-0.015189,-0.096587,0.01168,-0.0096676,-0.070421,-0.018865,-0.017268,0.11471,-0.11713,-0.3366,-0.01452,0.056402,-0.014663,-0.021257,-0.17756,0.89353
0.1067,0.32572,-0.10131,0.017229,-0.078881,-0.063785,-0.03563,0.10581,-0.018846,-0.0099322,-0.047021,-0.034793,-0.044714,-0.064668,-0.011829,-0.086221,0.026058,-0.12101,-0.018016,0.88703,-0.11435,-0.076606,0.044393,-0.090477
-0.08619,0.049906,0.52166,-0.39616,0.017553,0.013059,0.092949,-0.085477,0.01061,-0.043131,0.0097384,0.0044538,0.048892,0.015992,0.0087814,0.36676,-0.34407,0.0067277,0.010142,0.13591,0.08115,0.016307,-0.44773,-0.24687
0.57136,-0.068011,0.075367,-0.081877,-0.040436,-0.025753,0.0057016,0.56663,-0.0072672,-0.013461,-0.020086,-0.015139,-0.0076152,-0.026373,-0.011997,0.047517,-0.069532,-0.053196,-0.0069471,-0.18521,-0.52216,-0.032732,-0.086296,-0.077023
-0.02495,-0.013699,-0.039241,-0.018318,-0.094645,-0.080691,-0.0046511,-0.024743,0.48666,0.42428,-0.24918,-0.045515,0.41182,-0.083428,-0.017959,-0.038725,-0.026035,-0.30364,0.46523,-0.037306,0.00036451,-0.098405,-0.029924,-0.023163
0.1075,0.065603,0.14411,0.089067,0.41108,0.35032,0.089805,0.10696,0.18799,0.089805,0.26776,0.19842,0.16657,0.3621,0.077795,0.13904,0.14593,0.09977,0.18191,0.15922,-0.0023336,0.42723,0.15056,0.10303
-0.006557,0.93742,-0.0010014,-0.00061886,-0.0014079,-0.0024341,0.023254,-0.00025565,-0.0047418,0.023254,-0.0018605,-0.0013787,-0.025488,-0.002516,-0.00089407,-0.0009661,-0.0010139,-0.00069323,0.0023299,-0.3455,-0.0059162,-0.0029685,-0.0010461,-0.00071585
0.70293,0.012544,0.00023503,0.00014525,-0.16369,0.00057132,-0.068005,-0.098963,-0.0098683,-0.068005,0.00043668,0.00032359,0.069716,0.00059054,0.040244,0.00022676,0.00023799,0.00016271,0.01094,-0.0043071,0.67319,0.00069674,0.00024554,0.00016802
-0.081241,0.03816,0.00075325,0.00046553,0.022699,0.001831,-0.56866,0.0068373,0.001911,-0.56866,0.0013995,0.0010371,0.58079,0.0018926,-0.0046095,0.00072674,0.00076273,0.00052147,-2.0424e-005,-0.013054,-0.084185,0.002233,0.00078694,0.00053849
-0.36419,0.0011706,9.0781e-005,5.6105e-005,-0.114,0.00022067,-0.0039594,0.79106,0.064801,-0.0039594,0.00016867,0.00012499,0.004197,0.0002281,0.027937,8.7585e-005,9.1923e-005,6.2847e-005,-0.067549,-0.00031439,0.46798,0.00026912,9.4841e-005,6.4898e-005
-0.044893,-0.0048007,-0.00021949,-0.00013565,-0.0089177,-0.00053353,-0.00038854,0.075687,-0.68818,-0.00038854,-0.00040779,-0.00030219,2.8671e-006,-0.00055148,0.0019054,-0.00021176,-0.00022225,-0.00015195,0.71931,0.0014836,0.033965,-0.00065066,-0.0002293,-0.00015691
