0.84517,-0.0037477,0.002841,0.36603,0.01361,0.011195,-0.00028622,-0.11918,-0.0027396,-0.22376,-0.00085191,0.0025222,-0.0018955,-0.29009,-0.0017342,-0.00075015,0.013234,0.0014492,-0.0005618,-0.00057325,-0.00058071,0.01064,-0.00053438,-0.051264
-0.4341,-0.00065362,-0.0019659,0.89486,0.013424,0.0077791,-7.8105e-05,-0.025367,-0.00075192,-0.05067,-0.00020353,0.00866,-0.00045074,-0.081984,-0.0004683,-0.00018332,0.017197,-6.1326e-06,-0.00011027,-0.00011252,-0.00011398,0.01085,-0.00014408,-0.010943
0.076259,-0.0027011,0.00023088,0.075439,0.0019111,0.0014568,0.00057088,-0.22044,0.0068912,-0.52601,-0.0008825,0.00059876,-0.0021816,0.81432,0.0040508,-0.00043249,0.0020478,0.00012846,-0.00028421,-0.00029,-0.00029377,0.0015025,0.0012279,-0.0021733
-0.02396,0.0012278,-7.1488e-05,-0.021747,-0.00055965,-0.00041537,-0.00015892,0.86679,-0.0005086,-0.49102,-0.0014145,-0.00016598,-0.0032352,-0.078212,-0.00025401,-0.0011261,-0.0005807,-7.1725e-05,0.00024675,0.00025178,0.00025506,-0.00044366,-7.1426e-05,0.019976
-0.04729,0.0047228,-0.00013806,-0.039917,-0.00093779,-0.00071041,-0.00019125,-0.14556,0.0032184,-0.18981,-0.00064392,-0.0002839,-0.0014475,-0.15135,0.0039641,-0.00056326,-0.0010056,-9.4936e-05,0.0092869,0.0094762,0.0095995,-0.00073716,0.0015831,0.95693
-0.059609,0.97738,-7.1831e-05,-0.047892,0.00074779,0.00064898,-5.5979e-05,-0.086992,-0.00038173,-0.13334,-0.00021115,-5.4473e-07,-0.00052179,-0.096591,-0.0002624,-0.00021802,0.0003563,-2.0056e-05,0.000926,0.00094487,0.00095717,0.00060927,-0.00022069,-0.064748
-0.1172,-0.080158,-0.0094708,-0.11232,0.72566,0.32355,0.0013749,-0.14312,0.03301,-0.22181,0.0065619,0.027282,0.015316,-0.16494,0.022573,0.0041298,0.19192,0.022581,0.097424,0.099409,0.1007,0.39845,0.00028009,-0.10358
-0.059029,-0.042032,-0.0018762,-0.056901,-0.53219,0.29892,0.00098527,-0.07602,0.026683,-0.11783,0.0046479,0.079437,0.011362,-0.087733,0.017701,0.0029217,0.73443,-0.017876,0.098965,0.10098,0.1023,0.10352,-0.00011325,-0.056449
-0.064892,-0.051814,0.013703,-0.043143,-0.099725,-0.17923,0.0017878,-0.094713,0.038063,-0.1469,0.0079119,-0.016052,0.020706,-0.10914,0.021185,0.0049787,-0.25403,-0.00092834,0.50891,0.51928,0.52604,-0.16517,-0.0034503,-0.081712
0.0035486,0.00201,0.0020614,0.0016586,-0.16288,-0.58948,-8.3477e-06,0.0037094,-0.025616,0.005733,-0.00036751,-0.1525,-0.0011095,0.0045779,-0.016437,-0.0001794,0.030296,0.04038,0.0093783,0.0095694,0.009694,0.77387,9.4746e-05,0.0025189
-0.030044,-0.022933,0.0066381,-0.022099,-0.039388,-0.060847,-0.0021711,-0.04237,0.83137,-0.065592,0.0018923,-0.003236,0.006002,-0.058488,0.52551,-0.00054584,-0.048542,0.0015627,-0.062548,-0.063823,-0.064654,-0.011036,-0.0077237,-0.034205
-0.012917,-0.011111,0.026501,-0.02021,0.15434,-0.42422,0.0054634,-0.020788,-0.019264,-0.032782,0.0057147,0.85152,0.085119,-0.023905,-0.005626,0.0032113,0.20392,0.0016788,-0.019481,-0.019878,-0.020137,-0.13024,0.0016981,-0.013856
-0.037097,-0.027297,0.020693,-0.027021,-0.050772,0.016586,0.058431,-0.051123,-0.039752,-0.085461,-0.0025815,-0.079751,0.9784,-0.060064,-0.0016286,-0.0037813,-0.063833,0.0022865,-0.045305,-0.046229,-0.04683,-0.0080416,0.0024677,-0.034193
-0.0078596,-0.005765,0.0094772,-0.0058812,-0.010048,0.001283,-0.00096554,-0.010827,-0.53799,-0.01665,0.0094122,-0.00081311,-0.02645,-0.012092,0.84175,0.0053475,-0.013311,0.000978,-0.0049568,-0.0050578,-0.0051236,-0.00028746,-0.0004634,-0.009047
0.012446,0.0090116,-0.024087,0.0083432,0.32071,-0.46592,0.00086727,0.016945,0.0029385,0.026178,-0.019143,-0.47745,0.02534,0.019407,0.017259,-0.0098389,0.53462,-0.03287,0.012627,0.012885,0.013052,-0.40116,-0.0027005,0.011392
-0.032073,-0.020761,0.98731,-0.021487,-0.0054203,-0.013132,-0.00082886,-0.039086,-0.012989,-0.060601,0.079352,-0.043874,-0.042399,-0.044848,-0.025715,0.036466,-0.0026167,-0.011897,-0.027663,-0.028226,-0.028594,-0.020411,0.0075164,-0.02636
-0.044554,-0.032978,-0.11038,-0.034216,-0.026276,-0.040629,0.0012022,-0.062169,-0.018724,-0.099421,0.92059,-0.030615,-0.027399,-0.072273,-0.030489,0.31972,-0.023774,0.011724,-0.041817,-0.042669,-0.043225,-0.039157,0.012137,-0.042011
-0.022435,-0.016424,-0.018154,-0.017159,-0.01425,-0.016039,0.0011862,-0.031037,-0.0090083,-0.049071,-0.3464,-0.01079,-0.013265,-0.036221,-0.011322,0.9326,-0.013453,0.026286,-0.019118,-0.019508,-0.019762,-0.01695,0.021798,-0.021069
-0.021975,-0.015159,0.0010794,-0.016105,-0.022483,-0.0074891,0.0016128,-0.028666,-0.0091203,-0.044202,-0.018112,-0.018147,-0.018125,-0.03316,-0.0097022,-0.048408,0.010051,0.96894,-0.016629,-0.016967,-0.017188,-0.064021,0.21627,-0.019884
-0.019563,-0.014536,-0.017159,-0.015153,-0.010179,-0.015462,-0.0028174,-0.027489,-0.0030817,-0.042364,-0.017482,-0.0064819,-0.015059,-0.033035,-0.0039761,-0.030992,-0.017944,-0.2251,-0.013481,-0.013756,-0.013935,-0.0016697,0.97023,-0.020629
-0.034631,-0.025271,-0.016266,-0.026573,-0.021172,-0.022429,0.98593,-0.047886,-0.014137,-0.073755,-0.025285,-0.012364,-0.08272,-0.055639,-0.014859,-0.025126,-0.022131,-0.014432,-0.027099,-0.027652,-0.028012,-0.020709,-0.014353,-0.032502
0.23532,0.17151,0.099976,0.18063,0.14307,0.14918,0.15645,0.32521,0.11207,0.50227,0.15596,0.080159,0.15224,0.37265,0.10648,0.15021,0.14892,0.075781,0.18177,0.18453,0.18462,0.13887,0.10443,0.22093
-0.00043368,-0.00031609,-0.00018425,-0.00033289,-0.00026367,-0.00027493,-0.00028833,-0.00059935,-0.00020654,-0.00092567,-0.00028743,-0.00014773,-0.00028058,-0.00068677,-0.00019623,-0.00027683,-0.00027446,-0.00013966,0.81958,-0.32907,-0.46904,-0.00025593,-0.00019247,-0.00040716
-0.00034205,-0.0002493,-0.00014532,-0.00026255,-0.00020796,-0.00021684,-0.00022741,-0.00047271,-0.0001629,-0.00073008,-0.0002267,-0.00011652,-0.00022129,-0.00054166,-0.00015477,-0.00021834,-0.00021647,-0.00011015,-0.078776,0.74613,-0.66112,-0.00020185,-0.0001518,-0.00032113
