-0.64338,-0.0018628,-1.0408e-05,-0.020411,-0.0079837,-0.0044089,-0.0082765,-0.0094285,-0.0014209,-9.8132e-05,-0.0078007,-0.00016689,0.00067404,-0.00016353,-0.20346,-0.0045384,-0.00038141,-2.6297e-05,-0.0051419,-0.0025243,-0.0020828,0.0048479,-4.0284e-05,-4.7174e-05,-4.1028e-05,-0.00087373,-0.0024209,-0.0014395,0.73679,0.019188,-0.020348,-0.00080847,0.002841,0.0008533,-0.00050844,-0.0010426,-3.6342e-05,-0.0086761,-0.0023676,-0.01024,-0.0011669,-4.3593e-05,-0.0011363,-0.0019094
0.66102,0.0018099,-0.00017159,-0.45487,-0.013023,-0.076349,0.0053133,0.0039504,-0.00078946,-0.0016739,0.0039964,-0.0033137,0.00051245,-0.00073437,0.0031303,0.0046143,-0.0059479,-0.00046208,0.0053602,0.0026767,-0.00198,0.0033407,-0.00063124,-0.00073921,-0.0006429,-0.013794,-0.0013511,0.0015061,0.56447,-0.042852,0.010719,-0.00073815,0.0018171,0.00053579,-0.00087421,-0.00056476,-0.00061734,-0.16604,0.0025847,0.0054054,-0.024009,-0.0007426,0.00096997,-0.031443
-0.2425,-0.0013002,-3.0169e-05,-0.2829,0.056692,-0.016279,0.011408,0.023829,0.010289,-0.00032927,0.016177,-0.00147,3.2542e-05,0.0010445,0.92311,-0.0031318,-0.00095604,-0.00011322,-0.0035263,-0.0017234,0.015324,0.00016307,-0.00010232,-0.00011982,-0.00010421,-0.0022622,0.014885,-0.00098599,0.036121,-0.011311,-0.015918,0.005751,6.6337e-05,1.7091e-05,0.0036186,0.0046304,-0.00011983,-0.042071,-0.0016034,0.020304,-0.0041335,-0.00014557,0.00040036,-0.0055547
-0.068313,4.6239e-05,0.00016678,-0.55209,-0.0013011,0.08535,-0.0024981,-0.004254,-0.001449,0.0019208,-0.003118,-0.00069447,-9.7199e-05,0.0003628,-0.1429,-5.2083e-05,0.0049031,0.00042457,-0.00016362,-0.00011608,-0.0015666,-0.00014697,0.00053103,0.00062186,0.00054084,0.011908,-0.0017353,-5.0368e-05,-0.10683,0.096299,0.0079119,-0.00057668,0.00014338,7.283e-05,-5.3936e-05,-0.00026741,0.00069495,0.80017,-0.00016833,-0.0039463,0.022583,0.00084776,-0.00025356,0.032577
-0.059385,8.1434e-05,0.00028205,-0.22383,0.004333,0.19979,-0.0014829,-0.0024663,-0.00077339,0.0042172,-0.0018446,0.0027297,-0.00014179,0.00057926,-0.079636,-8.9737e-06,0.0061263,0.0010732,-0.0001404,-0.00011333,-0.00039591,0.0036876,0.0006774,0.00079326,0.00068991,0.015504,-0.00063274,-4.5101e-05,-0.10525,0.88476,0.010289,-0.0001323,0.00413,0.001594,0.00031098,0.0001732,0.0014877,-0.31909,-0.00018094,-0.0023259,0.034929,0.0018498,-0.00017054,0.052124
-0.074483,0.00017399,0.00084628,-0.23962,0.0092612,0.83557,-0.0016718,-0.0028111,-0.00085831,0.017018,-0.0021175,0.014162,-3.7068e-05,0.00098565,-0.089909,8.8504e-05,0.0098139,0.0045264,-0.00010857,-0.00012437,-5.1035e-05,-0.0022023,0.0011054,0.0012944,0.0011258,0.025686,-0.00044141,-3.9841e-05,-0.083785,-0.37357,0.017202,8.2337e-06,-0.0020881,-0.00080162,0.00064366,0.00047497,0.0058702,-0.25069,-0.00023714,-0.0026559,0.089939,0.0074266,-0.0002052,0.10718
-0.050056,0.00028243,9.1497e-05,-0.12415,0.013783,-0.25016,-0.00095785,-0.0017128,-0.00050079,-0.0045174,-0.0013044,-0.0049803,-3.513e-05,0.0012235,-0.053871,0.00029535,0.011081,-0.0013655,9.5896e-05,-3.3778e-05,0.0006984,-0.00065935,0.0013372,0.0015659,0.0013619,0.032407,0.00022389,1.5536e-05,-0.059315,-0.08775,0.021328,0.00029533,-0.000555,-0.00022378,0.00093088,0.00080412,-0.0014124,-0.11031,-0.00017204,-0.0016051,0.032097,-0.0019318,-0.00013449,0.94355
-0.11506,0.0026837,0.0039742,-0.24,0.12031,-0.28521,-0.0020056,-0.0044672,-0.0010893,0.00073696,-0.0034788,-0.0069802,6.5479e-05,0.0097352,-0.11507,0.0035217,0.06845,-0.0018696,0.0022879,0.00055564,0.0093119,-0.00081868,0.014656,0.017163,0.014927,0.40346,0.0053265,0.00054825,-0.13234,-0.1242,0.17671,0.0037382,-0.00065163,-0.00034059,0.0078394,0.0071828,0.0021102,-0.18805,-0.00054023,-0.0039516,0.71359,0.00076095,-0.00038666,-0.20657
-0.016895,0.00079309,-0.0030179,-0.032991,0.033814,0.0034133,-0.00038731,-0.00089055,-0.0001755,-0.0043978,-0.00070176,0.0011134,-0.00012871,0.0027087,-0.016769,0.0010614,0.015012,0.00036253,0.0007313,0.0002034,0.0027387,-6.491e-05,0.028438,0.033302,0.028964,0.84043,0.0015846,0.00017733,-0.018234,-0.016258,0.052319,0.0010924,-5.65e-05,-4.0237e-05,0.0021706,0.0019909,-0.0028508,-0.025168,-0.00011305,-0.00076216,-0.53224,-0.0022124,-7.7808e-05,-0.023679
-0.067434,0.012411,-0.0015,-0.089053,0.35639,-0.061005,-0.0044215,-0.0079536,-0.00080022,-0.003277,-0.0064915,-0.00056394,-8.901e-05,0.028386,-0.057573,0.016636,0.072562,-9.7649e-05,0.011866,0.0035505,0.029825,-0.00013441,-0.007586,-0.0088835,-0.0077261,-0.24524,0.017062,0.0028801,-0.05099,-0.042764,0.83821,0.011824,-0.00011406,-0.00010842,0.022492,0.020472,-0.0017757,-0.06736,-0.0013666,-0.0069956,-0.26296,-0.0015595,-0.0007797,-0.057594
0.0089249,-0.0060204,-0.00034048,-0.025963,0.88288,-0.018444,-0.0020586,-0.012502,-0.0029146,-0.00082088,-0.0088219,-0.00019963,-2.1983e-05,0.070875,-0.070496,-0.0076493,0.029283,-3.9887e-05,-0.0051563,-0.0013968,0.072635,-2.8208e-05,-0.0015146,-0.0017737,-0.0015426,-0.051336,0.040834,-0.001213,-0.014978,-0.012341,-0.43304,0.028864,-2.4891e-05,-3.0735e-05,0.05527,0.050648,-0.00042869,-0.019547,0.0011001,-0.0074324,-0.059671,-0.00038604,-0.0001614,-0.016199
-0.025518,-0.0015159,-0.00048968,-0.057491,-0.10005,-0.041627,0.0011029,0.0017231,8.2655e-05,-0.0014177,0.0013331,-0.00046196,-3.6476e-05,-0.0080361,-0.021332,-0.0020117,0.97714,-0.00010113,-0.0015288,-0.0005156,-0.008438,2.6596e-05,-0.0016483,-0.0019302,-0.0016787,-0.067461,-0.0044846,-0.00036944,-0.033749,-0.026663,-0.10956,-0.0033262,1.1375e-05,-6.1103e-05,-0.0060796,-0.0054389,-0.00069725,-0.042789,8.2413e-05,0.0013333,-0.086293,-0.00065171,8.1612e-05,-0.033026
-0.05586,-0.0061071,0.00010239,-0.089541,-0.013551,-0.061083,0.22679,-0.044703,-0.00046031,0.0015952,0.32713,0.013435,0.00022488,0.05467,-0.066921,-0.019881,-0.037185,0.0026096,-0.025929,-0.012983,-0.15864,0.017402,0.033583,0.039327,0.034203,-0.051451,-0.12763,-0.0069751,-0.055471,-0.038874,-0.043922,0.00015156,0.011991,0.00059472,-0.065008,0.038696,0.00015754,-0.0644,-0.013114,0.8616,-0.067209,0.00089919,0.024146,-0.041583
-0.071483,0.0011138,0.00025256,-0.12775,-0.065094,-0.087216,0.46048,0.70764,0.047735,0.0028923,0.15682,0.023821,0.00035891,0.024015,-0.08478,-0.0024444,-0.052686,0.004536,-0.010372,-0.007589,-0.081728,0.031564,0.064491,0.075521,0.065682,-0.07506,0.20475,-0.0030376,-0.079245,-0.055502,-0.067044,-0.056458,0.021549,0.00096196,0.010583,0.24529,0.00035686,-0.091876,-0.0090456,-0.21734,-0.095578,0.0015697,-0.01155,-0.059259
-0.049605,0.012939,0.00035097,-0.098432,-0.11061,-0.067298,0.094287,-0.14079,-0.057064,0.0030279,-0.086111,0.02675,0.00030797,-0.29725,-0.057707,0.02963,-0.04019,0.0049143,0.022308,0.005157,0.53606,0.038207,0.091873,0.10759,0.09357,-0.062377,0.5187,0.0050862,-0.061188,-0.042834,-0.055044,0.069791,0.025581,0.00086261,0.40985,-0.15009,0.00042019,-0.070741,0.0019443,0.16862,-0.073266,0.0015744,0.00072082,-0.045559
-0.057169,0.033895,0.00067562,-0.11686,-0.035185,-0.080214,-0.20831,-0.1096,0.012878,0.0042504,0.0057247,0.053984,0.00026012,0.050107,-0.040177,0.082109,-0.047254,0.0093648,0.065799,0.016256,-0.087465,0.094845,0.47567,0.55703,0.48446,-0.11571,-0.17895,0.014258,-0.073057,-0.05118,-0.067716,0.010982,0.061414,0.00092442,-0.11147,-0.041138,0.00051589,-0.083895,0.0079094,-0.12796,-0.086502,0.0022067,0.0028008,-0.053955
-0.0022735,-0.0046912,1.7447e-05,-0.0025653,0.0072002,-0.0017528,-0.43053,0.19139,-0.10738,8.9176e-05,0.79754,0.0015065,-6.7067e-07,-0.084696,-0.012284,-0.013093,-0.0010259,0.00025841,-0.012497,-0.0040518,0.14238,0.0034329,-0.045591,-0.053388,-0.046433,0.0038918,-0.061823,-0.0028332,-0.0016036,-0.0011254,-0.00036104,-0.006402,0.0021777,8.8027e-06,0.1586,-0.21749,8.5402e-06,-0.0018272,-0.0030647,-0.13303,-0.0018805,4.8173e-05,0.034832,-0.0011745
-0.026849,0.033313,0.00039843,-0.052624,-0.020596,-0.03665,-0.034197,-0.033729,0.014707,-0.00078119,-0.02987,0.062315,-0.0047862,0.0086911,-0.020517,0.080595,-0.021048,0.0098091,0.059593,0.0098662,-0.014961,0.82155,-0.11033,-0.1292,-0.11237,-0.014726,-0.033848,0.010595,-0.039588,-0.02908,-0.031589,0.012473,0.49808,-0.0093722,-0.034351,-0.0026498,-0.0004434,-0.037656,0.00057491,-0.023862,-0.038545,0.0002685,-0.0011514,-0.024187
-0.050202,0.22192,-0.0020279,-0.088579,-0.037233,-0.068123,-0.05682,-0.024558,0.035931,-0.083792,-0.0047862,0.6206,0.0022126,0.014109,-0.035949,0.53888,-0.034424,0.089013,0.37264,0.033015,-0.024784,-0.16303,-0.10116,-0.11846,-0.10302,-0.033255,-0.010384,0.05067,-0.051896,-0.035903,-0.065984,0.0061811,-0.091386,0.0049677,-0.043223,0.025603,-0.015339,-0.061837,-0.033053,-0.0056236,-0.061268,-0.020299,-0.006728,-0.039693
0.014174,-0.19857,-0.004685,0.012614,0.015417,0.00010046,0.069358,0.044643,0.05898,-0.12579,-0.04123,0.6988,-0.00030717,-0.061308,0.0042535,-0.48365,0.0062051,0.09742,-0.32881,-0.021817,0.10421,0.023706,0.016609,0.019449,0.016915,0.006184,-0.14002,-0.04037,0.0094126,0.0065229,0.025702,0.1753,0.012924,-0.00085545,-0.050981,-0.12767,-0.020801,0.011157,0.038015,-0.024481,0.01425,-0.030614,0.0015184,0.0071603
-0.014893,0.064617,0.0019699,-0.022016,0.013632,-0.012295,0.17444,0.20086,0.28456,0.046834,-0.067471,-0.22762,0.00050981,-0.1843,-0.02072,0.15029,-0.0091806,-0.031259,0.093189,-0.00022045,0.30076,-0.032067,-0.023556,-0.027585,-0.023991,-0.0092684,-0.3991,0.0088797,-0.013961,-0.0096791,-0.017062,0.56211,-0.017203,0.0012498,-0.18995,-0.33213,0.0073679,-0.016514,-0.019641,0.001523,-0.017912,0.011302,-0.02033,-0.010598
0.0057726,-0.0044597,-0.00052779,0.010313,0.027293,0.0069647,-0.20854,0.26239,0.56981,-0.0084337,-0.21762,0.012084,-0.00024614,-0.044615,0.00055306,-0.0037248,0.004124,0.0013817,0.0047428,0.0046058,-0.23975,0.0086519,0.0077725,0.0091018,0.007916,0.0044952,-0.13217,0.0025042,0.006352,0.0044142,0.0053813,-0.27723,0.0034598,-0.0006254,0.53054,-0.239,-0.00065718,0.0074472,0.0046731,0.14565,0.0077331,-0.0013634,-0.014379,0.0047762
-0.020968,-0.4585,0.0054431,-0.038122,-0.030881,-0.027214,-0.21592,0.05678,0.20497,0.088157,-0.010916,-0.014669,0.0011098,0.030238,-0.0223,-0.2987,-0.015153,-0.0022313,0.52362,0.3735,0.077834,-0.030214,-0.023546,-0.027573,-0.023981,-0.01712,0.15098,0.27775,-0.023486,-0.016351,-0.018337,0.057354,0.0017301,0.003015,-0.19117,0.15167,-0.0041686,-0.02745,-0.031845,0.074815,-0.028828,-0.0040368,0.002459,-0.017595
0.010078,-0.21349,-0.0071055,0.029389,0.04064,0.021976,0.45383,-0.14984,-0.36696,-0.11816,0.062202,0.0017005,-0.00088398,-0.0648,0.024558,-0.056833,0.01166,0.0019355,0.33358,0.16303,-0.17349,0.026007,0.017624,0.020638,0.01795,0.013234,-0.30584,0.13808,0.018086,0.012605,0.014964,-0.085657,-0.0073981,-0.0024535,0.37066,-0.28171,0.0096228,0.021133,-0.16365,-0.16157,0.022535,0.012938,-0.024175,0.013545
-0.0195,0.0079531,0.05437,-0.039802,-0.011188,-0.044808,0.079151,-0.079914,-0.034962,0.93947,0.015245,0.12596,0.0010255,-0.0073145,-0.013619,-0.023545,-0.0156,-0.01052,-0.040867,-0.0038508,-0.053477,-0.048799,-0.022935,-0.026857,-0.023358,-0.017785,-0.065603,-0.0066738,-0.024213,-0.016933,-0.020067,-0.025613,0.034992,0.0034569,0.071235,-0.052675,-0.11732,-0.028289,0.036295,-0.06404,-0.035502,-0.18216,0.0016515,-0.01813
-0.0049174,0.0018943,-0.0033946,-0.0099092,-0.0036264,-0.005483,0.015153,-0.0231,0.0076758,-0.0615,0.0083881,-0.016213,0.00066419,-0.00043155,-0.0037498,-0.0063242,-0.0039501,0.00063237,-0.0099156,5.8774e-05,-0.010188,-0.51938,-0.0056668,-0.006636,-0.0057714,-0.0045206,-0.0076654,-0.0011694,-0.0059964,-0.0060723,-0.005097,-0.0037651,0.85051,-0.0018028,0.0094925,-0.0054698,0.010719,-0.0071667,0.015764,-0.01562,-0.0069492,0.018092,0.0013314,-0.0045927
-0.011775,0.0097049,-0.0034261,-0.0245,-0.01887,-0.015237,0.33228,-0.50823,0.59809,-0.065967,0.37844,-0.025294,0.00090772,0.012882,-0.0098543,-0.017357,-0.0097382,0.00087932,-0.032582,0.0015236,-0.080649,0.0075337,-0.013658,-0.015994,-0.01391,-0.011183,0.11547,-0.0041264,-0.015151,-0.010457,-0.01261,0.0045982,-0.039274,0.0027001,0.0052778,0.082623,0.015414,-0.017676,0.13,-0.26877,-0.017727,0.027718,0.04146,-0.011327
-0.021421,-0.066346,-0.0019103,-0.032317,-0.0086303,-0.021027,0.010723,0.04135,-0.14064,-0.042617,-0.042866,-0.024664,0.0013134,-0.016501,-0.011779,0.011152,-0.012827,0.0011542,0.103,-0.0055743,-0.031917,-0.0050815,-0.017374,-0.020345,-0.017695,-0.014807,-0.074507,0.024603,-0.019976,-0.013846,-0.016395,0.0042573,-0.025128,0.0039545,0.056423,-0.042003,0.015773,-0.0233,0.96848,0.011733,-0.023683,0.031139,-0.028217,-0.014929
-0.028042,0.45285,0.00040662,-0.051834,-0.020296,-0.035534,-0.0097231,-0.010829,-0.046617,-0.011588,-0.020514,-0.022855,0.0028974,-0.010082,-0.020746,-0.078993,-0.020508,0.0022122,-0.30419,0.77597,-0.032185,-0.015069,-0.025496,-0.029856,-0.025967,-0.023959,-0.040027,0.24275,-0.032029,-0.02224,-0.032699,0.011283,-0.022557,0.010158,0.029752,-0.0062562,0.033203,-0.037323,0.0339,-0.013541,-0.038614,0.097689,-0.013571,-0.023905
-0.031594,-0.059153,0.0073217,-0.066023,-0.026817,-0.057306,-0.032082,-0.024026,-0.025794,0.16992,-0.030972,0.050085,0.0040696,-0.0030157,-0.02687,-0.034595,-0.025988,-0.05047,-0.0038884,-0.11069,-0.026653,-0.01943,-0.031056,-0.036367,-0.031629,-0.03052,-0.032158,-0.035039,-0.040647,-0.028238,-0.033262,0.0015201,-0.024775,0.018859,0.014623,-0.0038111,0.13821,-0.047341,-0.046942,-0.024332,-0.054443,0.94555,0.02508,-0.030318
-0.0092,-0.015005,0.00033952,-0.021589,-0.033382,-0.013941,-0.16044,-0.052079,-0.070617,-0.014717,-0.0094347,-0.01482,0.0021253,-0.26804,-0.0045948,-0.0196,-0.0085269,0.013506,-0.011809,-0.040512,-0.31105,-0.0062609,-0.0097969,-0.011472,-0.0099778,-0.010064,-0.07749,-0.015652,-0.013363,-0.0092903,-0.011043,0.5717,-0.0072054,0.012087,0.39753,0.51613,0.031679,-0.015548,-0.029129,-0.017444,-0.015706,-0.049384,0.17077,-0.0099554
-0.022912,-0.010548,-0.0047959,-0.04645,-0.016602,-0.037118,-0.004678,-0.0087974,-0.011421,0.062479,-0.026472,0.021677,0.0045284,0.021967,-0.019474,-0.025637,-0.018272,-0.073831,-0.0092154,-0.03084,0.010766,-0.013109,-0.020604,-0.024128,-0.020985,-0.021615,-0.017045,-0.0018416,-0.02868,-0.019969,-0.023854,-0.050148,-0.014529,0.049621,-0.02638,-0.050888,0.95373,-0.033333,-0.013825,-0.016852,-0.038839,-0.18715,0.14468,-0.021342
-0.010001,0.0027795,0.0022211,-0.016351,-0.0011282,-0.0094813,0.033384,0.030681,-0.011753,-0.02418,-0.059055,-0.022076,0.0021716,0.041458,-0.0076476,0.0026177,-0.0064522,0.048778,0.0068774,0.014862,0.048422,-0.0045661,-0.0072429,-0.0084817,-0.0073767,-0.0076369,-0.012842,0.014609,-0.010137,-0.0070625,-0.008423,-0.097196,-0.0050274,0.022472,-0.057361,-0.10233,-0.15997,-0.011772,0.019827,-0.012768,-0.010966,0.0037976,0.96689,-0.0075369
-0.020597,-0.0024914,0.0049103,-0.042256,-0.0168,-0.028148,-0.014653,-0.01591,-0.0095229,-0.017863,-0.013569,-0.052208,-0.0052198,0.0069758,-0.017602,-0.030336,-0.016714,0.21475,-0.0081116,-0.03417,-0.0059822,-0.0043939,-0.018491,-0.021654,-0.018833,-0.019818,-0.015335,0.0026757,-0.027341,-0.020125,-0.021919,-0.015835,-0.0052001,0.96566,-0.005397,-0.016737,-0.044069,-0.030506,-0.01585,-0.014095,-0.0306,-0.018863,-0.048828,-0.01953
-0.022358,0.0020811,0.0098917,-0.045491,-0.01823,-0.034916,-0.015733,-0.016877,-0.010381,0.027937,-0.015249,-0.14311,0.011859,0.0073066,-0.019087,-0.035823,-0.018112,0.94861,-0.0067481,-0.038911,-0.0065913,-0.015025,-0.019937,-0.023347,-0.020306,-0.021489,-0.016781,0.0075255,-0.028127,-0.019248,-0.023793,-0.016569,-0.015852,-0.23172,-0.0054988,-0.017744,0.078488,-0.033063,-0.016332,-0.015348,-0.034198,0.019965,-0.039547,-0.021166
-0.013445,0.53333,0.0035227,-0.027342,-0.010871,-0.017385,-0.0087213,-0.0094536,-0.00633,-0.018249,-0.0092686,-0.0082058,0.0088291,0.0040962,-0.011373,-0.43336,-0.010772,-0.050938,0.24691,-0.42973,-0.0040555,-0.0079158,-0.011652,-0.013645,-0.011867,-0.012806,-0.010133,0.5218,-0.016873,-0.011679,-0.017422,-0.0090529,-0.008196,-0.026044,-0.0028548,-0.010242,-0.029042,-0.019672,-0.0074128,-0.0089725,-0.019708,-0.019164,-0.010301,-0.012593
-0.021842,-0.024301,0.021201,-0.04464,-0.018173,-0.029005,-0.015363,-0.015794,-0.0091412,-0.021928,-0.014953,-0.017774,0.99159,0.0062063,-0.018611,-0.010015,-0.017578,-0.028197,-0.020319,-0.0082081,-0.0067561,-0.007514,-0.01847,-0.021629,-0.018811,-0.02097,-0.016677,-0.01834,-0.028546,-0.01913,-0.023022,-0.011289,-0.0097534,-0.0047682,-0.0025725,-0.012409,-0.022774,-0.032128,-0.01172,-0.014755,-0.032695,-0.021341,-0.011269,-0.020564
-0.022808,-0.02222,0.98788,-0.046575,-0.019256,-0.02974,-0.015957,-0.01646,-0.0092102,-0.074868,-0.015442,-0.020626,-0.039076,0.007573,-0.019433,-0.012149,-0.018337,-0.029173,-0.019977,-0.009949,-0.0059394,-0.013109,-0.01909,-0.022355,-0.019443,-0.021899,-0.018108,-0.015418,-0.028744,-0.019967,-0.024052,-0.011289,-0.012837,-0.016192,-0.0017786,-0.011556,-0.0092982,-0.033525,-0.011616,-0.015317,-0.039026,-0.017798,-0.010275,-0.021457
-0.012706,-0.03648,-0.015071,-0.025562,-0.091016,-0.016716,0.025325,-0.035024,0.047498,-0.0098049,-0.0045555,-0.010091,-0.011139,0.25891,-0.010122,0.020377,-0.010059,-0.010961,-0.038288,-0.014516,0.56993,-0.007051,-0.010356,-0.012127,-0.010548,-0.012028,-0.49532,0.048437,-0.015788,-0.010961,-0.013064,-0.2325,-0.0068509,-0.007325,0.23487,0.48067,-0.010445,-0.018396,-0.0044627,-0.0077761,-0.018476,-0.010484,-0.0081222,-0.011774
-0.0037007,-0.36276,-0.0048433,-0.008885,0.002807,-0.0058114,-0.008844,-0.0027529,-0.0042146,-0.0034094,-0.0040683,-0.0035054,-0.003698,-0.022904,-0.0037519,0.36103,-0.0034964,-0.0037584,-0.405,-0.14464,-0.046427,-0.0024476,-0.0035964,-0.0042114,-0.0036628,-0.0041812,0.034362,0.73932,-0.0054879,-0.0038099,-0.0027714,0.015713,-0.0023764,-0.0025106,-0.01906,-0.036291,-0.0035845,-0.0063944,-0.0076508,-0.0040678,-0.0064246,-0.0036156,-0.0066469,-0.0040924
-0.019439,-0.016196,-0.018215,-0.039807,-0.10662,-0.026048,-0.025592,-0.0024189,-0.028186,-0.015239,-0.014714,-0.015675,-0.014857,0.83565,-0.016931,-0.012279,-0.015664,-0.016274,-0.016003,-0.0094445,-0.029424,-0.010931,-0.016074,-0.018823,-0.016371,-0.018737,0.16953,-0.011667,-0.02459,-0.01707,-0.020589,0.38727,-0.010591,-0.010862,0.23959,-0.20152,-0.015561,-0.028649,-0.0098026,-0.013043,-0.028807,-0.015883,-0.0056678,-0.018335
0.1758,0.12813,0.14042,0.3586,0.12813,0.23476,0.12444,0.12444,0.070656,0.13649,0.11676,0.14087,0.12056,0.080914,0.14982,0.12197,0.1411,0.14155,0.12417,0.075438,0.10506,0.098147,0.14443,0.16913,0.1471,0.16882,0.10903,0.12578,0.22154,0.15379,0.18553,0.10762,0.094899,0.094409,0.069211,0.11005,0.13578,0.25808,0.081704,0.11676,0.25967,0.14019,0.063749,0.16516
-0,1.1665e-17,-1.1631e-16,8.4914e-19,4.7642e-17,7.3771e-19,8.8663e-17,-3.3448e-17,-4.9655e-16,6.1381e-17,-8.7505e-17,-1.2004e-16,3.3887e-16,-2.1706e-16,1.5277e-17,1.7075e-16,5.9742e-18,3.6777e-17,1.7941e-16,2.9099e-17,-1.1522e-16,5.7271e-18,-0.2827,-0.48058,0.83014,1.1102e-17,2.0201e-16,-4.5062e-16,1.6849e-19,2.3837e-17,8.6442e-18,-8.5294e-18,3.7539e-17,6.3985e-17,-3.1448e-16,-2.5256e-16,-3.6204e-16,1.9572e-18,3.4854e-17,9.6587e-17,1.1427e-17,-6.1762e-16,-2.9121e-16,1.5574e-17
-0,-8.5876e-17,8.445e-17,-2.4438e-17,4.5368e-17,-1.6582e-17,3.8588e-18,6.1512e-17,-4.9403e-16,1.4633e-16,-2.4026e-16,-2.8234e-16,7.6452e-16,-7.7256e-17,8.1605e-18,5.5937e-16,-1.4085e-17,-1.4077e-16,-2.8631e-16,-2.9892e-16,-5.847e-16,-1.0665e-16,0.79165,-0.60559,-0.080991,-1.1481e-17,2.8896e-16,5.2678e-16,-9.7565e-18,-1.3594e-17,-2.0741e-17,3.8583e-16,2.0618e-16,-4.703e-16,-1.983e-16,-4.8815e-17,-2.7099e-16,-1.4155e-17,-1.56e-16,-3.3503e-17,1.0195e-17,5.2901e-17,-1.093e-16,-3.9555e-18
