-0.0014715,-0.0053809,-0.00059018,-0.00085917,-0.030867,-9.1065e-005,0.79373,-0.00038429,0.0045363,0.03496,-0.0026612,-0.00038597,0.00010934,0.0070525,-0.00065904,-0.007549,-0.0010779,0.00066388,-0.00067675,-0.0004706,0.0011591,0.0088405,-0.00091475,0.00085483,0.0058816,-0.00028242,-0.0046699,-0.60468,0.0074683,4.3965e-005,-0.0035152,-0.00038768,0.00023611,-0.00047821,-0.00095861,-0.00055216,-0.00085917,-3.2253e-005,-0.0010296,0.00027773,0.041817,0.0034932,-0.00046217,-0.00091623,0.0040781,0.004603
-0.0011685,-0.0026737,0.00075516,-0.00053537,-0.0027747,0.0058432,-0.46236,0.00066832,0.005157,0.65531,0.0023058,0.00067126,0.0089566,0.0067409,0.00084328,-0.0016148,-0.00084447,0.0017679,-0.00050943,0.00042074,3.2048e-005,0.0049981,0.00011283,0.00069993,0.0032966,0.00037071,-0.0015783,-0.5531,0.0065968,0.0050576,-0.00019818,0.00067423,0.004301,0.00083167,0.0012389,-0.00033596,-0.00053537,0.0021896,0.0013174,0.0056626,0.22277,0.0071789,0.00041319,0.028447,0.0023808,0.0021044
-0.000121,-2.5912e-005,0.00024859,-3.3795e-005,0.0030331,-0.0030466,-0.080818,0.00020425,0.027453,-0.42057,0.00085343,0.00020515,6.3546e-005,-0.010302,0.0002776,0.00047989,-0.00026791,-0.001567,-4.7564e-005,0.00015468,-0.0010431,-0.011147,0.00013054,-0.0011648,0.025996,0.00012703,0.00016416,-0.068018,-0.0098016,0.017907,0.00036953,0.00020606,-0.0026028,0.00025418,0.00041441,-2.0156e-005,-3.3795e-005,-0.0011814,0.00043367,-0.0034624,0.89909,0.032881,0.00015191,-0.00082214,0.019745,0.00054396
-0.0015315,0.059167,0.01343,0.0028437,0.7034,0.0022611,-0.23049,0.009712,0.00096092,-0.40906,0.046281,0.0097546,0.0019555,0.00033244,0.014997,0.1042,-0.0039175,0.00037411,0.0033267,0.0097152,0.00071105,-0.001247,0.012261,0.00022262,0.00074247,0.016232,0.070931,-0.38255,-0.0034847,-0.0053197,0.075212,0.0097977,-0.00013515,0.012086,0.034731,0.0011473,0.0028437,-1.5114e-005,0.023428,-0.0012859,-0.24318,-0.0044377,0.009541,0.22087,-0.00079826,-0.0001238
0.0058868,-0.045703,0.015203,0.0010289,-0.53158,0.014494,-0.12792,0.014328,0.008325,-0.22151,0.061711,0.014391,0.017623,0.0028072,0.016977,-0.034476,0.0024559,0.00083517,-0.0018696,0.0075724,0.0010686,0.001052,0.0052368,0.00053293,0.006355,-0.010626,-0.053061,-0.16212,-0.0016137,-0.0036445,-0.048489,0.014455,0.0026771,0.01783,0.0011094,0.0024118,0.0010289,0.0017881,0.026521,-0.00065958,-0.12529,0.00052806,0.0074367,0.77111,0.0028355,0.0031669
0.026938,-0.023515,0.14315,0.014475,-0.29228,-0.0063289,-0.14462,0.13224,0.041606,-0.21438,0.57138,0.13282,-0.0051214,0.049115,0.15985,0.22556,0.00030461,0.010284,0.0021571,0.074051,0.0054058,0.041834,0.069856,0.0053759,0.044271,-0.0015023,-0.036027,-0.19962,0.025196,-0.0054991,-0.0013767,0.13341,0.0053425,0.16456,0.14029,0.020285,0.014475,0.0011538,0.24973,0.013216,-0.13118,0.021774,0.072724,-0.41953,0.022213,0.014078
-1.3841e-005,0.00046901,0.0019704,5.8429e-005,0.0030652,-0.0153,-0.00087007,0.0021743,-0.40567,-0.013301,0.0087224,0.0021838,-0.019285,0.46854,0.0022003,0.0035009,-0.00076156,0.092317,-0.00012055,0.00065562,-0.010933,0.54233,0.00056823,0.011422,-0.46135,1.5791e-005,-0.00036137,0.0030558,-0.11337,0.062067,-0.00027383,0.0021935,0.0088713,0.0027057,0.001979,0.0003061,5.8429e-005,-0.0052692,0.0034374,0.094839,0.040539,-0.17413,0.00064387,0.011659,-0.20161,0.025717
0.0034747,-0.013043,-0.048896,-0.00066925,-0.087361,-0.010762,-0.076977,-0.055972,0.4237,-0.10635,-0.2213,-0.056218,-0.0115,0.42245,-0.054602,-0.084376,0.0037653,0.090646,0.0010661,-0.014198,-0.014196,0.44697,-0.011675,0.0099334,0.46247,-0.00016652,0.011933,-0.085016,-0.034676,-0.057295,0.0097723,-0.056467,0.015667,-0.069652,-0.048814,-0.0077283,-0.00066925,-0.0012651,-0.0853,0.10309,-0.087368,0.1688,-0.013944,-0.12199,0.18607,-0.0026103
0.041938,-0.04259,-0.025049,-0.00076616,-0.078475,-0.021886,-0.054838,-0.041776,-0.030881,-0.085731,-0.1528,-0.04196,-0.0094692,0.18766,-0.027972,0.035687,0.0023983,0.017289,0.0079477,0.0061858,0.096338,-0.13518,0.0076373,0.092338,-0.091472,0.0048082,0.021839,-0.063306,0.86521,0.021593,0.059271,-0.042145,0.0091223,-0.051987,-0.01856,-0.010272,-0.00076616,-0.0051579,-0.043698,-0.011977,-0.033819,-0.0082637,0.0060749,-0.082219,-0.10356,0.29295
0.34542,-0.26384,-0.017853,-0.028248,-0.11957,0.0082486,-0.0082597,-0.07734,-0.034537,-0.012164,-0.2906,-0.07768,0.008742,-0.065495,-0.019936,0.70111,-0.0057181,-0.0099811,0.058327,0.053271,-0.011468,-0.0095361,0.042502,-0.015281,-0.027764,0.034309,0.036914,-0.017764,-0.14644,0.0034623,0.37574,-0.078023,0.0020441,-0.096243,0.027458,-0.056897,-0.028248,0.0032916,-0.031144,-0.0024247,-0.0085649,-0.00025491,0.052316,-0.021612,0.015963,-0.042838
0.25906,0.62852,-0.011577,-0.02201,0.016609,-0.0035963,0.010781,-0.03104,0.04565,0.015969,-0.05204,-0.031176,-0.00023953,0.0185,-0.012928,0.33898,-0.013009,0.0029097,-0.017014,0.014911,3.4611e-005,0.011561,-0.023706,0.0025408,0.034863,-0.046282,-0.47162,0.011925,0.023607,-0.01018,-0.41213,-0.031314,-0.0032459,-0.038626,-0.07248,0.026857,-0.02201,-0.0020731,-0.020196,-0.0012302,0.011165,-0.052374,0.014643,0.020951,-0.059291,0.013883
0.013609,0.077886,-0.0057297,0.0011811,-0.021621,-0.013237,-0.018379,-0.015683,-0.35008,-0.024737,-0.039289,-0.015752,-0.082722,0.045818,-0.0063983,-0.0089528,0.0016063,0.014629,-0.0039003,0.0077095,-0.014093,-0.04305,0.0060896,-0.0046156,-0.20917,-0.0063312,-0.039085,-0.023955,0.067859,0.08789,-0.05279,-0.015822,-0.0008065,-0.019517,-0.014035,0.0044481,0.0011811,-0.00087894,-0.0099955,0.016479,-0.035013,0.60078,0.0075713,-0.026886,0.63728,-0.15735
0.055903,0.087558,0.088935,-0.085177,-0.075792,0.038886,-0.03927,-0.11554,-0.0060638,-0.058433,-0.17586,-0.11605,0.087094,-0.22487,0.099313,-0.026657,-0.00075667,-0.066943,-0.066635,0.24909,0.065488,0.13112,0.31726,0.0021137,-0.072558,-0.10295,0.52127,-0.055846,-0.075503,-0.0047249,-0.39896,-0.11656,0.035554,-0.14378,-0.04725,-0.038346,-0.085177,0.014807,0.15515,0.0058705,-0.034416,-0.0036385,0.24462,-0.07479,0.022577,0.22062
0.3211,0.10666,-0.077313,-0.029576,-0.015921,-0.026666,0.025631,0.10739,-0.0010226,0.037529,0.15172,0.10787,-0.065825,0.23269,-0.086335,0.13809,-0.024376,0.072714,-0.038997,-0.22368,-0.062462,-0.17503,-0.18985,0.0021879,0.05719,-0.10671,0.60692,0.030797,0.033169,0.0046447,-0.19043,0.10834,-0.027246,0.13364,-0.21742,0.021416,-0.029576,-0.0099779,-0.13487,-0.0023202,0.022812,-0.016584,-0.21967,0.04747,-0.035159,-0.21284
-0.1164,-0.08094,0.093618,-0.049122,0.028432,-0.010907,0.010774,-0.080361,-0.019881,0.012956,-0.093662,-0.080713,-0.055059,0.51074,0.10454,-0.019709,0.0049378,0.16857,-0.013028,0.21982,-0.10726,-0.49768,0.23377,0.026728,0.062046,0.0037726,-0.057409,0.010378,-0.070078,0.0048379,-0.10993,-0.081071,-0.025157,-0.1,0.09801,-0.0431,-0.049122,-0.0039383,0.16332,0.0085466,0.010756,-0.086277,0.21588,0.014056,-0.089319,-0.36636
-0.0042439,0.1253,-0.047866,0.06009,-0.071565,0.11339,-0.037219,-0.001655,0.034569,-0.057424,-0.023483,-0.0016622,0.24954,0.27743,-0.053452,-0.049833,0.0063195,0.091982,0.013484,-0.068485,0.13159,-0.37987,-0.075071,0.15167,-0.14758,0.0059724,0.0079681,-0.053731,-0.37531,-0.096061,0.11083,-0.0016696,0.071392,-0.0020594,-0.039702,0.041029,0.06009,0.032304,-0.083503,-0.0072623,-0.036002,-0.048853,-0.067257,-0.08021,0.18501,0.59137
-0.44129,0.56614,-0.034184,0.16983,-0.18377,0.026162,-0.035396,-0.073373,-0.038378,-0.05547,-0.045385,-0.073695,0.015664,-0.062913,-0.038173,0.10284,-0.020801,-0.020098,0.055777,0.025249,-0.029346,-0.017362,0.023087,-0.046216,0.0013836,-0.021878,0.25004,-0.055324,0.022515,0.06162,0.4079,-0.074022,0.035273,-0.091307,-0.062797,0.12494,0.16983,0.015032,-0.059635,0.097624,-0.030137,-0.014943,0.024796,-0.067255,-0.1085,-0.21307
0.23274,-0.050669,-0.012826,0.044517,-0.01129,-0.0038926,-0.024961,-0.012021,-0.027515,-0.046686,-0.01151,-0.012074,0.026387,-0.076704,-0.014322,-0.15247,0.017453,-0.13768,-0.014867,-0.0064573,0.07106,-0.1238,-0.0032499,-0.03392,-0.014474,0.02091,-0.05662,-0.037897,-0.004723,0.033286,-0.0094808,-0.012127,0.24396,-0.014959,0.014802,0.025896,0.044517,0.038453,-0.022374,0.88426,-0.022669,-0.020356,-0.0063416,-0.04875,-0.05692,-0.078486
0.5726,0.066937,-0.014391,0.23549,-0.047322,0.17252,-0.048074,-0.076307,-0.011157,-0.074341,0.027558,-0.076642,0.19787,-0.027397,-0.01607,-0.38931,0.020827,0.050376,-0.032469,0.057285,-0.04096,0.0025161,0.072124,-0.03559,-0.023901,0.053675,-0.036397,-0.069783,-0.020053,0.20972,0.16014,-0.076981,-0.020899,-0.094957,0.056411,0.15748,0.23549,0.030679,-0.025105,-0.29141,-0.048058,0.10924,0.056258,-0.096448,-0.18687,-0.16051
-0.15181,-0.048963,-0.0039751,-0.088279,0.0055487,-0.035008,0.0027851,0.028454,0.036347,0.0041864,-0.031028,0.028579,-0.059964,0.032331,-0.004439,0.095578,0.011722,0.0097154,0.0090356,-0.035058,0.077672,-0.067085,-0.040623,0.055447,0.078188,-0.013432,-0.012531,0.0027724,-0.14406,0.65461,-0.077021,0.028705,0.020764,0.035409,-0.021647,-0.062411,-0.088279,0.00015293,-0.0069346,0.026645,-0.023619,0.47414,-0.03443,0.0048347,-0.43938,0.18506
-0.18691,-0.09309,-0.019809,-0.14779,-0.016503,0.51222,-0.022518,0.045293,0.066788,-0.047546,-0.087739,0.045491,0.65504,-0.013634,-0.02212,0.09365,0.05197,0.0016011,0.013015,-0.075572,-0.091267,0.0341,-0.084806,-0.096417,-0.12236,-0.012782,-0.046843,-0.031685,0.10429,0.010727,-0.13832,0.045693,0.096187,0.056363,-0.036526,-0.11048,-0.14779,0.078402,-0.034557,0.0015696,-0.022776,0.036697,-0.074217,-0.066499,-0.019761,-0.24801
0.0015353,0.033485,-0.0066793,-0.023383,-0.020285,-0.047156,-0.014186,0.0034854,-0.0285,-0.020225,-0.028458,0.0035007,-0.058828,-0.013735,-0.0074587,-0.0037181,0.99119,0.0096365,-0.0086849,-0.013374,0.036465,-0.0085058,-0.017935,-0.0040001,0.010642,0.0042365,0.012622,-0.022147,-0.014222,-0.01094,0.0045324,0.0035162,0.0051815,0.0043373,-0.0010566,-0.017627,-0.023383,0.0022795,-0.011652,-0.026962,-0.010634,-0.033245,-0.013134,-0.023093,0.00014696,-0.017415
0.0053296,0.024129,-0.0021227,-0.077808,-0.027409,-0.019268,-0.020148,0.019511,-0.15078,-0.029588,-0.059457,0.019596,-0.028687,0.001111,-0.0023704,-0.039037,-0.065543,0.16418,0.0082923,-0.023155,0.83807,-0.0056358,-0.025533,-0.25487,0.13038,0.020196,-0.010288,-0.027212,-0.025888,-0.018477,0.0090882,0.019683,0.25349,0.024279,0.024498,-0.069881,-0.077808,0.080816,-0.0037031,-0.14674,-0.012654,-0.079335,-0.02274,-0.034339,0.0019757,-0.17127
-0.19678,-0.34284,-0.06212,0.40269,0.06785,0.036231,0.014463,-0.10353,0.0087284,0.020582,0.17696,-0.10398,0.042451,0.019034,-0.069369,0.24529,0.048584,0.024125,-0.021518,0.015261,0.14233,0.0090371,0.026732,-0.058899,0.0093253,-0.14996,-0.056918,0.019863,0.011363,-0.0040343,-0.31003,-0.10444,0.037944,-0.12883,-0.2593,0.35875,0.40269,0.0067609,-0.10837,0.00049741,0.011925,0.023104,0.014987,0.024284,0.00068764,-0.012149
0.014776,0.020814,0.007971,-0.0051315,0.0091198,-0.23421,0.011461,0.0018391,0.60107,0.017477,0.013667,0.0018472,-0.043898,-0.0045856,0.0089011,-0.002413,0.0096018,0.21532,-0.0028497,0.0097984,0.026452,-0.030648,0.0094281,-0.43254,-0.57395,0.0045121,0.010194,0.013925,0.014498,0.0021305,0.025961,0.0018554,-0.00092094,0.0022886,0.013866,-0.0025862,-0.0051315,-0.0072542,0.013905,0.022366,0.0030981,0.10539,0.0096227,0.021524,0.014921,-0.038686
-0.012009,-0.016932,-0.0069951,0.0028354,-0.0090548,-0.014136,-0.010069,-0.0012152,0.10787,-0.01417,-0.01382,-0.0012205,-0.011683,-0.0092474,-0.0078114,0.00024583,-0.0097332,-0.045454,0.0047144,-0.0090085,-0.01133,0.011806,-0.0085804,0.037571,-0.013934,-0.0033792,-0.0089288,-0.013218,0.041229,0.69792,-0.022068,-0.0012259,0.0043293,-0.0015122,-0.011404,0.00036942,0.0028354,0.006928,-0.012203,-0.017774,-0.015028,-0.53828,-0.008847,-0.01615,0.44737,-0.043942
0.0019461,0.0030937,0.0013792,-0.0001153,0.0021552,0.10228,0.0018663,0.00014543,-0.28132,0.0022325,0.0033001,0.00014607,0.0050539,-0.10516,0.0015402,0.00080004,0.0023311,0.57435,-0.0049433,0.0018729,-0.25319,-0.020033,0.001636,-0.56074,0.27204,0.0010196,0.0018445,0.0030567,0.0375,0.064654,0.004409,0.00014672,-0.1339,0.00018098,0.002714,0.00047544,-0.0001153,-0.075999,0.0024061,0.13368,0.0017607,-0.064802,0.0018394,0.0028169,0.028767,0.25332
0.057945,-0.013386,0.017374,-0.036706,0.010171,-0.024779,-0.0067395,0.0024062,-0.0041841,-0.009957,0.025461,0.0024168,-0.0057298,-0.017591,0.019402,-0.082464,0.0075626,0.035215,0.95365,0.023004,-0.020912,-0.00066839,0.048524,0.020318,-0.0050504,-0.16357,-0.02128,-0.010314,-0.0029947,-0.0067821,-0.019676,0.0024275,0.025276,0.0029943,-0.19822,-0.0060683,-0.036706,0.021167,0.03031,-0.006819,-0.0054715,-0.0027182,0.022591,-0.011446,-0.0060171,-0.0061266
-0.033426,-0.038317,-0.022379,0.0062375,-0.035774,-0.21506,-0.031811,-0.0016132,0.015223,-0.04989,-0.056722,-0.0016202,0.017396,-0.24921,-0.02499,-0.0045041,-0.023161,0.6267,-0.057341,-0.031157,-0.13371,0.046034,-0.03029,0.49674,-0.061145,0.011732,-0.022286,-0.045506,0.003805,-0.024606,-0.059233,-0.0016274,0.34325,-0.0020074,-0.0067847,-0.011103,0.0062375,0.25674,-0.03904,-0.016497,-0.026412,-0.021066,-0.030598,-0.055024,-0.024229,-0.11009
-0.022644,-0.027601,-0.016293,0.0042592,-0.027506,-0.34085,-0.02555,-0.00082421,-0.13128,-0.038438,-0.043672,-0.00082782,0.069759,0.10636,-0.018195,-0.006805,-0.016239,-0.32704,-0.015536,-0.023044,-0.31533,-0.046083,-0.021144,-0.35466,0.09187,0.006147,-0.016538,-0.035149,-0.012231,-0.0054929,-0.044739,-0.00083149,0.51273,-0.0010257,-0.0080943,-0.010285,0.0042592,0.42358,-0.028424,-0.20448,-0.02114,-0.016874,-0.022631,-0.041875,-0.018543,0.085235
-0.041212,-0.0040701,-0.1263,-0.18289,-0.028927,0.00084665,-0.0029769,-0.12092,-0.00092518,-0.0042996,0.14963,-0.12145,-0.0055573,-0.0016113,-0.14104,0.059189,-0.0024769,-0.0028526,0.19334,-0.060972,7.1041e-006,-0.0022615,-0.023858,-0.0022784,-0.0027266,0.4716,0.11544,-0.0040865,-0.0024809,-0.0017514,-0.17865,-0.12199,-0.0086691,-0.15048,0.49578,0.44091,-0.18289,-0.0059299,-0.22033,-0.00030215,-0.0024417,-0.0015844,-0.059879,-0.0051062,-0.0021209,-0.0017836
0.063015,0.0014413,-0.00069919,-0.38038,0.064647,0.0025725,0.04141,-0.10909,0.017049,0.060241,0.32403,-0.10957,0.066226,0.026024,-0.00078078,-0.044279,0.014448,0.027244,-0.16627,0.11104,0.011334,0.029834,0.010137,0.022933,0.033656,-0.27382,-0.082121,0.058694,0.032783,0.019706,0.28444,-0.11006,0.078976,-0.13576,-0.36144,0.39926,-0.38038,0.051364,-0.0012197,0.01095,0.034155,0.023528,0.10905,0.071094,0.027758,0.025346
-0.0064372,0.0099266,-0.1124,-0.036273,-0.0031772,-0.00022145,-0.0024435,0.085146,-0.0010675,-0.0035632,0.023767,0.08552,-0.0037555,-0.0015946,-0.12551,0.010391,0.0020457,-0.0013645,-0.03978,-0.25227,-0.00082994,-0.0017131,0.8678,-0.0011721,-0.0019023,0.019339,-0.081368,-0.0038004,-0.0018846,-0.0010459,0.047471,0.085898,-0.0038293,0.10596,-0.086223,0.0085498,-0.036273,-0.0024218,-0.19608,-0.0007573,-0.002019,-0.0014166,-0.24775,-0.0041939,-0.0015807,-0.0014837
-0.0089918,-0.015999,-0.011874,-0.018409,-0.02335,0.65982,-0.02115,-0.0070797,0.10309,-0.031818,-0.022736,-0.0071107,-0.63435,-0.012325,-0.013259,-0.01663,-0.0078245,-0.0057746,-0.0096297,-0.010137,-0.093527,-0.018889,-0.017282,-0.038271,-0.11218,-0.013727,-0.017019,-0.029727,-0.023979,-0.030525,-0.013928,-0.0071422,0.26295,-0.00881,-0.029885,0.0091475,-0.018409,0.20204,-0.020714,-0.061073,-0.014714,-0.024621,-0.0099557,-0.036832,-0.016135,0.051506
0.079979,0.13581,0.10501,0.13581,0.21304,0.14669,0.19099,0.055461,0.11257,0.27921,0.22384,0.055704,0.14791,0.12959,0.11727,0.1473,0.068152,0.078833,0.070131,0.097006,0.058321,0.12446,0.14546,0.063159,0.11691,0.099034,0.142,0.26806,0.13647,0.059688,0.1378,0.055951,0.25798,0.069016,0.23484,-0.053736,0.13581,0.16184,0.1832,0.058321,0.15883,0.1098,0.095267,0.3269,0.11257,0.12408
-0,4.6693e-016,-0.23526,0.4975,-8.3267e-017,-7.4665e-015,-5.7137e-016,0.14299,7.3552e-016,-2.0589e-016,-0.014358,-0.10959,5.447e-016,-6.3298e-016,0.023794,-7.893e-017,-4.5962e-016,-2.4416e-016,-7.2858e-016,0.11947,-0.0060765,-1.9863e-016,-3.0505e-015,-1.4051e-016,-9.0206e-017,0.46612,1.8041e-016,-6.6613e-016,-4.3021e-016,2.0643e-016,-1.9568e-015,0.055726,0.030858,0.068447,-0.3538,0.020766,-0.4975,-0.04481,0.21931,-0.0060765,-2.7756e-016,-2.949e-016,0.018215,-5.1695e-016,-3.1052e-016,-3.6429e-016
0,6.5344e-017,0.2957,-0.022581,9.6451e-016,-4.4493e-015,9.2968e-016,0.048337,7.2642e-016,1.1641e-015,0.11897,-0.50481,3.4417e-015,8.5001e-016,0.52254,7.494e-016,1.236e-016,1.3704e-016,-4.8572e-017,-0.22726,0.004419,2.9837e-016,6.8695e-015,5.0654e-016,5.2736e-016,0.19489,8.8818e-016,1.1796e-015,7.2164e-016,3.4694e-018,-2.0123e-016,-0.036309,-0.02244,0.091944,-0.14793,-0.17207,0.022581,0.032587,-0.44571,0.004419,6.5551e-016,3.8858e-016,0.12654,1.2212e-015,3.1919e-016,5.1348e-016
0,-1.0203e-015,-0.15066,-0.49276,2.498e-016,5.5476e-015,6.1331e-016,0.18273,-7.841e-016,1.4463e-016,-0.01674,-0.13157,-1.6827e-016,5.7007e-016,-0.086282,-1.9602e-016,1.3075e-016,1.7347e-016,5.8981e-016,0.17896,-0.018147,2.2204e-016,-5.1972e-015,1.1514e-016,5.3429e-016,0.4495,-2.4286e-016,6.3838e-016,3.1919e-016,4.5103e-017,1.9845e-015,0.077963,0.092151,0.065251,-0.34119,0.024211,0.49276,-0.13382,0.2113,-0.018147,2.498e-016,2.4286e-016,-0.012012,9.992e-016,2.7062e-016,2.2898e-016
-0,-1.4219e-016,0.44545,-0.01351,1.9863e-016,4.0055e-015,1.831e-016,-0.36962,-5.5511e-016,2.7864e-016,-0.024695,0.60657,-4.4409e-016,3.9682e-017,0.027006,5.1608e-016,4.6968e-016,3.4001e-016,2.9143e-016,-0.14269,0.010801,2.7756e-016,3.5111e-015,4.8572e-017,3.3307e-016,0.38201,5.8287e-016,1.6653e-016,4.1633e-016,-1.3878e-016,-2.2204e-016,-0.081566,-0.054847,-0.10675,-0.28996,0.035717,0.01351,0.079646,-0.05739,0.010801,1.9429e-016,2.3592e-016,0.11295,-2.2204e-016,3.1919e-016,1.8041e-016
-0,-3.3621e-016,-0.40602,-0.06871,-1.5543e-015,-8.524e-016,-1.282e-015,-0.13577,-6.4705e-016,-1.9957e-015,-0.18284,0.11257,-1.7208e-015,-9.3672e-016,0.53618,-1.4294e-015,-5.4861e-016,-9.7838e-016,-2.9143e-016,-0.50655,0.00044825,-9.7145e-016,-8.5999e-015,-5.8243e-016,-9.1593e-016,-0.051653,-1.2212e-015,-1.9151e-015,-1.0686e-015,-2.0643e-016,-3.3307e-016,0.016195,-0.0022763,0.044985,0.039206,0.26444,0.06871,0.0033055,0.34551,0.00044825,-1.138e-015,-6.6613e-016,0.14588,-1.6653e-015,-8.8818e-016,-8.6042e-016
-0,4.7447e-016,0.1985,-0.023461,1.7052e-015,6.9931e-017,1.4956e-015,0.15319,8.4047e-016,2.1273e-015,-0.22712,-0.1038,2.0435e-015,1.033e-015,0.012716,1.3473e-015,5.5663e-016,6.1062e-016,5.6877e-016,0.11119,0.087281,1.02e-015,1.7278e-015,5.2909e-016,1.0946e-015,0.014913,1.3461e-015,2.1164e-015,1.249e-015,4.3021e-016,7.3552e-016,0.2862,-0.44323,0.15282,-0.01132,0.32848,0.023461,0.64363,0.097214,0.087281,1.2212e-015,6.9389e-016,-0.11059,2.387e-015,8.3267e-016,1.1449e-015
-0,-6.9993e-016,-0.43729,-0.056285,-1.6601e-015,1.5351e-015,-1.5076e-015,0.00016573,-1.0085e-015,-2.152e-015,0.26912,0.081601,-3.1112e-015,-9.6028e-016,-0.077821,-1.537e-015,-4.4257e-016,-8.3614e-016,-3.8858e-016,-0.016406,0.062325,-8.3267e-016,-4.9405e-015,-5.7593e-016,-1.1068e-015,0.067155,-1.6723e-015,-2.0747e-015,-1.2698e-015,-2.3245e-016,-1.9429e-016,-0.44155,-0.3165,-0.069896,-0.050973,-0.38924,0.056285,0.4596,-0.065821,0.062325,-1.2212e-015,-7.2164e-016,0.18722,-1.9984e-015,-7.494e-016,-1.1241e-015
0,1.8859e-015,0.049242,0.0084557,3.3818e-015,2.3226e-015,2.874e-015,0.52162,1.5439e-015,4.3249e-015,-0.19602,0.27766,2.1164e-015,1.8988e-015,0.050902,2.1944e-015,8.6541e-016,1.4815e-015,6.7307e-016,0.11116,-0.012668,2.1372e-015,1.7625e-015,9.4716e-016,1.9429e-015,-0.040794,2.3037e-015,4.1911e-015,2.197e-015,1.367e-015,2.3037e-015,-0.44934,0.064332,0.408,0.030964,0.28351,-0.0084557,-0.093419,-0.22164,-0.012668,2.4702e-015,1.6376e-015,0.28494,5.0515e-015,1.8319e-015,2.0244e-015
0,-1.2512e-015,-0.15489,-0.0037846,-2.9497e-015,-7.3325e-016,-2.5972e-015,-0.5264,-1.4745e-015,-3.7513e-015,0.0029814,-0.0937,-2.8588e-015,-1.8282e-015,-0.21597,-1.9255e-015,-8.9723e-016,-1.1449e-015,-4.996e-016,0.086851,-0.0020667,-1.818e-015,-2.7894e-015,-1.0686e-015,-1.707e-015,-0.01049,-2.0817e-015,-3.6811e-015,-1.9845e-015,-1.079e-015,-1.7208e-015,0.2109,0.010495,0.67318,0.0079622,-0.0043121,0.0037846,-0.01524,-0.13776,-0.0020667,-2.1372e-015,-1.471e-015,0.34459,-4.2744e-015,-1.5613e-015,-1.8076e-015
0,6.9462e-016,-0.29981,-0.01218,4.2197e-016,1.3663e-015,3.3746e-016,0.15109,-5.1174e-017,4.9789e-016,-0.0044247,0.28669,-9.992e-016,2.034e-016,0.19255,-2.2551e-017,1.0408e-016,1.0408e-017,2.0817e-016,0.26141,-7.6959e-005,3.747e-016,-1.2351e-015,-1.0408e-017,2.2204e-016,-0.0053364,-1.1102e-016,4.0246e-016,7.6328e-017,2.9837e-016,8.743e-016,0.55157,0.00039081,-0.31211,0.0040505,0.0063995,0.01218,-0.00056751,-0.43786,-7.6959e-005,2.9143e-016,2.4286e-016,0.32544,9.4369e-016,8.3267e-017,2.6368e-016
-0,3.3393e-016,0.1678,0.017835,1.334e-015,1.0631e-015,1.1176e-015,0.26429,9.0553e-016,1.6524e-015,0.0066466,-0.15881,9.4716e-016,8.0524e-016,-0.46723,9.1593e-016,2.9333e-016,7.0777e-016,4.0939e-016,-0.49688,0.00066053,7.2164e-016,1.0356e-015,5.2519e-016,6.3838e-016,-0.0010585,9.1593e-016,1.707e-015,9.7145e-016,4.4756e-016,7.494e-016,0.17162,-0.0033543,-0.18095,0.00080342,-0.009613,-0.017835,0.0048709,0.14042,0.00066053,9.1593e-016,6.5573e-016,0.57346,1.8319e-015,8.8818e-016,7.6328e-016
