-0.13069,-0.002817,-0.0093474,-0.023325,-0.027396,-0.0025542,-0.012587,-0.0098035,-0.0027346,-0.003069,-0.00067671,-0.012399,-0.0009001,-0.0026096,0.0079998,-0.0016231,-0.19464,-0.002328,0.0024236,-0.0011104,0.015888,-0.00047236,0.0012465,-0.0020399,-0.0016035,-0.15398,-0.0023816,-0.027401,-0.1364,0.011848,-0.014625,0.20251,-0.011149,-0.0052417,-0.0097485,0.014229,0.00062505,0.00050695,0.011902,-0.0021653,-0.0018245,0.0010848,-0.00030624,-0.0034691,0.0011398,-0.0089684,-0.0017447,-0.022025,0.032935,-0.00053544,-0.47189,0.0030384,-0.00082014,-0.010787,0.010438,0.0097778,-0.00049826,-0.0086686,0.79552,-0.015221
-0.36416,-0.0074202,0.012217,0.026456,0.03718,-0.0018405,0.016253,0.011787,0.0031422,0.0039049,-0.0016823,0.015323,-0.0021578,0.0027345,0.0033421,0.0016992,-0.50531,-0.0057163,0.0008467,-0.0029448,0.0020082,-0.0012131,-0.0039348,-0.0047417,0.0022175,0.19291,0.0022429,0.036511,0.15661,0.0020151,0.017877,-0.15875,0.013058,0.0063981,0.012473,0.0012794,-0.0002851,-0.0087697,0.0045942,0.0029776,0.0017679,-0.0053601,-0.00093895,0.0031783,-0.010364,0.007256,0.0024399,0.028319,0.010122,0.00040762,0.64916,0.0013253,0.0010779,0.013231,0.00011804,0.0041092,-0.0012796,0.010647,0.31133,-0.011818
-0.38813,0.0030497,0.00094748,0.001709,0.0029843,-0.00055741,0.001231,0.00082121,0.00020442,0.00029325,0.00016181,0.0011095,-0.0012561,0.00015446,0.0037551,9.7638e-05,0.69641,0.0016419,0.00057136,0.0011311,-0.0060194,0.0017763,-0.0082675,-0.0052645,0.00015956,0.014136,9.9719e-05,0.002874,0.010171,-0.0026928,0.0012743,-0.53168,0.00089133,0.00045587,0.00094635,-0.0064313,-0.0012458,-0.016113,0.0043273,0.00024372,8.4467e-05,-0.011613,-0.0012165,0.00013209,-0.019513,0.00019109,0.00020306,0.0021534,0.020549,8.3424e-06,0.05278,0.0014574,8.4245e-05,0.00094446,-0.0072617,0.0046267,0.0018737,0.0007642,0.27756,-0.0038803
-0.61432,-0.002358,0.0016357,0.0018433,0.0055,-0.0021778,0.0020624,0.0010873,0.00021747,0.00047127,-0.0014337,0.0016386,-0.003383,7.8003e-05,-0.0032736,6.5745e-05,0.26186,-0.0037158,-6.4719e-05,-0.0010418,0.013601,0.00071818,0.0028704,-0.010098,0.00031213,0.021727,-7.1153e-05,0.00511,0.010487,0.0065347,0.0018001,0.71919,0.0011762,0.00064829,0.0015741,0.012556,0.0020005,0.009008,-0.0028419,0.00046296,-2.6798e-05,0.0064196,-0.0014515,-0.00014094,0.010097,-0.00084298,0.00039607,0.003563,-0.035879,-5.3986e-05,0.09922,-0.0011701,0.00014794,0.0013255,0.013769,-0.0040308,0.00075756,0.0011019,-0.15395,-0.01738
-0.24733,-0.0029178,-0.0024897,0.019597,-0.014011,0.016333,-0.00088148,0.0086931,0.0028345,0.0006,-0.00084259,0.0059484,-0.0011792,0.004313,0.0035469,0.0013678,-0.15603,-0.0023725,-0.00050561,-0.0012587,-0.0040529,-0.00033116,-0.0027032,-0.0027145,-0.0013141,0.032494,0.0058247,-0.008201,0.20753,-0.0033052,0.0099268,-0.12287,0.0033251,0.0026721,-0.0018387,-0.0043607,-0.00026825,-0.0044629,0.002487,-0.0016127,0.0040921,-0.0030852,-0.0005931,0.0083462,-0.0057588,0.024523,-0.0015626,-0.00035315,0.23041,0.0008912,-0.26476,-0.00022755,-0.00027832,0.0088821,-0.0026306,0.0041587,-0.00034932,0.0049043,-0.15529,0.8401
-0.15976,-0.0018221,-0.0032696,0.041952,-0.020521,0.014853,0.0035874,0.027661,0.0054429,0.0035065,-0.00054465,0.021209,-0.00073156,0.011021,0.007968,0.002089,-0.10389,-0.0014738,-0.00052068,-0.00080535,-0.0031623,-0.00021616,-0.0017459,-0.0016243,-0.0021307,0.08436,0.014501,-0.0060877,0.61942,-0.0029826,0.033283,-0.081611,0.0060611,0.0077401,-0.0027954,-0.0037759,-0.00018983,-0.0026494,0.0069133,-0.0027758,0.010187,-0.001889,-0.00036989,0.02014,-0.003524,0.054596,-0.0026698,0.0078066,0.44394,0.00097742,-0.32511,0.00011731,-0.00030234,0.030328,-0.0017406,0.0095374,-0.00022801,0.016248,-0.12562,-0.48721
-0.042082,-0.00045655,0.003093,-0.020953,0.013692,0.0046061,-0.0047692,-0.026221,-0.0010759,-0.0041347,-0.00014786,-0.020513,-0.00019922,-0.0091973,0.015078,-0.00035006,-0.026687,-0.000391,-0.00058154,-0.00020594,-0.0017364,-5.4579e-05,-0.00042044,-0.00044296,0.0013215,-0.00042657,-0.012054,0.0012735,-0.57962,-0.0025512,-0.031981,-0.012083,-0.0012275,-0.0055854,0.003477,-0.002853,-5.0691e-05,-0.00016104,0.014053,0.0018009,-0.0083919,-0.00021332,-8.9943e-05,-0.016422,-0.00040036,-0.041365,0.0015509,-0.0077115,0.79356,0.00020836,0.1192,0.00066592,8.6001e-05,-0.030022,-0.00032753,0.018238,-5.7572e-05,-0.014778,-0.076504,-0.066946
-0.058558,-0.00061236,0.015524,0.12613,0.025045,0.010044,0.0019929,-0.0099217,0.037223,-0.0062214,-0.00019554,-0.006767,-0.00023582,-0.0009349,-0.003005,0.0074902,-0.039697,-0.00047399,2.3948e-05,-0.00028785,-0.00077734,-7.8349e-05,-0.00064503,-0.0004672,-8.5145e-05,0.90053,-0.0020236,0.020339,-0.24478,-0.00028234,-0.011833,-0.03711,0.020918,0.015653,0.01666,-0.00057078,-7.6129e-05,-0.0011581,-0.0030732,-0.0011557,-0.00044214,-0.00080019,-0.00013033,-0.0041026,-0.0014955,-0.0039855,-0.0032287,0.021512,-0.14834,0.0040716,-0.27503,-0.00025184,-0.00061481,-0.016595,-0.00070397,-0.0037111,-8.2645e-05,0.0037193,-0.029388,-0.057907
-0.091573,-0.00028588,0.00073762,0.0026948,-0.0026881,0.97878,0.00085599,-0.0028258,-0.0037874,0.00026715,-0.00027499,-0.0007136,-0.00011136,0.00069913,-0.0011326,0.002251,-0.064095,-0.00013143,9.4917e-05,-0.00032429,-0.00101,-8.4408e-05,-0.0006802,0.00035413,-0.00018386,-0.074223,0.00089169,-0.0034966,-0.078159,-0.00038078,-0.0031107,-0.060875,0.010649,-0.0015519,0.0031708,-0.001029,-0.0001272,-0.00077227,-0.0015034,0.00041219,0.00048024,-0.00070995,-0.00011893,0.003267,-0.001389,0.017151,0.00060929,-8.9003e-05,-0.073919,0.0019704,-0.042191,-0.00019889,0.00023273,-0.0046954,-0.00057994,-0.0017161,-8.9036e-05,-0.0020871,-0.062579,-0.049797
-0.19438,0.0038995,0.052827,0.3769,-0.0012088,-0.11461,0.057854,0.0047203,-0.035905,0.010565,-0.00039003,0.053649,0.0014353,0.028816,0.0019574,0.068093,-0.13722,0.0037493,0.0013383,0.00013338,0.0016579,7.866e-05,0.00088157,0.0092115,-0.0022652,-0.20795,0.045915,-0.0025828,-0.21957,0.0029657,0.014639,-0.13267,0.32209,0.0020085,0.1121,0.0006444,-0.00025969,0.0052034,0.00077027,0.003094,0.024238,0.0020002,0.00030097,0.13598,0.0034864,0.67528,0.012024,0.093838,-0.13068,0.056089,-0.10655,7.5856e-06,0.0028499,-0.027388,0.0028431,5.7575e-05,8.2974e-05,-0.0054155,-0.13938,-0.092543
0.016009,-0.0003927,0.015059,-0.60813,-0.0047841,0.0089677,-0.0025765,0.00027555,0.032879,-0.019881,2.8257e-05,0.017628,-0.00014552,0.024642,-0.00022067,-0.087166,0.011323,-0.00037238,-0.000127,-2.4366e-05,-0.00019228,-9.979e-06,-0.00011029,-0.00091663,0.0030917,0.10993,0.049373,0.013071,-0.011161,-0.00030075,0.0028473,0.010965,-0.41934,-0.024411,-0.14871,-9.4562e-05,2.1552e-05,-0.00054142,-0.00011743,0.0016034,0.022785,-0.00022109,-3.4486e-05,0.12754,-0.00039628,0.6104,-0.012152,-0.099153,0.010689,-0.073001,0.017442,-6.5109e-06,-0.00068802,-0.0076203,-0.00029365,-5.2627e-05,-1.0526e-05,-0.024507,0.011523,0.0075834
-0.036939,0.0047637,0.047837,-0.59868,-0.09564,-0.015285,0.039193,0.043064,0.071119,0.081935,-7.7305e-05,-0.0059517,0.0015524,0.014444,0.0042564,0.11679,-0.025539,0.0040577,0.0012411,0.00055953,0.0039051,0.0001995,0.0019047,0.047582,0.00019782,0.041829,0.015915,0.058507,-0.0053339,0.0040376,-0.034137,-0.025368,0.74599,-0.079096,-0.056817,0.0024886,-8.67e-05,0.0086895,0.0037535,0.01063,0.01046,0.0034735,0.0005476,9.7751e-05,0.0081511,-0.076011,0.074746,0.050261,-0.023034,0.07295,-0.03505,0.00030641,0.0039907,-0.028488,0.004466,0.0030017,0.00021044,-0.0065472,-0.026491,-0.016395
-0.063368,-0.0038574,0.0067262,-0.0094427,0.0094972,-0.020965,0.010118,0.0041964,-0.0075326,-0.0018119,-0.0025108,0.021537,-0.0035335,0.017721,0.0064978,-0.012457,-0.03468,-0.0034144,0.0023605,-0.0025328,0.013896,0.00048079,-0.0059384,0.98513,-0.00088964,-0.031395,0.011875,0.026228,-0.03629,0.0095881,0.032786,-0.032872,-0.081967,0.011919,-0.0040315,0.0086365,0.00044053,-0.012752,0.0064942,0.0081774,0.014007,-0.0060959,-0.002556,0.0014711,-0.018832,-0.055065,-0.0064134,0.029299,-0.031877,-0.011424,-0.03133,0.00023443,0.0031156,0.00096637,0.014557,0.004267,0.00050715,0.02777,-0.037392,-0.022709
-0.030764,0.007513,0.1725,0.016747,-0.49757,-0.012844,-0.28284,0.01104,-0.019144,-0.093099,0.00017506,-0.077051,0.0025939,0.039272,0.0055889,-0.006716,-0.022067,0.0061308,0.0013381,0.0011089,0.0031784,0.00020333,0.0035661,-0.049818,-0.0096313,-0.036007,0.010718,0.46767,-0.043797,0.004083,-0.010353,-0.022472,-0.11741,0.093071,-0.20495,0.0018166,-0.00023123,0.016891,0.0049185,0.1092,0.026931,0.0062122,0.0012718,0.0066268,0.01749,-0.03286,0.012738,0.52264,-0.019815,-0.0053472,-0.0221,0.0004202,0.013141,0.067718,0.0039618,0.004062,0.00021448,0.20021,-0.022787,-0.014038
-0.17274,0.051519,0.044502,-0.16494,0.2224,-0.069689,0.31789,0.033112,-0.035226,0.073663,0.0002541,0.3802,0.01591,0.1743,0.041151,-0.021178,-0.12119,0.039324,0.0081691,0.0068398,0.01403,0.0013181,0.024007,-0.11878,-0.0057819,-0.10846,0.12905,0.019663,-0.15398,0.0228,0.4308,-0.12557,-0.17003,0.0060655,0.050013,0.0054198,-0.0020821,0.14106,0.036232,0.030206,0.14458,0.045743,0.009834,0.052938,0.14987,-0.24019,-0.027556,0.21285,-0.1091,-0.039861,-0.13362,0.0031476,0.020306,-0.086051,0.020302,0.030311,0.0013904,0.21076,-0.12509,-0.076898
-0.062478,0.049781,-0.012711,-0.015936,0.10796,-0.017932,-0.077618,0.048684,-0.018746,0.0010423,-0.0053482,-0.18003,-0.0042188,-0.048457,0.049255,-0.00266,-0.032454,0.0012151,-0.014366,0.0046984,-0.19759,0.00016749,0.044373,0.02757,0.0018866,-0.027019,-0.031507,0.12548,-0.0077195,-0.11344,-0.2328,-0.048904,-0.020465,0.044537,0.048359,-0.14442,-0.010411,0.54427,0.023419,0.0096747,-0.048475,0.11832,0.034273,-0.0085677,0.63934,-0.011259,0.0053517,-0.10755,-0.031342,-0.0028548,-0.027697,0.010406,0.0069192,0.053289,-0.18483,0.048528,0.00017668,-0.048401,-0.022921,-0.020021
-0.058768,0.019059,0.042816,-0.097318,0.50395,-0.025896,0.090871,0.22102,-0.10525,0.082006,0.0025506,-0.098044,0.015266,-0.10527,0.010363,-5.8833e-05,-0.045728,0.032292,0.01386,0.0028348,0.11788,0.00076248,-0.0046233,-0.040978,-0.0015785,-0.066589,-0.10316,0.46867,-0.019666,0.079555,-0.41792,-0.042719,-0.062074,0.14723,0.18612,0.077966,0.0032956,-0.15231,0.022678,0.074998,-0.11828,-0.023543,-0.0089362,-0.068576,-0.19129,-0.021826,-0.0042666,0.046838,-0.040443,-0.02558,-0.086578,-0.0033684,0.034709,0.024322,0.11809,3.7196e-05,0.00080429,0.11852,-0.052929,-0.029011
0.073758,-0.041488,0.012027,0.017286,-0.096324,0.030179,0.22943,0.16914,0.024243,0.0071249,-0.0016105,0.46116,-0.019181,-0.32149,-0.027991,-0.0040774,0.053963,-0.043758,-0.014122,-0.0049154,-0.10482,-0.00087065,-0.0050381,0.031846,-0.0022655,0.041228,-0.36377,-0.1541,0.047082,-0.07585,-0.13506,0.055863,0.0072555,0.0068539,-0.096196,-0.061299,-0.0010513,0.036719,-0.041161,-0.001175,-0.27798,-0.0015036,0.0013911,-0.36681,0.058012,0.14413,-0.019675,0.23625,0.048431,-0.011656,0.038682,0.002165,-0.02031,-0.14637,-0.11062,-0.012328,-0.00091839,0.16614,0.060418,0.033971
-0.10341,0.15345,-0.0399,-0.0036681,-0.2383,-0.039442,-0.021826,0.1488,0.058715,-0.085065,0.0008221,0.078409,0.05361,-0.086327,-0.007137,-0.007175,-0.072833,0.12783,0.04906,0.013988,0.44546,0.00068522,-0.010506,-0.024193,0.0047948,-0.03782,-0.079603,-0.15694,-0.061949,0.31604,-0.12156,-0.10211,-0.049396,0.020169,-0.10718,0.18726,-0.0045945,0.14384,0.174,-0.03507,-0.070279,-0.034224,0.01716,-0.10148,0.20452,-0.04814,0.0039407,-0.16412,-0.062322,-0.0058279,-0.030721,-0.024409,-0.012075,0.060191,0.49868,-0.076631,0.00072279,-0.088857,-0.090084,-0.044774
-0.022049,0.026688,-0.0080082,0.00037999,-0.056295,-0.0095892,-0.0012052,0.054906,0.011598,-0.026515,0.0017846,0.02632,0.017121,-0.0099834,0.41712,-0.00020472,-0.017561,0.037055,-0.059565,0.0030846,-0.1224,0.00028307,-0.021421,-0.010908,0.0014407,-0.0098392,-0.0069553,-0.023803,-0.016909,-0.15884,-0.030586,-0.00097284,-0.011323,0.010194,-0.026139,-0.24891,-0.0053247,-0.079242,0.79908,-0.007758,-0.0079513,0.0077105,-0.0090949,-0.014738,-0.1482,-0.015832,0.0022072,-0.050538,-0.04374,-0.0017183,-0.0081969,0.0014619,-0.0016636,0.020434,-0.0042509,0.17776,0.0002986,-0.025457,-0.028661,-0.010904
-0.040845,0.075736,0.0012353,0.052123,-0.19778,-0.016034,0.05893,0.46165,-0.0049046,-0.19692,0.0013971,0.27649,0.035902,0.093179,0.23184,0.021589,-0.029844,0.08224,0.0062265,0.0060918,-0.11817,0.00027248,0.039808,-0.011358,0.0086284,-0.018819,0.12588,0.11864,-0.056887,-0.026008,-0.11627,-0.019301,-0.0025041,0.091842,-0.13501,0.011276,0.0048569,-0.026595,-0.35558,-0.015682,0.082094,0.10155,-0.0086161,0.061287,-0.15698,-0.075611,0.030714,-0.33343,-0.031424,-0.0066843,-0.012148,0.040982,0.0035689,0.10341,-0.13141,0.3405,0.00028743,-0.13199,-0.028485,-0.018271
-0.036847,0.13195,-0.026652,-0.06184,0.04669,-0.013866,-0.051812,-0.30062,0.040366,0.13345,0.0012075,-0.2272,0.054166,-0.108,0.45231,-0.019793,-0.026894,0.12544,0.0049231,0.010065,0.029276,-0.00042874,-0.0041394,-0.0073386,-0.0051052,-0.013367,-0.13685,-0.19073,0.0035363,0.11253,0.027056,-0.026338,-0.038025,-0.055933,0.085067,-0.035176,0.0001698,0.01099,-0.3165,-0.0083501,-0.095651,0.014195,-0.0006651,-0.092521,-0.027473,0.022945,-0.028968,0.21353,-0.037829,0.00057858,-0.016343,0.050402,-0.0033769,-0.02577,0.15118,0.541,-0.00045225,0.052595,-0.034754,-0.015817
0.016147,-0.31451,0.0099633,0.012669,0.01411,0.005121,-0.0048824,0.010119,-0.011125,-0.01401,-0.0024965,0.031491,-0.12899,0.0075345,-0.031185,-0.00039214,0.014045,-0.29616,0.011053,-0.022093,-0.31423,0.0030126,0.056641,-0.0011332,0.00044456,0.0051741,0.015885,0.041415,0.0060082,0.48463,0.014232,0.0054714,0.014034,0.0019416,-0.018414,-0.4074,0.00042032,0.17367,-0.041558,0.0073922,0.0085407,0.28023,0.0020335,0.011695,-0.15858,0.0045338,0.0071914,-0.033137,0.0094378,0.0011264,0.0054399,0.0018399,-0.0025987,-0.013584,0.38637,-0.010805,0.0031778,0.01424,0.011857,0.005852
-0.050927,0.37484,-0.040239,-0.045924,-0.059459,-0.016733,0.038009,-0.0011649,0.03994,0.047059,0.00047914,-0.10866,0.15652,-0.0074212,-0.18823,0.0072083,-0.035544,0.36458,0.035037,0.022717,-0.18508,-0.0026754,0.11726,0.00092003,-0.001382,-0.016376,-0.044312,-0.1508,-0.021,0.082645,-0.066618,-0.028144,-0.054612,-0.0040353,0.080212,0.042337,0.0064193,0.22999,0.054773,-0.032111,-0.016002,0.48172,-0.014541,-0.030861,-0.39245,-0.018893,-0.029861,0.13723,-0.018731,-0.0046951,-0.017525,-0.014051,0.014078,0.059077,-0.14912,-0.20384,-0.0028221,-0.075693,-0.025128,-0.019127
-0.0049478,-0.33547,-0.091515,-0.066277,-0.12505,-0.0036623,0.21188,0.22971,0.050686,0.05649,-0.0016752,-0.13385,-0.1381,0.14465,0.085962,0.055792,-0.0015068,-0.31747,0.014415,-0.021645,0.18758,0.0039301,0.066082,-0.008962,-0.0011007,0.0027096,0.031385,-0.22881,-0.010222,-0.1014,-0.20741,-0.015697,-0.10438,-0.0022317,0.23666,0.22926,-0.0020401,0.086229,0.037752,-0.087372,0.093613,0.14314,0.0058628,0.044168,-0.03644,-0.033079,-0.077035,0.38091,-0.0092431,-0.0099494,-0.0010255,-0.00091484,0.05688,0.13289,-0.083957,0.060907,0.0041456,-0.29391,-0.012408,-0.0041885
-0.021854,-0.22492,0.058167,0.030246,0.071192,-0.0088773,-0.16891,-0.20493,-0.01938,-0.023186,-0.002309,0.053534,-0.093747,-0.13856,0.12047,-0.046687,-0.012455,-0.21251,0.03471,-0.015781,0.27029,0.0032031,0.12905,-0.0071544,0.00040944,-0.014813,-0.057063,0.11135,-0.0071089,-0.12185,0.14632,-0.031949,0.059086,0.0032619,-0.16681,0.38593,-0.0019934,0.25367,0.072854,0.059146,-0.097251,0.40529,0.0034711,-0.061005,-0.20068,0.015564,0.05182,-0.26781,-0.018823,0.0056889,-0.012066,-0.0037554,-0.042977,-0.076872,-0.14789,0.074404,0.0033788,0.22019,-0.025258,-0.010155
-0.00020467,-0.0011133,0.52739,0.044223,-0.22639,-9.013e-05,0.57324,-0.22303,-0.04211,0.058222,5.5141e-06,-0.14092,-0.00042783,-0.15416,-0.0011146,-0.047398,-0.00014622,-0.00099448,-6.5776e-05,-5.2002e-05,-0.0017557,1.9749e-05,-0.00024092,-9.6084e-05,0.020945,-0.003718,0.016981,0.21384,0.014684,0.00012973,0.059997,-4.0369e-05,-0.059358,-0.17389,0.042796,-0.0013281,4.7146e-05,-0.0020219,-0.00035338,0.10319,-0.15763,-0.0022118,-2.4258e-05,-0.013747,0.001097,-0.036244,0.07404,-0.16206,-9.6815e-05,-0.06331,-0.0099368,7.9465e-06,0.027182,0.098152,-0.00045865,-0.00086247,2.0832e-05,-0.26486,-0.00010269,-0.00010325
-0.04647,-0.061051,-0.048311,-0.054615,-0.049853,-0.018167,0.00073084,0.038858,0.0094451,0.055143,4.2336e-05,-0.10187,-0.02082,-0.13285,0.059986,-0.0027627,-0.031935,-0.045928,0.17125,-0.0025334,-0.32738,0.0026803,0.25627,-0.011514,-0.0061613,-0.019444,-0.05351,-0.087247,-0.059841,0.38106,0.17696,-0.031245,0.0071031,0.22542,0.040569,0.31109,0.03528,-0.29454,0.10509,-0.018353,-0.12244,-0.077797,-0.0070896,-0.042557,0.18493,0.003464,-0.0061319,-0.074516,-0.029985,-0.0019199,-0.024595,-0.01233,0.003112,0.40401,-0.23318,-0.027504,0.0028273,0.13605,-0.038697,-0.020885
0.00063769,-0.019672,-0.080857,-0.054647,-0.034274,-0.00062651,0.045988,0.097895,-0.026106,0.062594,0.0016914,-0.098942,-0.007657,-0.14763,-0.1067,0.013744,-0.00096039,-0.020516,-0.14145,0.0014731,0.18672,0.00023607,-0.18522,-0.0033739,-0.0089561,0.0032181,-0.033169,-0.049288,-0.05186,-0.32296,0.28071,0.0040117,0.03913,0.32377,0.078149,-0.29119,-0.026237,0.1366,-0.10493,-0.03413,-0.1412,0.0022302,0.0037232,-0.018242,-0.13112,0.034439,-0.012902,-0.058181,0.0021527,0.0025052,-0.0063453,0.013602,0.011246,0.58001,0.13684,-0.015477,0.00024902,0.15356,0.0058268,-0.00072064
-0.018316,-0.020812,0.44894,0.010996,-0.086805,-0.0073583,0.031348,0.161,-0.099241,0.1771,0.00078755,-0.19746,-0.0065217,0.15673,-0.033453,-0.08085,-0.013103,-0.015122,-0.022966,0.0007036,0.0053046,0.0012633,0.027877,-0.0051722,-0.0038125,0.00018108,0.07799,-0.43139,-0.0092499,-0.048936,-0.27876,-0.0112,-0.015166,0.10174,-0.041257,-0.051439,-0.0038892,-0.035754,-0.019026,0.12036,0.15091,0.001162,-0.0016518,0.046267,-0.00081852,-0.034464,0.055222,-0.12247,-0.010728,-0.061721,0.0099226,0.0047753,-0.013474,-0.095409,0.0035797,-0.0094056,0.0013326,0.53615,-0.012034,-0.0084887
-0.025493,0.0090847,-0.033707,-0.0054015,-0.0052966,-0.0076904,-0.017363,-0.026992,0.042291,-0.010525,-0.0059354,0.011166,0.01196,-0.016416,-0.088367,0.0012757,-0.013809,0.03674,-0.16712,-0.008319,0.17304,0.0013002,0.71865,0.0025528,0.00049701,-0.01158,-0.015988,0.022943,-0.0083438,-0.22624,-9.8046e-05,-0.02062,-0.012249,-0.02699,0.0024282,-0.25958,-0.040992,-0.37737,-0.055543,-0.0032675,-0.014943,0.27903,-0.029799,-0.013137,0.20618,-0.0097473,-0.0034307,-0.0037747,-0.010614,0.0032612,-0.010361,0.017082,9.9828e-05,-0.022343,0.13369,0.0058141,0.0013715,-0.042717,-0.010176,-0.0088799
-0.027521,-0.027859,-0.13104,0.023473,-0.21088,-0.01123,-0.0015851,-0.0028973,0.7748,0.28121,0.0025471,0.051954,-0.009075,-0.034848,-0.036238,-0.040566,-0.020193,-0.021856,-0.0018136,0.0043466,-0.022323,0.0023879,-0.047123,-0.0082038,-0.0044052,-0.046577,0.026351,0.14452,-0.019449,-0.022579,-0.040465,-0.016861,-0.074243,0.023229,0.32311,-0.020552,0.0015488,-0.0040276,-0.011213,0.13306,-0.045106,-0.032177,0.0020202,0.086431,-0.025017,-0.024139,-0.02379,-0.17383,-0.017096,-0.032419,-0.0057984,0.0081795,0.020524,-0.14311,-0.018493,-0.0033861,0.0025189,0.15803,-0.01978,-0.012994
0.013342,0.01226,-0.28955,0.0082406,-0.21317,0.005398,0.25361,-0.15614,-0.24277,0.3043,-0.0013415,-0.06396,0.0036677,-0.025758,0.024242,-0.11193,0.0097436,0.0087287,0.00062843,-0.0026935,0.0093161,-0.0013201,0.015178,0.0037622,0.056191,0.019019,0.073692,0.093161,0.024125,0.0098848,-0.040467,0.0083417,0.044491,0.62557,-0.11932,0.0085519,-0.00065592,0.0045628,0.0020178,-0.14427,0.031452,0.011951,-0.0008981,0.078332,0.0094962,-0.0011966,-0.0029115,-0.048689,0.008368,-0.054574,0.018604,-0.0074187,-0.083154,-0.36833,0.0075628,-0.0071825,-0.0013925,-0.08467,0.0096839,0.0062548
0.018341,0.015172,0.0061733,0.0072117,0.00021021,0.0073693,0.0023409,0.019612,0.013724,0.012248,-0.002012,0.0089419,0.0052303,0.0045492,0.66679,0.0042955,0.013343,0.011502,-0.040222,-0.0045214,0.03297,-0.00205,0.024444,0.0049416,-0.0026795,0.0089762,0.010913,0.0093632,0.0084515,-0.019063,0.0092009,0.012609,0.0055858,-0.014362,0.026244,-0.059146,-0.0073795,0.00033615,-0.21771,0.011061,0.0012951,0.019476,-0.0031131,0.015158,0.0083833,0.0098656,-0.0032497,0.00097352,0.018512,-0.0007201,0.0094937,-0.2704,0.0042911,0.016677,0.0058076,-0.64922,-0.0021624,0.022776,0.019984,0.0085484
-0.017529,-0.015047,0.19581,0.019361,0.27168,-0.0070012,0.15824,-0.14962,0.49637,-0.45949,0.0022194,-0.11368,-0.0036194,0.039734,0.0052537,0.021854,-0.012714,-0.0075721,-0.0021208,0.0063275,-0.0090566,0.0023932,-0.012178,-0.0045268,0.0049628,-0.052303,0.0057519,-0.112,0.0038276,-0.012711,-0.059629,-0.01108,0.031273,0.41829,-0.34146,-0.012988,0.00052772,-0.0077193,-0.013346,-0.070441,0.048227,-0.011281,0.00134,-0.02879,-0.0098919,-0.016501,0.098353,0.13862,-0.010584,0.07992,-0.015029,-0.0036547,-0.018539,-0.017288,-0.0084955,-0.024222,0.0025244,-0.092216,-0.012376,-0.0081321
0.014208,0.013104,-0.17738,0.023689,0.0073584,0.0056563,0.16957,0.031658,-0.021786,-0.15704,-0.0022031,-0.054314,0.0026023,-0.36824,0.0009316,0.15401,0.010301,0.00417,0.00063511,-0.0078332,0.0070658,-0.0023667,0.0086301,0.0035771,0.055519,0.011182,0.32783,-0.082239,0.0063517,0.0095171,-0.11495,0.0090449,-0.014777,-0.16385,-0.16957,0.00928,-0.00054697,0.0062379,0.00842,0.03776,-0.33655,0.0083308,-0.0014389,0.56681,0.0074301,-0.094134,-0.20872,0.10195,0.0086481,0.11682,0.013615,-2.6296e-05,0.0042931,-0.044759,0.0063781,0.013447,-0.0024965,0.21888,0.010114,0.006577
0.0017889,0.0026832,0.076827,-0.1525,-0.16819,0.00070257,-0.063596,-0.17357,-0.18782,-0.49636,-0.00040224,0.1022,0.00085919,0.034611,0.00033518,0.24383,0.0012887,-0.00093611,-0.00025457,-0.0031521,0.00081135,-0.0004118,0.00089096,0.00041312,-0.039048,0.021057,-0.13733,-0.065812,0.025459,0.0011449,0.0070704,0.0011379,-0.02723,0.2735,0.56659,0.001058,-6.9005e-05,0.00075252,0.00088621,0.18103,-0.088445,0.0008576,-0.00025388,0.10312,0.00077555,-0.02226,-0.018938,-0.093795,0.0010826,0.031305,0.0062044,-0.00034363,0.18182,-0.18843,0.00069126,0.0013279,-0.00043438,0.052197,0.0012683,0.00081812
0.021409,0.16251,0.015069,0.0085552,0.0097305,0.0082449,0.0038422,0.011872,0.012632,0.0041058,-0.048071,0.0081676,0.67351,0.0074403,0.0041597,-0.0043648,0.017762,-0.39983,-0.0079387,-0.59353,0.0064805,0.010723,0.0088909,0.0043826,-0.007347,0.0094444,0.010137,0.0081614,0.010955,0.012109,0.010148,0.01352,0.010157,0.010592,0.012654,0.0141,-6.9389e-05,0.0082532,0.0099666,-0.0084494,0.0059959,0.0081512,-0.0025439,0.0078083,0.0071749,0.011935,0.011515,0.0092269,0.01273,-0.0060496,0.010472,-0.0056442,0.0011337,0.0083378,0.0093256,0.014907,0.011312,0.0071032,0.014941,0.0096052
-0.0097647,-0.08853,-0.28045,0.019199,-0.049133,-0.0036447,0.26437,-0.087172,-0.02324,-0.058992,-0.0030931,-0.1449,0.1244,0.19787,-0.0018632,0.1911,-0.0064072,0.025979,0.0078356,0.061434,-0.0010325,0.004753,-0.0088362,-0.0016091,0.18858,0.00030054,-0.16622,0.044932,-0.0044966,-0.0046768,-0.040528,-0.0060126,-0.0098214,-0.066705,-0.18429,-0.0077346,-0.00037879,-0.0038149,-0.0043129,0.52609,0.2191,0.00079288,0.0027839,-0.21192,0.001927,0.050134,-0.38689,-0.10539,-0.0056327,0.22985,6.0128e-05,0.0028538,-0.060352,0.081343,-0.0052638,-0.0064382,0.0050136,0.10237,-0.0066238,-0.0042469
-0.029169,-0.53333,0.03612,-0.01495,-0.0026387,-0.010282,-0.057605,0.0018565,-0.010916,0.0072075,-0.018507,0.017712,0.6541,-0.048576,-0.0055454,-0.032616,-0.017625,0.22578,0.036619,0.44203,0.01177,0.016774,-0.041209,-0.0027835,-0.027749,-0.012786,0.019283,-0.01965,-0.013806,-0.0038946,-0.0052981,-0.017262,-0.01155,-0.00064534,0.018766,-0.032577,-0.0031116,-0.010607,-0.011582,-0.093408,-0.050816,0.019746,0.011513,0.03079,0.02577,-0.025727,0.061781,0.0086764,-0.015909,-0.037559,-0.014027,0.0076237,0.010309,-0.026647,-0.026614,-0.017124,0.017693,-0.030112,-0.018797,-0.011982
-0.0043082,-0.015331,-0.000866,-0.0017267,-0.0014088,-0.0015741,-0.0025189,-0.0016228,-0.0019191,-0.00018872,-0.00058309,-0.00064592,0.017861,-0.0025564,0.0087896,-0.00052969,-0.0028505,0.0035075,0.11784,0.013952,-0.50701,0.0017571,0.033778,-0.00059606,0.00021441,-0.0018662,-0.00094804,-0.0018374,-0.0021137,-0.47156,-0.0016332,-0.0070233,-0.0018946,-0.0015061,-0.0014034,0.40161,-0.035647,0.010538,-0.02756,-0.0019619,-0.0024406,0.0078876,0.011965,-0.00032589,0.0091159,-0.0026064,0.00046028,-0.0010814,-0.0018701,-0.00035611,-0.0020417,0.019974,0.00018798,-0.0019929,0.58209,-0.039872,0.0018534,-0.0021206,0.00067034,-0.0018348
-0.0083389,0.02153,-0.0023275,-0.0036206,-0.00304,-0.0033761,-0.0047414,-0.0036251,-0.0038054,-0.00045774,0.0021105,-0.0017545,-0.026521,-0.0046981,0.00091986,-0.00062526,-0.0061803,-0.016433,0.93895,-0.035961,0.13233,0.0039447,0.01249,-0.0022443,0.0012714,-0.0040228,-0.0026626,-0.0037569,-0.0045503,-0.13908,-0.0035234,-0.0018694,-0.0040935,-0.0032622,-0.0034856,-0.2488,-0.10667,-0.041481,-0.018995,-0.0031218,-0.0045303,0.034789,-0.027545,-0.001363,-0.0015593,-0.00542,0.0001469,-0.0026168,-0.0050377,-0.00015589,-0.0043798,-0.0064756,0.00041351,-0.0039189,-0.021974,-0.013883,0.004161,-0.0042357,-0.0056753,-0.0039365
0.0042647,-0.00053281,0.043365,-0.022299,0.078656,0.0016691,-0.15969,0.070838,-0.031732,0.039887,-0.0016656,0.075009,0.0010092,-0.22821,-0.00040579,-0.20397,0.0030766,0.0042691,0.0020026,0.0017151,0.0015015,-0.0039816,0.00046043,0.00095217,-0.30307,0.00587,0.39903,-0.1402,0.0051229,0.0015318,0.036644,0.0027314,0.038296,0.15133,0.052982,0.0019964,-0.00098784,0.00099255,0.0019417,0.62099,-0.040546,0.0031605,-0.0031885,-0.14382,0.0026534,0.0069302,0.0088002,0.1098,0.0025764,-0.025069,0.00083249,-0.010045,-0.25233,-0.029566,0.0020604,0.0046585,-0.0042,-0.2722,0.0030719,0.0019478
-0.037442,0.0053798,-0.0068146,-0.015902,-0.010332,-0.014702,-0.023646,-0.013396,-0.013408,0.0018954,0.020732,-0.0066231,-0.008117,-0.020932,0.13934,-0.0028818,-0.027256,-0.039107,-0.0044715,-0.007774,0.010995,0.055052,0.019845,-0.0085016,0.0043294,-0.017783,-0.0066679,-0.018886,-0.019978,0.0026492,-0.013325,-0.023956,-0.01786,-0.0085098,-0.016589,-0.023567,0.012217,0.0067594,-0.036433,0.002823,-0.018682,-0.051819,0.089851,-0.011164,-0.037993,-0.023006,-0.0033402,-0.010459,-0.021076,0.0035554,-0.019211,0.94087,-0.00043735,-0.016147,-0.026634,-0.24595,0.058071,-0.024751,-0.029525,-0.017162
-0.020397,-0.0025313,-0.0026448,-0.0078822,-0.0051885,-0.0073758,-0.011818,-0.0066928,-0.0063595,0.0018404,-0.0033824,-0.0033835,0.011124,-0.0095335,-0.023822,0.00020899,-0.013753,-0.016933,0.029443,0.016683,-0.0059638,0.041124,0.33945,-0.0025614,0.0023622,-0.0089652,-0.0048587,-0.0090855,-0.010044,-0.014123,-0.0065116,-0.0093665,-0.0093008,-0.0041609,-0.0089748,-0.039012,0.014453,0.22202,-0.0055144,-0.00036563,-0.0094732,-0.35265,0.79936,-0.0050795,-0.2167,-0.011588,-0.0028997,-0.0057548,-0.011694,0.0029064,-0.0096335,-0.11787,0.0012645,-0.008138,-0.02331,0.018411,0.043379,-0.012148,-0.013084,-0.0086111
-0.0082085,-0.0050637,0.18974,-0.042546,-0.030677,-0.0032633,-0.081397,-0.093227,0.011121,0.070876,-0.0042688,0.063563,-0.0084563,-0.033282,-0.0051364,0.23383,-0.0065136,0.0042064,-0.0038715,-0.012548,-0.0038664,0.10716,-0.019169,-0.0019895,-0.051685,-0.0070617,0.47836,0.044931,0.0014411,-0.0038767,-0.06169,-0.005456,-0.066388,0.054662,0.087495,-0.0027703,0.0021884,-0.015498,-0.0028304,-0.35242,-0.040236,0.012743,0.00032551,-0.42507,0.0052557,0.041397,-0.42178,-0.062757,-0.005119,0.33228,-0.00082542,-0.017268,0.015287,-0.023237,-0.0028792,2.5928e-05,0.11303,0.036233,-0.0059136,-0.0038108
-0.040135,-0.037824,-0.030985,-0.0097694,-0.004094,-0.015975,-0.016908,0.0043235,-0.014704,0.0013746,-0.042889,-0.017382,-0.052046,-0.013141,-0.024846,-0.031266,-0.032467,0.044672,-0.019602,-0.084081,-0.018789,0.6545,-0.11301,-0.0097884,0.0066444,-0.019096,-0.10256,-0.028869,-0.022876,-0.018898,-0.00045767,-0.026778,-0.011188,-0.014436,-0.040846,-0.012867,0.010407,-0.091321,-0.013894,0.061089,-0.017155,0.082796,0.03076,0.068641,0.036276,-0.034187,0.058394,-0.0032855,-0.025056,-0.044355,-0.021462,-0.082619,0.0079606,-0.016231,-0.013797,-0.000331,0.69039,-0.039467,-0.028953,-0.018655
0.0033513,-0.010676,-0.19968,-0.022985,-0.059109,0.0013323,0.10709,-0.089286,-0.019586,-0.29318,-0.018941,-0.022936,-0.0053507,-0.072554,0.0018488,-0.2672,0.0024422,0.020081,0.00043137,-0.018091,0.0016409,0.019778,-0.020983,0.0008117,0.54296,0.0056226,0.34955,0.020142,0.0041641,0.0016065,-0.097729,0.0021209,0.050775,-0.11545,0.21527,0.0022206,-0.001745,-0.017379,0.001179,-0.057284,0.078652,0.025998,0.036278,-0.26656,0.013799,0.04203,0.27133,0.045892,0.0020875,-0.17946,-0.00075738,0.00553,-0.21914,0.070129,0.0016784,0.00032235,0.020862,0.18888,0.0024224,0.001556
0.014857,-0.11827,0.014621,0.0075627,0.0072515,0.0059148,0.003395,0.0097206,0.0060047,0.016123,-0.17794,0.0043644,-0.06442,0.011748,0.007828,0.017299,0.012769,0.19847,-0.0076228,-0.22862,0.0088573,-0.12609,-0.39487,0.0036245,-0.039802,0.0069751,-0.013869,0.0067122,0.0079794,0.0071171,0.010332,0.0083594,0.0042127,0.010225,-0.0052422,0.020013,-0.016519,-0.33291,0.0051429,0.0011457,0.0030719,0.44646,0.54875,0.0174,0.22591,0.00721,-0.017299,0.0013627,0.0092646,0.010354,0.0079454,0.022577,0.011496,0.0022733,0.012275,0.0016182,-0.133,-0.00077484,0.010799,0.0069079
-0.054883,0.29292,0.0024455,-0.022196,-0.0091324,-0.020371,-0.044936,-0.0099248,-0.01451,0.011578,0.62556,-0.0066901,0.089452,-0.028063,-0.022724,-0.00092176,-0.040032,-0.42219,-0.014275,0.39671,-0.019814,0.0061718,-0.18099,-0.0085805,0.076866,-0.025141,-0.013653,-0.030246,-0.027953,-0.026128,-0.010506,-0.034098,-0.02641,-0.004932,-0.022565,-0.020613,0.017454,-0.19032,-0.018938,0.010623,-0.032593,0.18369,0.19364,-0.011186,0.065934,-0.032758,0.0019793,-0.011821,-0.03188,0.007654,-0.027211,-0.048807,0.010867,-0.024774,-0.017826,-0.013448,0.0065102,-0.043767,-0.037098,-0.0238
-0.023382,-0.042466,0.24321,-0.015934,0.084846,-0.0093461,-0.26344,0.14139,0.014,0.21363,-0.065985,0.051584,-0.017001,-0.058884,-0.0096524,0.10495,-0.016622,0.031655,-0.0051956,-0.060933,-0.0096742,-0.032025,0.00064377,-0.0058018,0.73766,-0.01608,-0.038172,-0.096025,-0.013104,-0.011584,0.13393,-0.015515,-0.043984,0.13878,-0.043669,-0.010759,0.02457,0.0027827,-0.0085732,0.158,-0.15114,-0.02373,-0.028998,0.071961,-0.014632,-0.03553,-0.064526,0.034027,-0.014629,0.092741,-0.017973,-0.017477,0.14838,-0.10017,-0.0085388,-0.006999,-0.033781,-0.25661,-0.017069,-0.010922
-0.021048,-0.020554,-0.016919,-0.0084769,-0.010243,-0.0082934,0.00011833,-0.015612,-0.0069505,-0.0094813,-0.0093458,-0.0060929,-0.0084883,-0.0065974,-0.0083696,-0.0071267,-0.014992,0.0064383,0.082622,-0.02839,0.013554,-0.016917,0.0029466,-0.0048274,-0.024415,-0.009934,-0.0035148,-0.0061003,-0.011411,-0.073734,-0.015251,-0.016743,-0.0088791,-0.012055,-0.0075686,-0.050807,0.98809,-0.012468,-0.013115,-0.0070034,-0.003392,0.016913,-0.015278,-0.010155,0.0064664,-0.011837,0.006321,-0.0080875,-0.012926,-0.0011831,-0.010672,-0.015408,-0.0039259,-0.0026073,0.029633,-0.010747,-0.017845,-2.5614e-05,-0.014624,-0.0096949
-0.015047,-0.31213,-0.0089241,-0.0055925,-0.005723,-0.0055019,-0.0025912,-0.0095002,-0.0043482,-0.0031866,0.74033,-0.0026878,-0.05048,-0.0040546,-0.0051237,-0.0031211,-0.0090652,0.36531,-0.0072644,-0.45303,-0.0070466,-0.018603,0.036717,-0.0020802,-0.0079867,-0.0066326,-0.001976,-0.0051566,-0.0075838,-0.003262,-0.0092873,-0.0092171,-0.0065626,-0.0062469,-0.0058749,-0.0031676,-0.017301,0.05561,-0.0045639,-0.0022767,-0.0044064,-0.061625,-0.043516,-0.0061532,-0.015536,-0.0080643,0.0051847,-0.004894,-0.0086245,0.0013255,-0.0071458,-0.0066222,0.0011105,-0.0020343,-0.0054165,-0.0043601,-0.019623,-0.0026366,-0.010128,-0.0064335
0.0058769,0.0019359,0.13035,-0.046389,-0.030715,0.0023228,0.0025276,0.17785,-0.0081705,-0.091852,0.0068287,-0.088102,0.0015987,-0.16506,0.0021271,-0.33169,0.0042321,0.0028637,0.0017943,0.0023099,0.0024549,0.0029687,0.0023983,0.0013663,0.034398,0.0040904,-0.25923,0.043438,0.0019094,0.0022278,0.13221,0.0038424,-0.022091,-0.01365,0.18708,0.0022219,0.0036891,0.0023685,0.0020374,-0.14149,0.18362,0.0025085,0.0019496,0.17402,0.0024481,-0.022624,-0.095514,-0.0013702,0.0036407,0.55904,0.00026102,0.0026199,-0.50565,-0.095627,0.0024059,0.0019612,0.0031315,-0.0047938,0.0042624,0.0027166
-0.03741,-0.01484,-0.13081,-0.015852,-0.033336,-0.014761,0.023256,-0.19686,-0.062171,0.12891,-0.029062,0.16778,-0.010003,0.10823,-0.013278,-0.11866,-0.026922,-0.015005,-0.01043,-0.017544,-0.015294,-0.016543,-0.014671,-0.0086077,-0.033415,-0.0085605,0.08158,-0.050537,-0.019313,-0.014504,-0.2013,-0.024464,-0.11877,-0.016247,-0.046118,-0.014299,-0.01638,-0.014702,-0.01289,0.10001,-0.097241,-0.015782,-0.01115,0.00023867,-0.015308,-0.032059,0.50703,0.0019861,-0.023145,0.63698,-0.019121,-0.015208,0.29642,0.13627,-0.014889,-0.012616,-0.01745,0.0055763,-0.027105,-0.017268
0.00051635,0.00021012,0.12001,-0.017701,0.019827,0.00020419,-0.094142,-0.43857,-0.0069204,0.11127,0.00033984,0.47454,0.00013926,0.016535,0.00018098,-0.063634,0.00037275,0.00020336,0.00013567,0.00024395,0.00020852,0.00020458,0.00020251,0.00012008,0.087878,0.00049518,-0.081836,-0.027847,0.0024656,0.00020245,-0.38058,0.00033881,0.048635,0.077865,0.018089,0.00019855,0.00017649,0.00020383,0.00017731,-0.013927,0.17404,0.00021738,0.00014764,0.26336,0.00021232,-0.065834,-0.23156,0.02049,0.00032029,-0.12174,-0.0015982,0.00019456,-0.24137,0.3723,0.00020274,0.00017569,0.0002158,-0.055088,0.00037519,0.0002389
0.31875,0.12562,0.10378,0.13317,0.10841,0.12542,0.11037,0.11389,0.067054,0.083411,0.13467,0.1148,0.075826,0.1466,0.10792,0.045572,0.2294,0.12359,0.074601,0.13051,0.12461,0.099746,0.11834,0.071921,0.056664,0.15626,0.1094,0.11389,0.17479,0.12481,0.1148,0.20867,0.12605,0.11061,0.11061,0.12132,0.069648,0.12521,0.10716,0.071921,0.073605,0.12582,0.069648,0.11343,0.12562,0.18684,0.065852,0.1118,0.19692,0.095662,0.16491,0.10131,0.089925,0.1094,0.12069,0.10841,0.10522,0.10378,0.23081,0.14681
0,-4.6838e-16,-1.2779e-15,-5.205e-16,2.0709e-16,2.7316e-17,-4.9457e-16,-7.1342e-16,-3.7016e-16,0.12653,-5.2668e-15,-2.7929e-16,1.0152e-15,-0.36724,-1.112e-15,0.66271,1.3878e-17,4.5103e-16,1.0061e-16,-4.4409e-16,-2.7756e-17,-0.00054684,1.936e-15,8.3267e-17,8.3961e-16,5.5511e-17,-6.1409e-16,-4.1633e-17,-5.5511e-17,-8.3267e-17,3.8858e-16,-6.9389e-18,-0.15431,1.0061e-16,3.1225e-16,-1.249e-16,-1.2518e-14,1.2906e-15,1.3878e-17,2.2204e-16,0.40523,-1.6775e-15,8.3267e-17,-2.8449e-16,-1.7798e-15,5.5511e-17,0.39391,8.3267e-17,-1.5266e-16,1.4572e-16,-1.3878e-17,2.3592e-16,-0.25834,0,5.5511e-17,2.2551e-16,0.00051842,1.249e-16,2.7756e-17,1.3878e-17
0,-8.743e-16,7.3252e-16,3.9821e-16,5.7615e-17,-4.4866e-17,1.1815e-16,-6.8271e-16,1.128e-15,-0.05164,-1.8597e-16,-7.3899e-16,-7.7738e-16,-0.50154,6.4011e-16,-0.27046,-6.9389e-17,-6.5919e-17,-6.8695e-16,-1.9429e-16,4.1633e-17,0.025262,-5.9674e-16,-8.3267e-17,5.5511e-17,-1.1102e-16,2.7756e-17,1.9429e-16,1.3878e-17,4.6144e-16,4.4409e-16,-5.2042e-17,0.062976,6.9389e-17,-5.5511e-17,1.0061e-16,-1.8728e-14,1.3878e-16,-1.6306e-16,-7.5634e-16,0.55342,5.2042e-16,-7.4246e-16,3.1919e-16,6.6266e-16,2.7756e-17,-0.16076,1.249e-16,5.5511e-17,-8.6042e-16,-6.9389e-17,-5.4123e-16,0.57909,-9.0206e-17,3.4001e-16,9.7145e-17,-0.023949,6.245e-17,1.3878e-17,5.5511e-17
0,-1.5526e-16,-4.5647e-16,-1.9046e-17,-5.8209e-17,9.8725e-19,-7.186e-18,-5.6535e-16,-1.2611e-16,0.0018941,8.7492e-17,4.245e-16,3.0722e-16,0.017192,1.7076e-18,0.0099202,3.0358e-18,1.4355e-16,3.4326e-16,6.7654e-17,5.2042e-17,0.72528,-1.2013e-16,4.3368e-18,-1.8084e-16,2.3419e-17,8.5912e-16,6.8088e-17,9.9747e-18,1.4225e-16,-2.588e-16,7.1557e-18,-0.0023099,1.1905e-16,-1.0582e-16,-1.1612e-16,8.8883e-16,-1.9516e-16,4.2718e-17,8.1532e-17,-0.018971,5.9523e-17,1.1146e-16,-2.8796e-16,9.335e-17,2.4286e-17,0.0058965,-1.7564e-16,-6.9389e-18,1.6263e-16,1.4311e-17,-3.6212e-16,-0.020365,8.4243e-17,-2.1641e-16,3.2277e-16,-0.68757,-1.7347e-18,4.3368e-19,8.6736e-19
