-0.035043,-0.0013654,-0.00042885,-0.0014783,-0.0019614,-0.0012517,-0.0033765,-0.00035428,-0.0014044,-0.00059016,-0.0016601,-0.00019565,-0.0016841,-0.0055951,-0.024324,-0.0014567,0.0058116,-0.0011565,-0.049101,-0.0011312,-0.0013918,-0.00086678,-0.00062052,-0.00020907,-7.929e-05,-0.0061466,-0.0010407,-0.58059,-0.0040333,-0.0017907,-8.9931e-05,0.0010935,0.0039089,0.0002009,-0.0062538,-0.00013321,-0.00031777,-7.4577e-05,-0.00039322,-0.0068277,-0.12189,-0.00021895,-0.00051617,-0.00021883,-0.12086,-0.014326,0.0026083,-0.0026837,-0.0014723,-0.00039132,-0.00021081,-0.00041347,0.0037242,-0.00022054,0.7928,-0.003754,-0.013425
0.027434,0.0011155,0.00035308,-0.0014569,-0.0018291,-0.0011673,-0.0029261,0.00060861,0.0011389,-3.8258e-05,-0.0014809,0.00016196,0.00037738,-0.0044072,0.043424,0.0046367,0.0035683,0.0058837,0.040978,0.00090676,-0.00087383,0.00070236,-4.0225e-05,0.00016443,6.2039e-05,-0.0052528,-0.00082401,-0.56018,-0.0037878,-0.0016109,7.0364e-05,-0.00045809,0.0023652,0.0013382,-0.0052669,0.00010423,9.2664e-07,5.8351e-05,0.00085969,-0.0062107,-0.047486,7.0772e-05,1.5052e-06,6.3813e-07,0.76917,-0.012755,0.0063995,-0.0024755,0.004843,0.00012649,6.8141e-05,0.00034041,0.0081052,0.00017344,-0.29555,-0.0035255,0.010557
-0.23608,-0.01075,-0.003488,0.0014477,0.001597,0.0010192,0.0014506,-0.0015979,-0.010664,-0.0022246,0.0010347,-0.0016361,-0.0076536,-0.001257,-0.10949,-0.0017265,0.0065378,0.0036574,-0.42473,-0.0081104,-0.0016207,-0.0065545,-0.0023391,-0.0013347,-0.00050045,0.0011248,-4.7282e-05,0.49509,0.0033706,0.0011683,-0.00056761,0.00040418,0.0044407,0.0011158,0.00081142,-0.00084079,-0.0015571,-0.0004707,-0.001352,0.0035074,-0.34346,-0.0010533,-0.0025292,-0.0010723,0.51086,0.0087519,0.006417,0.0020966,-0.0013858,-0.0018825,-0.0010142,-0.0033629,0.0083816,-0.0014079,0.34614,0.0031372,-0.08502
-0.17011,-0.010691,-0.0036637,-0.00051602,-0.00073544,-0.00046935,0.00096018,-0.00097968,-0.009953,0.0037532,-0.00026236,-0.0017746,0.0092861,0.010474,-0.069291,-0.0019929,0.0010357,0.00054837,-0.47684,-0.006814,0.0048783,-0.0060683,0.0039463,-0.00088864,-0.00030924,0.0069394,0.0012444,-0.050672,-0.0015018,-0.00030707,-0.00035074,6.4544e-05,0.00071498,0.0001672,0.0073512,-0.00051955,0.0031986,-0.00029086,-0.0009081,0.0036695,0.84999,0.0011438,0.0051957,0.0022027,0.076981,-0.0018773,0.00097361,-0.0010243,-0.001861,0.0020442,0.0011013,-0.0035324,0.0012706,-0.00093737,0.065349,-0.0013979,-0.053568
0.018138,-0.0060147,-0.0024513,-5.2748e-05,3.6344e-05,2.3194e-05,-0.0001602,0.012645,-0.0044601,-0.00028458,2.4123e-05,-0.0012434,-9.6253e-05,-0.0015647,0.92136,0.029137,-0.0013982,-0.0010426,-0.35346,-0.0017237,-0.00062242,-0.0026236,-0.00029922,0.00010538,0.00013586,-0.0012172,-0.0001608,-0.037841,4.9521e-05,1.7896e-05,0.00015409,-4.8642e-05,-0.00095906,-0.00028219,-0.0012243,0.00022825,-0.00035961,0.00012778,0.011991,-0.0009199,-0.10899,1.9421e-05,-0.00058414,-0.00024765,-0.088011,0.00015519,-0.0015416,7.852e-05,0.027697,3.471e-05,1.8699e-05,-0.0023634,-0.0019929,0.00011116,-0.050375,4.6092e-05,0.014882
0.73073,-0.00076916,-0.0036715,-6.8633e-05,9.6619e-05,6.1661e-05,-8.7419e-05,-0.003567,0.0067165,-0.00010446,0.00013471,-0.0016756,0.0016724,-0.002455,-0.26879,-0.0086598,-0.0010448,-0.00044132,-0.55605,0.012967,-0.00088964,0.0047338,-0.00010983,0.0019929,0.0019226,-0.0020311,-0.00018839,-0.089199,0.00012254,0.00011427,0.0021806,-3.4775e-05,-0.00078118,-0.00012884,-0.0019646,0.00323,-0.00047076,0.0018083,-0.0034122,-0.0017044,-0.16462,0.00030534,-0.00076469,-0.00032419,-0.10229,0.0010708,-0.00079523,0.00022006,-0.0082819,0.00054572,0.000294,-0.0035399,-0.0010277,0.0021022,-0.11393,0.00011405,0.16002
-0.29569,-0.005683,0.006259,-9.7487e-05,4.5036e-05,2.8742e-05,3.3647e-05,-0.00058096,-0.0073418,4.0135e-05,6.2692e-05,-0.00053271,0.00074284,-0.00055199,-0.045105,-0.0014428,-0.00024323,-0.0001206,-0.067651,-0.0072318,-0.00018939,-0.0046561,4.22e-05,0.012718,-0.00067491,-0.00046667,-2.651e-05,-0.023537,6.7982e-05,5.6676e-05,-0.00076549,-7.5672e-05,-0.00018968,-3.0716e-05,-0.00043604,-0.0011339,-9.5008e-05,-0.0006348,-0.00055724,-0.00040727,-0.037772,0.00012461,-0.00015433,-6.5428e-05,-0.027214,0.00051668,-0.00018406,9.0734e-05,-0.0013826,0.00022271,0.00011998,0.0060345,-0.00023429,0.013416,-0.029786,6.3275e-05,0.94961
-0.26097,0.0073346,0.0020906,-0.0033279,0.020371,0.013001,0.06382,0.0028642,0.0029236,0.114,0.054599,0.00096208,0.68662,-0.0035315,-0.11326,0.00889,0.028352,0.0050795,-0.18304,0.0034155,0.015083,0.00097735,0.11986,0.0011225,0.0005032,0.0023379,0.012345,-0.15193,0.031021,0.046115,0.00057073,-8.4142e-05,0.012823,0.0039744,0.010482,0.00084541,0.0064196,0.00047329,0.003194,-0.010909,-0.1614,0.10539,0.010428,0.0044209,-0.15506,0.43762,0.030394,0.050693,0.0090463,0.18835,0.10147,0.0020157,0.04316,0.001184,-0.17786,0.028874,-0.12066
-0.052066,0.0024592,0.00066241,-0.0052752,0.023817,0.0152,0.093032,0.00088251,0.0013304,-0.085324,0.10151,0.00030744,-0.51878,-0.0094663,-0.022725,0.0027341,0.0087232,0.0013666,-0.036798,0.0014166,-0.013215,0.00058486,-0.089713,0.0004005,0.00016737,-0.023658,0.015993,-0.048877,0.0063497,0.081803,0.00018983,-1.9289e-05,0.003779,0.0011463,0.01356,0.00028119,0.010671,0.00015742,0.00096933,-0.021394,-0.022657,-0.07973,0.017334,0.0073488,-0.03137,0.79811,0.0094181,0.080832,0.0027669,-0.1425,-0.076767,0.00063865,0.013505,0.00042246,-0.035936,0.00591,-0.024025
-0.085187,0.012007,0.0027199,-0.0039124,-0.0041903,-0.0026742,0.30986,0.0038202,0.0079023,-0.015278,-0.017525,0.0013802,-0.10127,-0.0001612,-0.037465,0.01077,0.075871,0.00080945,-0.060851,0.0078305,-0.00085208,0.0037229,-0.016064,0.0018435,0.00067497,-0.0087253,0.003066,-0.053531,0.65967,-0.021765,0.00076555,-0.00051882,0.024147,0.0069879,-0.0026655,0.001134,0.010057,0.00063485,0.0039885,-0.012108,-0.047405,-0.015739,0.016336,0.0069255,-0.054666,-0.14227,0.087917,-0.020013,0.010703,-0.028129,-0.015154,0.0026224,0.13143,0.0019446,-0.061253,0.614,-0.039035
-0.10928,0.020378,0.0042782,0.0010437,0.012254,0.0078205,-0.091604,0.0049168,0.013585,-0.015353,-0.017578,0.0022844,-0.11268,0.038187,-0.046263,0.00029399,0.37995,-0.029633,-0.078211,0.013293,0.0057875,0.0063051,-0.016143,0.0029606,0.0010443,0.022387,0.0066262,-0.056046,-0.16262,-0.0070176,0.0011844,-0.0037705,0.097041,0.028166,0.030015,0.0017545,0.0022379,0.0009822,0.003898,0.022049,-0.063573,-0.017723,0.0036352,0.0015411,-0.082958,-0.11756,0.46363,0.0029789,-0.00099979,-0.031675,-0.017064,0.0041247,0.70282,0.0031229,-0.086898,-0.15136,-0.04996
-0.15341,0.11032,0.010642,-0.0047589,0.042913,0.027387,-0.029926,0.11186,0.071754,-0.0085717,-0.022369,0.01076,-0.11634,0.21597,-0.10429,0.56931,0.09585,0.059199,-0.11065,0.064295,0.025275,0.026809,-0.0090126,0.0093701,0.0023628,0.085089,0.029658,-0.084755,-0.048061,-0.0023967,0.0026799,0.0012539,0.061996,-0.0023789,0.18272,0.0039697,0.020934,0.0022223,0.13192,0.065066,-0.092561,-0.019225,0.034005,0.014417,-0.093927,-0.12063,-0.17556,0.026623,0.58169,-0.034359,-0.01851,0.01026,-0.12936,0.009884,-0.10422,-0.044733,-0.068593
-0.0019295,0.0017601,0.00012756,-9.2017e-05,0.00057446,0.00036661,-0.00030313,-0.029691,0.0011405,-8.2047e-05,-0.00027803,0.00016729,-0.0014226,0.0038523,0.010215,-0.16094,0.73285,0.02425,-0.0013987,0.0010046,0.00038908,0.0004061,-8.6268e-05,0.00012855,3.0135e-05,0.0013965,0.00042532,-0.0010862,-0.00053546,-1.7975e-05,3.4179e-05,-0.0032174,0.18912,-0.054261,0.0032663,5.0629e-05,0.0003377,2.8344e-05,-0.035548,0.0010306,-0.0011896,-0.00023797,0.00054855,0.00023256,-0.00015222,-0.0014616,-0.60647,0.00035606,-0.16473,-0.00042532,-0.00022913,0.00012298,-0.020891,0.0001356,-0.005617,-0.00049838,-0.00085844
-0.11434,0.14543,0.0062523,-0.012456,0.026062,0.016633,-0.004491,-0.045796,0.091921,-0.0015182,-0.0138,0.013483,-0.078839,0.48654,-0.028174,-0.28298,-0.12609,0.50564,-0.082808,0.077273,0.035397,0.028982,-0.0015963,0.0085073,0.0014494,0.15097,0.028772,-0.068446,-0.022706,-0.0015784,0.0016439,0.0018504,0.022578,0.022028,0.41334,0.0024351,0.034554,0.0013632,-0.057065,0.10426,-0.076042,-0.013574,0.056129,0.023796,-0.066001,-0.076986,0.044582,0.011915,-0.29096,-0.02426,-0.01307,0.0060281,-0.10527,0.0089738,-0.075239,-0.021134,-0.049975
0.019328,-0.034109,-0.00051299,0.0095835,0.017292,0.011036,-0.012827,0.02172,-0.021236,-0.0017506,-0.0022242,-0.0030907,0.010144,-0.3693,0.0012198,0.10478,0.036354,0.84443,0.014051,-0.017115,-0.017186,-0.0059789,-0.0018406,-0.0015499,-0.00015925,-0.097452,-0.0023028,0.016719,-0.0026529,0.0034638,-0.00018063,-0.00035754,-0.042401,-0.016796,-0.31406,-0.00026756,-0.020494,-0.00014979,0.023904,-0.062435,0.019864,0.0019943,-0.03329,-0.014114,0.0027863,0.0043359,-0.00030074,0.019492,0.10545,0.0035643,0.0019202,-0.0004946,0.072684,-0.0016349,0.012468,-0.0024692,0.00828
-0.10539,0.68131,-0.041085,0.0055554,0.13181,0.084121,-0.035048,-0.011731,0.40558,-0.0010391,-0.030115,0.058944,-0.064043,-0.27164,-0.029937,-0.090711,-0.041185,-0.12047,-0.078758,0.27451,0.010024,0.068599,-0.0010925,0.0087152,-0.0055132,-0.03367,0.058811,-0.040696,-0.025256,0.017922,-0.0062531,0.00045096,0.13073,0.044775,-0.23188,-0.0092626,-0.0012247,-0.0051855,-0.015342,-0.011487,-0.041745,-0.011051,-0.0019894,-0.00084342,-0.047667,-0.08095,0.039255,0.11222,-0.093409,-0.019751,-0.01064,-0.039611,-0.13069,0.0091931,-0.057815,-0.023507,-0.03628
-0.041164,-0.27853,0.042676,0.00012733,0.1694,0.10811,-0.023952,0.002489,-0.15785,0.0015015,-0.031804,-0.023565,-0.037102,-0.073381,-0.019764,-0.023618,0.056535,0.0020743,-0.028311,-0.067774,0.011858,0.002472,0.0015788,0.0062128,0.0056066,0.0025144,0.080867,-0.026712,-0.008617,0.027772,0.006359,-0.0038822,0.71891,0.21593,-0.062228,0.0094195,0.0091487,0.0052733,-0.0015365,0.002714,-0.027284,-0.0066702,0.014861,0.0063003,-0.032736,-0.05733,0.29894,0.1445,-0.02778,-0.011921,-0.0064223,0.041145,-0.37252,0.0065535,-0.038524,-0.0080203,-0.023729
-0.047946,-0.17622,0.037143,-0.0052422,0.56543,0.36085,-0.055,-0.0056505,-0.097528,-0.00485,-0.094206,-0.015098,-0.0363,-0.013943,-0.02007,-0.045575,-0.063219,-0.054606,-0.033577,-0.019052,-0.0030383,0.016696,-0.0050994,0.0072776,0.0045166,-0.031773,0.27117,-0.030942,0.006555,0.10119,0.0051227,0.0037517,-0.30436,-0.086709,0.0032702,0.0075881,0.033083,0.0042481,-0.0059764,-0.060681,-0.029748,-0.0057216,0.053738,0.022782,-0.028867,-0.1109,-0.14317,0.48529,-0.045402,-0.010226,-0.0055089,0.035811,0.10507,0.0076767,-0.034681,0.0061011,-0.024928
-2.1315e-05,-5.1301e-05,1.5784e-05,-5.323e-07,-9.0757e-05,-5.792e-05,1.8702e-06,0.46264,-2.8243e-05,1.4385e-05,1.2302e-05,-4.8554e-06,-2.0384e-05,-4.1856e-05,-0.0016998,0.53262,-0.00088683,-0.0019926,-1.4925e-05,1.3368e-05,3.7054e-05,1.5957e-05,1.5124e-05,3.5227e-06,1.5525e-06,6.5725e-05,-4.5707e-05,-1.2166e-05,-7.5772e-06,-1.7733e-05,1.7608e-06,3.3441e-05,-0.0029807,-0.00078959,-6.1976e-05,2.6083e-06,-9.7372e-06,1.4602e-06,-0.5069,8.7553e-05,-1.2946e-05,-5.3909e-06,-1.5817e-05,-6.7055e-06,0.00023752,1.7687e-07,-0.0018112,-7.738e-05,-0.49529,-9.6349e-06,-5.1906e-06,1.5218e-05,0.00058831,3.7159e-06,6.6571e-06,-7.0526e-06,-1.0455e-05
-0.054983,-0.12553,0.042811,-0.024579,-0.013832,-0.0088277,-0.041057,-0.0010467,-0.07406,0.11119,3.1515e-05,-0.014748,-0.072555,-0.048817,-0.021811,-0.03469,-0.034903,-0.031786,-0.037946,0.10759,0.26897,0.079875,0.11691,0.009597,0.0030753,0.48229,-0.047723,-0.039342,0.013134,0.0085403,0.003488,0.0023164,-0.081413,-0.020485,-0.32288,0.0051667,-0.084206,0.0028925,-0.001775,0.67141,-0.0365,-0.026825,-0.13678,-0.057988,-0.031775,0.0031657,-0.047675,0.010003,-0.035213,-0.047943,-0.025828,0.041276,0.0025133,0.010123,-0.037739,0.012225,-0.026023
-0.040826,-0.22986,0.0043901,0.0081556,-0.067474,-0.043061,0.020054,0.00016738,-0.21842,-0.016769,0.0072635,-0.054934,-0.012512,-0.063211,-0.0099632,-0.014526,-0.014401,-0.012626,-0.019224,0.79291,-0.039868,0.45279,-0.017631,0.0056235,-0.0086162,-0.07086,-0.012265,-0.010293,-0.019985,-0.022745,-0.0097725,0.00052717,-0.028864,-0.0068461,0.049775,-0.014476,0.036836,-0.0081041,-0.00020272,-0.15516,-0.013145,-5.0095e-05,0.059836,0.025367,-0.014469,-0.019377,-0.018122,-0.070031,-0.014842,-8.9533e-05,-4.8234e-05,0.0042326,-0.0021131,0.0059319,-0.017147,-0.018601,-0.011504
-0.03368,-0.022131,0.062422,0.003329,-0.042881,-0.027366,0.078999,0.0016127,0.01149,0.16312,0.0047255,0.0034381,-0.071614,-0.37729,-0.014772,-0.019542,-0.01917,-0.015979,-0.025917,-0.092433,0.27446,-0.040187,0.17151,0.0064314,0.0047877,0.57778,0.051439,-0.018757,-0.038287,-0.04835,0.0054302,0.001752,-0.032973,-0.0070626,0.22544,0.0080436,0.14363,0.0045031,0.0010477,-0.44173,-0.026401,-0.033272,0.23331,0.098914,-0.021357,-0.035486,-0.022526,-0.083088,-0.020104,-0.059465,-0.032035,0.060184,-0.0065551,0.0067841,-0.025266,-0.035636,-0.017737
-0.062006,-0.00054219,0.40493,0.0036717,-0.043325,-0.02765,0.17667,0.0060997,0.0018815,-0.090046,0.010956,-0.00055629,-0.01715,-0.15314,-0.026418,-0.032225,-0.031452,-0.024858,-0.051395,-0.05241,-0.15578,-0.04466,-0.094678,-0.02029,0.0081752,-0.20933,0.12099,-0.034115,-0.075868,-0.12745,0.0092724,0.0033652,-0.048042,-0.0088407,-0.0090833,0.013735,0.2852,0.0076893,0.0050616,0.33181,-0.039385,0.0084689,0.46326,0.1964,-0.038016,-0.051211,-0.035373,-0.15216,-0.033429,0.015136,0.0081541,0.39041,-0.014966,-0.021403,-0.044901,-0.070615,-0.034296
-0.011558,0.10313,0.56538,0.0070718,-0.038352,-0.024476,-0.14774,0.0013619,-0.059682,0.029724,-0.007112,-0.007894,-0.018195,0.10911,-0.0049928,-0.0059778,-0.0058215,-0.0045376,-0.017468,0.056735,0.058113,-0.061794,0.031253,-0.070668,0.0017571,0.009574,-0.12799,-0.0048681,0.039189,0.09245,0.0019929,0.00066466,-0.0086527,-0.0015052,-0.044073,0.002952,-0.22469,0.0016526,0.0011633,-0.25882,-0.0032995,-0.0069615,-0.36497,-0.15473,-0.0071748,0.0018502,-0.0064917,0.064596,-0.0062184,-0.012442,-0.0067028,0.5451,-0.0029375,-0.074543,-0.0084711,0.036476,-0.010869
-0.043815,-0.44512,0.062928,0.0052871,-0.036535,-0.023316,-0.028683,0.0064524,0.75848,-0.0048436,-0.0028387,0.040129,-0.021506,0.0042404,-0.013807,-0.01574,-0.015122,-0.011256,-0.029873,-0.16939,-0.0022269,0.40816,-0.0050928,0.0097095,-0.0080554,-0.043393,-0.033269,-0.016919,-0.0029811,0.016702,-0.0091364,0.001437,-0.020761,-0.0027258,-0.02581,-0.013534,-0.034101,-0.0075766,0.0058604,-0.048985,-0.018073,-0.0031389,-0.055392,-0.023484,-0.019739,-0.019693,-0.016511,-0.0073956,-0.016585,-0.00561,-0.0030223,0.060672,-0.0088109,0.010242,-0.023277,-0.0027747,-0.016125
-0.024702,-0.0039062,0.00047467,-0.0083436,-0.35221,-0.22478,-0.14007,0.012872,-0.027747,-0.087725,-0.17902,-8.1818e-05,0.0047045,-0.16637,-0.010852,-0.012431,-0.010953,-0.0076901,-0.018009,-0.015872,-0.21031,-0.017433,-0.092237,0.16924,0.0066744,0.082981,-0.12711,-0.015212,0.035116,0.62087,0.0075701,0.002195,-0.013787,-0.00023467,0.12808,0.011213,0.064247,0.0062777,0.012234,0.081159,-0.013993,0.01199,0.10436,0.044243,-0.015303,-0.071348,-0.011872,0.40408,-0.013652,0.021428,0.011544,0.00045765,-0.0071686,0.17852,-0.018036,0.032684,-0.01666
-0.059224,-0.011377,0.039486,0.020737,0.021546,0.01375,0.012168,0.033483,-0.052256,0.053277,0.03451,-0.00034502,-0.053941,0.065795,-0.025944,-0.029964,-0.026046,-0.018218,-0.043884,-0.034757,0.1503,-0.037631,0.056017,0.63557,0.015995,-0.15154,-0.0029288,-0.030743,-0.024863,-0.13041,0.018141,0.0053497,-0.032629,-0.00015956,-0.1052,0.026872,-0.025656,0.015044,0.03189,-0.083249,-0.03508,-0.016202,-0.041675,-0.017668,-0.036522,-0.026236,-0.028247,-0.11608,-0.033081,-0.028957,-0.0156,0.03807,-0.017123,0.67042,-0.043045,-0.023142,-0.04679
-0.012942,-0.0029341,-0.030508,0.037192,-0.16462,-0.10506,0.016651,0.010501,-0.019845,0.24467,-0.079438,0.00073955,-0.067358,0.20877,-0.0057613,-0.0069912,-0.005671,-0.0039172,-0.0087861,-0.010865,0.6165,-0.0074634,0.25726,-0.12748,0.004213,-0.41465,-0.0092915,-0.0029384,-0.015146,0.21584,0.0047784,0.0013038,-0.006995,0.00032212,-0.19378,0.0070782,0.13175,0.0039626,0.010071,-0.066286,-0.011912,-0.042911,0.21401,0.090729,-0.0080394,-0.038395,-0.0061742,0.13602,-0.0079088,-0.076693,-0.041317,-0.029414,-0.0037709,-0.13447,-0.0094779,-0.014097,-0.0022423
-0.034822,-0.0096894,-0.02946,0.0074095,-0.010475,-0.0066851,-0.012209,0.691,-0.032736,-0.015882,0.0048705,0.0029867,-0.019849,-0.018435,-0.02463,-0.12512,-0.017806,-0.013589,-0.024593,-0.024803,-0.03038,-0.0095031,-0.016699,-0.053397,0.016118,-0.0094403,-0.013808,-0.018998,-0.007172,-0.016591,0.018281,0.0048435,-0.019818,0.0073386,-0.010185,0.027079,-0.018443,0.01516,0.67256,-0.018267,-0.019999,-0.0014442,-0.029958,-0.012701,-0.020352,-0.019387,-0.02083,-0.025426,-0.17707,-0.0025812,-0.0013906,-0.028403,-0.0098027,-0.056325,-0.025147,-0.0066754,-0.014648
-0.015645,0.011566,-0.0071817,-0.084402,0.059963,0.038268,-0.11726,-0.012265,-0.026936,0.096386,0.051458,0.0015598,-0.032341,-0.44763,-0.0064214,-0.0032252,-0.0036773,-0.003158,-0.011206,-0.031655,0.21049,0.040095,0.10134,-0.01017,0.030446,-0.33119,-0.037036,-0.010782,0.03083,-0.006766,0.034531,0.0071164,-0.06502,0.29679,0.58041,0.051151,-0.13003,0.028636,-0.012068,0.27348,-0.0068393,-0.017918,-0.21121,-0.089545,-0.0096095,-0.006959,-0.049274,-0.068402,-0.0024101,-0.032025,-0.017252,-0.0069241,0.019193,-0.010728,-0.010876,0.028696,-0.0068646
-0.028911,0.023702,-0.013051,0.048663,-0.03301,-0.021067,0.029808,-0.023315,-0.051935,-0.042672,-0.015817,0.0025973,-0.009045,0.13954,-0.011848,-0.0055275,-0.003452,-0.00513,-0.020717,-0.06159,-0.088215,0.080181,-0.044867,-0.018667,0.056715,0.10032,0.001359,-0.014634,-0.017532,-0.0060172,0.064326,0.016563,-0.18842,0.89166,-0.21079,0.095285,0.032958,0.053344,-0.02289,-0.10815,-0.01709,0.0038531,0.053536,0.022697,-0.017928,-0.017109,-0.14013,0.0055941,-0.003928,0.0068864,0.0037099,-0.012583,0.062249,-0.01969,-0.019842,-0.016318,-0.01267
-0.047734,0.25408,-0.0067171,0.035689,-0.019581,-0.012497,-0.011182,-0.032883,-0.3111,-0.016439,0.00090321,-0.03378,-0.027828,-0.0060182,-0.019939,-0.011727,-0.022776,-0.011955,-0.038038,-0.40822,-0.0289,0.67551,-0.017284,-0.026546,0.16065,-0.0086151,-0.014873,-0.025902,-0.010864,-0.011331,0.18221,0.012644,0.020706,-0.19268,-0.034577,0.2699,-0.012273,0.1511,-0.032548,-0.028511,-0.02759,-0.0027667,-0.019936,-0.0084518,-0.029134,-0.027662,0.0059007,-0.023041,-0.0097247,-0.0049447,-0.0026638,-0.0064762,-0.026603,-0.028002,-0.034431,-0.010112,-0.021436
-0.081448,-0.16675,-0.045905,0.066139,-0.028349,-0.018092,-0.020607,-0.046596,0.12507,-0.021903,0.0026395,0.069254,-0.044136,-0.02222,-0.03115,-0.018631,-0.036565,-0.018062,-0.051078,0.18222,-0.037333,-0.34547,-0.023029,-0.047017,0.349,-0.022811,-0.023627,-0.040493,-0.015816,-0.016854,0.39584,0.023485,-0.0021163,-0.11011,-0.036063,0.58635,-0.022018,0.32826,-0.046164,-0.034929,-0.042963,-0.0049189,-0.035765,-0.015162,-0.045507,-0.043043,-0.020681,-0.036793,-0.015827,-0.0087913,-0.0047361,-0.044259,-0.023517,-0.049596,-0.053526,-0.014721,-0.033196
-0.0010607,-0.00026382,-0.00060459,0.0029467,-0.00041678,-0.00026598,-0.00037785,-0.0024563,-0.0015948,-0.00030647,5.8115e-05,0.00010709,-0.0007294,-0.0005162,-0.00051154,0.00095941,-0.50644,0.0018973,-0.00085884,-0.0014112,-0.00054111,-0.00043718,-0.00032223,-0.00067507,-0.0078597,-0.00042595,-0.00038077,-0.00066888,-0.00023327,-0.00024962,-0.0089145,0.0078932,0.50422,-0.0034382,-0.00033529,-0.013205,-0.00039153,-0.0073925,-0.002267,-0.00038658,-0.00070061,-8.8355e-05,-0.00063599,-0.00026963,-0.0013775,-0.00068978,-0.4725,-0.00059296,0.0012694,-0.00015791,-8.5071e-05,-0.00058291,0.5153,-0.00071209,-0.00062088,-0.00021712,-0.00054445
-0.01521,-0.0080976,-0.0075554,0.98879,0.0094295,0.0060178,-0.017898,-0.0079502,-0.010406,0.0050086,0.0067751,0.009801,-0.011491,-0.047518,-0.0066463,-0.0041496,-0.0033611,-0.0037294,-0.011196,-0.0069373,-0.0071776,-0.011423,0.0052663,-0.0082665,-0.036733,-0.0047963,-0.0054444,-0.012488,0.0057282,0.00052524,-0.041663,0.012004,-0.0070363,-0.0097802,0.067464,-0.061714,-0.019677,-0.03455,-0.0079051,0.051946,-0.0089124,-0.0026442,-0.031963,-0.013551,-0.0096648,-0.0024266,-0.0023358,-0.0081235,-0.0036959,-0.0047258,-0.0025459,-0.0072844,-0.0081676,-0.0087198,-0.011369,0.0053316,-0.0071051
-0.020549,-0.015062,-0.007977,-0.020765,-0.0080564,-0.0051415,-0.0056225,-0.009106,-0.026183,-0.0053243,0.00046606,0.15994,-0.012602,-0.0061661,-0.0089011,-0.0055953,0.0015785,-0.0047509,-0.015319,-0.0073829,-0.0082202,-0.0047699,-0.0055982,-0.0094834,-0.022458,-0.0077237,-0.0061891,-0.011355,-0.0046224,-0.004009,-0.025471,0.98298,-0.0036902,-0.016651,-0.01039,-0.03773,-0.0051911,-0.021123,-0.0090744,-0.010054,-0.012215,-0.0015227,-0.0084323,-0.0035749,-0.012936,-0.012517,0.0010797,-0.009782,-0.0050919,-0.0027215,-0.0014662,-0.0076909,-0.011486,-0.010003,-0.016605,-0.0043023,-0.0095343
-0.014123,-0.038246,0.0012884,-0.015122,-0.00601,-0.0038355,-0.0042286,-0.0066789,-0.10467,-0.0039544,0.00035275,0.97569,-0.0094491,-0.0046652,-0.0066726,-0.0042472,-0.0065175,-0.0036399,-0.013384,-0.0034103,-0.0061162,0.041352,-0.0041578,-0.0056972,-0.024211,-0.0057959,-0.0046207,-0.008514,-0.0034527,-0.0029746,-0.02746,-0.16809,-0.0064798,-0.0051869,-0.0076933,-0.040676,-0.0038801,-0.022772,-0.0066642,-0.007449,-0.0091555,-0.0011466,-0.0063027,-0.002672,-0.0096696,-0.0093774,-0.0055757,-0.007314,-0.003886,-0.0020493,-0.001104,0.0012422,-0.005553,-0.0060097,-0.011106,-0.0032136,-0.007182
-0.010921,-0.0044027,-0.0039215,-0.011993,-0.028957,-0.01848,0.06832,-0.0033036,-0.0047335,0.54266,-0.040565,-0.0032843,-0.11375,0.029217,-0.0046845,-0.0029729,-0.0037289,-0.0023504,-0.0078612,-0.0043308,-0.55247,-0.0048462,0.57057,-0.0037004,-0.0040506,-0.055686,-0.018147,-0.0052755,-0.021644,-0.055059,-0.0045942,-0.0026182,-0.0037515,-0.0026349,-0.015215,-0.0068053,-0.01034,-0.0038098,-0.0033219,0.029474,-0.0065364,-0.08895,-0.016796,-0.0071209,-0.0067556,-0.0093173,-0.0034735,0.055321,-0.0028162,-0.15898,-0.085644,-0.0037809,-0.0037697,-0.0039033,-0.007919,-0.020145,-0.0050286
0.019967,0.0080246,0.0071102,0.0083769,-0.17629,-0.11251,0.56109,0.0059706,0.0086246,-0.056801,-0.32358,0.0057926,0.023833,-0.044983,0.0085644,0.0054308,0.0068104,0.0042838,0.014372,0.0078923,0.082236,0.0087566,-0.059723,0.0066903,0.0072121,-0.011182,-0.12293,0.01062,-0.13875,-0.42494,0.0081799,0.0045967,0.0068387,0.0047483,0.08676,0.012117,-0.088219,0.0067834,0.0060054,0.023913,0.012263,0.011393,-0.1433,-0.060752,0.012349,-0.001665,0.0063518,0.4954,0.0051491,0.020362,0.01097,0.0068552,0.006877,0.0070572,0.014476,-0.12914,0.0091943
-0.048687,-0.019195,-0.01649,-0.007748,-0.0017957,-0.001146,0.46942,-0.013597,-0.020579,-0.014056,0.76217,-0.011625,-0.028599,-0.016212,-0.020879,-0.013162,-0.016486,-0.010246,-0.035039,-0.018885,-0.010667,-0.019962,-0.014779,-0.015257,-0.015124,-0.016575,-0.033212,-0.026714,-0.13363,0.27357,-0.017154,-0.0089748,-0.016375,-0.010656,-0.018068,-0.02541,-0.065766,-0.014225,-0.0137,-0.017265,-0.028539,-0.0032046,-0.10683,-0.04529,-0.030078,-0.21689,-0.015475,0.087605,-0.012541,-0.0057275,-0.0030855,-0.015898,-0.016563,-0.016093,-0.035256,-0.12438,-0.022424
0.34435,0.1357,0.1165,0.055762,0.13086,0.08351,0.11988,0.096031,0.14548,0.098285,0.12719,0.081915,0.20247,0.11522,0.14767,0.093076,0.11658,0.072438,0.24782,0.13352,0.076092,0.14099,0.10334,0.10776,0.10664,0.11818,0.09357,0.18883,0.063847,0.12084,0.12096,0.063203,0.11577,0.07524,0.12714,0.17917,0.070199,0.10031,0.096761,0.12254,0.20184,0.022844,0.11403,0.048342,0.21273,0.17816,0.10945,0.12121,0.088692,0.040828,0.021995,0.11233,0.11712,0.11366,0.24935,0.059427,0.1586
-0,-4.2522e-16,0.10836,-5.9738e-16,-0.12095,0.12702,-0.0067134,-0.029776,8.2378e-16,-0.072064,0.006767,-2.0726e-15,-0.30552,-1.6098e-15,-4.0766e-17,0.027359,1.2378e-16,5.5511e-17,-6.245e-17,2.7756e-17,-1.7694e-15,-4.8572e-17,0.28037,-0.0014761,0.0027551,-1.3375e-15,0.07928,-0,-0.20612,-0.006767,-0.036699,-1.0426e-15,5.0307e-17,-2.949e-17,1.9776e-15,0.013108,-0.023916,0.017911,0.028442,4.2709e-15,2.0817e-17,0.2833,-0.042334,0.084453,9.7145e-17,9.7145e-17,-6.245e-17,0.0064488,-0.027501,0.52798,0.54279,-0.11239,-7.4593e-17,0.0013994,6.245e-17,0.2249,6.9389e-18
0,7.1384e-16,0.093677,-8.3896e-16,-0.21049,0.10098,0.28021,0.068856,1.5129e-15,0.012212,-0.28245,-3.5406e-15,0.042907,-2.3592e-16,1.6805e-17,-0.063266,7.3251e-18,1.9429e-16,-2.0817e-17,2.9143e-16,4.3715e-16,-1.3878e-16,-0.041365,0.0056993,0.0013623,2.0678e-15,0.70847,-2.7756e-17,-0.08242,0.28245,-0.0059701,-1.2004e-15,3.3654e-16,2.0123e-16,1.5266e-16,0.0092495,-0.13062,-0.010771,-0.065771,-6.5226e-16,1.1102e-16,-0.013634,-0.21233,-0.091439,3.4694e-17,-1.6653e-15,1.2143e-17,-0.26916,0.063594,-0.10539,-0.045398,-0.097162,1.5266e-16,-0.005403,2.7756e-17,-0.055394,-5.5511e-17
-0,-5.0307e-17,-0.069674,-9.4326e-16,0.12373,-0.12333,0.071397,-0.034956,1.2595e-15,0.35117,-0.071968,-5.6725e-16,-0.090428,-8.743e-16,8.1532e-17,0.032118,-4.4859e-16,2.7756e-17,-2.7756e-17,6.9389e-18,-1.2889e-15,1.1796e-16,-0.27129,0.0060995,-0.017129,-3.0878e-16,-0.0019295,1.3878e-17,-0.22232,0.071968,0.038109,3.3827e-16,3.2613e-16,2.1511e-16,1.0547e-15,-0.013374,-0.0069108,-0.0038538,0.033389,2.3506e-15,6.9389e-18,-0.12468,-0.018437,-0.015183,5.5511e-17,-9.2287e-16,4.1633e-17,-0.068583,-0.032284,0.621,-0.4854,0.072266,-5.5511e-17,-0.0057824,7.6328e-17,0.20218,2.7756e-17
0,4.9093e-16,-0.044502,-1.5764e-15,0.043588,0.034981,0.042468,-0.11748,-9.3198e-16,-0.097837,-0.042807,2.1077e-16,0.13032,2.4425e-15,-3.3827e-17,0.10794,-7.8303e-17,-1.1102e-16,2.7756e-17,-1.1102e-16,1.1911e-15,2.3592e-16,0.0026892,-0.018442,0.0020838,6.5139e-16,-0.087958,-1.2143e-17,-0.59401,0.042807,0.018567,-6.7372e-16,6.1583e-17,6.7221e-17,-3.1919e-16,-0.014381,-0.055193,0.0010819,0.11222,-3.7834e-15,4.8572e-17,-0.047591,0.059861,-0.03981,-4.5103e-17,1.2837e-16,1.1276e-17,-0.040794,-0.1085,-0.39619,0.0097588,0.046158,1.3184e-16,0.017483,1.3878e-17,0.61638,-2.7756e-17
-0,-1.6992e-15,0.11845,2.03e-15,0.28026,-0.28498,0.05601,0.41344,5.794e-16,-0.087827,-0.056458,1.6415e-15,0.0068915,1.5231e-15,-5.8438e-17,-0.37988,-8.5435e-17,-2.4286e-16,1.6653e-16,-6.4185e-16,1.9082e-15,2.6368e-16,0.078752,0.074674,0.021882,1.2707e-15,-0.14143,-5.5511e-17,-0.15175,0.056458,-0.14256,-3.8858e-16,-7.494e-16,6.245e-17,-1.5266e-16,0.057915,0.17257,0.045193,-0.39492,-3.4608e-16,-6.245e-17,-0.018646,-0.14407,0.13545,5.5511e-17,4.3021e-16,-1.6653e-16,-0.053803,0.38184,-0.020369,0.016188,-0.12285,1.3878e-16,-0.070792,-4.1633e-17,0.13426,-8.3267e-17
0,-4.4989e-16,-0.11579,6.5862e-16,-0.38949,0.4046,-0.1771,0.27951,7.8843e-16,0.15141,0.17852,-5.5511e-16,0.0087848,2.2725e-16,1.7347e-18,-0.25682,7.5043e-16,1.7e-16,3.4694e-18,-9.7145e-17,-1.2212e-15,2.4286e-16,-0.15009,-0.101,-0.043972,-1.2212e-15,0.048237,-5.5511e-17,-0.054683,-0.17852,0.18935,-1.1276e-15,2.3419e-16,1.262e-16,1.1796e-16,-0.079998,-0.25471,-0.038687,-0.26699,2.0817e-17,-1.8041e-16,0.012252,0.20864,0.017071,5.5511e-17,1.6098e-15,-1.1796e-16,0.17012,0.25815,-0.0029535,-0.059491,0.1201,-1.3878e-16,0.095752,-1.3878e-17,0.14973,0
-0,-1.4079e-15,0.44284,-1.5277e-15,-0.11874,0.476,0.063278,-0.0085347,3.6413e-15,0.11998,-0.063784,-1.0356e-15,0.024056,-5.6899e-16,-7.0256e-17,0.0078418,5.5807e-16,-2.7756e-17,-3.3307e-16,-6.3144e-16,-2.047e-16,-1.0408e-16,-0.13079,0.043098,-0.048211,-1.0478e-15,-0.32369,1.1102e-16,-0.014795,0.063784,-0.080585,-1.7607e-15,-3.0011e-16,1.6588e-16,2.7756e-17,0.035736,0.29729,0.084601,0.0081523,-9.2634e-16,2.7756e-17,-0.0059132,0.0070557,-0.27888,5.5511e-17,2.6368e-16,-3.1398e-16,-0.060784,-0.0078825,-0.0159,-0.10742,-0.45931,-4.1633e-17,-0.040857,5.5511e-17,-0.016612,-2.7756e-17
-0,1.3826e-15,-0.25857,-2.78e-15,-0.11704,0.36965,0.084734,-0.0064315,-1.544e-15,-0.10491,-0.085411,-3.6603e-16,0.012773,-3.4694e-18,-3.1442e-17,0.0059093,2.507e-16,-4.1633e-17,-5.5511e-17,9.8879e-17,-9.09e-16,1.1796e-16,0.090917,-0.072263,0.016275,-8.0318e-16,-0.14746,-5.5511e-17,-0.017496,0.085411,0.1245,-2.0817e-16,2.2031e-16,1.7e-16,-2.5674e-16,0.03647,0.45886,-0.23258,0.0061433,-2.3766e-16,2.7756e-17,0.0048784,-0.43581,0.38398,-1.3878e-16,5.0307e-17,-2.2985e-16,-0.081394,-0.00594,0.012893,-0.10497,0.26818,-9.7145e-17,0.068506,8.3267e-17,-0.024732,-8.3267e-17
0,-2.9057e-16,-0.018335,2.7986e-15,-0.15596,-0.20482,-0.2199,0.0096404,-8.4698e-16,-0.091789,0.22166,6.3317e-16,0.0096831,5.2736e-16,-5.5511e-17,-0.0088577,5.9665e-17,1.4572e-16,1.3878e-17,3.4694e-16,-5.5511e-17,-3.4694e-16,0.080585,-0.033178,-0.013265,-3.9552e-16,0.33426,-2.4286e-17,-0.027743,-0.22166,-0.023051,-5.8981e-17,2.7756e-17,-3.2266e-16,3.4694e-16,0.14048,0.50903,-0.20903,-0.0092084,1.1102e-16,-6.9389e-18,-0.067353,-0.11404,-0.49345,-1.2143e-17,1.249e-15,1.3184e-16,0.21123,0.0089037,0.045276,-0.071681,0.019017,2.2204e-16,0.031453,-2.7756e-17,0.14277,-2.7756e-17
0,5.6379e-16,-0.13078,-4.2061e-16,-0.10703,0.089834,-0.035635,0.0026436,-1.3076e-15,-0.1251,0.03592,1.8908e-16,0.0047357,2.1164e-16,-4.6838e-17,-0.002429,7.9201e-17,-1.1796e-16,2.7756e-17,-1.0408e-17,-3.5475e-16,1.6306e-16,0.1157,0.090022,0.40905,-3.9552e-16,0.06136,-5.5511e-17,-0.0037431,-0.03592,-0.23755,1.8562e-16,2.125e-16,5.2042e-17,6.9389e-17,-0.4401,0.13932,0.63769,-0.0025252,0,2.7756e-17,0.08191,-0.059146,-0.071717,1.3878e-17,8.5435e-17,-1.7347e-16,0.03423,0.0024416,0.034126,-0.17658,0.13565,1.249e-16,-0.085342,1.3878e-17,0.022327,-3.9899e-17
0,5.4644e-16,-0.17756,2.8806e-17,-0.029927,0.030968,-0.0087572,0.00034992,6.2511e-16,0.39724,0.0088272,-5.2611e-16,-0.044607,-1.8041e-16,1.301e-16,-0.00032152,-1.299e-16,1.5266e-16,-2.7756e-17,2.4286e-16,-9.3328e-16,-1.5786e-16,-0.34688,0.43687,0.10769,1.3704e-16,0.010533,2.7756e-17,-0.0069815,-0.0088272,-0.24184,7.6328e-16,4.2327e-16,2.0123e-16,2.7756e-17,0.15847,0.096622,-0.10593,-0.00033424,2.6194e-16,-5.5511e-17,0.29743,-0.045587,-0.031717,9.7145e-17,-5.846e-16,5.5511e-17,0.0084121,0.00032318,-0.15392,0.24209,0.18417,-1.9429e-16,-0.41416,7.9797e-17,0.011999,5.5511e-17
-0,-2.0643e-16,0.015168,2.5561e-16,-0.061659,0.075287,-0.015967,-0.0010207,-9.4261e-16,-0.29479,0.016095,3.1865e-16,0.029236,3.0531e-16,-1.1883e-16,0.00093781,-1.2779e-16,-5.5511e-17,-0,1.7347e-16,3.6429e-17,-2.3332e-16,0.26009,0.5427,-0.25476,-6.2103e-16,0.0082899,-4.8572e-17,-0.0032824,-0.016095,0.34565,-4.5103e-16,-8.6736e-17,-6.9389e-17,-0,-0.064483,-0.083788,-0.030767,0.00097494,6.3968e-17,-6.9389e-18,-0.17929,0.05627,-0.0013131,-5.5511e-17,-4.7011e-16,8.3267e-17,0.015338,-0.00094267,0.10275,-0.17841,-0.015732,8.3267e-17,-0.51449,-2.7756e-17,0.011729,-4.1633e-17
-0,-2.1933e-16,0.096381,-1.7358e-16,-0.020248,0.049686,-0.0030627,-0.00092473,3.4297e-16,-0.037292,0.0030872,2.4035e-16,0.030901,-2.6021e-16,-2.5804e-17,0.00084966,7.9733e-17,-1.7347e-18,-3.4694e-17,-3.9291e-16,6.3231e-16,8.3267e-17,0.014042,0.075453,0.72275,-1.301e-18,-0.029629,1.7347e-18,1.7057e-05,-0.0030872,-0.050882,4.3368e-17,-5.5511e-17,8.3267e-17,1.1102e-16,-0.1356,-0.10675,-0.46484,0.0008833,-4.8572e-17,2.0817e-17,-0.41445,0.063102,0.030379,-1.3878e-17,-1.1449e-16,-1.2143e-16,0.002942,-0.00085407,0.079784,0.098559,-0.099966,1.3878e-16,-0.07153,6.9389e-18,0.001555,-0
-0,-2.1597e-16,0.061112,-4.2973e-17,0.0058513,0.0092086,-0.00054927,0.00052556,-5.1989e-16,-0.19381,0.00055366,1.8827e-16,-0.026556,6.245e-17,-6.1149e-17,-0.0004829,1.2703e-16,-6.245e-17,2.7756e-17,-1.7e-16,5.7593e-16,-1.3878e-17,0.20274,-0.0014606,0.20816,-2.7929e-16,-0.026772,-1.0408e-17,-0.00063673,-0.00055366,-0.12374,-1.2143e-16,-2.1511e-16,-6.9389e-17,1.6653e-16,0.133,-0.16745,-0.30966,-0.00050201,-4.3368e-18,-3.4694e-18,0.6737,0.11628,-0.01141,-6.9389e-18,-5.5511e-17,-1.0408e-16,0.00052762,0.0004854,-0.025974,-0.49354,-0.063385,4.1633e-17,0.0013847,-3.5562e-17,0.00096626,-1.3878e-17
0,-6.1973e-16,0.12612,1.0827e-15,0.1105,-0.19347,-0.0028762,-5.929e-05,1.2354e-15,0.17835,0.0028991,2.6109e-16,-0.036886,6.9389e-18,7.2858e-17,5.4477e-05,-2.8317e-16,2.7756e-17,-4.1633e-17,-1.3878e-16,1.6003e-16,8.1532e-17,-0.14405,-0.013159,0.13291,8.8124e-16,0.024836,-5.5511e-17,-0.0016185,-0.0028991,0.66051,2.0817e-16,3.4694e-17,3.4694e-17,-3.0531e-16,-0.48483,0.1637,-0.071777,5.6633e-05,-1.9949e-17,-2.0817e-17,0.33225,-0.10047,-0.015672,1.1102e-16,-3.6429e-16,-2.7756e-17,0.0027628,-5.4759e-05,-0.11468,0.087181,-0.13081,1.1102e-16,0.012475,-2.7756e-17,0.0032164,6.9389e-17
0,-1.1291e-15,0.29303,2.7295e-15,-0.15756,-0.1142,-0.20893,-0.084326,1.5725e-15,0.08314,0.2106,-6.7654e-17,0.058577,-3.747e-16,-6.8522e-17,0.077481,1.2346e-16,1.9429e-16,-1.3878e-16,1.4919e-16,5.8981e-16,-4.7184e-16,-0.11969,0.054265,-0.022374,5.3776e-17,0.22455,2.1684e-17,-0.00050069,-0.2106,-0.12219,-3.0531e-16,4.3368e-17,-3.2613e-16,-7.0777e-16,0.047247,-0.017718,0.086735,0.080548,-8.6736e-16,8.3267e-17,-0.036982,-0.23212,0.6177,-2.7756e-17,1.589e-15,9.3675e-17,0.2007,-0.077882,-0.083572,-0.15485,-0.30393,2.6888e-16,-0.051444,-5.5511e-17,0.10787,7.6328e-17
