1.0,0.4606709165993524,0.05503049740100077,0.28963046821720034,0.45723518615902553,0.19099009694504032,0.10640847863531976,0.3216086423652167,0.1255339675145305,0.30678479283525767,0.13456912223109305,0.644452825035666,0.1496990869719102,0.1052496722025655,0.27951866691932853,0.20029468057879804,-0.20320250382887667,0.11108933912205873,0.44790210071513414,0.1213888887297278,0.26236665474093807,0.157447619139809,0.34613340122505715,0.07947240026782748,0.4150352276861982,0.44957799285297734,0.48616856335181013,0.17724693203028358,0.32835680461226524,0.3053331614817421,0.26245462499792577,0.3661219177631475,0.24279672025501792,0.2824222078460621,0.5112423742022383,0.5236508462931145,-0.012107563529648133,0.32038315806104284,0.4160983742268449,0.35350774503730714,0.24574974468303004,0.4280166870701063,0.24179934928077135,0.3047729637367088,0.4292653719165272,0.29783644485225325,-0.013293446128098407,-0.018840292370005216,0.40265148671951917,0.14665376018474302,0.13089301065164327,0.058165168394346295,-0.09025744979618569,0.2276620499369848,-0.2755736430232607,0.35635402345392764,-0.14435998068280054,0.6390711683507334,0.4495980268614239,0.4423094308049858
0.4606709165993524,1.0,-0.18726122984676932,0.30543615839543153,0.6507159152875895,0.3904588938200344,0.05530225486160972,0.3748236046010991,0.32414498073199355,0.40615741596302596,0.40531679124505593,0.546047855196665,0.21075080367647578,0.27494610336348585,0.3222202922624283,0.3654017318536421,-0.09174505114821532,0.30081405848893594,0.5898874211132435,0.2738357519667177,0.41562741606598685,0.3418379218111335,0.26230723466179345,0.22126022732106945,0.543694339490066,0.24957345599416822,0.22351051609466113,0.11878229764879635,0.21905439434158097,0.2844158652309395,0.3108487383112715,0.1942155311367078,0.2020803269539376,0.17463676711207013,0.32042041785863895,0.6394480373682424,-0.04113865859840128,0.3365792894456382,0.30115091606511124,0.442379719451139,0.03123107598612454,0.3284141025800448,0.22221538154348855,0.3658744100123167,0.7227798054396634,0.066674756765461,0.03853377853542682,0.03283549170497137,0.43618234623935004,0.24494655355357248,0.2347630156468355,0.19350777304147926,0.1172993288668815,0.2606443645301817,-0.18968407489697936,0.14516338416361318,-0.047425404223680814,0.6240135932615916,0.7270945016174983,0.2324688352084065
0.05503049740100077,-0.18726122984676932,1.0,0.10593318993916273,-0.1624312960381029,0.029080012908929097,-0.04716283216265113,0.3303012572772249,0.2405913508327828,0.21424352202848868,0.13611037191175446,-0.022005182159135023,-0.10526508943893531,0.0019282909717501517,-0.3405628733764614,-0.329352874967034,0.24868964968360938,-0.02361958437658887,-0.19340420340790446,-0.06906617973280471,-0.39734322812389467,0.027504739792479,0.344729443084766,-0.14978783493989395,-0.20714813680432748,0.3358069961316361,0.36843925156137025,0.4382850001207625,0.3454547928138598,0.07033086404801231,0.19483751398606225,0.3176757345391221,0.20063289733514794,0.278162183080341,0.31180481722326403,-0.1207103976686567,0.4904467266512038,0.2909092474126038,0.3364803675524445,-0.2263263410661705,0.327528416611902,0.07105424291391232,0.2979656034542526,0.15927171287091768,-0.07338305258158163,0.385627980403458,0.13991057800838516,0.13529293246964952,-0.30684026572499823,-0.13028556751000875,-0.0575971016940971,-0.017443074076288645,0.29870512032334295,-0.2833881417358979,0.2171385077647263,0.42253988296007905,0.27351055736454993,-0.10303363345708087,-0.17511142296320104,0.35108379110986887
0.28963046821720034,0.30543615839543153,0.10593318993916273,1.0,0.3897806124301777,0.01356925239123108,0.2460781143736937,0.5706529669120513,-0.06181980984855262,0.09915040928755545,0.07518864593930615,0.32181889505958033,0.34320588086980275,0.36537315597956943,0.13792274522915265,0.1317230892468483,0.15418998028270747,0.5381988278075478,0.2153035081914728,0.6114505755998574,0.03800744993401728,0.45578607176789526,-0.15685934705966575,0.3325505943727222,0.3746504350121969,-0.09608119690530673,-0.05192554153649378,0.23157625392887987,-0.21569072209544524,-0.06656489322193873,-0.13260648433132316,-0.13460495785646753,-0.15028258681930118,0.029756489143109535,-0.036275334387318635,0.2939984328903784,0.20315127023447827,0.3881241306405135,-0.04839741893160703,0.3340599047978676,-0.1863465865036715,-0.08335083570233705,-0.0029748201092431037,0.010436061281638355,0.40441997897839244,-0.07763998124906463,0.19157422056850826,0.10852861368463533,0.3118162906264865,0.3848402961624459,0.4538444797788136,-0.18058248079386036,0.22762269791740952,-0.003988813942420871,0.12208197466757081,-0.09172015142263665,0.13677107397657534,0.2700192383423935,0.2895024885017409,-0.032322303283625856
0.45723518615902553,0.6507159152875895,-0.1624312960381029,0.3897806124301777,1.0,0.263592767557598,0.18358244352783556,0.32038284302537945,0.22208700398139197,0.5088148796439044,0.46642504684774955,0.5529185510989396,0.24855770944943933,0.17189338412024838,0.4220861522802507,0.2809833274763,0.02777118492999764,0.41749699571280513,0.526849847888583,0.31761590465100065,0.46691043366070073,0.3589609844871151,0.18783016442823866,0.217700838799038,0.6299275573899681,0.202724485188981,0.2033170794207088,0.054120958641405724,0.21065840242789524,0.3071478135603658,0.22112853010319422,0.1795063603346082,0.23814414939288286,0.2443887667406052,0.28232965413229383,0.7045684987672269,0.10670415346838141,0.20824238146841484,0.2922306276280634,0.6738383251517697,0.06277271663719164,0.33114678507172807,0.17704491717887724,0.3281281975864794,0.6530740777439867,0.12290691559843114,0.14707715263341592,0.1065242445018877,0.48104844805325225,0.2692619339067007,0.1627006127211278,0.22301992968001946,0.03295674997698764,0.339652799854802,-0.13161680765439415,0.21722642215346288,-0.09838051061529422,0.6782049425387413,0.6859170271235,0.16080455575154615
0.19099009694504032,0.3904588938200344,0.029080012908929097,0.01356925239123108,0.263592767557598,1.0,-0.056805780208899426,0.10122930732254401,0.5347343316029823,0.3102120518334548,0.3848399609923071,0.23493706403549403,-0.0553662761669251,-0.05097103379850977,0.04493101242761519,0.14243696127720593,0.09699410548535986,0.10554168299772027,0.320415528580101,0.050819918525304035,0.23897888957255894,0.11782709574512015,0.2539201887256094,-0.013868017124104626,0.38392337637802665,0.20776894999243528,0.23446022185383963,0.16373038109816446,0.2683972595177019,0.3911475838136932,0.3306312252088409,0.2564221073592552,0.3010332703275312,0.1552405078317956,0.25039280950823095,0.28800192331550867,0.10810368779409682,0.032286226820259084,0.2270163802602937,0.2329740930163657,0.1366993540249452,0.370852662512848,0.2801814395234638,0.2900124956162328,0.2334417372399697,0.2046185386441759,0.19492842019436385,-0.0015198087697149351,0.15399253652921674,0.06709489550461287,0.012619600107768164,0.2631545036039269,0.11871406090930393,0.11285052483745192,0.004706655215612039,0.22766768347795646,0.005590715681091166,0.2747362925357146,0.486606861262859,0.2160031372956118
0.10640847863531976,0.05530225486160972,-0.04716283216265113,0.2460781143736937,0.18358244352783556,-0.056805780208899426,1.0,0.2227967158669857,-0.12175815318458652,-0.14488747469935687,-0.009620227615048344,0.09727468135122208,0.5331983193825496,0.43289559787361126,0.23893401119627555,0.18255739950212224,0.10227472129600762,0.4410559797077648,0.1978245677969009,0.36369661796515274,0.20200295576825128,0.3676395446929,-0.30146190038957754,0.48182156193656045,0.1923786859776927,-0.2856579580779882,-0.24631941409898786,0.0492742094219038,-0.26331162992053747,-0.18186859502992359,-0.25954439870323553,-0.3026546223987259,-0.24027774975072563,-0.30137747685160315,-0.22595996721879025,0.07807692575479505,0.13306276019702581,0.2517546047602731,-0.24445797705707245,0.2560195827126706,-0.21750482681425348,-0.17124957892170312,-0.300577071723852,-0.1863962638410207,0.031143153301351145,-0.17447425184335075,0.05765172634014992,-0.017998067697546777,0.05242094975685235,0.2826717189002803,0.35087470855921965,-0.12003955860913168,-2.9535128376431685E-5,0.14731812611740977,-0.09758371057881503,-0.22960008622516404,0.017687089940913336,0.09136808893302195,0.1672901147716966,-0.3194538113747588
0.3216086423652167,0.3748236046010991,0.3303012572772249,0.5706529669120513,0.32038284302537945,0.10122930732254401,0.2227967158669857,1.0,0.061278869283066334,0.22732250294292716,0.13372318021691704,0.42738625573326505,0.3394866071785094,0.3884113022533382,0.05935977032083091,0.06462371401217182,0.19234190734972703,0.5620214173564599,0.24472489130644698,0.43521446205438724,0.09833084943835627,0.48422929030073614,0.03885843342031087,0.2929458835701866,0.2733922008983332,0.08049536518824597,0.07573481560203296,0.4481226441664791,-0.010431452622829199,-0.07326130785769577,6.242543149810875E-4,0.03109282083492622,-0.10447845767843572,0.08651621623403476,0.1292130163278401,0.4108902311618364,0.25568271320814895,0.5682638089487969,0.11202194406809056,0.22060089054842882,-0.08195773432063906,0.022587733191447343,0.1578137542004221,0.10469407577079409,0.4031405778147648,0.06288792965942487,0.2674375856196164,0.016745901840518246,0.21127126987719336,0.309911856648251,0.29383109255497886,-0.03147867642434632,0.20606502889805473,0.02068912076366669,0.05070065422969175,0.0570261202521882,0.10658589491051543,0.40344656834608933,0.36762410612639546,0.14754996148533728
0.1255339675145305,0.32414498073199355,0.2405913508327828,-0.06181980984855262,0.22208700398139197,0.5347343316029823,-0.12175815318458652,0.061278869283066334,1.0,0.5933463787170876,0.6230344292326262,0.19746861220096815,-0.07717063603924557,-0.11667080804669511,0.04772089758039702,0.097952780848746,0.3275648238540527,0.0206103951062329,0.2749250439602611,-0.06843242835952965,0.11262515343219828,0.033477300534261234,0.44362595190858767,-0.0979286587211197,0.21313042471988639,0.5576951881116726,0.5191699695925812,0.03146090613695868,0.5368440191229136,0.3171625414148435,0.6718519957198974,0.48718434160291235,0.6137002523872868,0.4320369917368232,0.5210004866468124,0.1655241360478159,0.44013293284092947,0.13480098977483593,0.5740251180588498,0.1265787924458328,0.34238733164217783,0.29811635957151594,0.5951281863603992,0.2507395848170566,0.16770183993848087,0.4193425206975797,0.08059929723086051,0.23144877959018095,0.04695344930826706,-0.06796612606190063,-0.06431993960823626,0.4944134334699931,0.4330261299432895,0.04335235826174008,0.23744146734534488,0.4834124797844942,0.3207278806783872,0.21201944508931994,0.4507808399297433,0.4803062946752899
0.30678479283525767,0.40615741596302596,0.21424352202848868,0.09915040928755545,0.5088148796439044,0.3102120518334548,-0.14488747469935687,0.22732250294292716,0.5933463787170876,1.0,0.6515926586332623,0.3812875966487655,-0.0718197373641665,-0.013093641860183417,0.08190680669064089,0.04844609436000886,0.2541229736146468,0.14611487509275392,0.27538264369905485,0.0024264740934822476,0.15824227400053004,0.07695526370064279,0.4901928641425515,-0.07675689934380465,0.3553942667767296,0.6083438895949151,0.5421035302754583,0.05669215771065521,0.5159193607330884,0.31636822902986766,0.5097443327627004,0.4863700552795579,0.44905246672243915,0.5313886476224996,0.5842375794680955,0.5130993692508534,0.39915238215508086,0.16076170168560774,0.594412207511406,0.2816769810856603,0.2946937980641978,0.2788566873712017,0.6422430779841863,0.37935906338155967,0.4072808442726459,0.46540513306810216,0.09049201135236115,0.2625240759518305,0.11134175291114401,0.012006380032825975,-0.12032229027265573,0.46267656258734496,0.3213968318081139,0.07022622327383014,0.11251627794418388,0.46533429290401185,0.18088708907715673,0.4401111500341181,0.4435892178952433,0.576102621164709
0.13456912223109305,0.40531679124505593,0.13611037191175446,0.07518864593930615,0.46642504684774955,0.3848399609923071,-0.009620227615048344,0.13372318021691704,0.6230344292326262,0.6515926586332623,1.0,0.24718303914369444,0.02420384173627528,-0.02872621583008094,0.11865905279861358,0.11177567124757118,0.23337976661871762,0.2115677456165367,0.35456154139759394,0.04356267627988343,0.20611176575207713,0.1826139108566264,0.3039129546840279,-0.019885580363631528,0.34142301818064097,0.34268204144970593,0.3668051363175504,0.012432773394529001,0.3615481155651725,0.1876134920058891,0.4838808637476216,0.31856904987030343,0.4069086399912855,0.3703108723820171,0.4193587552852373,0.3591110948556704,0.37876392694360383,0.07700842855272665,0.4318903803320516,0.3121610268965037,0.25389571551341805,0.22229790354801846,0.3912769015754112,0.22768401508164718,0.3132609343916773,0.32431640869197426,0.11639716212530588,0.23080741046547368,0.13535608301873336,0.04603112090743505,-0.04311747785632259,0.44285602281211667,0.39717896029964317,0.12055129465671482,0.18182657515684159,0.32057073993846597,0.25007728793800715,0.2765344627627045,0.48410379734061554,0.3245950182215902
0.644452825035666,0.546047855196665,-0.022005182159135023,0.32181889505958033,0.5529185510989396,0.23493706403549403,0.09727468135122208,0.42738625573326505,0.19746861220096815,0.3812875966487655,0.24718303914369444,1.0,0.16479245611847565,0.09464069740352965,0.28614647970462515,0.19368248202109875,-0.14109341046871038,0.18031167629847566,0.49444817191693496,0.15271956492048946,0.318234338844557,0.19130519467039378,0.20135375074605044,0.08191357876850798,0.4723575244673559,0.2684765954643411,0.32120335342372414,0.059643988253228294,0.1534698959564529,0.15180135095904415,0.10275593167018296,0.19342369365635476,0.08336467780444798,0.33817474271892856,0.403103457236884,0.5989074010513163,-0.036479425422076384,0.2145609900199482,0.3824214706757171,0.4626324104623214,0.152270403979832,0.3351672535362573,0.3067484462167063,0.32419431721113356,0.569876732831404,0.36484837112858826,-0.0772308263844464,-0.06900947533401952,0.41681643653876266,0.15007573378745248,0.026701667118204597,0.08027743091591472,-0.0750180478833079,0.18928160590168602,-0.3230199527320891,0.364419575333084,-0.23806472409345003,0.6765992507832648,0.6190248516577634,0.37935443485025544
0.1496990869719102,0.21075080367647578,-0.10526508943893531,0.34320588086980275,0.24855770944943933,-0.0553662761669251,0.5331983193825496,0.3394866071785094,-0.07717063603924557,-0.0718197373641665,0.02420384173627528,0.16479245611847565,1.0,0.6288204143942034,0.43031123076674543,0.3378014328091269,0.2418744113049205,0.46268491414997626,0.24896334247935265,0.44849187865143453,0.3546876619207103,0.5202274617525398,-0.20682740761727458,0.6533572414743475,0.2027773414900771,-0.19991778659747034,-0.17085460189751017,0.12502786917588232,-0.1526755430766517,-0.10226769229618643,-0.1538406181219163,-0.2415506485172677,-0.2058152173071736,-0.20642931615273957,-0.15834462449887526,0.17181086109324384,0.05563873196597119,0.3332776392977286,-0.11419830666689854,0.21788259558897827,-0.2361575865485551,-0.015811441814629436,-0.17334400376998574,-0.12785353090016338,0.15386234259563877,-0.22812336486873955,0.2596289489538317,-0.006425402929901736,0.15633769211181403,0.35573606725996115,0.38970743353830556,0.044658753294392256,0.15910377276488788,0.34291498512236374,0.06653651007110623,-0.20186695930420723,0.10860758097601886,0.17008921138403582,0.2768285434303102,-0.2146329862504205
0.1052496722025655,0.27494610336348585,0.0019282909717501517,0.36537315597956943,0.17189338412024838,-0.05097103379850977,0.43289559787361126,0.3884113022533382,-0.11667080804669511,-0.013093641860183417,-0.02872621583008094,0.09464069740352965,0.6288204143942034,1.0,0.2728809404915618,0.3396337033747089,0.16705401966907618,0.3841549732348658,0.12985522884069794,0.3275737219611215,0.20329352604705123,0.4967166379752784,-0.17180011221984698,0.5155862319563398,0.1954212542719248,-0.1340911258281905,-0.18715913754677882,0.1489555370282878,-0.15427912614371364,-0.15969559030981806,-0.16693560223521522,-0.25685682166700047,-0.2513519581478505,-0.21802037310592012,-0.13947840905168696,0.1065820777188663,0.07597164194721413,0.34349656783229654,-0.18639645974577745,0.10663156336512793,-0.2251396312425773,-0.14132365874990743,-0.15082518993883026,-0.16351812036853658,0.19760711794904787,-0.20751166405418153,0.10514613225481416,0.053038504309525225,0.128219429655381,0.33223260602339166,0.34841686306720865,0.024186393555261615,0.17589474581818426,0.22453994659442736,0.10909360937440055,-0.2401051476576182,0.13052101283355366,0.139617701872755,0.2182735048027198,-0.19569527643644546
0.27951866691932853,0.3222202922624283,-0.3405628733764614,0.13792274522915265,0.4220861522802507,0.04493101242761519,0.23893401119627555,0.05935977032083091,0.04772089758039702,0.08190680669064089,0.11865905279861358,0.28614647970462515,0.43031123076674543,0.2728809404915618,1.0,0.5309915446192851,-0.02364753832169085,0.20866021202454293,0.38926437597451824,0.1455760469345454,0.579094436769913,0.22967845571374615,0.033123035081574895,0.4250390854861727,0.3068476309615845,0.029865201222467455,0.015916463672060427,-0.11535709883797662,0.010441748663032074,0.09846446453875854,0.07004435891288557,-0.026606327546358804,0.07168221015998374,-0.011118741413029917,0.0361187335428019,0.30219080666265635,-0.16105739687326281,0.0891704054099855,0.07083377357024606,0.30419741384468824,-0.0948672990915978,0.11657819934260226,-0.06341015847145681,0.09302640500579734,0.2406166372252807,-0.08784456052514025,-0.0989983614452317,0.04872807513068793,0.37356915660602763,0.18541891736374233,0.08002081885805458,0.2367271967513413,-0.14981503701500848,0.5379018514861051,-0.17173693944101043,-0.05466085313857767,-0.18966358661893212,0.3590154178288637,0.43677125447565823,0.007678009594399543
0.20029468057879804,0.3654017318536421,-0.329352874967034,0.1317230892468483,0.2809833274763,0.14243696127720593,0.18255739950212224,0.06462371401217182,0.097952780848746,0.04844609436000886,0.11177567124757118,0.19368248202109875,0.3378014328091269,0.3396337033747089,0.5309915446192851,1.0,0.021883674384522142,0.15845386557790872,0.3105628761803937,0.15371468441268765,0.483176599368634,0.2386984450255557,-0.04798436250469949,0.3951311184824722,0.42300981542867155,-0.07109289701389138,-0.02603454216823431,-0.17062415748133403,-0.04280115208131782,0.025942743785478145,0.0716582248760486,-0.0443332789977324,0.05565370621042118,0.006329632691862513,0.007423136329793079,0.2841012478851318,-0.23852983615964993,0.009355935893771733,0.020985047755317218,0.3034604534462479,-0.09554266346749825,0.041159898091793753,-0.03167728926532422,-0.06157772002526221,0.25873772350516927,-0.0845239218254267,-0.08218751496104669,0.04749041797286811,0.4547749110733571,0.4203111520790611,0.12372413249724175,0.2609333188957405,-0.051727999104657814,0.6990870962254667,-0.03216703852463172,-0.058306760923674525,-0.0912606225095327,0.24563363505833283,0.3614296985825425,-0.04073085350133576
-0.20320250382887667,-0.09174505114821532,0.24868964968360938,0.15418998028270747,0.02777118492999764,0.09699410548535986,0.10227472129600762,0.19234190734972703,0.3275648238540527,0.2541229736146468,0.23337976661871762,-0.14109341046871038,0.2418744113049205,0.16705401966907618,-0.02364753832169085,0.021883674384522142,1.0,0.34282687557467323,-0.03582211531912932,0.2628103267321978,0.06663091122313886,0.36390723999100394,0.08991833003716612,0.2790361989620016,0.15858545875318503,0.08949265333233081,0.10773520913181778,0.10656743558491803,0.12258072622976421,-0.033274754691636134,0.17843133334962466,0.062206994277767505,0.1800801478018328,0.20774809267537947,0.09221450276784088,-0.06643166486403762,0.5564986233336204,0.1817327824705384,0.16033890748668697,-0.002139175555895878,0.06673287968123844,-0.08188526141469998,0.2217642497739494,-0.07956478881189433,-0.13066388909634016,0.16346718860206613,0.38828906877055014,0.335167034080152,-0.03734369515559925,0.21555571302212892,0.1894716100994856,0.38882760715767817,0.5111732067748724,0.10166780354869621,0.46038611127172047,0.15096831019553186,0.5642748518872269,-0.09882581194843215,0.024091928497792875,0.15169477642878382
0.11108933912205873,0.30081405848893594,-0.02361958437658887,0.5381988278075478,0.41749699571280513,0.10554168299772027,0.4410559797077648,0.5620214173564599,0.0206103951062329,0.14611487509275392,0.2115677456165367,0.18031167629847566,0.46268491414997626,0.3841549732348658,0.20866021202454293,0.15845386557790872,0.34282687557467323,1.0,0.2684569912848624,0.6937592450134636,0.34677485646148665,0.646524487029247,-0.19927225399088583,0.4747232743183525,0.4498293575258798,-0.1500219647617731,-0.15668315293707627,0.22208159287002915,-0.21256719457772022,-0.08250342437562572,-0.09261754405050118,-0.142450808618937,-0.16430478889043715,-0.128699605356879,-0.09977243475755149,0.3104156203769385,0.2793891955119323,0.44007336716086065,-0.11851312136107525,0.34596380796798615,-0.20952515583618964,-0.030138245621918983,-0.03657738320982526,-0.03906324905471882,0.29481504315496304,-0.1539301903544642,0.3392029287989282,0.12297337918882928,0.28740640557267627,0.3824497210277211,0.5098891596876676,0.09010565306260605,0.28027443019001214,0.11840551380282319,0.1334082234850819,-0.21159357341479904,0.24868275804160087,0.28685733662193524,0.3839001902320561,-0.13497595009625846
0.44790210071513414,0.5898874211132435,-0.19340420340790446,0.2153035081914728,0.526849847888583,0.320415528580101,0.1978245677969009,0.24472489130644698,0.2749250439602611,0.27538264369905485,0.35456154139759394,0.49444817191693496,0.24896334247935265,0.12985522884069794,0.38926437597451824,0.3105628761803937,-0.03582211531912932,0.2684569912848624,1.0,0.3303537573909997,0.540385500925012,0.3480112676629564,0.1859944142390347,0.22578806329530554,0.5943271650979323,0.16737272940200443,0.12809073531509033,0.050629507982203115,0.14530592564253997,0.21847369488613483,0.2595926069589822,0.07500848573005547,0.20694920145938883,0.14332437540635629,0.20786667073592696,0.5279890966837105,-0.08290387952102343,0.19623067258527707,0.16036835275837705,0.5269038790472252,0.04206494279926143,0.25225892515032133,0.10318071629645406,0.1766639471978637,0.4806124608824446,0.03520672692150595,0.10256599563799318,0.1069315451273985,0.47830054048592713,0.19173261061386385,0.22827295748322887,0.28450325650471264,0.11405725856747936,0.3464064338655114,-0.08666643088271439,0.11961125094718991,0.007997569461998033,0.5644639619156842,0.670091684187238,0.2061504855763192
0.1213888887297278,0.2738357519667177,-0.06906617973280471,0.6114505755998574,0.31761590465100065,0.050819918525304035,0.36369661796515274,0.43521446205438724,-0.06843242835952965,0.0024264740934822476,0.04356267627988343,0.15271956492048946,0.44849187865143453,0.3275737219611215,0.1455760469345454,0.15371468441268765,0.2628103267321978,0.6937592450134636,0.3303537573909997,1.0,0.29217329912396045,0.598064921052659,-0.23587748889222054,0.36412177619525055,0.4157103907541285,-0.16618091035305918,-0.20614961756689004,0.23528383040648515,-0.20949684940397517,-0.036267064874477006,-0.1463133021789424,-0.22228346859643633,-0.12259160721044596,-0.17336549246617497,-0.14914709407023552,0.27477681579919955,0.15229296753965865,0.37456575663304953,-0.1986632665595151,0.3309312097461074,-0.2335886348245873,-0.07980504351031362,-0.13394878638248686,-0.06566755615782563,0.37759778649264747,-0.23928441782473706,0.3202953106220771,0.18879850728705716,0.40795377144570105,0.5286265458025896,0.7107465532753745,-0.029293978299151216,0.26853030788531596,0.07415449507149188,0.21062718919931794,-0.2783624384423007,0.33682024268337885,0.2743482094902004,0.3388594141533554,-0.18118941236018726
0.26236665474093807,0.41562741606598685,-0.39734322812389467,0.03800744993401728,0.46691043366070073,0.23897888957255894,0.20200295576825128,0.09833084943835627,0.11262515343219828,0.15824227400053004,0.20611176575207713,0.318234338844557,0.3546876619207103,0.20329352604705123,0.579094436769913,0.483176599368634,0.06663091122313886,0.34677485646148665,0.540385500925012,0.29217329912396045,1.0,0.35845345731119704,-0.026136860669981776,0.39352175654310656,0.5009373211420711,-0.01186337080880459,-0.009538679301904163,-0.1380903635617408,-0.03672449288633384,0.1637749148777556,0.06734324921887844,-0.02676904364497415,0.02913001981543098,-0.027653087028774975,0.04760808464892788,0.48368538873833705,-0.1925949082221025,0.06164153248617242,0.014009271123328365,0.5071209190150492,-0.1174767410253548,0.14932631146236758,0.0263156313534767,0.05304581936688518,0.3263879320704562,-0.0918788118615523,0.07651992420213637,0.07278950451289837,0.49891813286986064,0.3832354995395495,0.22303840459024335,0.4336499363665514,-0.10647135984166878,0.5958100862305603,-0.12754543967741305,-0.12386201127030899,-0.102224067442081,0.410393615668052,0.5521096883406341,-0.053592705004944785
0.157447619139809,0.3418379218111335,0.027504739792479,0.45578607176789526,0.3589609844871151,0.11782709574512015,0.3676395446929,0.48422929030073614,0.033477300534261234,0.07695526370064279,0.1826139108566264,0.19130519467039378,0.5202274617525398,0.4967166379752784,0.22967845571374615,0.2386984450255557,0.36390723999100394,0.646524487029247,0.3480112676629564,0.598064921052659,0.35845345731119704,1.0,-0.1805192610949498,0.4913998457305794,0.4316474601214194,-0.06624021243980079,-0.1488036923343236,0.20091094373947982,-0.12069265136350624,-0.003908772466131777,-0.05828037061300731,-0.15702238226911647,-0.06382667946495249,-0.1379186023716365,-0.07330845236993826,0.2727186229592602,0.24891019480088594,0.40937148471680146,-0.08718858998173742,0.34295663809923926,-0.2260121351466227,-0.05863620660507637,-0.06805639102722877,-0.06371905042873922,0.2832292021850252,-0.15070062577628662,0.3606850867859254,0.11771293046612105,0.3293451782524718,0.44597855565498384,0.4720876935874472,0.10391582200203975,0.34556122168000586,0.2233494374786078,0.1836826197994687,-0.18097540814599095,0.36830626355996504,0.30166690700906584,0.40130297661436143,-0.1327920854830997
0.34613340122505715,0.26230723466179345,0.344729443084766,-0.15685934705966575,0.18783016442823866,0.2539201887256094,-0.30146190038957754,0.03885843342031087,0.44362595190858767,0.4901928641425515,0.3039129546840279,0.20135375074605044,-0.20682740761727458,-0.17180011221984698,0.033123035081574895,-0.04798436250469949,0.08991833003716612,-0.19927225399088583,0.1859944142390347,-0.23587748889222054,-0.026136860669981776,-0.1805192610949498,1.0,-0.26167669094526713,0.06227103093529962,0.6731500788766007,0.6419428244691296,0.3238574206694889,0.7832124691760657,0.4164429905761095,0.7008536152582987,0.6426777819587739,0.5825872080915863,0.5839053806909541,0.6808053108032266,0.19390911243547115,0.18347871742621474,0.23335552232903398,0.6727012483765216,0.057686049740147155,0.6609497730139269,0.5388728207385739,0.5700052711858716,0.49107772334549704,0.1872407898949675,0.5318542834928992,0.09766941754387631,0.20714171974347817,0.032574719696072535,-0.22623537362463034,-0.11869238801622461,0.3181575572055686,0.15071142511792965,0.036490008963914564,0.03730571759836537,0.6386695928008307,0.08633924247628162,0.31878522053062563,0.20711185970182083,0.7526605770662078
0.07947240026782748,0.22126022732106945,-0.14978783493989395,0.3325505943727222,0.217700838799038,-0.013868017124104626,0.48182156193656045,0.2929458835701866,-0.0979286587211197,-0.07675689934380465,-0.019885580363631528,0.08191357876850798,0.6533572414743475,0.5155862319563398,0.4250390854861727,0.3951311184824722,0.2790361989620016,0.4747232743183525,0.22578806329530554,0.36412177619525055,0.39352175654310656,0.4913998457305794,-0.26167669094526713,1.0,0.3898328842656227,-0.23437996147842177,-0.2339682767288767,0.012413159429363607,-0.21713976836576593,-0.08205475600951685,-0.20844536680345693,-0.2912788679034968,-0.23457005335236292,-0.3101220072852927,-0.2174423553523893,0.13994039147212894,0.05349296054700575,0.21952953993244945,-0.17431466821277625,0.23395987154821124,-0.2824252493943329,-0.11551037922029779,-0.24578736271436308,-0.14480618874265558,0.16731031355649933,-0.27572294747924125,0.14999442716146108,0.05789161882952555,0.20575156515717596,0.4285970810246051,0.3670539007004462,0.11957698962093743,0.13409698474857928,0.3741314462889353,0.02227762799025343,-0.27559715611319624,0.07916365686190105,0.1671460655750511,0.216387042046273,-0.25343983546641724
0.4150352276861982,0.543694339490066,-0.20714813680432748,0.3746504350121969,0.6299275573899681,0.38392337637802665,0.1923786859776927,0.2733922008983332,0.21313042471988639,0.3553942667767296,0.34142301818064097,0.4723575244673559,0.2027773414900771,0.1954212542719248,0.3068476309615845,0.42300981542867155,0.15858545875318503,0.4498293575258798,0.5943271650979323,0.4157103907541285,0.5009373211420711,0.4316474601214194,0.06227103093529962,0.3898328842656227,1.0,0.0689423865058146,0.07712304520244148,0.010445574898029913,0.026202011175968765,0.2089996000281118,0.1344945556318555,0.03659599708585798,0.09239041534835328,0.13810450276308425,0.13028975467223908,0.5888537349592042,0.07618554498108907,0.15583597032826887,0.12656037298665168,0.6486674357200134,0.008728311036118402,0.24512307875084616,0.08990371318186341,0.15118191318722368,0.5105534900464076,0.06337640794516519,0.18936097603620897,0.20461614040012274,0.6436207846954254,0.44076946581079496,0.26972672215651344,0.29412211195391147,0.09638884202400755,0.42364690958933393,-0.04355363176849898,0.08980344409665839,0.09389675814460406,0.564370809883021,0.6290318696606834,0.12092247249321667
0.44957799285297734,0.24957345599416822,0.3358069961316361,-0.09608119690530673,0.202724485188981,0.20776894999243528,-0.2856579580779882,0.08049536518824597,0.5576951881116726,0.6083438895949151,0.34268204144970593,0.2684765954643411,-0.19991778659747034,-0.1340911258281905,0.029865201222467455,-0.07109289701389138,0.08949265333233081,-0.1500219647617731,0.16737272940200443,-0.16618091035305918,-0.01186337080880459,-0.06624021243980079,0.6731500788766007,-0.23437996147842177,0.0689423865058146,1.0,0.7725719701028768,0.20521415425028636,0.7773229362858761,0.4673190525511327,0.676597299550074,0.7208610713167434,0.6700069419792316,0.44994722239384105,0.7462836707864244,0.23537807158240479,0.30144064520623415,0.24332250828791388,0.710340603111662,0.03971681596375373,0.4963476648780534,0.4141701462380544,0.5911782158501213,0.44945001811117946,0.26139382433473124,0.4898687958070842,-0.01688085136583222,0.2079537861855986,0.022694457783356214,-0.20090943297580754,-0.11468669234971636,0.35972902997538514,0.1828833048478666,-0.03928554075787585,0.03693814655218752,0.5442437103172059,0.17110492709548136,0.3399500341849639,0.2799934686613974,0.7026270514921045
0.48616856335181013,0.22351051609466113,0.36843925156137025,-0.05192554153649378,0.2033170794207088,0.23446022185383963,-0.24631941409898786,0.07573481560203296,0.5191699695925812,0.5421035302754583,0.3668051363175504,0.32120335342372414,-0.17085460189751017,-0.18715913754677882,0.015916463672060427,-0.02603454216823431,0.10773520913181778,-0.15668315293707627,0.12809073531509033,-0.20614961756689004,-0.009538679301904163,-0.1488036923343236,0.6419428244691296,-0.2339682767288767,0.07712304520244148,0.7725719701028768,1.0,0.25065718444932517,0.6593841304240979,0.378870484037048,0.6330376384528948,0.7119733356249164,0.6698612730096369,0.5508249486710639,0.8493292042483942,0.2221694542698922,0.2577735796953418,0.20229093121280944,0.8089018744497511,0.05113451542538963,0.5914894777223956,0.4990681726965916,0.6128991525407221,0.42301104170589315,0.2021987430294633,0.6226701507786377,-0.07449917660412597,0.15347670798214402,0.07850773888392479,-0.20058629697612557,-0.13729490579090667,0.30976284015197897,0.1426832366093333,0.02188668299923774,-0.01572615623881493,0.6497469413236969,0.0948473201817572,0.29888868793626555,0.20800778342173565,0.7416526854769501
0.17724693203028358,0.11878229764879635,0.4382850001207625,0.23157625392887987,0.054120958641405724,0.16373038109816446,0.0492742094219038,0.4481226441664791,0.03146090613695868,0.05669215771065521,0.012432773394529001,0.059643988253228294,0.12502786917588232,0.1489555370282878,-0.11535709883797662,-0.17062415748133403,0.10656743558491803,0.22208159287002915,0.050629507982203115,0.23528383040648515,-0.1380903635617408,0.20091094373947982,0.3238574206694889,0.012413159429363607,0.010445574898029913,0.20521415425028636,0.25065718444932517,1.0,0.22312953337986768,0.30770047631250635,0.17785517271212264,0.20721886395324746,0.11335861936000757,0.02190928457613392,0.2389354983019363,0.08124592576108267,0.20895989565325832,0.5088928066916205,0.2035867415585957,-0.03477030448039725,0.19271197124471318,0.5231132271113783,0.1258349718134438,0.5564353199263128,0.12617364846891715,0.06283040737563007,0.4651253330576088,-0.022686221636184264,-0.07801561337416354,-0.02307853827195438,0.20482270087837443,-0.0926175144242717,0.12223260921355833,-0.15951827055338494,0.025430129921274955,0.13910566892922438,0.1678594855656566,0.1016220499844581,0.05814052540183659,0.24828954684326587
0.32835680461226524,0.21905439434158097,0.3454547928138598,-0.21569072209544524,0.21065840242789524,0.2683972595177019,-0.26331162992053747,-0.010431452622829199,0.5368440191229136,0.5159193607330884,0.3615481155651725,0.1534698959564529,-0.1526755430766517,-0.15427912614371364,0.010441748663032074,-0.04280115208131782,0.12258072622976421,-0.21256719457772022,0.14530592564253997,-0.20949684940397517,-0.03672449288633384,-0.12069265136350624,0.7832124691760657,-0.21713976836576593,0.026202011175968765,0.7773229362858761,0.6593841304240979,0.22312953337986768,1.0,0.5270363762892258,0.7467623857962085,0.7126534606418069,0.7329168939133517,0.5419709730308037,0.6687227343874014,0.19782850496021684,0.2638236133222998,0.1946124575576303,0.6696331837325089,0.03184841959830234,0.6410837986928798,0.5139715257116492,0.5128947820137975,0.40866118287711994,0.1755393194848705,0.5057514773200948,0.10526685490206723,0.23641172355862086,-0.011972933400003105,-0.21034585104761405,-0.151399548035811,0.34622071900520823,0.1526338236315292,0.05858104084907739,0.09611301620785492,0.6276656758774013,0.16197395929249614,0.2771547871324118,0.20976977536142621,0.6463873399152309
0.3053331614817421,0.2844158652309395,0.07033086404801231,-0.06656489322193873,0.3071478135603658,0.3911475838136932,-0.18186859502992359,-0.07326130785769577,0.3171625414148435,0.31636822902986766,0.1876134920058891,0.15180135095904415,-0.10226769229618643,-0.15969559030981806,0.09846446453875854,0.025942743785478145,-0.033274754691636134,-0.08250342437562572,0.21847369488613483,-0.036267064874477006,0.1637749148777556,-0.003908772466131777,0.4164429905761095,-0.08205475600951685,0.2089996000281118,0.4673190525511327,0.378870484037048,0.30770047631250635,0.5270363762892258,1.0,0.5049420776327793,0.49468580030567244,0.47087216603938853,0.20569443325312373,0.3649228107315457,0.41932636997252426,0.11719895802550388,0.053223295227937714,0.3919681563872642,0.285865966543298,0.24897654644043687,0.5579693534527805,0.2601176611235947,0.6406069614575712,0.229799998552789,0.21050950670183377,0.3241428390097946,0.13383150571438882,0.13922324839128844,-0.041913812943198354,-0.043057297044463094,0.2237783034231858,-0.04193258945489415,0.10289898145430124,-0.0479948696553946,0.33961533621410495,0.03412714568228442,0.31268129630512265,0.3046617676861728,0.3313948362142555
0.26245462499792577,0.3108487383112715,0.19483751398606225,-0.13260648433132316,0.22112853010319422,0.3306312252088409,-0.25954439870323553,6.242543149810875E-4,0.6718519957198974,0.5097443327627004,0.4838808637476216,0.10275593167018296,-0.1538406181219163,-0.16693560223521522,0.07004435891288557,0.0716582248760486,0.17843133334962466,-0.09261754405050118,0.2595926069589822,-0.1463133021789424,0.06734324921887844,-0.05828037061300731,0.7008536152582987,-0.20844536680345693,0.1344945556318555,0.676597299550074,0.6330376384528948,0.17785517271212264,0.7467623857962085,0.5049420776327793,1.0,0.7479873662837266,0.7771118275509141,0.5157543266768085,0.641084009914166,0.2865663433355612,0.30113147602806395,0.21341566075290042,0.682292546402729,0.15476516082295236,0.5695586124234617,0.454771431511031,0.5284188882203877,0.3342578895441674,0.15416609627900119,0.43120527859463653,0.13013047156875016,0.2763448370712969,0.08734571628926774,-0.09257580530673322,-0.07770839336598215,0.45336712358069187,0.24597988778988186,0.1455672829552117,0.191849351112827,0.6019114424420904,0.2981075944077318,0.2590891030096538,0.2942053024045665,0.6618230800338418
0.3661219177631475,0.1942155311367078,0.3176757345391221,-0.13460495785646753,0.1795063603346082,0.2564221073592552,-0.3026546223987259,0.03109282083492622,0.48718434160291235,0.4863700552795579,0.31856904987030343,0.19342369365635476,-0.2415506485172677,-0.25685682166700047,-0.026606327546358804,-0.0443332789977324,0.062206994277767505,-0.142450808618937,0.07500848573005547,-0.22228346859643633,-0.02676904364497415,-0.15702238226911647,0.6426777819587739,-0.2912788679034968,0.03659599708585798,0.7208610713167434,0.7119733356249164,0.20721886395324746,0.7126534606418069,0.49468580030567244,0.7479873662837266,1.0,0.6657511322000531,0.5291839102357334,0.698625216880021,0.24817566949201075,0.25001339356155206,0.12650974792062838,0.738219835060631,0.10212304068061251,0.5799379106065398,0.45835643943603194,0.5862645441061622,0.4049294808502444,0.1440853831315665,0.521317188255869,0.05726059421179644,0.1624086147889725,0.018453682464385224,-0.13318159454565923,-0.1932247958265333,0.29133882311467246,0.10686584217121312,-0.01809088379319443,0.10559746176366876,0.6424417404457574,0.12667469368163525,0.276053461447158,0.1386418838629175,0.6855721448191151
0.24279672025501792,0.2020803269539376,0.20063289733514794,-0.15028258681930118,0.23814414939288286,0.3010332703275312,-0.24027774975072563,-0.10447845767843572,0.6137002523872868,0.44905246672243915,0.4069086399912855,0.08336467780444798,-0.2058152173071736,-0.2513519581478505,0.07168221015998374,0.05565370621042118,0.1800801478018328,-0.16430478889043715,0.20694920145938883,-0.12259160721044596,0.02913001981543098,-0.06382667946495249,0.5825872080915863,-0.23457005335236292,0.09239041534835328,0.6700069419792316,0.6698612730096369,0.11335861936000757,0.7329168939133517,0.47087216603938853,0.7771118275509141,0.6657511322000531,1.0,0.45599662144188663,0.6320524013703946,0.1911354115324983,0.26859328233625546,0.11666540545391865,0.627691788630116,0.11003251477454631,0.5490491783734156,0.3951497808958427,0.4193737884920711,0.2775256676782578,0.1078301108789152,0.4448852917947465,0.027933993935691508,0.2666741169375747,0.138192704458747,-0.07179281432354429,-0.0807429882813783,0.4308231741654367,0.1833980765052991,0.19428060667176664,0.19621187052070882,0.542514185700248,0.25287706306698987,0.2116686020360293,0.26081182383060464,0.5398536866228973
0.2824222078460621,0.17463676711207013,0.278162183080341,0.029756489143109535,0.2443887667406052,0.1552405078317956,-0.30137747685160315,0.08651621623403476,0.4320369917368232,0.5313886476224996,0.3703108723820171,0.33817474271892856,-0.20642931615273957,-0.21802037310592012,-0.011118741413029917,0.006329632691862513,0.20774809267537947,-0.128699605356879,0.14332437540635629,-0.17336549246617497,-0.027653087028774975,-0.1379186023716365,0.5839053806909541,-0.3101220072852927,0.13810450276308425,0.44994722239384105,0.5508249486710639,0.02190928457613392,0.5419709730308037,0.20569443325312373,0.5157543266768085,0.5291839102357334,0.45599662144188663,1.0,0.5539065024082279,0.24077793829603655,0.2048475608212154,0.02714231780379612,0.5978379659355715,0.11848882086789517,0.5996367638848468,0.35299664762163363,0.6767242231265762,0.22792431815957814,0.15948541047951645,0.6591473161927335,0.09551526504591987,0.2716025962350499,0.13987202527021603,-0.08286155655562148,-0.30047330149986623,0.3862001111942781,0.25950077026497487,0.09716698915112149,0.1872276361496185,0.7673649761294292,0.1479495519028639,0.3028030161949727,0.1572365836757535,0.6606978063385274
