1.0,0.7217250000000001,0.39095,0.2942,0.387075,0.388525,0.24335,0.3144,0.6696,0.30592499999999995,0.331375,0.371225,0.3189,0.411675,0.5698749999999999,0.64815,0.7515000000000001,0.380225,0.572775,0.39842500000000003,0.3338,0.328625,0.56145,0.731675,0.781175,0.6093250000000001,0.326125,0.329125,0.369125,0.31635,0.6185499999999999,0.6521,0.73435,0.7064,0.377975,0.4274,0.32685000000000003,0.4083,0.2985,0.38197499999999995,0.35314999999999996,0.545825,0.30245,0.49160000000000004,0.47467500000000007,0.42799999999999994,0.374775,0.367025,0.37435,0.406325,0.30395,0.33792500000000003,0.420025,0.3102,0.372675,0.28375,0.69625,0.38992499999999997,0.391175,0.596175,0.6222,0.7282,0.70485,0.437375,0.49624999999999997,0.42294999999999994,0.40454999999999997,0.651025,0.6204000000000001,0.7351749999999999,0.671975,0.3554,0.708025,0.7264999999999999,0.736475,0.39590000000000003,0.363475,0.409,0.73965,0.6000000000000001
0.7217250000000001,1.0,0.43565000000000004,0.4052,0.40754999999999997,0.448225,0.25795,0.30565000000000003,0.6340250000000001,0.344125,0.36962500000000004,0.40722500000000006,0.333575,0.481825,0.5960000000000001,0.597775,0.7422,0.40235,0.49924999999999997,0.36295,0.33805,0.3531,0.6034250000000001,0.7544500000000001,0.7056499999999999,0.6698249999999999,0.396775,0.419925,0.38822500000000004,0.324175,0.693075,0.741625,0.65615,0.7433,0.382325,0.43545000000000006,0.40102499999999996,0.477125,0.32334999999999997,0.40859999999999996,0.44637499999999997,0.4652,0.34534999999999993,0.460825,0.4192,0.40874999999999995,0.396675,0.42805,0.396625,0.45332500000000003,0.407775,0.390375,0.447,0.422925,0.35507500000000003,0.36555000000000004,0.7893249999999999,0.40685000000000004,0.4213,0.676475,0.75035,0.7232000000000001,0.74545,0.43052500000000005,0.44045,0.422525,0.42765000000000003,0.686825,0.6579250000000001,0.697875,0.693175,0.44222500000000003,0.7154,0.7683499999999999,0.6933,0.452675,0.39715,0.368625,0.7288250000000001,0.700375
0.39095,0.43565000000000004,1.0,0.57205,0.75585,0.7846500000000001,0.446625,0.405175,0.378575,0.519075,0.75435,0.76915,0.6626000000000001,0.587975,0.43925000000000003,0.4991,0.386625,0.39964999999999995,0.47134999999999994,0.62845,0.505225,0.5044,0.40900000000000003,0.37355,0.42652500000000004,0.454975,0.608275,0.5143249999999999,0.555175,0.5042,0.43792499999999995,0.459425,0.5086999999999999,0.36035,0.7078,0.7642500000000001,0.584325,0.7371,0.603375,0.746,0.6201,0.622025,0.4385,0.7556499999999999,0.7161,0.5368999999999999,0.7984,0.7015,0.657975,0.6019,0.6051500000000001,0.5300499999999999,0.6244999999999999,0.5785,0.609525,0.674975,0.44825,0.5575,0.508375,0.381475,0.416875,0.36369999999999997,0.39795,0.768675,0.6729499999999999,0.59015,0.6179,0.45852499999999996,0.5138750000000001,0.435075,0.41405000000000003,0.66855,0.407875,0.4292,0.44125000000000003,0.69655,0.4555,0.63745,0.43557499999999993,0.434775
0.2942,0.4052,0.57205,1.0,0.5527500000000001,0.54925,0.6572,0.751125,0.35150000000000003,0.752575,0.484275,0.5980000000000001,0.541525,0.6187750000000001,0.375125,0.38864999999999994,0.316375,0.635375,0.252375,0.43510000000000004,0.6754,0.649275,0.38397499999999996,0.31795,0.34302499999999997,0.428425,0.736925,0.83095,0.661925,0.694275,0.359625,0.406725,0.34705,0.338825,0.5561,0.6056750000000001,0.7995999999999999,0.505275,0.56895,0.534,0.6791499999999999,0.479225,0.4224,0.564575,0.545275,0.5633,0.584025,0.691,0.71845,0.615275,0.7843249999999999,0.762975,0.677625,0.754975,0.60135,0.716225,0.41492500000000004,0.5096999999999999,0.7115499999999999,0.326975,0.383,0.33940000000000003,0.34615,0.511575,0.471325,0.603,0.6464,0.400825,0.451875,0.37105,0.418325,0.509975,0.33949999999999997,0.3588,0.33927500000000005,0.708175,0.6957,0.631975,0.310675,0.418825
0.387075,0.40754999999999997,0.75585,0.5527500000000001,1.0,0.778425,0.42445,0.428875,0.37525,0.521525,0.625075,0.7422,0.7777499999999999,0.5936,0.36105,0.42955,0.39842500000000003,0.4125,0.32777500000000004,0.50695,0.47557499999999997,0.51025,0.354,0.34795,0.42157500000000003,0.37139999999999995,0.6475,0.516025,0.6583749999999999,0.5433,0.34315,0.38684999999999997,0.497625,0.344575,0.716275,0.71685,0.5905750000000001,0.6784250000000001,0.6682250000000001,0.7966249999999999,0.6329750000000001,0.6613249999999999,0.377875,0.7004999999999999,0.7747250000000001,0.53935,0.7384,0.688675,0.7521,0.6278,0.62465,0.570325,0.69945,0.600625,0.6023000000000001,0.5942000000000001,0.4346749999999999,0.573925,0.54855,0.30855,0.38525,0.41137500000000005,0.4103,0.697975,0.653275,0.67395,0.646075,0.379775,0.47269999999999995,0.42264999999999997,0.41125,0.61985,0.365125,0.43395,0.45575,0.768375,0.5085,0.652925,0.33327500000000004,0.37845
0.388525,0.448225,0.7846500000000001,0.54925,0.778425,1.0,0.40425,0.4385,0.39622499999999994,0.48075,0.6731750000000001,0.77335,0.6819500000000001,0.5796749999999999,0.422325,0.5012000000000001,0.39827499999999993,0.43152499999999994,0.41815,0.587475,0.442775,0.46859999999999996,0.37705,0.379625,0.41445,0.430075,0.5652,0.48829999999999996,0.5587,0.48525,0.3872,0.447775,0.51915,0.3742,0.616,0.742175,0.51835,0.727625,0.5766249999999999,0.75705,0.635725,0.6263,0.41457499999999997,0.6882999999999999,0.6496249999999999,0.51305,0.7352,0.7051750000000001,0.623875,0.5703750000000001,0.5582,0.5811999999999999,0.566075,0.5780000000000001,0.56525,0.565575,0.444325,0.527425,0.52195,0.3505,0.41157499999999997,0.370875,0.387475,0.6590750000000001,0.60405,0.538375,0.55545,0.428025,0.525,0.415475,0.43437500000000007,0.626125,0.3952,0.42095000000000005,0.43689999999999996,0.6669,0.452225,0.5861,0.354375,0.42879999999999996
0.24335,0.25795,0.446625,0.6572,0.42445,0.40425,1.0,0.777725,0.309625,0.6255999999999999,0.43557499999999993,0.460525,0.41164999999999996,0.555075,0.380025,0.387725,0.251,0.506725,0.304625,0.33494999999999997,0.599625,0.5432,0.411125,0.3531,0.30505,0.31327499999999997,0.6085,0.599275,0.50645,0.5191,0.30367500000000003,0.291825,0.2715,0.29130000000000006,0.4266,0.41335,0.68205,0.36785,0.46767499999999995,0.3782,0.5361,0.34192500000000003,0.529425,0.387475,0.358175,0.4586,0.45609999999999995,0.5292250000000001,0.5208,0.49029999999999996,0.630725,0.6055250000000001,0.472,0.583975,0.721375,0.61735,0.28885,0.41500000000000004,0.5369,0.42967500000000003,0.2511,0.24357499999999996,0.24334999999999998,0.40315,0.346525,0.49295,0.537425,0.376025,0.356625,0.29185,0.357175,0.367275,0.3012,0.27435,0.24722500000000003,0.5308,0.5222,0.45967499999999994,0.306225,0.32017500000000004
0.3144,0.30565000000000003,0.405175,0.751125,0.428875,0.4385,0.777725,1.0,0.38395,0.653925,0.35162499999999997,0.433925,0.406,0.5159,0.3434,0.4289,0.3413,0.57515,0.302275,0.371875,0.59815,0.5365500000000001,0.38255,0.423275,0.36455,0.32447499999999996,0.593275,0.6697,0.559625,0.586125,0.275675,0.311525,0.3383,0.30365000000000003,0.40149999999999997,0.427425,0.6649,0.368325,0.4384,0.40182500000000004,0.541625,0.376575,0.469325,0.39915,0.41277499999999995,0.48774999999999996,0.41637500000000005,0.5137,0.58055,0.4985,0.62385,0.6793499999999999,0.5418750000000001,0.5831999999999999,0.6808000000000001,0.589425,0.328175,0.42267499999999997,0.602175,0.408275,0.274375,0.32822500000000004,0.31224999999999997,0.369325,0.3513,0.5231250000000001,0.535,0.37942499999999996,0.42115,0.34535,0.403275,0.36495,0.351175,0.319425,0.2898,0.569,0.6065750000000001,0.49339999999999995,0.255925,0.327475
0.6696,0.6340250000000001,0.378575,0.35150000000000003,0.37525,0.39622499999999994,0.309625,0.38395,1.0,0.4174,0.324225,0.371875,0.350425,0.42032500000000006,0.66925,0.55955,0.700675,0.357475,0.586975,0.491625,0.44262499999999994,0.45245,0.7165999999999999,0.6536500000000001,0.709025,0.69625,0.3507,0.403725,0.360775,0.368875,0.672275,0.7075500000000001,0.628075,0.6406499999999999,0.35932499999999995,0.39027500000000004,0.35764999999999997,0.42974999999999997,0.3607,0.38630000000000003,0.36624999999999996,0.435025,0.246625,0.4184,0.40225,0.3935,0.356125,0.351225,0.372825,0.3768,0.31899999999999995,0.3179,0.370275,0.324125,0.3248,0.31660000000000005,0.72705,0.357825,0.33567500000000006,0.6018249999999999,0.635875,0.7604249999999999,0.6895,0.36555,0.370425,0.4006,0.41400000000000003,0.708125,0.710675,0.70475,0.7266,0.36,0.66605,0.71275,0.7147749999999999,0.41774999999999995,0.381075,0.39432500000000004,0.617325,0.7158500000000001
0.30592499999999995,0.344125,0.519075,0.752575,0.521525,0.48075,0.6255999999999999,0.653925,0.4174,1.0,0.439875,0.53695,0.49402499999999994,0.569775,0.318925,0.33412500000000006,0.28205,0.6052249999999999,0.327725,0.47175,0.79415,0.6716,0.33555,0.26839999999999997,0.314875,0.380775,0.6656500000000001,0.730575,0.6174250000000001,0.6095999999999999,0.31125,0.33875,0.325075,0.24947499999999997,0.501725,0.465775,0.7375,0.446175,0.57395,0.475375,0.629675,0.42705000000000004,0.39490000000000003,0.47775,0.5032,0.49697499999999994,0.50515,0.6069,0.665575,0.5535749999999999,0.6804,0.6715249999999999,0.6355500000000001,0.64225,0.523975,0.6732750000000001,0.3775,0.5215000000000001,0.612275,0.256375,0.333925,0.321475,0.3059,0.44027499999999997,0.434175,0.5675,0.570675,0.35192500000000004,0.3648,0.33025000000000004,0.36072499999999996,0.408275,0.29367499999999996,0.33585,0.322375,0.642625,0.644425,0.5370999999999999,0.2687,0.36447500000000005
0.331375,0.36962500000000004,0.75435,0.484275,0.625075,0.6731750000000001,0.43557499999999993,0.35162499999999997,0.324225,0.439875,1.0,0.808725,0.7080500000000001,0.5934250000000001,0.3971,0.445475,0.318925,0.41175,0.49897499999999995,0.572125,0.47085,0.529825,0.3855,0.3242,0.359325,0.429475,0.598925,0.4464,0.544575,0.468175,0.4157,0.426925,0.43567500000000003,0.360775,0.694375,0.690525,0.531775,0.6880999999999999,0.574175,0.678275,0.6107,0.533525,0.4224,0.6259250000000001,0.6058250000000001,0.45205,0.7689999999999999,0.673475,0.578025,0.57805,0.5972,0.494175,0.5281750000000001,0.567225,0.537825,0.6244000000000001,0.41255,0.50215,0.5088250000000001,0.33025,0.38255,0.323725,0.35257499999999997,0.64245,0.5951,0.491025,0.535225,0.39695,0.434325,0.325775,0.32904999999999995,0.660025,0.37429999999999997,0.37797499999999995,0.40292500000000003,0.603475,0.43495,0.5884,0.4383,0.41942500000000005
0.371225,0.40722500000000006,0.76915,0.5980000000000001,0.7422,0.77335,0.460525,0.433925,0.371875,0.53695,0.808725,1.0,0.7981499999999999,0.641475,0.39695,0.48367499999999997,0.335875,0.447975,0.40435,0.615575,0.50425,0.585725,0.38570000000000004,0.344075,0.38625,0.478425,0.617125,0.530175,0.59355,0.539775,0.39135,0.449875,0.4728,0.367425,0.7366999999999999,0.78345,0.55835,0.76155,0.6066750000000001,0.77445,0.67235,0.6606000000000001,0.41605000000000003,0.7714749999999999,0.7484249999999999,0.5287999999999999,0.7856000000000001,0.741425,0.6426,0.5978749999999999,0.644525,0.580725,0.6166,0.619925,0.5493750000000001,0.60335,0.438875,0.49992499999999995,0.54115,0.321975,0.407625,0.344075,0.378175,0.6867,0.692625,0.54705,0.5957250000000001,0.38780000000000003,0.475175,0.37327499999999997,0.37407500000000005,0.67825,0.362325,0.398625,0.40465000000000007,0.686925,0.484,0.627825,0.39942500000000003,0.46399999999999997
0.3189,0.333575,0.6626000000000001,0.541525,0.7777499999999999,0.6819500000000001,0.41164999999999996,0.406,0.350425,0.49402499999999994,0.7080500000000001,0.7981499999999999,1.0,0.59375,0.347,0.36977499999999996,0.3281,0.412025,0.33465,0.5403,0.49595,0.5408000000000001,0.32120000000000004,0.28037500000000004,0.35817499999999997,0.361175,0.627,0.515175,0.6512499999999999,0.5487,0.300125,0.3566,0.43300000000000005,0.314025,0.6948,0.651175,0.533075,0.654,0.66815,0.7440500000000001,0.5865750000000001,0.5836250000000001,0.311775,0.6539999999999999,0.7276,0.48545000000000005,0.722625,0.655575,0.67355,0.6035999999999999,0.6079749999999999,0.560875,0.6197,0.5793,0.478725,0.574275,0.3981,0.5204,0.5532250000000001,0.2589,0.3444,0.35335,0.35634999999999994,0.6185,0.6187,0.570425,0.580175,0.323275,0.4109499999999999,0.360375,0.33135000000000003,0.5842499999999999,0.30010000000000003,0.373325,0.42050000000000004,0.6796500000000001,0.519925,0.584525,0.296925,0.3591
0.411675,0.481825,0.587975,0.6187750000000001,0.5936,0.5796749999999999,0.555075,0.5159,0.42032500000000006,0.569775,0.5934250000000001,0.641475,0.59375,1.0,0.36027499999999996,0.358875,0.40565,0.55935,0.358425,0.52755,0.6119749999999999,0.721925,0.366475,0.367025,0.3905,0.46799999999999997,0.741925,0.60005,0.741925,0.62965,0.404975,0.47657499999999997,0.43055,0.41564999999999996,0.5441750000000001,0.59985,0.6520999999999999,0.625675,0.6949749999999999,0.5646249999999999,0.7587,0.5211,0.430275,0.5264,0.519975,0.620475,0.56015,0.6931499999999999,0.707875,0.812425,0.74965,0.689325,0.727,0.7450749999999999,0.589975,0.703025,0.5316000000000001,0.519425,0.71875,0.33005,0.42452500000000004,0.396225,0.42845,0.5448500000000001,0.529075,0.6935,0.7561499999999999,0.36085,0.369,0.3971,0.34375,0.607575,0.40512499999999996,0.4501,0.450975,0.684975,0.6358250000000001,0.638725,0.44785,0.44635
0.5698749999999999,0.5960000000000001,0.43925000000000003,0.375125,0.36105,0.422325,0.380025,0.3434,0.66925,0.318925,0.3971,0.39695,0.347,0.36027499999999996,1.0,0.6252249999999999,0.7207250000000001,0.32227500000000003,0.6477999999999999,0.372925,0.315475,0.3075,0.869475,0.61125,0.6733500000000001,0.6552499999999999,0.403075,0.331175,0.322175,0.31225,0.7815,0.7886,0.6075,0.70865,0.40525,0.42132499999999995,0.4014,0.40279999999999994,0.277175,0.400825,0.352575,0.38549999999999995,0.39225,0.44555,0.3428,0.31967500000000004,0.47495,0.3771,0.3072,0.3437,0.37367500000000003,0.30019999999999997,0.322225,0.365275,0.4286,0.36465,0.620025,0.36262500000000003,0.2951,0.71115,0.574275,0.653775,0.646925,0.44687499999999997,0.37165000000000004,0.331725,0.39287500000000003,0.833825,0.7392,0.65065,0.733875,0.391925,0.6948749999999999,0.65935,0.638375,0.34585,0.28167499999999995,0.36665000000000003,0.663225,0.73105
0.64815,0.597775,0.4991,0.38864999999999994,0.42955,0.5012000000000001,0.387725,0.4289,0.55955,0.33412500000000006,0.445475,0.48367499999999997,0.36977499999999996,0.358875,0.6252249999999999,1.0,0.653725,0.42010000000000003,0.6663,0.48129999999999995,0.34395,0.35125,0.56525,0.670075,0.7112499999999999,0.557275,0.31820000000000004,0.41264999999999996,0.30307500000000004,0.349825,0.5312,0.591125,0.768025,0.666075,0.43062500000000004,0.5375,0.330125,0.4864,0.28569999999999995,0.4666,0.3611,0.551925,0.40085000000000004,0.574,0.48919999999999997,0.3663,0.45985,0.4301,0.3279,0.334175,0.3317,0.2776,0.35775,0.34735,0.432825,0.2908,0.545725,0.32685000000000003,0.317575,0.577575,0.526775,0.59875,0.5791,0.471425,0.517725,0.34965,0.3771,0.6642,0.769625,0.608475,0.695825,0.44255,0.730625,0.65865,0.648325,0.38715,0.387125,0.378025,0.6086,0.545925
0.7515000000000001,0.7422,0.386625,0.316375,0.39842500000000003,0.39827499999999993,0.251,0.3413,0.700675,0.28205,0.318925,0.335875,0.3281,0.40565,0.7207250000000001,0.653725,1.0,0.339,0.6017000000000001,0.320875,0.2922,0.2849,0.7115750000000001,0.826575,0.8351,0.556675,0.363025,0.322525,0.40712499999999996,0.30915,0.6787,0.770875,0.765075,0.843675,0.3636,0.40092500000000003,0.30895,0.3648,0.308375,0.372875,0.386025,0.45245,0.3585,0.423975,0.41947500000000004,0.37494999999999995,0.3724,0.367625,0.391725,0.40012500000000006,0.3536,0.3325,0.44962499999999994,0.351875,0.42715000000000003,0.31832499999999997,0.7446999999999999,0.40737500000000004,0.354125,0.7116,0.742775,0.87505,0.875525,0.3629,0.37077499999999997,0.41817499999999996,0.361475,0.79665,0.7351749999999999,0.8322499999999999,0.8123500000000001,0.32777500000000004,0.8517750000000001,0.8763749999999999,0.79225,0.400525,0.34155,0.403225,0.6741,0.6520999999999999
0.380225,0.40235,0.39964999999999995,0.635375,0.4125,0.43152499999999994,0.506725,0.57515,0.357475,0.6052249999999999,0.41175,0.447975,0.412025,0.55935,0.32227500000000003,0.42010000000000003,0.339,1.0,0.291925,0.4121,0.623575,0.6227,0.317025,0.302275,0.34975,0.43145,0.57185,0.6816,0.546875,0.5641499999999999,0.34347500000000003,0.37865000000000004,0.347975,0.309025,0.37415,0.442875,0.640625,0.427975,0.40990000000000004,0.43420000000000003,0.542775,0.43377499999999997,0.366275,0.38620000000000004,0.4022,0.497675,0.385625,0.54955,0.56765,0.5788249999999999,0.5250250000000001,0.53695,0.5615999999999999,0.503225,0.47607499999999997,0.5208,0.360375,0.41327500000000006,0.6201,0.25372500000000003,0.3251,0.333275,0.290575,0.38860000000000006,0.429975,0.579325,0.572075,0.325625,0.41450000000000004,0.32230000000000003,0.3813,0.47605,0.3489,0.332975,0.336175,0.541975,0.776725,0.48255,0.333975,0.390225
0.572775,0.49924999999999997,0.47134999999999994,0.252375,0.32777500000000004,0.41815,0.304625,0.302275,0.586975,0.327725,0.49897499999999995,0.40435,0.33465,0.358425,0.6477999999999999,0.6663,0.6017000000000001,0.291925,1.0,0.5219,0.389375,0.358325,0.6253500000000001,0.5569500000000001,0.6596,0.5332749999999999,0.3252,0.28595000000000004,0.264825,0.231075,0.6312,0.61765,0.692,0.572725,0.39705,0.41795,0.30785,0.44284999999999997,0.2509,0.3912,0.286525,0.42957500000000004,0.34365,0.44595,0.35829999999999995,0.338275,0.43742499999999995,0.35312499999999997,0.236325,0.312925,0.310075,0.2684,0.26344999999999996,0.289425,0.3279,0.334825,0.521575,0.31545,0.33194999999999997,0.519675,0.475175,0.527625,0.530775,0.44385,0.4515,0.2687,0.31385,0.6225,0.657875,0.54945,0.5400499999999999,0.385625,0.6563,0.5967,0.604325,0.289225,0.25775000000000003,0.30745,0.6229,0.5568249999999999
0.39842500000000003,0.36295,0.62845,0.43510000000000004,0.50695,0.587475,0.33494999999999997,0.371875,0.491625,0.47175,0.572125,0.615575,0.5403,0.52755,0.372925,0.48129999999999995,0.320875,0.4121,0.5219,1.0,0.58765,0.6272500000000001,0.36075,0.30645,0.384025,0.4636,0.44365,0.45972499999999994,0.408525,0.466075,0.3469,0.40854999999999997,0.450225,0.3001,0.49695,0.6139000000000001,0.42687500000000006,0.6517,0.466725,0.546975,0.44432499999999997,0.5078,0.27405,0.60745,0.553175,0.413875,0.57855,0.5362,0.43795,0.50565,0.45355,0.4304,0.43942499999999995,0.419625,0.34135000000000004,0.454775,0.412975,0.324025,0.441925,0.250875,0.310325,0.33699999999999997,0.3055,0.5688,0.5757,0.4377,0.47592500000000004,0.36495,0.477475,0.324075,0.35209999999999997,0.546225,0.38097499999999995,0.3467,0.43017500000000003,0.4662,0.4448,0.46115,0.38394999999999996,0.403825
0.3338,0.33805,0.505225,0.6754,0.47557499999999997,0.442775,0.599625,0.59815,0.44262499999999994,0.79415,0.47085,0.50425,0.49595,0.6119749999999999,0.315475,0.34395,0.2922,0.623575,0.389375,0.58765,1.0,0.7619750000000001,0.350325,0.28690000000000004,0.339975,0.409925,0.587325,0.7430000000000001,0.5488999999999999,0.56375,0.33447499999999997,0.359975,0.33922499999999994,0.271825,0.44530000000000003,0.46547499999999997,0.6972,0.4838,0.582625,0.47,0.549375,0.425175,0.3363,0.458625,0.4569,0.484525,0.444925,0.6073,0.6097250000000001,0.585075,0.640925,0.6194999999999999,0.57555,0.599275,0.47764999999999996,0.6337250000000001,0.3502,0.4341,0.5598749999999999,0.2473,0.30757500000000004,0.2984,0.28007499999999996,0.4301,0.443275,0.5211,0.5719,0.34104999999999996,0.345925,0.3044,0.30685,0.4404,0.321125,0.35195,0.3504,0.614,0.672725,0.48905000000000004,0.3251,0.374725
0.328625,0.3531,0.5044,0.649275,0.51025,0.46859999999999996,0.5432,0.5365500000000001,0.45245,0.6716,0.529825,0.585725,0.5408000000000001,0.721925,0.3075,0.35125,0.2849,0.6227,0.358325,0.6272500000000001,0.7619750000000001,1.0,0.326925,0.257575,0.30422499999999997,0.465075,0.657475,0.706925,0.6289750000000001,0.6582250000000001,0.307325,0.351775,0.30782499999999996,0.284225,0.5045999999999999,0.525425,0.6154499999999999,0.535525,0.5966,0.49805,0.65845,0.473875,0.3147,0.47772500000000007,0.484775,0.512775,0.483825,0.6470750000000001,0.6366,0.6749,0.6788000000000001,0.5977750000000001,0.6128499999999999,0.6711,0.476475,0.59865,0.380975,0.38937499999999997,0.64175,0.201325,0.326475,0.313175,0.297425,0.42755000000000004,0.46095,0.5720000000000001,0.65395,0.295725,0.35197500000000004,0.28925,0.317225,0.5079,0.33790000000000003,0.34234999999999993,0.356,0.63705,0.6570499999999999,0.589775,0.33280000000000004,0.391675
0.56145,0.6034250000000001,0.40900000000000003,0.38397499999999996,0.354,0.37705,0.411125,0.38255,0.7165999999999999,0.33555,0.3855,0.38570000000000004,0.32120000000000004,0.366475,0.869475,0.56525,0.7115750000000001,0.317025,0.6253500000000001,0.36075,0.350325,0.326925,1.0,0.6320250000000001,0.690525,0.7070749999999999,0.39139999999999997,0.337475,0.31655,0.308725,0.7906249999999999,0.7643249999999999,0.5362750000000001,0.691025,0.392725,0.38507500000000006,0.40675000000000006,0.369175,0.280075,0.366225,0.32737499999999997,0.333225,0.40075,0.4001,0.33425000000000005,0.37045,0.434475,0.34535,0.326625,0.329075,0.35152500000000003,0.31325000000000003,0.3167,0.32837500000000003,0.45777500000000004,0.353825,0.6605749999999999,0.357225,0.301925,0.7501249999999999,0.5981749999999999,0.67705,0.675575,0.41170000000000007,0.32815,0.3427,0.386,0.8452249999999999,0.7480249999999999,0.670325,0.76715,0.365625,0.684125,0.68085,0.584625,0.35350000000000004,0.293225,0.3548,0.660525,0.767775
0.731675,0.7544500000000001,0.37355,0.31795,0.34795,0.379625,0.3531,0.423275,0.6536500000000001,0.26839999999999997,0.3242,0.344075,0.28037500000000004,0.367025,0.61125,0.670075,0.826575,0.302275,0.5569500000000001,0.30645,0.28690000000000004,0.257575,0.6320250000000001,1.0,0.8207249999999999,0.559075,0.322675,0.33405,0.355475,0.247175,0.65985,0.7090000000000001,0.69035,0.753975,0.34614999999999996,0.40030000000000004,0.29735,0.37157500000000004,0.26605,0.35592500000000005,0.367725,0.411725,0.40027499999999994,0.418725,0.390725,0.344275,0.346875,0.36865,0.346675,0.35245,0.33447499999999997,0.33059999999999995,0.3833,0.34325,0.49505,0.30135,0.713225,0.34740000000000004,0.326975,0.814675,0.7038500000000001,0.7636999999999999,0.8015999999999999,0.343725,0.358875,0.340125,0.31300000000000006,0.7491000000000001,0.700475,0.767725,0.742675,0.30605,0.7605500000000001,0.8064,0.7098249999999999,0.376475,0.30724999999999997,0.3711,0.6751,0.64065
0.781175,0.7056499999999999,0.42652500000000004,0.34302499999999997,0.42157500000000003,0.41445,0.30505,0.36455,0.709025,0.314875,0.359325,0.38625,0.35817499999999997,0.3905,0.6733500000000001,0.7112499999999999,0.8351,0.34975,0.6596,0.384025,0.339975,0.30422499999999997,0.690525,0.8207249999999999,1.0,0.594025,0.367325,0.3804,0.407775,0.30955,0.689625,0.7346250000000001,0.7882,0.76535,0.42117499999999997,0.445925,0.33575,0.38634999999999997,0.308,0.4224,0.373475,0.45847499999999997,0.373675,0.467275,0.46192500000000003,0.38407500000000006,0.418675,0.401675,0.391,0.39144999999999996,0.34665,0.37182499999999996,0.415375,0.3525,0.42305,0.32445,0.72785,0.425175,0.38102500000000006,0.684975,0.69485,0.793275,0.8062,0.42747500000000005,0.43885,0.3821,0.3801,0.777825,0.7645500000000001,0.84195,0.7673749999999999,0.33047499999999996,0.820325,0.8567750000000001,0.807925,0.414925,0.39485,0.448925,0.6742750000000001,0.6802
0.6093250000000001,0.6698249999999999,0.454975,0.428425,0.37139999999999995,0.430075,0.31327499999999997,0.32447499999999996,0.69625,0.380775,0.429475,0.478425,0.361175,0.46799999999999997,0.6552499999999999,0.557275,0.556675,0.43145,0.5332749999999999,0.4636,0.409925,0.465075,0.7070749999999999,0.559075,0.594025,1.0,0.3627,0.41859999999999997,0.315175,0.35660000000000003,0.7426250000000001,0.774125,0.50495,0.5839,0.36515,0.47259999999999996,0.404975,0.478325,0.32605,0.469775,0.388475,0.44755,0.34605,0.47335,0.374625,0.42555,0.41445,0.44275,0.3457,0.439075,0.36082499999999995,0.353575,0.35830000000000006,0.35685,0.36197500000000005,0.375475,0.6850499999999999,0.34902500000000003,0.38899999999999996,0.5646249999999999,0.5749500000000001,0.575725,0.55435,0.477825,0.4563,0.36577499999999996,0.466025,0.64985,0.629775,0.542725,0.6361,0.51935,0.584175,0.588325,0.554025,0.41315,0.39105,0.375875,0.6545,0.8653250000000001
0.326125,0.396775,0.608275,0.736925,0.6475,0.5652,0.6085,0.593275,0.3507,0.6656500000000001,0.598925,0.617125,0.627,0.741925,0.403075,0.31820000000000004,0.363025,0.57185,0.3252,0.44365,0.587325,0.657475,0.39139999999999997,0.322675,0.367325,0.3627,1.0,0.672875,0.86585,0.7678499999999999,0.3945,0.4112,0.36815,0.3849,0.6581,0.58215,0.758825,0.5142249999999999,0.6527750000000001,0.566025,0.719125,0.47252500000000003,0.464425,0.52315,0.553725,0.5752999999999999,0.66405,0.69705,0.828275,0.7764249999999999,0.862225,0.7329749999999999,0.7759,0.7787,0.655725,0.8116,0.46055,0.603775,0.77885,0.38007499999999994,0.38315,0.408375,0.41655,0.55825,0.476125,0.71445,0.74305,0.42015,0.40659999999999996,0.3908,0.3816,0.517625,0.3706,0.4079,0.424875,0.7198499999999999,0.6737,0.694025,0.38935000000000003,0.3662
0.329125,0.419925,0.5143249999999999,0.83095,0.516025,0.48829999999999996,0.599275,0.6697,0.403725,0.730575,0.4464,0.530175,0.515175,0.60005,0.331175,0.41264999999999996,0.322525,0.6816,0.28595000000000004,0.45972499999999994,0.7430000000000001,0.706925,0.337475,0.33405,0.3804,0.41859999999999997,0.672875,1.0,0.62835,0.67865,0.3609,0.38665,0.385375,0.31827500000000003,0.5410250000000001,0.548825,0.7422,0.501825,0.5278499999999999,0.502475,0.64645,0.449675,0.343175,0.511975,0.500775,0.49539999999999995,0.5195,0.6614500000000001,0.67795,0.6397999999999999,0.697825,0.6689750000000001,0.64705,0.704775,0.5141249999999999,0.626525,0.39715,0.48487500000000006,0.6874750000000001,0.2934,0.39794999999999997,0.34045000000000003,0.31975,0.4442,0.4515,0.573825,0.641775,0.35944999999999994,0.428775,0.35815,0.42105,0.46682500000000005,0.37347499999999995,0.38585,0.36687499999999995,0.6777249999999999,0.7550250000000001,0.596775,0.2968,0.39392499999999997
0.369125,0.38822500000000004,0.555175,0.661925,0.6583749999999999,0.5587,0.50645,0.559625,0.360775,0.6174250000000001,0.544575,0.59355,0.6512499999999999,0.741925,0.322175,0.30307500000000004,0.40712499999999996,0.546875,0.264825,0.408525,0.5488999999999999,0.6289750000000001,0.31655,0.355475,0.407775,0.315175,0.86585,0.62835,1.0,0.728675,0.33945,0.41195,0.42010000000000003,0.36924999999999997,0.6059,0.5785,0.648825,0.47447500000000004,0.672825,0.594925,0.7447999999999999,0.49230000000000007,0.38425,0.509675,0.595225,0.5642750000000001,0.6127,0.679025,0.8393000000000002,0.7933250000000001,0.8001,0.7546,0.831575,0.7637499999999999,0.590775,0.73205,0.4593,0.6113,0.7464500000000001,0.31617500000000004,0.39795,0.44145,0.45432500000000003,0.510925,0.485825,0.7483249999999999,0.7266,0.34729999999999994,0.37202500000000005,0.432725,0.35997500000000004,0.49279999999999996,0.36535,0.458925,0.4903,0.7462249999999999,0.6813,0.7226250000000001,0.31955,0.360225
0.31635,0.324175,0.5042,0.694275,0.5433,0.48525,0.5191,0.586125,0.368875,0.6095999999999999,0.468175,0.539775,0.5487,0.62965,0.31225,0.349825,0.30915,0.5641499999999999,0.231075,0.466075,0.56375,0.6582250000000001,0.308725,0.247175,0.30955,0.35660000000000003,0.7678499999999999,0.67865,0.728675,1.0,0.306225,0.34419999999999995,0.34540000000000004,0.33,0.5559000000000001,0.5674,0.647275,0.472125,0.56375,0.5059,0.592775,0.47885,0.32885,0.49592500000000006,0.5343249999999999,0.5707249999999999,0.5343249999999999,0.617725,0.720125,0.710925,0.6961250000000001,0.6460999999999999,0.7011499999999999,0.639725,0.5474000000000001,0.629575,0.404225,0.47839999999999994,0.71715,0.25095,0.27895,0.387825,0.332675,0.48787499999999995,0.47302500000000003,0.680275,0.71535,0.34675,0.369325,0.31534999999999996,0.34285000000000004,0.471525,0.28150000000000003,0.33104999999999996,0.36355,0.6366,0.6833,0.631,0.30845,0.338325
0.6185499999999999,0.693075,0.43792499999999995,0.359625,0.34315,0.3872,0.30367500000000003,0.275675,0.672275,0.31125,0.4157,0.39135,0.300125,0.404975,0.7815,0.5312,0.6787,0.34347500000000003,0.6312,0.3469,0.33447499999999997,0.307325,0.7906249999999999,0.65985,0.689625,0.7426250000000001,0.3945,0.3609,0.33945,0.306225,1.0,0.872825,0.584225,0.6936499999999999,0.4009,0.448725,0.38885000000000003,0.40327499999999994,0.288975,0.40682500000000005,0.38115,0.392625,0.416875,0.43710000000000004,0.36435000000000006,0.3755,0.42435,0.40007499999999996,0.32937500000000003,0.374475,0.3682,0.36522499999999997,0.36955000000000005,0.36065,0.37424999999999997,0.4097,0.674425,0.3311,0.33780000000000004,0.7208999999999999,0.648825,0.6682,0.668775,0.450375,0.39032500000000003,0.33282500000000004,0.40175,0.75875,0.6598250000000001,0.651125,0.683125,0.42447500000000005,0.669925,0.6996,0.6333249999999999,0.3644,0.29715,0.35965,0.705675,0.822025
0.6521,0.741625,0.459425,0.406725,0.38684999999999997,0.447775,0.291825,0.311525,0.7075500000000001,0.33875,0.426925,0.449875,0.3566,0.47657499999999997,0.7886,0.591125,0.770875,0.37865000000000004,0.61765,0.40854999999999997,0.359975,0.351775,0.7643249999999999,0.7090000000000001,0.7346250000000001,0.774125,0.4112,0.38665,0.41195,0.34419999999999995,0.872825,1.0,0.657675,0.760325,0.36917500000000003,0.49417500000000003,0.395425,0.466925,0.33762500000000006,0.455075,0.45109999999999995,0.4231,0.42379999999999995,0.48367499999999997,0.387225,0.39344999999999997,0.41659999999999997,0.455825,0.3724,0.44037499999999996,0.43055,0.427825,0.424875,0.436675,0.39705,0.41725,0.75105,0.38345,0.38935,0.69445,0.7454000000000001,0.7261249999999999,0.750875,0.4474,0.42945,0.380775,0.446475,0.767225,0.730225,0.7099249999999999,0.73115,0.475275,0.732275,0.773975,0.706,0.412275,0.351175,0.3983,0.662325,0.8755000000000001
0.73435,0.65615,0.5086999999999999,0.34705,0.497625,0.51915,0.2715,0.3383,0.628075,0.325075,0.43567500000000003,0.4728,0.43300000000000005,0.43055,0.6075,0.768025,0.765075,0.347975,0.692,0.450225,0.33922499999999994,0.30782499999999996,0.5362750000000001,0.69035,0.7882,0.50495,0.36815,0.385375,0.42010000000000003,0.34540000000000004,0.584225,0.657675,1.0,0.7084250000000001,0.504525,0.5305500000000001,0.324675,0.49465,0.33952499999999997,0.49554999999999993,0.41135,0.5937250000000001,0.3145,0.5914250000000001,0.555125,0.378525,0.5001,0.421225,0.40395000000000003,0.41459999999999997,0.37805,0.371725,0.472125,0.39657499999999996,0.4064,0.341125,0.6187,0.42557500000000004,0.3814000000000001,0.5513999999999999,0.6065,0.7159499999999999,0.6947749999999999,0.5072749999999999,0.52315,0.41715,0.400625,0.6450750000000001,0.7238,0.730325,0.636625,0.40597500000000003,0.7196499999999999,0.7442,0.792825,0.43984999999999996,0.3674,0.45899999999999996,0.612475,0.589925
0.7064,0.7433,0.36035,0.338825,0.344575,0.3742,0.29130000000000006,0.30365000000000003,0.6406499999999999,0.24947499999999997,0.360775,0.367425,0.314025,0.41564999999999996,0.70865,0.666075,0.843675,0.309025,0.572725,0.3001,0.271825,0.284225,0.691025,0.753975,0.76535,0.5839,0.3849,0.31827500000000003,0.36924999999999997,0.33,0.6936499999999999,0.760325,0.7084250000000001,1.0,0.3397,0.40035,0.328725,0.36439999999999995,0.32305,0.3345,0.399775,0.414825,0.37975000000000003,0.42625,0.38535,0.3568,0.37107500000000004,0.39375,0.359325,0.398775,0.397675,0.3163,0.40165000000000006,0.41455,0.4015500000000001,0.3259,0.7228749999999999,0.38785,0.366575,0.71,0.744375,0.8104750000000001,0.8045249999999999,0.34817499999999996,0.38192499999999996,0.33605,0.36922499999999997,0.7769999999999999,0.687025,0.7341,0.7717,0.37067500000000003,0.8220000000000001,0.82825,0.784775,0.35675,0.28859999999999997,0.382175,0.752,0.6746000000000001
0.377975,0.382325,0.7078,0.5561,0.716275,0.616,0.4266,0.40149999999999997,0.35932499999999995,0.501725,0.694375,0.7366999999999999,0.6948,0.5441750000000001,0.40525,0.43062500000000004,0.3636,0.37415,0.39705,0.49695,0.44530000000000003,0.5045999999999999,0.392725,0.34614999999999996,0.42117499999999997,0.36515,0.6581,0.5410250000000001,0.6059,0.5559000000000001,0.4009,0.36917500000000003,0.504525,0.3397,1.0,0.71285,0.576825,0.58985,0.494275,0.67805,0.5512250000000001,0.701725,0.362,0.7061249999999999,0.736375,0.502375,0.812225,0.60805,0.639575,0.580775,0.6155999999999999,0.509325,0.614425,0.590675,0.533075,0.5553750000000001,0.43290000000000006,0.55505,0.556625,0.35607500000000003,0.376,0.40235,0.41124999999999995,0.7666,0.688375,0.552725,0.581325,0.4226,0.454675,0.4182,0.378425,0.541125,0.373725,0.42545,0.43694999999999995,0.61165,0.49477499999999996,0.68875,0.427725,0.36115
0.4274,0.43545000000000006,0.7642500000000001,0.6056750000000001,0.71685,0.742175,0.41335,0.427425,0.39027500000000004,0.465775,0.690525,0.78345,0.651175,0.59985,0.42132499999999995,0.5375,0.40092500000000003,0.442875,0.41795,0.6139000000000001,0.46547499999999997,0.525425,0.38507500000000006,0.40030000000000004,0.445925,0.47259999999999996,0.58215,0.548825,0.5785,0.5674,0.448725,0.49417500000000003,0.5305500000000001,0.40035,0.71285,1.0,0.5682,0.756475,0.540825,0.734,0.622175,0.790125,0.404525,0.82375,0.7684500000000001,0.657625,0.8045249999999999,0.758275,0.6225750000000001,0.625175,0.60985,0.554975,0.615375,0.60595,0.6061,0.577975,0.44655,0.5297999999999999,0.530975,0.35202500000000003,0.386725,0.3702,0.391875,0.7975749999999999,0.7571249999999999,0.627675,0.649725,0.424025,0.506725,0.44884999999999997,0.405375,0.6511,0.391625,0.43889999999999996,0.436475,0.684525,0.5005999999999999,0.703125,0.440475,0.465875
0.32685000000000003,0.40102499999999996,0.584325,0.7995999999999999,0.5905750000000001,0.51835,0.68205,0.6649,0.35764999999999997,0.7375,0.531775,0.55835,0.533075,0.6520999999999999,0.4014,0.330125,0.30895,0.640625,0.30785,0.42687500000000006,0.6972,0.6154499999999999,0.40675000000000006,0.29735,0.33575,0.404975,0.758825,0.7422,0.648825,0.647275,0.38885000000000003,0.395425,0.324675,0.328725,0.576825,0.5682,1.0,0.543425,0.59175,0.54345,0.6463749999999999,0.491725,0.4779,0.48592500000000005,0.5166999999999999,0.5757749999999999,0.59975,0.6540250000000001,0.691025,0.6387750000000001,0.73055,0.69165,0.6467499999999999,0.67015,0.6370750000000001,0.7218,0.440175,0.5964,0.7037249999999999,0.33232500000000004,0.346925,0.33425,0.327475,0.589525,0.5182,0.64855,0.6759,0.4124,0.39805,0.3567,0.371275,0.5521,0.3115,0.352875,0.347125,0.7010000000000001,0.71885,0.59265,0.39885,0.38832500000000003
0.4083,0.477125,0.7371,0.505275,0.6784250000000001,0.727625,0.36785,0.368325,0.42974999999999997,0.446175,0.6880999999999999,0.76155,0.654,0.625675,0.40279999999999994,0.4864,0.3648,0.427975,0.44284999999999997,0.6517,0.4838,0.535525,0.369175,0.37157500000000004,0.38634999999999997,0.478325,0.5142249999999999,0.501825,0.47447500000000004,0.472125,0.40327499999999994,0.466925,0.49465,0.36439999999999995,0.58985,0.756475,0.543425,1.0,0.5827,0.6714,0.6252,0.63855,0.34525,0.7016499999999999,0.662325,0.561225,0.65855,0.6901250000000001,0.56845,0.601375,0.5466249999999999,0.47000000000000003,0.55575,0.540625,0.49717500000000003,0.55135,0.46315,0.431275,0.486575,0.31662500000000005,0.414175,0.340975,0.362725,0.695025,0.66975,0.588175,0.6188,0.3877,0.49805000000000005,0.37627499999999997,0.38634999999999997,0.7107,0.393475,0.39345,0.40207499999999996,0.654675,0.46685,0.538,0.43400000000000005,0.45037499999999997
0.2985,0.32334999999999997,0.603375,0.56895,0.6682250000000001,0.5766249999999999,0.46767499999999995,0.4384,0.3607,0.57395,0.574175,0.6066750000000001,0.66815,0.6949749999999999,0.277175,0.28569999999999995,0.308375,0.40990000000000004,0.2509,0.466725,0.582625,0.5966,0.280075,0.26605,0.308,0.32605,0.6527750000000001,0.5278499999999999,0.672825,0.56375,0.288975,0.33762500000000006,0.33952499999999997,0.32305,0.494275,0.540825,0.59175,0.5827,1.0,0.5948,0.6895,0.448525,0.315925,0.522775,0.602125,0.6002000000000001,0.5541,0.672825,0.790025,0.6782250000000001,0.6631,0.60495,0.7144999999999999,0.6413,0.58735,0.670525,0.39139999999999997,0.50465,0.555825,0.24514999999999998,0.32294999999999996,0.3254,0.33494999999999997,0.49455,0.4728,0.669025,0.689375,0.302,0.29964999999999997,0.339375,0.316625,0.577075,0.29802500000000004,0.3643,0.38685,0.7666999999999999,0.50145,0.652875,0.305775,0.327575
0.38197499999999995,0.40859999999999996,0.746,0.534,0.7966249999999999,0.75705,0.3782,0.40182500000000004,0.38630000000000003,0.475375,0.678275,0.77445,0.7440500000000001,0.5646249999999999,0.400825,0.4666,0.372875,0.43420000000000003,0.3912,0.546975,0.47,0.49805,0.366225,0.35592500000000005,0.4224,0.469775,0.566025,0.502475,0.594925,0.5059,0.40682500000000005,0.455075,0.49554999999999993,0.3345,0.67805,0.734,0.54345,0.6714,0.5948,1.0,0.5904499999999999,0.64765,0.38697499999999996,0.719125,0.7456499999999999,0.5221,0.7307,0.6269499999999999,0.6454500000000001,0.600775,0.555625,0.59955,0.65415,0.522425,0.5142249999999999,0.6030249999999999,0.4164,0.48592500000000005,0.51,0.30205,0.38375,0.36065,0.384175,0.73945,0.677225,0.63175,0.625825,0.385525,0.477225,0.42755,0.358475,0.6974,0.3506,0.42242500000000005,0.444425,0.6793499999999999,0.508125,0.58695,0.36440000000000006,0.45517499999999994
0.35314999999999996,0.44637499999999997,0.6201,0.6791499999999999,0.6329750000000001,0.635725,0.5361,0.541625,0.36624999999999996,0.629675,0.6107,0.67235,0.5865750000000001,0.7587,0.352575,0.3611,0.386025,0.542775,0.286525,0.44432499999999997,0.549375,0.65845,0.32737499999999997,0.367725,0.373475,0.388475,0.719125,0.64645,0.7447999999999999,0.592775,0.38115,0.45109999999999995,0.41135,0.399775,0.5512250000000001,0.622175,0.6463749999999999,0.6252,0.6895,0.5904499999999999,1.0,0.494325,0.445075,0.578275,0.588175,0.5649249999999999,0.6316250000000001,0.746975,0.759425,0.6855249999999999,0.756075,0.7059249999999999,0.776775,0.79775,0.6324000000000001,0.717225,0.463275,0.5248250000000001,0.65185,0.32027500000000003,0.46924999999999994,0.39725,0.42922499999999997,0.5064,0.46610000000000007,0.668725,0.662325,0.346075,0.39807499999999996,0.41217499999999996,0.3966,0.57655,0.40607499999999996,0.44607500000000005,0.421075,0.77535,0.5514749999999999,0.677225,0.33530000000000004,0.40622499999999995
0.545825,0.4652,0.622025,0.479225,0.6613249999999999,0.6263,0.34192500000000003,0.376575,0.435025,0.42705000000000004,0.533525,0.6606000000000001,0.5836250000000001,0.5211,0.38549999999999995,0.551925,0.45245,0.43377499999999997,0.42957500000000004,0.5078,0.425175,0.473875,0.333225,0.411725,0.45847499999999997,0.44755,0.47252500000000003,0.449675,0.49230000000000007,0.47885,0.392625,0.4231,0.5937250000000001,0.414825,0.701725,0.790125,0.491725,0.63855,0.448525,0.64765,0.494325,1.0,0.3066,0.80095,0.770325,0.69115,0.6625,0.58255,0.546175,0.5543750000000001,0.481825,0.44045,0.5811,0.470375,0.514875,0.4258,0.44605000000000006,0.4856,0.478225,0.29812500000000003,0.376075,0.441075,0.42137499999999994,0.75945,0.7959999999999999,0.626325,0.596725,0.37795,0.47847500000000004,0.47634999999999994,0.41505000000000003,0.571825,0.41252500000000003,0.47855000000000003,0.486925,0.603575,0.473475,0.641175,0.482825,0.3954
0.30245,0.34534999999999993,0.4385,0.4224,0.377875,0.41457499999999997,0.529425,0.469325,0.246625,0.39490000000000003,0.4224,0.41605000000000003,0.311775,0.430275,0.39225,0.40085000000000004,0.3585,0.366275,0.34365,0.27405,0.3363,0.3147,0.40075,0.40027499999999994,0.373675,0.34605,0.464425,0.343175,0.38425,0.32885,0.416875,0.42379999999999995,0.3145,0.37975000000000003,0.362,0.404525,0.4779,0.34525,0.315925,0.38697499999999996,0.445075,0.3066,1.0,0.357875,0.3143,0.32775,0.419125,0.40585000000000004,0.403625,0.356175,0.442425,0.454475,0.407875,0.38937499999999997,0.5612,0.48760000000000003,0.308175,0.43589999999999995,0.39827500000000005,0.417475,0.33565,0.28859999999999997,0.316275,0.404,0.32785,0.331925,0.33585,0.3889,0.377,0.33604999999999996,0.354525,0.383075,0.350575,0.34902500000000003,0.28052499999999997,0.409425,0.323875,0.33402499999999996,0.3318,0.38022500000000004
