1.0,0.608775,0.40765,0.4842625,0.5880124999999999,0.40545,0.3625125,0.5260875,0.4553375,0.5850375000000001,0.45200000000000007,0.7121000000000001,0.405775,0.3787125,0.46637500000000004,0.4210875,0.2354125,0.4139625,0.5944875000000001,0.37435,0.47621250000000004,0.3968625,0.5785875,0.36031250000000004,0.5755375,0.41819999999999996,0.6501,0.3812875,0.586575,0.4885625,0.5445749999999999,0.600875,0.508575,0.5283625,0.6789,0.6407499999999999,0.35953749999999995,0.5286625,0.629375,0.5321750000000001,0.46901249999999994,0.5651250000000001,0.48665,0.4860875,0.5764625,0.5446875000000001,0.2845625,0.3671875,0.527625,0.41252500000000003,0.3952875,0.40959999999999996,0.3313,0.436025,0.23837499999999998,0.5954625,0.2930375,0.7033,0.599075,0.664325
0.608775,1.0,0.2792,0.520975,0.7108125000000001,0.5532125,0.3476125,0.5619625,0.5822625,0.69775,0.65405,0.6636,0.4242625,0.4995625,0.5090875,0.545675,0.3390625,0.5221499999999999,0.6915500000000001,0.4808,0.5586875,0.5306375,0.5264125000000001,0.4284125,0.6644874999999999,0.325175,0.502325,0.37079999999999996,0.5064,0.48971250000000005,0.5950375000000001,0.5205875,0.5021625000000001,0.48438749999999997,0.581175,0.763825,0.3801875,0.5568,0.57995,0.5893625,0.3918625,0.5073875,0.49198749999999997,0.5303125,0.7960625,0.40941249999999996,0.330525,0.44352500000000006,0.60285,0.480325,0.4491125,0.48885,0.4609500000000001,0.48767499999999997,0.3001,0.458225,0.38442499999999996,0.6967,0.787525,0.56725
0.40765,0.2792,1.0,0.37951250000000003,0.33795,0.2810125,0.33202499999999996,0.6063,0.456975,0.434575,0.38034999999999997,0.33375,0.28412499999999996,0.36862500000000004,0.15760000000000002,0.17834999999999998,0.42464999999999997,0.3478625,0.2672875,0.2815125,0.1328375,0.36874999999999997,0.5626500000000001,0.217975,0.25401250000000003,0.2723875,0.535475,0.5652874999999999,0.551525,0.34835000000000005,0.4452875,0.4851375,0.45237499999999997,0.49072499999999997,0.5355624999999999,0.3133125,0.6023125,0.53205,0.53355,0.22351249999999998,0.49426250000000005,0.3578875,0.49041250000000003,0.34181249999999996,0.2899625,0.5619,0.368275,0.3949875,0.196475,0.2850125,0.2963625,0.31267500000000004,0.4344,0.1922875,0.40459999999999996,0.5957375,0.4179125,0.3505,0.29664999999999997,0.5155625
0.4842625,0.520975,0.37951250000000003,1.0,0.5382750000000001,0.2912625,0.4074375,0.6523625000000001,0.35475,0.4524250000000001,0.38365,0.492825,0.47645000000000004,0.50105,0.342425,0.355775,0.45291250000000005,0.5927125,0.44904999999999995,0.6552625,0.3354875,0.5669124999999999,0.29458749999999995,0.4474,0.5373625000000001,0.2587375,0.326925,0.3993625,0.276875,0.2699125,0.335375,0.3084,0.299875,0.3950625,0.3763125,0.49507499999999993,0.492925,0.5668124999999999,0.3697875,0.5064124999999999,0.229375,0.2634625,0.36082499999999995,0.2809625,0.5522375,0.32616249999999997,0.4078125,0.42833750000000004,0.48603749999999996,0.5072625,0.57325,0.2886,0.5171749999999999,0.3201875,0.46981249999999997,0.31856249999999997,0.47375,0.49182499999999996,0.49113749999999995,0.398375
0.5880124999999999,0.7108125000000001,0.33795,0.5382750000000001,1.0,0.46815,0.395775,0.5235125,0.5682750000000001,0.7213625,0.6828749999999999,0.6353249999999999,0.437575,0.42765,0.5445625,0.5166,0.4265875,0.5774874999999999,0.61615,0.49640000000000006,0.5770625,0.544825,0.5257875,0.40325,0.6985875,0.3407875,0.5282375,0.31420000000000003,0.5553375,0.5127375,0.583075,0.5521125,0.58915,0.5613,0.565425,0.73025,0.5015375,0.47179999999999994,0.6102,0.6906875,0.45035000000000003,0.50535,0.5067875,0.494975,0.7103124999999999,0.4781125,0.41774999999999995,0.50705,0.616675,0.5282625,0.421725,0.53625,0.4134,0.55015,0.382675,0.5544375,0.36702500000000005,0.7040375000000001,0.7207250000000001,0.5477875
0.40545,0.5532125,0.2810125,0.2912625,0.46815,1.0,0.23065,0.3357,0.6049125,0.5318875,0.5476,0.447225,0.2202875,0.2541875,0.29719999999999996,0.33728749999999996,0.3085125,0.3159,0.4712,0.27223749999999997,0.3950874999999999,0.3267,0.45214999999999994,0.24573749999999997,0.49218750000000006,0.29172499999999996,0.4222625,0.360475,0.47731250000000003,0.48945,0.5044500000000001,0.44472500000000004,0.4648875,0.390625,0.46175000000000005,0.47906249999999995,0.35585,0.2980875,0.44711249999999997,0.4225,0.355025,0.53315,0.44233749999999994,0.4403375,0.45967500000000006,0.4237,0.35222499999999995,0.32478749999999995,0.3601875,0.321725,0.2440125,0.45305,0.36565,0.33415,0.29281250000000003,0.4140125,0.28097500000000003,0.49183750000000004,0.5932999999999999,0.430775
0.3625125,0.3476125,0.33202499999999996,0.4074375,0.395775,0.23065,1.0,0.44637499999999997,0.2397875,0.314225,0.300225,0.35465,0.578525,0.4996625,0.413925,0.3725875,0.3760875,0.5332749999999999,0.410675,0.47446249999999995,0.34881249999999997,0.47673750000000004,0.2126,0.5216625,0.3865625,0.19572499999999998,0.20725000000000002,0.31252499999999994,0.224875,0.190175,0.20422500000000002,0.23015000000000002,0.2037375,0.19679999999999997,0.2302,0.3425625,0.41422500000000007,0.45353750000000004,0.24345,0.40895000000000004,0.20863749999999998,0.20773750000000002,0.1738,0.158875,0.3386125,0.258675,0.2797875,0.330875,0.3243875,0.4007375,0.4646125,0.24911250000000001,0.33152499999999996,0.37126250000000005,0.26916249999999997,0.2380625,0.33865,0.3922125,0.38878749999999995,0.20973750000000002
0.5260875,0.5619625,0.6063,0.6523625000000001,0.5235125,0.3357,0.44637499999999997,1.0,0.4143625,0.5371250000000001,0.42856250000000007,0.5833,0.5093624999999999,0.555125,0.3493,0.3387875,0.484625,0.6806625,0.502375,0.569875,0.379325,0.6141375,0.41385000000000005,0.45372500000000004,0.49143749999999997,0.29632499999999995,0.4130625,0.5782375,0.388275,0.2974375,0.404575,0.39397499999999996,0.32616249999999997,0.45047499999999996,0.46295,0.582175,0.5428624999999999,0.6927749999999999,0.4555125,0.4448875,0.2880875,0.32775,0.46858750000000005,0.369975,0.5528,0.427475,0.4664875,0.408925,0.4478625,0.4812875,0.4911875,0.3839,0.5201250000000001,0.32865,0.41024999999999995,0.4294875,0.42919999999999997,0.58265,0.555,0.503
0.4553375,0.5822625,0.456975,0.35475,0.5682750000000001,0.6049125,0.2397875,0.4143625,1.0,0.6986,0.7012125,0.5084,0.2630625,0.2868625,0.3663375,0.4057375,0.4654875,0.34953750000000006,0.527975,0.29500000000000004,0.3730375,0.3407125,0.6018375,0.25535,0.4876375,0.300375,0.6416375000000001,0.29938750000000003,0.6765125,0.5078,0.73515,0.6070375,0.6968875000000001,0.6060000000000001,0.6637625,0.498975,0.5992375,0.43015000000000003,0.664425,0.4195,0.519925,0.4817625,0.6701375,0.43660000000000004,0.532075,0.6003875000000001,0.3263125,0.48545,0.39185000000000003,0.35629999999999995,0.265825,0.6246499999999999,0.5423125,0.36675,0.45967500000000006,0.612175,0.4600625,0.5396000000000001,0.6829875,0.6202625
0.5850375000000001,0.69775,0.434575,0.4524250000000001,0.7213625,0.5318875,0.314225,0.5371250000000001,0.6986,1.0,0.785875,0.6595625,0.3567625,0.38525,0.44675,0.42835,0.45763750000000003,0.5046499999999999,0.5978,0.4073875,0.501525,0.474225,0.627675,0.345675,0.6354875000000001,0.378975,0.6466375,0.33995000000000003,0.6245499999999999,0.5212,0.6726375,0.6223624999999999,0.6062000000000001,0.6419125,0.703,0.7359249999999999,0.563825,0.4865625,0.708925,0.574125,0.48436250000000003,0.5146750000000001,0.686975,0.5370750000000001,0.6895125,0.6066374999999999,0.376675,0.5189,0.49950000000000006,0.4242625,0.324625,0.6229875,0.516325,0.4280625,0.4020625,0.597325,0.4287875,0.677275,0.7279874999999999,0.7123125
0.45200000000000007,0.65405,0.38034999999999997,0.38365,0.6828749999999999,0.5476,0.300225,0.42856250000000007,0.7012125,0.785875,1.0,0.529625,0.32218749999999996,0.3317625,0.39278749999999996,0.41147500000000004,0.4639375,0.44103749999999997,0.5641125,0.36458749999999995,0.46775,0.46297499999999997,0.5604,0.298275,0.5744874999999999,0.3021625,0.571375,0.3118125,0.5777125,0.4325,0.6860375,0.580525,0.613025,0.5752375000000001,0.6221249999999999,0.6049749999999999,0.562825,0.4018375,0.6366,0.5431374999999999,0.5099625,0.46886249999999996,0.5801000000000001,0.45402499999999996,0.5957,0.5498624999999999,0.3674875,0.5158,0.4589375,0.3808,0.3002,0.60895,0.5566249999999999,0.4134875,0.4524,0.5419624999999999,0.4850375,0.5274375,0.6913125,0.597475
0.7121000000000001,0.6636,0.33375,0.492825,0.6353249999999999,0.447225,0.35465,0.5833,0.5084,0.6595625,0.529625,1.0,0.4031625,0.3580125,0.48435,0.4188125,0.3031875,0.45957499999999996,0.6224,0.413275,0.5070375,0.41947500000000004,0.50645,0.3620375,0.6141625000000001,0.34845,0.5654125000000001,0.3359625,0.48158749999999995,0.40468750000000003,0.48022499999999996,0.506375,0.43718749999999995,0.5659875,0.62765,0.7089624999999999,0.36805000000000004,0.46256249999999993,0.6279125,0.5786875,0.43018750000000006,0.5287000000000001,0.541925,0.49805,0.6650625,0.5735125,0.24949999999999997,0.375525,0.5600375,0.426775,0.341925,0.44818749999999996,0.37124999999999997,0.420625,0.21765,0.5672125,0.26515,0.7363500000000001,0.71,0.6458
0.405775,0.4242625,0.28412499999999996,0.47645000000000004,0.437575,0.2202875,0.578525,0.5093624999999999,0.2630625,0.3567625,0.32218749999999996,0.4031625,1.0,0.6608375,0.5474625000000001,0.46201249999999994,0.49144999999999994,0.5718,0.4496,0.557075,0.4962625,0.6009875,0.23268750000000002,0.698525,0.419075,0.222925,0.23885,0.3409,0.255925,0.22035,0.25746250000000004,0.235775,0.21785,0.21411249999999996,0.263325,0.4179,0.3645625,0.5046249999999999,0.307175,0.43222499999999997,0.1822125,0.26515,0.22079999999999997,0.201875,0.40564999999999996,0.17382499999999998,0.43113749999999995,0.3705625,0.3705625,0.4544375,0.545075,0.3581375,0.4638500000000001,0.520775,0.3874,0.2342875,0.4279625,0.43915000000000004,0.44725,0.25285
0.3787125,0.4995625,0.36862500000000004,0.50105,0.42765,0.2541875,0.4996625,0.555125,0.2868625,0.38525,0.3317625,0.3580125,0.6608375,1.0,0.47445000000000004,0.5099499999999999,0.4653,0.5418125,0.39636250000000006,0.472775,0.42352500000000004,0.645475,0.28833749999999997,0.6016999999999999,0.4562,0.24415,0.26108750000000003,0.37689999999999996,0.281925,0.2320625,0.28132500000000005,0.2321875,0.23167500000000002,0.2594375,0.2951125,0.3873125,0.4218375,0.54845,0.26755,0.3804375,0.22278749999999997,0.223475,0.26905,0.2056875,0.41861250000000005,0.2362375,0.3742625,0.3926,0.38951250000000004,0.4895,0.49687499999999996,0.3834375,0.462225,0.4723,0.41135000000000005,0.2577625,0.4533,0.42500000000000004,0.4477875,0.2685125
0.46637500000000004,0.5090875,0.15760000000000002,0.342425,0.5445625,0.29719999999999996,0.413925,0.3493,0.3663375,0.44675,0.39278749999999996,0.48435,0.5474625000000001,0.47445000000000004,1.0,0.6215375,0.31853750000000003,0.4346375,0.530725,0.35367499999999996,0.61865,0.4153,0.352775,0.5703625,0.4792375,0.190025,0.355275,0.1815625,0.3468625,0.3228500000000001,0.40143750000000006,0.348925,0.3797,0.33083749999999995,0.38085,0.5094875,0.24298749999999997,0.36931250000000004,0.404125,0.4727625,0.272525,0.3305625,0.2777875,0.309625,0.4894,0.2665375,0.183375,0.4047875000000001,0.5459875,0.41723750000000004,0.34055,0.487575,0.242775,0.6663875,0.23257499999999998,0.307,0.2172375,0.5445,0.5537375,0.392475
0.4210875,0.545675,0.17834999999999998,0.355775,0.5166,0.33728749999999996,0.3725875,0.3387875,0.4057375,0.42835,0.41147500000000004,0.4188125,0.46201249999999994,0.5099499999999999,0.6215375,1.0,0.34233749999999996,0.3821625,0.49839999999999995,0.349775,0.5788249999999999,0.4176125,0.35769999999999996,0.5069999999999999,0.56865,0.17665,0.34585000000000005,0.1623125,0.3441625,0.330475,0.4202125,0.3565125,0.39555,0.375625,0.3658625,0.5025125,0.22285,0.311875,0.37641250000000004,0.48582499999999995,0.31570000000000004,0.32605,0.33435000000000004,0.2579125,0.4916125,0.305275,0.21977499999999997,0.4327375,0.56505,0.581,0.352325,0.507675,0.3092625,0.7263,0.3325125,0.35006250000000005,0.2734625,0.46605,0.5385875,0.37389999999999995
0.2354125,0.3390625,0.42464999999999997,0.45291250000000005,0.4265875,0.3085125,0.3760875,0.484625,0.4654875,0.45763750000000003,0.4639375,0.3031875,0.49144999999999994,0.4653,0.31853750000000003,0.34233749999999996,1.0,0.57265,0.34345,0.50195,0.4103375,0.5834750000000001,0.36110000000000003,0.5002875,0.4542625,0.18403750000000002,0.3517,0.32663749999999997,0.36429999999999996,0.2487125,0.3935125,0.340975,0.3897,0.4272,0.367375,0.348925,0.6282749999999999,0.46909999999999996,0.3945375,0.341725,0.332625,0.234375,0.41671250000000004,0.2175625,0.32356250000000003,0.393675,0.500025,0.5108499999999999,0.33362500000000006,0.4706625,0.45051250000000004,0.56505,0.596325,0.40714999999999996,0.5611625,0.3803125,0.6284625,0.33861250000000004,0.38206249999999997,0.40473750000000003
0.4139625,0.5221499999999999,0.3478625,0.5927125,0.5774874999999999,0.3159,0.5332749999999999,0.6806625,0.34953750000000006,0.5046499999999999,0.44103749999999997,0.45957499999999996,0.5718,0.5418125,0.4346375,0.3821625,0.57265,1.0,0.496775,0.7255375,0.5027375,0.7145250000000001,0.2643125,0.583925,0.5918,0.2227,0.2634375,0.4162875,0.24942499999999998,0.2622625,0.320475,0.2955,0.278375,0.3104625,0.30269999999999997,0.5217499999999999,0.5481625,0.59665,0.3137125,0.4926125,0.22508750000000002,0.2878125,0.30828749999999994,0.2604625,0.5046375000000001,0.2721875,0.4886625,0.45062500000000005,0.502725,0.5240750000000001,0.6076625,0.4285875,0.506675,0.38051250000000003,0.44784999999999997,0.2628375,0.5146625,0.5266875,0.53845,0.33055
0.5944875000000001,0.6915500000000001,0.2672875,0.44904999999999995,0.61615,0.4712,0.410675,0.502375,0.527975,0.5978,0.5641125,0.6224,0.4496,0.39636250000000006,0.530725,0.49839999999999995,0.34345,0.496775,1.0,0.49072499999999997,0.6305749999999999,0.49483750000000004,0.48206250000000006,0.4406625,0.65935,0.3226125,0.4337625,0.2919875,0.46447499999999997,0.4218375,0.5392874999999999,0.43545000000000006,0.49633750000000004,0.457475,0.48467499999999997,0.6685,0.33776249999999997,0.4637125,0.4794125,0.60215,0.36572499999999997,0.447875,0.43403749999999997,0.38489999999999996,0.65495,0.39075,0.341525,0.453775,0.5988625000000001,0.44305000000000005,0.44095,0.5433,0.429125,0.5138125,0.3281625,0.43018750000000006,0.36097499999999993,0.6931375,0.7354624999999999,0.5277624999999999
0.37435,0.4808,0.2815125,0.6552625,0.49640000000000006,0.27223749999999997,0.47446249999999995,0.569875,0.29500000000000004,0.4073875,0.36458749999999995,0.413275,0.557075,0.472775,0.35367499999999996,0.349775,0.50195,0.7255375,0.49072499999999997,1.0,0.4762375,0.6506875,0.225525,0.5131000000000001,0.5522875,0.2225875,0.2165125,0.3952375,0.2469375,0.266375,0.28393749999999995,0.2510875,0.27425,0.2539375,0.25894999999999996,0.47864999999999996,0.46907499999999996,0.534575,0.27382500000000004,0.49573750000000005,0.20333750000000003,0.24065,0.2434875,0.22893750000000002,0.5352125,0.2068,0.465775,0.47073750000000003,0.5216500000000001,0.5584,0.7677625,0.3337,0.5194624999999999,0.311825,0.482,0.1765375,0.5932875,0.4855499999999999,0.5032125000000001,0.286775
0.47621250000000004,0.5586875,0.1328375,0.3354875,0.5770625,0.3950874999999999,0.34881249999999997,0.379325,0.3730375,0.501525,0.46775,0.5070375,0.4962625,0.42352500000000004,0.61865,0.5788249999999999,0.4103375,0.5027375,0.6305749999999999,0.4762375,1.0,0.5118,0.34863750000000004,0.5704375,0.6208875,0.209,0.3409375,0.1729625,0.35033749999999997,0.3885375,0.4197875,0.39011250000000003,0.354625,0.34346250000000006,0.37349999999999994,0.6159999999999999,0.24208749999999998,0.33871249999999997,0.392875,0.62125,0.27863750000000004,0.358875,0.36965,0.311675,0.51635,0.2900125,0.34882499999999994,0.448225,0.5941875,0.5355500000000001,0.44389999999999996,0.6166,0.28685,0.6793,0.29513750000000005,0.2940625,0.3066125,0.58545,0.6183000000000001,0.37938750000000004
0.3968625,0.5306375,0.36874999999999997,0.5669124999999999,0.544825,0.3267,0.47673750000000004,0.6141375,0.3407125,0.474225,0.46297499999999997,0.41947500000000004,0.6009875,0.645475,0.4153,0.4176125,0.5834750000000001,0.7145250000000001,0.49483750000000004,0.6506875,0.5118,1.0,0.258675,0.5738375,0.58155,0.283225,0.2691375,0.39688750000000006,0.26836250000000006,0.26821249999999996,0.3232875,0.2781625,0.3012875,0.28126249999999997,0.309475,0.48950000000000005,0.5253,0.55925,0.31279999999999997,0.515975,0.19897499999999999,0.26189999999999997,0.2938375,0.237025,0.510925,0.262025,0.5088625,0.43888750000000004,0.5168375,0.5347625,0.5990875,0.4018125,0.5439125,0.4344125,0.4620125,0.23886249999999998,0.5903499999999999,0.4995625,0.5469124999999999,0.32026249999999995
0.5785875,0.5264125000000001,0.5626500000000001,0.29458749999999995,0.5257875,0.45214999999999994,0.2126,0.41385000000000005,0.6018375,0.627675,0.5604,0.50645,0.23268750000000002,0.28833749999999997,0.352775,0.35769999999999996,0.36110000000000003,0.2643125,0.48206250000000006,0.225525,0.34863750000000004,0.258675,1.0,0.1991375,0.42671249999999994,0.3423,0.7205375,0.518575,0.814125,0.52605,0.7325375000000001,0.6907125,0.664325,0.6986625,0.7424625,0.48831250000000004,0.46206250000000004,0.5132375,0.708775,0.411,0.7289374999999999,0.6391375,0.658275,0.5589875,0.48217499999999996,0.6698249999999999,0.363625,0.4668875,0.391,0.30182499999999995,0.2856375,0.5136,0.393125,0.37045,0.350325,0.7332875000000001,0.3562375,0.55755,0.51255,0.7641249999999999
0.36031250000000004,0.4284125,0.217975,0.4474,0.40325,0.24573749999999997,0.5216625,0.45372500000000004,0.25535,0.345675,0.298275,0.3620375,0.698525,0.6016999999999999,0.5703625,0.5069999999999999,0.5002875,0.583925,0.4406625,0.5131000000000001,0.5704375,0.5738375,0.1991375,1.0,0.5310375,0.19555,0.20477499999999998,0.2588625,0.225825,0.2134375,0.23077499999999995,0.1969625,0.195125,0.1572125,0.23670000000000002,0.3985625,0.349075,0.43097500000000005,0.26943750000000005,0.43079999999999996,0.16415,0.21843749999999998,0.1700875,0.18625000000000003,0.4079625,0.16028749999999997,0.3471,0.4246500000000001,0.4353375,0.5193375,0.52245,0.4076875,0.39569999999999994,0.55125,0.3302875,0.18180000000000004,0.3742625,0.43466249999999995,0.43485,0.23327499999999998
0.5755375,0.6644874999999999,0.25401250000000003,0.5373625000000001,0.6985875,0.49218750000000006,0.3865625,0.49143749999999997,0.4876375,0.6354875000000001,0.5744874999999999,0.6141625000000001,0.419075,0.4562,0.4792375,0.56865,0.4542625,0.5918,0.65935,0.5522875,0.6208875,0.58155,0.42671249999999994,0.5310375,1.0,0.29902500000000004,0.4160875,0.2614875,0.41807500000000003,0.4225875,0.47881250000000003,0.4255875,0.43192499999999995,0.467025,0.46247499999999997,0.676075,0.425125,0.42546249999999997,0.4785625,0.7034,0.37056249999999996,0.42611249999999995,0.42368750000000005,0.36865,0.630275,0.4153375,0.3868625,0.5229999999999999,0.678525,0.6075125,0.472525,0.5386125,0.43275,0.56855,0.36025,0.43285,0.4276625,0.66255,0.6926875,0.48807500000000004
0.41819999999999996,0.325175,0.2723875,0.2587375,0.3407875,0.29172499999999996,0.19572499999999998,0.29632499999999995,0.300375,0.378975,0.3021625,0.34845,0.222925,0.24415,0.190025,0.17665,0.18403750000000002,0.2227,0.3226125,0.2225875,0.209,0.283225,0.3423,0.19555,0.29902500000000004,0.5875,0.38615,0.2861875,0.38835000000000003,0.349225,0.330175,0.34535,0.32786249999999995,0.255075,0.3923749999999999,0.33191250000000005,0.3019,0.31138750000000004,0.37768749999999995,0.2843375,0.2617,0.33586249999999995,0.3120875,0.32751250000000004,0.3302125,0.2977125,0.2478875,0.24553750000000002,0.24151250000000002,0.21159999999999998,0.20536249999999998,0.2548375,0.2656,0.163275,0.1962,0.3097625,0.23411249999999997,0.38935000000000003,0.3758250000000001,0.36186250000000003
0.6501,0.502325,0.535475,0.326925,0.5282375,0.4222625,0.20725000000000002,0.4130625,0.6416375000000001,0.6466375,0.571375,0.5654125000000001,0.23885,0.26108750000000003,0.355275,0.34585000000000005,0.3517,0.2634375,0.4337625,0.2165125,0.3409375,0.2691375,0.7205375,0.20477499999999998,0.4160875,0.38615,1.0,0.4444375,0.7531375,0.5373625000000001,0.721,0.762575,0.7072750000000001,0.6357499999999999,0.85305,0.5022875,0.47988749999999997,0.48340000000000005,0.810125,0.3843125,0.6599125,0.6230875,0.6689625,0.5481,0.48443749999999997,0.6940500000000001,0.2503125,0.4460875,0.40830000000000005,0.28475,0.2560125,0.49686250000000004,0.38887499999999997,0.34795,0.30908749999999996,0.7212125,0.363325,0.5387375,0.527925,0.7807125
0.3812875,0.37079999999999996,0.5652874999999999,0.3993625,0.31420000000000003,0.360475,0.31252499999999994,0.5782375,0.29938750000000003,0.33995000000000003,0.3118125,0.3359625,0.3409,0.37689999999999996,0.1815625,0.1623125,0.32663749999999997,0.4162875,0.2919875,0.3952375,0.1729625,0.39688750000000006,0.518575,0.2588625,0.2614875,0.2861875,0.4444375,1.0,0.46463750000000004,0.47686249999999997,0.4103875,0.4093375,0.3471125,0.33482500000000004,0.4508875,0.32031249999999994,0.4122875,0.6189375,0.4209875,0.238475,0.4099125,0.6728125,0.3475625,0.6206375,0.3242375,0.3381625,0.548375,0.2744375,0.20756249999999998,0.24161249999999998,0.38683750000000006,0.22448749999999998,0.38351250000000003,0.1559625,0.3271,0.39251250000000004,0.3896,0.3482375,0.32346249999999993,0.4407875
0.586575,0.5064,0.551525,0.276875,0.5553375,0.47731250000000003,0.224875,0.388275,0.6765125,0.6245499999999999,0.5777125,0.48158749999999995,0.255925,0.281925,0.3468625,0.3441625,0.36429999999999996,0.24942499999999998,0.46447499999999997,0.2469375,0.35033749999999997,0.26836250000000006,0.814125,0.225825,0.41807500000000003,0.38835000000000003,0.7531375,0.46463750000000004,1.0,0.6399375,0.7744375,0.7429124999999999,0.7865875000000001,0.6767375,0.7513749999999999,0.5148999999999999,0.5144875,0.5086125,0.7322625,0.40367499999999995,0.7339374999999999,0.649875,0.6355125,0.5472875000000001,0.48478750000000004,0.6658375000000001,0.3856,0.48349999999999993,0.3743625,0.3016,0.27811250000000004,0.5401125,0.39912500000000006,0.372925,0.4089,0.7300875,0.4023125000000001,0.55145,0.5235875,0.7059625
0.4885625,0.48971250000000005,0.34835000000000005,0.2699125,0.5127375,0.48945,0.190175,0.2974375,0.5078,0.5212,0.4325,0.40468750000000003,0.22035,0.2320625,0.3228500000000001,0.330475,0.2487125,0.2622625,0.4218375,0.266375,0.3885375,0.26821249999999996,0.52605,0.2134375,0.4225875,0.349225,0.5373625000000001,0.47686249999999997,0.6399375,1.0,0.6027375,0.585225,0.583225,0.42257500000000003,0.5396124999999999,0.5675,0.3790875,0.3760125,0.5514125,0.461075,0.4601375,0.6498125,0.4485624999999999,0.670175,0.4565125,0.43307500000000004,0.4829625,0.38025000000000003,0.3696125,0.3446,0.270075,0.4375625,0.2729875,0.35390000000000005,0.3152125,0.5065875,0.295675,0.5007750000000001,0.504175,0.48419999999999996
0.5445749999999999,0.5950375000000001,0.4452875,0.335375,0.583075,0.5044500000000001,0.20422500000000002,0.404575,0.73515,0.6726375,0.6860375,0.48022499999999996,0.25746250000000004,0.28132500000000005,0.40143750000000006,0.4202125,0.3935125,0.320475,0.5392874999999999,0.28393749999999995,0.4197875,0.3232875,0.7325375000000001,0.23077499999999995,0.47881250000000003,0.330175,0.721,0.4103875,0.7744375,0.6027375,1.0,0.7859375,0.7906125,0.6468875000000001,0.7643624999999998,0.6079375,0.5159,0.5235124999999999,0.756625,0.47811249999999994,0.6520250000000001,0.583625,0.6417875,0.5103500000000001,0.5236375,0.6009125,0.3664,0.5321875,0.4491875,0.3581875,0.3242,0.5888125,0.46599999999999997,0.4497,0.45419999999999994,0.7007875,0.4724875,0.5575749999999999,0.6054999999999999,0.7564500000000001
0.600875,0.5205875,0.4851375,0.3084,0.5521125,0.44472500000000004,0.23015000000000002,0.39397499999999996,0.6070375,0.6223624999999999,0.580525,0.506375,0.235775,0.2321875,0.348925,0.3565125,0.340975,0.2955,0.43545000000000006,0.2510875,0.39011250000000003,0.2781625,0.6907125,0.1969625,0.4255875,0.34535,0.762575,0.4093375,0.7429124999999999,0.585225,0.7859375,1.0,0.7093125,0.6438375000000001,0.7900750000000001,0.5724875,0.46385,0.45151250000000004,0.78625,0.466525,0.6582250000000001,0.5884750000000001,0.6563749999999999,0.5439875,0.480725,0.6373000000000001,0.3368875,0.4759625,0.43208749999999996,0.3174,0.2629875,0.50325,0.408225,0.352325,0.3995375,0.7276000000000001,0.39626249999999996,0.5561624999999999,0.5147,0.742175
0.508575,0.5021625000000001,0.45237499999999997,0.299875,0.58915,0.4648875,0.2037375,0.32616249999999997,0.6968875000000001,0.6062000000000001,0.613025,0.43718749999999995,0.21785,0.23167500000000002,0.3797,0.39555,0.3897,0.278375,0.49633750000000004,0.27425,0.354625,0.3012875,0.664325,0.195125,0.43192499999999995,0.32786249999999995,0.7072750000000001,0.3471125,0.7865875000000001,0.583225,0.7906125,0.7093125,1.0,0.5914625,0.7131125,0.5138874999999999,0.5235875,0.45311250000000003,0.6948624999999999,0.4177125,0.650075,0.55055,0.5529,0.4445375000000001,0.481575,0.6053875,0.31446250000000003,0.4858875,0.45236249999999995,0.34586249999999996,0.31431250000000005,0.5715374999999999,0.417525,0.45232500000000003,0.4584625,0.6441749999999999,0.429175,0.5047625,0.55745,0.6513875
0.5283625,0.48438749999999997,0.49072499999999997,0.3950625,0.5613,0.390625,0.19679999999999997,0.45047499999999996,0.6060000000000001,0.6419125,0.5752375000000001,0.5659875,0.21411249999999996,0.2594375,0.33083749999999995,0.375625,0.4272,0.3104625,0.457475,0.2539375,0.34346250000000006,0.28126249999999997,0.6986625,0.1572125,0.467025,0.255075,0.6357499999999999,0.33482500000000004,0.6767375,0.42257500000000003,0.6468875000000001,0.6438375000000001,0.5914625,1.0,0.681475,0.5288375,0.47775,0.4026125,0.663,0.4334625,0.6717375,0.5351,0.7229375,0.4318,0.47676250000000003,0.7233375,0.36993750000000003,0.50295,0.44892499999999996,0.36531250000000004,0.167075,0.552075,0.47555000000000003,0.3952875,0.4321875,0.789625,0.3696875,0.5582374999999999,0.4940875,0.7242000000000001
0.6789,0.581175,0.5355624999999999,0.3763125,0.565425,0.46175000000000005,0.2302,0.46295,0.6637625,0.703,0.6221249999999999,0.62765,0.263325,0.2951125,0.38085,0.3658625,0.367375,0.30269999999999997,0.48467499999999997,0.25894999999999996,0.37349999999999994,0.309475,0.7424625,0.23670000000000002,0.46247499999999997,0.3923749999999999,0.85305,0.4508875,0.7513749999999999,0.5396124999999999,0.7643624999999998,0.7900750000000001,0.7131125,0.681475,1.0,0.5366,0.482175,0.5265624999999999,0.8572374999999999,0.43215000000000003,0.6709,0.627325,0.6941125,0.5825750000000001,0.5318250000000001,0.7246625,0.25992499999999996,0.4462,0.42346249999999996,0.31956249999999997,0.2817875,0.5309625,0.4309125,0.3759375,0.3409375,0.7662374999999999,0.38121249999999995,0.5685875,0.5768875,0.8398875
0.6407499999999999,0.763825,0.3133125,0.49507499999999993,0.73025,0.47906249999999995,0.3425625,0.582175,0.498975,0.7359249999999999,0.6049749999999999,0.7089624999999999,0.4179,0.3873125,0.5094875,0.5025125,0.348925,0.5217499999999999,0.6685,0.47864999999999996,0.6159999999999999,0.48950000000000005,0.48831250000000004,0.3985625,0.676075,0.33191250000000005,0.5022875,0.32031249999999994,0.5148999999999999,0.5675,0.6079375,0.5724875,0.5138874999999999,0.5288375,0.5366,1.0,0.4101125,0.48740000000000006,0.5778,0.6875625,0.3937375,0.47558749999999994,0.4955875,0.530875,0.7589875,0.45057500000000006,0.3943875,0.4713875,0.6116625,0.5309375,0.4114375,0.5098374999999999,0.386425,0.5621,0.321575,0.49857499999999993,0.35478750000000003,0.7531875,0.7336,0.5693625
0.35953749999999995,0.3801875,0.6023125,0.492925,0.5015375,0.35585,0.41422500000000007,0.5428624999999999,0.5992375,0.563825,0.562825,0.36805000000000004,0.3645625,0.4218375,0.24298749999999997,0.22285,0.6282749999999999,0.5481625,0.33776249999999997,0.46907499999999996,0.24208749999999998,0.5253,0.46206250000000004,0.349075,0.425125,0.3019,0.47988749999999997,0.4122875,0.5144875,0.3790875,0.5159,0.46385,0.5235875,0.47775,0.482175,0.4101125,1.0,0.5448375,0.49524999999999997,0.3467125,0.42361250000000006,0.30645000000000006,0.5032625,0.30055000000000004,0.375525,0.5372625,0.48691249999999997,0.5167999999999999,0.33555,0.4119125,0.4211125,0.45137499999999997,0.58395,0.2342625,0.5366500000000001,0.47695,0.6244999999999999,0.412375,0.413175,0.4822624999999999
0.5286625,0.5568,0.53205,0.5668124999999999,0.47179999999999994,0.2980875,0.45353750000000004,0.6927749999999999,0.43015000000000003,0.4865625,0.4018375,0.46256249999999993,0.5046249999999999,0.54845,0.36931250000000004,0.311875,0.46909999999999996,0.59665,0.4637125,0.534575,0.33871249999999997,0.55925,0.5132375,0.43097500000000005,0.42546249999999997,0.31138750000000004,0.48340000000000005,0.6189375,0.5086125,0.3760125,0.5235124999999999,0.45151250000000004,0.45311250000000003,0.4026125,0.5265624999999999,0.48740000000000006,0.5448375,1.0,0.5064875,0.3818625,0.40331249999999996,0.41985,0.44065,0.399225,0.482375,0.39756250000000004,0.4525375,0.39182500000000003,0.35562499999999997,0.42145,0.550025,0.343075,0.49135,0.307875,0.38912499999999994,0.42905,0.50015,0.4996375,0.5183375,0.52605
0.629375,0.57995,0.53355,0.3697875,0.6102,0.44711249999999997,0.24345,0.4555125,0.664425,0.708925,0.6366,0.6279125,0.307175,0.26755,0.404125,0.37641250000000004,0.3945375,0.3137125,0.4794125,0.27382500000000004,0.392875,0.31279999999999997,0.708775,0.26943750000000005,0.4785625,0.37768749999999995,0.810125,0.4209875,0.7322625,0.5514125,0.756625,0.78625,0.6948624999999999,0.663,0.8572374999999999,0.5778,0.49524999999999997,0.5064875,1.0,0.46872499999999995,0.6391375,0.636375,0.661975,0.57045,0.5477124999999999,0.6818500000000001,0.2756125,0.45722499999999994,0.417925,0.333075,0.29845,0.5221875,0.45992500000000003,0.37335,0.35783750000000003,0.7638749999999999,0.37324999999999997,0.5998374999999999,0.581625,0.7977875000000001
0.5321750000000001,0.5893625,0.22351249999999998,0.5064124999999999,0.6906875,0.4225,0.40895000000000004,0.4448875,0.4195,0.574125,0.5431374999999999,0.5786875,0.43222499999999997,0.3804375,0.4727625,0.48582499999999995,0.341725,0.4926125,0.60215,0.49573750000000005,0.62125,0.515975,0.411,0.43079999999999996,0.7034,0.2843375,0.3843125,0.238475,0.40367499999999995,0.461075,0.47811249999999994,0.466525,0.4177125,0.4334625,0.43215000000000003,0.6875625,0.3467125,0.3818625,0.46872499999999995,1.0,0.35389999999999994,0.38726249999999995,0.3901625,0.3589375,0.5867875,0.3953125,0.38441250000000005,0.490875,0.6362625,0.5140750000000001,0.4231125,0.46258750000000004,0.3657625,0.5223749999999999,0.3204875,0.39616250000000003,0.35140000000000005,0.6639875,0.6408125,0.44073749999999995
0.46901249999999994,0.3918625,0.49426250000000005,0.229375,0.45035000000000003,0.355025,0.20863749999999998,0.2880875,0.519925,0.48436250000000003,0.5099625,0.43018750000000006,0.1822125,0.22278749999999997,0.272525,0.31570000000000004,0.332625,0.22508750000000002,0.36572499999999997,0.20333750000000003,0.27863750000000004,0.19897499999999999,0.7289374999999999,0.16415,0.37056249999999996,0.2617,0.6599125,0.4099125,0.7339374999999999,0.4601375,0.6520250000000001,0.6582250000000001,0.650075,0.6717375,0.6709,0.3937375,0.42361250000000006,0.40331249999999996,0.6391375,0.35389999999999994,1.0,0.5975,0.5540750000000001,0.444525,0.34088750000000007,0.6874125,0.3043,0.4248875,0.344325,0.30335,0.2198375,0.44245,0.349725,0.337775,0.3641375,0.6912375,0.37421250000000006,0.3945875,0.39235,0.6475125
0.5651250000000001,0.5073875,0.3578875,0.2634625,0.50535,0.53315,0.20773750000000002,0.32775,0.4817625,0.5146750000000001,0.46886249999999996,0.5287000000000001,0.26515,0.223475,0.3305625,0.32605,0.234375,0.2878125,0.447875,0.24065,0.358875,0.26189999999999997,0.6391375,0.21843749999999998,0.42611249999999995,0.33586249999999995,0.6230875,0.6728125,0.649875,0.6498125,0.583625,0.5884750000000001,0.55055,0.5351,0.627325,0.47558749999999994,0.30645000000000006,0.41985,0.636375,0.38726249999999995,0.5975,1.0,0.49929999999999997,0.7571875,0.45530000000000004,0.5093125,0.476375,0.31555,0.3706875,0.2689,0.2578,0.40515,0.28347500000000003,0.3463125,0.22821249999999998,0.5897125000000001,0.26699999999999996,0.5082625,0.48651249999999996,0.6031375000000001
0.48665,0.49198749999999997,0.49041250000000003,0.36082499999999995,0.5067875,0.44233749999999994,0.1738,0.46858750000000005,0.6701375,0.686975,0.5801000000000001,0.541925,0.22079999999999997,0.26905,0.2777875,0.33435000000000004,0.41671250000000004,0.30828749999999994,0.43403749999999997,0.2434875,0.36965,0.2938375,0.658275,0.1700875,0.42368750000000005,0.3120875,0.6689625,0.3475625,0.6355125,0.4485624999999999,0.6417875,0.6563749999999999,0.5529,0.7229375,0.6941125,0.4955875,0.5032625,0.44065,0.661975,0.3901625,0.5540750000000001,0.49929999999999997,1.0,0.50185,0.46908750000000005,0.6940875,0.3108,0.4004125,0.3486375,0.32467500000000005,0.1941875,0.5488624999999999,0.43371249999999995,0.318325,0.3719875,0.6790750000000001,0.34901249999999995,0.558275,0.5695625,0.6734
0.4860875,0.5303125,0.34181249999999996,0.2809625,0.494975,0.4403375,0.158875,0.369975,0.43660000000000004,0.5370750000000001,0.45402499999999996,0.49805,0.201875,0.2056875,0.309625,0.2579125,0.2175625,0.2604625,0.38489999999999996,0.22893750000000002,0.311675,0.237025,0.5589875,0.18625000000000003,0.36865,0.32751250000000004,0.5481,0.6206375,0.5472875000000001,0.670175,0.5103500000000001,0.5439875,0.4445375000000001,0.4318,0.5825750000000001,0.530875,0.30055000000000004,0.399225,0.57045,0.3589375,0.444525,0.7571875,0.50185,1.0,0.5164000000000001,0.4230375,0.4156125,0.27737500000000004,0.30515000000000003,0.2205625,0.22127500000000003,0.324375,0.2457125,0.24930000000000002,0.1744375,0.47905000000000003,0.22502500000000003,0.5099250000000001,0.483875,0.5453374999999999
0.5764625,0.7960625,0.2899625,0.5522375,0.7103124999999999,0.45967500000000006,0.3386125,0.5528,0.532075,0.6895125,0.5957,0.6650625,0.40564999999999996,0.41861250000000005,0.4894,0.4916125,0.32356250000000003,0.5046375000000001,0.65495,0.5352125,0.51635,0.510925,0.48217499999999996,0.4079625,0.630275,0.3302125,0.48443749999999997,0.3242375,0.48478750000000004,0.4565125,0.5236375,0.480725,0.481575,0.47676250000000003,0.5318250000000001,0.7589875,0.375525,0.482375,0.5477124999999999,0.5867875,0.34088750000000007,0.45530000000000004,0.46908750000000005,0.5164000000000001,1.0,0.41755,0.30915000000000004,0.44548750000000004,0.63385,0.515825,0.4794625,0.46052499999999996,0.446,0.446925,0.35312499999999997,0.4341249999999999,0.35973750000000004,0.753025,0.7396375,0.5353749999999999
0.5446875000000001,0.40941249999999996,0.5619,0.32616249999999997,0.4781125,0.4237,0.258675,0.427475,0.6003875000000001,0.6066374999999999,0.5498624999999999,0.5735125,0.17382499999999998,0.2362375,0.2665375,0.305275,0.393675,0.2721875,0.39075,0.2068,0.2900125,0.262025,0.6698249999999999,0.16028749999999997,0.4153375,0.2977125,0.6940500000000001,0.3381625,0.6658375000000001,0.43307500000000004,0.6009125,0.6373000000000001,0.6053875,0.7233375,0.7246625,0.45057500000000006,0.5372625,0.39756250000000004,0.6818500000000001,0.3953125,0.6874125,0.5093125,0.6940875,0.4230375,0.41755,1.0,0.274275,0.4023625,0.37081250000000004,0.35511249999999994,0.165675,0.5119,0.4025625,0.31743750000000004,0.3731125,0.7315375,0.35073750000000004,0.500475,0.45515000000000005,0.675675
0.2845625,0.330525,0.368275,0.4078125,0.41774999999999995,0.35222499999999995,0.2797875,0.4664875,0.3263125,0.376675,0.3674875,0.24949999999999997,0.43113749999999995,0.3742625,0.183375,0.21977499999999997,0.500025,0.4886625,0.341525,0.465775,0.34882499999999994,0.5088625,0.363625,0.3471,0.3868625,0.2478875,0.2503125,0.548375,0.3856,0.4829625,0.3664,0.3368875,0.31446250000000003,0.36993750000000003,0.25992499999999996,0.3943875,0.48691249999999997,0.4525375,0.2756125,0.38441250000000005,0.3043,0.476375,0.3108,0.4156125,0.30915000000000004,0.274275,1.0,0.4379625,0.33987500000000004,0.41131249999999997,0.405925,0.3208375,0.48429999999999995,0.273025,0.520325,0.3015375,0.5346624999999999,0.3605,0.338,0.2993875
0.3671875,0.44352500000000006,0.3949875,0.42833750000000004,0.50705,0.32478749999999995,0.330875,0.408925,0.48545,0.5189,0.5158,0.375525,0.3705625,0.3926,0.4047875000000001,0.4327375,0.5108499999999999,0.45062500000000005,0.453775,0.47073750000000003,0.448225,0.43888750000000004,0.4668875,0.4246500000000001,0.5229999999999999,0.24553750000000002,0.4460875,0.2744375,0.48349999999999993,0.38025000000000003,0.5321875,0.4759625,0.4858875,0.50295,0.4462,0.4713875,0.5167999999999999,0.39182500000000003,0.45722499999999994,0.490875,0.4248875,0.31555,0.4004125,0.27737500000000004,0.44548750000000004,0.4023625,0.4379625,1.0,0.5696625,0.54685,0.411725,0.466625,0.5672125,0.41598750000000007,0.5481375,0.4363,0.6004125,0.46096250000000005,0.4569,0.5159875
0.527625,0.60285,0.196475,0.48603749999999996,0.616675,0.3601875,0.3243875,0.4478625,0.39185000000000003,0.49950000000000006,0.4589375,0.5600375,0.3705625,0.38951250000000004,0.5459875,0.56505,0.33362500000000006,0.502725,0.5988625000000001,0.5216500000000001,0.5941875,0.5168375,0.391,0.4353375,0.678525,0.24151250000000002,0.40830000000000005,0.20756249999999998,0.3743625,0.3696125,0.4491875,0.43208749999999996,0.45236249999999995,0.44892499999999996,0.42346249999999996,0.6116625,0.33555,0.35562499999999997,0.417925,0.6362625,0.344325,0.3706875,0.3486375,0.30515000000000003,0.63385,0.37081250000000004,0.33987500000000004,0.5696625,1.0,0.5819124999999999,0.49722500000000003,0.4412125,0.3737125,0.5435625,0.36717500000000003,0.367525,0.4126375,0.626575,0.60005,0.4857125
0.41252500000000003,0.480325,0.2850125,0.5072625,0.5282625,0.321725,0.4007375,0.4812875,0.35629999999999995,0.4242625,0.3808,0.426775,0.4544375,0.4895,0.41723750000000004,0.581,0.4706625,0.5240750000000001,0.44305000000000005,0.5584,0.5355500000000001,0.5347625,0.30182499999999995,0.5193375,0.6075125,0.21159999999999998,0.28475,0.24161249999999998,0.3016,0.3446,0.3581875,0.3174,0.34586249999999996,0.36531250000000004,0.31956249999999997,0.5309375,0.4119125,0.42145,0.333075,0.5140750000000001,0.30335,0.2689,0.32467500000000005,0.2205625,0.515825,0.35511249999999994,0.41131249999999997,0.54685,0.5819124999999999,1.0,0.5218125,0.46891250000000007,0.411725,0.5436125,0.4919625,0.342275,0.4424,0.4747875,0.4953875,0.3308375
0.3952875,0.4491125,0.2963625,0.57325,0.421725,0.2440125,0.4646125,0.4911875,0.265825,0.324625,0.3002,0.341925,0.545075,0.49687499999999996,0.34055,0.352325,0.45051250000000004,0.6076625,0.44095,0.7677625,0.44389999999999996,0.5990875,0.2856375,0.52245,0.472525,0.20536249999999998,0.2560125,0.38683750000000006,0.27811250000000004,0.270075,0.3242,0.2629875,0.31431250000000005,0.167075,0.2817875,0.4114375,0.4211125,0.550025,0.29845,0.4231125,0.2198375,0.2578,0.1941875,0.22127500000000003,0.4794625,0.165675,0.405925,0.411725,0.49722500000000003,0.5218125,1.0,0.29205,0.4638625,0.334925,0.426325,0.1726125,0.524875,0.421275,0.44715,0.28876250000000003
0.40959999999999996,0.48885,0.31267500000000004,0.2886,0.53625,0.45305,0.24911250000000001,0.3839,0.6246499999999999,0.6229875,0.60895,0.44818749999999996,0.3581375,0.3834375,0.487575,0.507675,0.56505,0.4285875,0.5433,0.3337,0.6166,0.4018125,0.5136,0.4076875,0.5386125,0.2548375,0.49686250000000004,0.22448749999999998,0.5401125,0.4375625,0.5888125,0.50325,0.5715374999999999,0.552075,0.5309625,0.5098374999999999,0.45137499999999997,0.343075,0.5221875,0.46258750000000004,0.44245,0.40515,0.5488624999999999,0.324375,0.46052499999999996,0.5119,0.3208375,0.466625,0.4412125,0.46891250000000007,0.29205,1.0,0.4625625,0.5751875,0.47874999999999995,0.5157,0.43583750000000004,0.5078125,0.5632125,0.5206000000000001
0.3313,0.4609500000000001,0.4344,0.5171749999999999,0.4134,0.36565,0.33152499999999996,0.5201250000000001,0.5423125,0.516325,0.5566249999999999,0.37124999999999997,0.4638500000000001,0.462225,0.242775,0.3092625,0.596325,0.506675,0.429125,0.5194624999999999,0.28685,0.5439125,0.393125,0.39569999999999994,0.43275,0.2656,0.38887499999999997,0.38351250000000003,0.39912500000000006,0.2729875,0.46599999999999997,0.408225,0.417525,0.47555000000000003,0.4309125,0.386425,0.58395,0.49135,0.45992500000000003,0.3657625,0.349725,0.28347500000000003,0.43371249999999995,0.2457125,0.446,0.4025625,0.48429999999999995,0.5672125,0.3737125,0.411725,0.4638625,0.4625625,1.0,0.23355,0.6582625000000001,0.4062125,0.7016625000000001,0.39771249999999997,0.48477499999999996,0.4528125
