-0.024148,-0.055512,0.14674,-0.065247,-0.044736,0.084311,-0.13757,-0.054254,0.16125,0.10465,0.08721,-0.029479,-0.1564,-0.13577,-0.11735,-0.12985,0.093132,-0.11453,-0.072864,-0.1329,-0.14556,-0.1135,0.19563,-0.14418,-0.07236,0.15306,0.15318,0.14719,0.17972,0.16406,0.16243,0.17818,0.15864,0.19735,0.14467,-0.041193,0.13274,-0.02622,0.14766,-0.067458,0.20036,0.20551,0.18215,0.18346,-0.041675,0.19135,0.1342,0.058959,-0.065118,-0.095273,-0.10692,0.06769,0.076088,-0.12851,0.10639,0.18681,0.10611,-0.05442,-0.048165,0.19165
0.25292,0.25084,-0.11042,0.098341,0.22334,0.068379,0.0021414,0.087151,0.088913,0.14419,0.13545,0.24238,0.020991,0.010146,0.15697,0.11117,-0.086213,0.028033,0.2134,0.024027,0.1103,0.012686,0.08748,0.080316,0.18907,0.06839,0.10085,-0.10316,0.090149,0.040771,0.093204,0.12765,0.091002,0.09328,0.12262,0.24392,-0.064876,0.071435,0.12311,0.19668,0.094409,0.090735,0.066857,0.066938,0.24631,0.077621,-0.089469,0.052999,0.21737,0.14809,0.054162,0.037288,-0.023132,0.11619,-0.11815,0.086028,-0.061167,0.22569,0.19185,0.10166
-0.018915,0.068366,0.23435,0.22419,0.11635,-0.047871,0.04962,0.23883,0.0078892,0.081884,0.092603,0.036257,0.067958,0.1073,-0.17,-0.18755,0.15323,0.24939,0.044132,0.27442,-0.073883,0.23181,-0.050854,-0.10839,0.030693,0.028797,0.023285,0.22106,-0.037875,0.00017012,-0.024191,-0.046856,0.01746,-0.076478,0.018695,0.094357,0.2272,0.22512,0.087581,0.043488,-0.10105,-0.059821,0.007241,0.015833,0.11598,-0.075392,0.16265,-0.042124,-0.027557,-0.098602,0.23517,-0.12825,0.1903,-0.20096,0.13241,-0.041272,0.19141,0.030624,0.14137,-0.037172
0.19263,-0.021604,0.13156,0.046693,-0.026607,-0.12882,0.1095,0.19483,-0.13445,-0.075973,-0.12058,0.26322,0.0024858,-0.058624,-0.066651,-0.16141,-0.13228,-0.025633,-0.096078,-0.034613,-0.10235,-0.10793,0.066356,-0.14174,-0.10834,-0.11865,0.0069125,0.11156,-0.13682,-0.1593,-0.19929,0.063089,-0.17981,0.065279,0.077034,0.050384,-0.029443,-0.035747,0.090453,-0.022533,0.057801,0.080413,0.075547,0.087299,0.033958,0.098844,-0.22537,-0.20955,-0.14653,-0.18661,-0.054681,-0.23007,-0.21067,-0.18916,-0.26029,0.095123,-0.23965,0.1273,-0.008346,0.072302
0.012815,-0.10042,0.095244,-0.048659,-0.02308,-0.2894,0.22235,0.0754,0.017894,0.059709,0.056601,0.04464,0.34295,0.24789,0.17565,0.16198,0.28074,0.09206,-0.091446,-0.083499,0.1535,0.10294,0.06112,0.26277,-0.033271,-0.022695,0.11919,0.049675,-0.025797,-0.17616,-0.063561,-0.081001,-0.027237,0.14133,0.12629,-0.093443,0.097278,-0.0098801,0.11029,-0.21189,0.064847,0.013583,0.11933,0.001519,-0.062181,0.12713,-0.046015,-0.018287,-0.11553,-0.069268,-0.069944,0.25753,0.12737,0.19225,0.014018,0.14747,0.00049393,0.0093595,0.024121,0.072289
-0.086074,-0.035061,-0.0074002,-0.24001,0.081113,-0.1317,0.22917,-0.052244,0.082684,0.22323,0.18239,0.018571,0.13736,-0.022824,0.045114,-0.14812,-0.066827,-0.10694,0.05576,-0.1129,-0.026091,-0.20567,-0.16127,-0.025677,-0.15139,0.19625,-0.027028,-0.11032,-0.043573,0.26629,0.004867,0.057694,0.10763,-0.16926,-0.035708,0.2162,0.21585,-0.11234,0.078821,-0.0024968,-0.20253,-0.10097,-0.031191,0.068169,0.17381,-0.14412,-0.02754,-0.1282,-0.19309,-0.17052,-0.16677,0.13216,-0.066193,-0.0090496,0.0053973,-0.16626,-0.048018,0.12384,0.12297,-0.11733
-0.076706,-0.082954,0.035267,0.2094,-0.11254,-0.24489,-0.27446,0.1209,-0.17963,0.0032725,-0.15043,-0.15916,-0.16077,-0.12321,-0.043598,0.0050363,-0.033355,0.082854,-0.10074,0.070084,0.24157,-0.074809,-0.030809,0.19335,-0.12615,0.084921,0.11763,0.074143,-0.07411,0.15347,-0.091135,0.099587,-0.051568,-0.083893,0.16857,0.085345,-0.14447,0.014342,-0.0060305,-0.055699,-0.11794,-0.063987,0.26333,0.33791,0.1961,-0.10829,-0.019658,0.039348,0.069365,0.097289,0.023744,0.16034,-0.035491,0.074374,0.11181,-0.076309,-0.048727,0.16061,-0.14656,-0.052332
0.093189,-0.018492,-0.19411,-0.079034,-0.087878,-0.049376,0.27359,-0.22967,-0.014639,-0.056378,-0.041651,-0.043812,0.076658,0.050508,0.00012753,-0.0064157,-0.12461,-0.11212,0.21563,0.30427,0.26599,0.013046,0.067308,-0.12366,-0.31899,0.20354,0.084085,0.089759,0.0019228,0.052421,0.066061,0.059842,0.044013,-0.076178,0.16524,-0.2045,-0.18634,0.13454,0.037353,-0.0045774,0.063899,0.033752,-0.035333,0.015253,-0.096701,0.046597,0.038984,-0.056196,-0.10618,0.040384,0.33419,0.099097,-0.038045,-0.18895,-0.14673,-0.0039191,0.11611,0.054562,-0.03008,0.048741
0.015331,-0.062776,0.011443,-0.19642,-0.072022,-0.112,0.20179,0.063642,0.0042668,0.011895,0.048851,0.17476,-0.18343,-0.082036,-0.35838,0.11688,-0.090614,0.01563,-0.0076095,-0.08814,0.061638,0.10953,-0.084021,-0.086084,0.16482,0.15359,0.14349,-0.13624,-0.01561,-0.16867,-0.01429,0.043152,-0.078801,-0.045604,-0.014112,-0.065081,-0.10574,-0.021202,-0.0037362,-0.1648,-0.1198,-0.11772,0.024545,-0.041562,0.07495,0.02076,-0.12734,0.50755,-0.084753,0.1329,-0.12829,-0.031976,0.1893,-0.19439,0.012774,0.049741,0.089903,0.13502,0.065826,-0.025883
-0.089968,-0.065214,-0.072955,-0.14999,-0.0097274,0.38033,-0.024844,-0.036893,0.18819,0.02258,0.0082125,-0.023314,-0.076727,-0.25423,0.047999,-0.27786,0.19677,0.30026,0.074258,0.13679,0.073778,-0.097359,0.00037262,0.14026,-0.052603,0.014687,-0.12096,-0.11973,0.063657,-0.18818,-0.054363,-0.21548,-0.079616,0.069038,0.028017,-0.15476,0.054219,-0.023968,-0.18158,-0.079499,-0.068359,-0.047099,0.20771,0.040547,0.087389,0.12821,-0.090075,-0.00060156,-0.0019866,-0.1075,0.11886,0.13584,0.011027,-0.06417,-0.056495,0.022903,-0.17666,0.22195,0.15112,-0.011462
0.25228,-0.11563,0.049788,0.025175,-0.071583,-0.018532,-0.030036,0.22248,-0.0017602,-0.066774,-0.25874,0.18124,-0.042243,-0.15083,0.1816,0.063994,0.021676,-0.020339,0.056738,-0.082808,-0.093642,0.014375,0.034582,-0.010263,-0.18973,0.28703,0.05486,0.030035,0.15384,-0.073915,0.20569,-0.020215,0.11224,0.028627,-0.15372,-0.019229,0.05619,0.33335,-0.16243,-0.08786,-0.051903,-0.067931,-0.11771,-0.21762,-0.072217,-0.10793,0.048459,0.028987,0.059382,-0.21646,-0.073306,0.024904,-0.066443,0.14449,0.16522,-0.084618,-0.001519,0.2729,-0.12717,0.040152
-0.039958,0.098209,0.035642,0.082263,0.1207,0.40699,-0.034913,0.048949,-0.044915,0.031091,0.05106,-0.17359,0.010514,0.23539,0.082562,-0.051083,-0.055627,-0.2025,-0.021163,-0.18669,0.15224,0.19406,-0.021218,0.11401,0.11779,0.15238,0.24423,0.068335,0.10622,0.06512,-0.070665,-0.069048,-0.12395,-0.14181,0.046875,-0.18898,-0.11126,0.21986,0.061535,-0.0099051,-0.083701,0.077734,-0.030046,0.13057,-0.034709,-0.13744,-0.13611,-0.026493,-0.10882,-0.22175,-0.20025,-0.078252,0.17541,-0.10747,-0.12357,-0.074189,-0.16904,0.033867,-0.086269,-0.0063144
-0.070291,-0.20541,0.27324,0.084186,-0.025029,0.014224,0.10238,0.025389,0.046292,0.10149,0.060357,0.047347,-0.099537,-0.11602,0.075962,-0.11177,0.083221,-0.18542,-0.059935,0.078703,0.22582,-0.067981,0.055395,0.096607,0.052112,-0.019062,0.062998,0.2111,-0.082315,-0.079794,0.073575,-0.035678,-0.02937,-0.070554,-0.057975,-0.028778,0.2262,-0.016933,0.055051,0.50633,-0.069342,-0.071128,-0.11459,-0.011489,-0.24842,-0.0044952,-0.057611,0.30893,0.00084114,0.1229,0.026968,0.10399,-0.1936,0.055789,-0.13512,-0.035303,-0.10926,-0.019001,-0.011513,0.070537
0.080343,-0.0012534,0.15373,0.024655,-0.13227,0.23914,0.0031562,-0.040899,0.090056,0.033116,-0.01088,0.12294,-0.21857,0.16957,0.098529,0.1871,0.025284,0.017859,-0.25988,0.066517,-0.0013668,-0.026585,0.074205,-0.18624,0.13258,0.1264,-0.033974,0.1364,-0.018932,0.0031802,0.061696,-0.0053336,-0.12951,-0.088729,-0.031113,0.041159,0.083285,0.087083,-0.0079477,-0.28536,-0.090202,-0.10644,-0.062447,0.028854,0.099704,0.046588,-0.1318,-0.28716,-0.091635,0.37124,-0.025613,0.27512,-0.19822,-0.037562,-0.02954,-0.1236,0.088069,-0.076135,0.14447,0.051242
0.12632,-0.14456,-0.042039,0.064852,-0.12226,0.087093,-0.23121,-0.096294,-0.075967,0.035597,0.30192,0.1964,0.10791,-0.20555,0.010427,-0.13641,-0.14381,-0.010702,0.087053,-0.032526,0.037022,0.089301,0.037013,-0.070237,-0.029219,-0.1839,0.11407,-0.010374,-0.11858,-0.099852,0.0088935,0.1182,-0.11378,-0.060893,0.00014033,0.031536,-0.09985,-0.068574,0.14158,0.085929,-0.079154,-0.035914,-0.098708,-0.16319,-0.10439,0.024347,-0.18329,-0.22524,-0.11282,0.032655,0.038129,0.23236,0.33792,0.0095828,0.35768,-0.042105,-0.026215,0.063613,-0.10016,0.063937
0.050911,-0.15384,-0.1178,-0.22944,0.016492,0.085738,-0.18892,-0.089431,-0.076907,0.094182,-0.13768,0.20045,0.075902,0.15399,-0.11724,0.047179,0.16975,0.22123,-0.11859,-0.083699,0.062153,0.22672,-0.078067,0.019444,0.071819,0.059032,-0.070637,0.053812,0.053379,-0.023123,-0.061242,0.36506,-0.072656,-0.025937,0.0086019,-0.030609,0.021631,-0.17904,-0.13144,0.21822,-0.060139,0.27812,-0.0043262,0.03705,-0.094674,-0.14778,0.24789,-0.072286,-0.14877,0.020961,0.0062849,-0.0029824,-0.078928,0.015299,-0.14318,-0.12368,0.10474,0.23723,-0.012263,0.050457
0.20976,-0.088419,0.056435,0.13057,-0.11395,0.17568,0.16413,-0.16275,0.10259,0.033442,-0.22362,-0.0020334,0.16195,0.14219,0.035991,-0.080146,-0.038419,-0.2721,-0.034109,-0.015253,-0.093611,0.11115,0.19686,0.10058,-0.046504,0.03353,-0.16976,0.048782,0.022928,0.096653,-0.058709,-0.031077,-0.19763,0.053838,-0.036209,0.13405,-0.11974,-0.25052,0.0011427,-0.019767,-0.25059,0.016845,0.19664,-0.015576,0.13795,-0.106,0.067888,0.21891,-0.015165,-0.027383,0.15786,-0.11286,-0.034793,0.025641,0.32631,0.076863,-0.043981,-0.016758,0.14805,0.13658
-0.12318,-0.051164,-0.072644,-0.063963,0.15424,-0.036834,-0.18636,-0.26332,-0.16708,0.060261,-0.18916,0.16505,-0.061219,0.11802,-0.027027,-0.20398,0.037685,-0.14872,-0.18747,0.016263,-0.041703,0.18916,-0.11006,-0.065587,-0.02295,0.09126,0.28657,0.038084,0.10821,-0.088211,-0.026049,-0.21727,0.14187,0.013331,-0.10078,0.20982,0.07334,-0.19248,0.12941,-0.14501,0.097517,-0.057197,-0.050881,-0.025188,-0.017057,0.019582,-0.24524,0.042976,0.24154,-0.13261,0.27694,0.086403,-0.031173,0.051669,-0.092175,0.0036861,0.056135,0.050277,0.0085679,-0.070803
0.13952,0.06243,-0.14298,0.29869,-0.056505,0.010556,-0.1597,-0.050343,0.040611,0.082852,-0.012959,0.081744,0.14897,-0.23699,-0.24512,0.089832,0.076061,-0.16389,-0.27998,0.10416,0.03913,-0.10753,-0.074598,0.24521,0.063216,0.32431,0.044846,-0.24567,-0.082993,0.12074,-0.063801,-0.13264,-0.11044,0.046063,-0.003581,-0.04371,0.12656,-0.0034675,0.099654,0.015625,-0.0019456,-0.087776,-0.047301,-0.21358,-0.038466,0.085161,0.20159,-0.13411,-0.14554,0.011714,0.020199,-0.074241,0.064228,-0.037166,-0.20134,0.13284,0.018235,-0.026632,0.020325,-0.02598
0.04127,-0.17565,-0.059263,-0.0027465,-0.13182,0.23115,0.047617,0.12889,0.02166,-0.12441,-0.0089968,-0.051755,-0.11587,-0.00050756,-0.0079883,0.04492,0.099578,0.032637,0.12256,-0.054383,-0.065763,0.038294,-0.072255,0.020197,-0.17171,0.046361,0.055308,-0.046231,-0.17256,-0.06783,0.034187,0.1761,0.045853,-0.19319,0.40418,0.080965,0.10571,-0.15002,0.24401,-0.099786,-0.15291,-0.15523,0.077925,-0.10808,-0.12836,0.022028,0.0091529,-0.038194,0.30038,-0.061745,-0.053888,-0.2011,0.081003,0.21623,-0.20424,-0.11352,0.10171,-0.13627,0.10643,0.12025
-0.087265,-0.19774,-0.07928,0.22519,0.23547,0.080178,0.35616,-0.022692,-0.054455,0.0046015,0.020703,-0.092451,-0.061428,-0.093303,-0.21555,0.099704,0.0082826,-0.03172,-0.16915,-0.10307,-0.32749,0.22045,-0.12486,0.088456,-0.14976,0.021707,-0.010882,0.11598,-0.035621,0.057523,0.061204,0.11659,0.14341,-0.0042719,0.012079,-0.13028,-0.087329,0.024651,-0.070919,0.08552,0.11491,0.036034,0.005018,0.01279,-0.0094909,0.1517,-0.036546,-0.13889,0.06192,0.20542,0.034487,0.091646,0.035605,0.087587,0.10059,-0.0032123,-0.29615,0.17538,0.12118,-0.15397
-0.13954,-0.00028514,-0.22551,0.054579,-0.17594,0.1253,-0.092268,0.1052,-0.0028173,-0.14382,-0.077051,0.14473,0.17531,0.015881,-0.27016,0.033664,0.11921,-0.024077,0.16292,-0.13556,0.0031199,0.11678,-0.01258,0.11712,-0.21284,-0.13994,-0.070258,0.029209,0.044333,0.0095791,0.2152,-0.15553,-0.018809,-0.027166,-0.15007,0.37341,-0.10399,0.20969,0.077963,0.049042,0.031606,-0.059146,-0.020625,0.28014,-0.12321,0.10434,-0.023122,0.07072,-0.17154,0.013209,-0.1226,0.13906,-0.10884,-0.080721,-0.073715,-0.018925,0.037034,-0.11262,0.17746,0.048129
0.030517,-0.012201,0.1577,-0.2059,0.059739,-0.11644,-0.094156,0.29223,-0.023647,-0.128,-0.087651,0.073888,-0.092424,0.10662,-0.090891,-0.19371,-0.20944,-0.033208,0.22087,-0.060637,0.1957,0.17941,0.012081,0.12995,0.013218,0.30332,-0.132,0.064953,0.073024,0.19571,-0.071203,-0.08172,0.0061011,0.016241,-0.091421,-0.029967,0.022545,-0.23573,-0.18022,0.025188,0.066015,-0.096076,-0.022081,-0.032406,-0.11139,0.23123,0.0538,-0.21482,0.057204,0.15537,0.00093856,0.028749,0.17044,0.026916,0.019505,0.03787,-0.16,-0.18137,0.12626,0.085347
-0.1613,0.061785,0.22427,-0.13879,-0.013781,0.16473,-0.066558,0.11903,0.13529,0.067263,0.071585,0.084552,0.15837,0.052071,-0.30371,0.34606,-0.13233,-0.18162,0.071431,0.22074,-0.049993,-0.29962,-0.049449,0.18786,-0.11722,-0.057349,0.079845,0.27532,0.14394,-0.18551,0.054789,0.084703,0.0014048,0.0042528,-0.13656,0.0044317,-0.082465,-0.14336,-0.097046,-0.028669,-0.074413,0.021736,0.046868,-0.024228,0.055716,-0.11018,-0.038548,-0.1333,0.14186,-0.087181,0.096375,-0.00010795,0.10741,0.078185,-0.076068,0.066668,0.025446,0.065025,-0.077459,-0.074795
0.044668,0.087195,-0.13133,0.078924,-0.022027,-0.011859,0.0039284,0.24547,0.013442,0.098531,0.12381,0.016495,-0.048946,0.095116,0.16798,-0.043729,-0.045345,0.24619,-0.24365,0.053018,-0.2381,-0.12587,0.068829,0.09129,-0.19422,0.18308,-0.22182,-0.013727,0.1574,0.014965,-0.0052782,0.024633,0.10364,0.084614,-0.023531,0.054564,-0.14605,-0.15812,0.11913,-0.022843,-0.10773,0.07258,-0.18407,0.094128,-0.22672,-0.19549,-0.18261,0.20661,-0.071973,0.090948,0.1687,0.076312,0.22953,-0.10389,-0.15605,-0.032147,-0.088293,-0.11935,-0.11279,0.056064
-0.051285,-0.044484,0.036214,-0.11321,-0.17848,-0.13773,0.10748,-0.19919,0.058557,-0.074243,-0.048463,0.18858,0.15654,-0.23639,0.10244,-0.050641,-0.15395,0.1948,-0.19696,-0.012398,-0.16583,0.005373,0.07766,0.091393,0.08793,0.0087562,0.19504,0.065478,0.14597,0.17913,-0.029363,0.032449,-0.14727,-0.069014,-0.080764,-0.1805,-0.09656,0.19412,-0.075909,0.15176,-0.12064,-0.018837,-0.065614,0.25645,0.056358,0.038647,-0.053116,-0.063252,0.22464,-0.090959,-0.0024073,-0.09632,0.15839,0.15292,-0.11005,-0.048735,0.12703,-0.20801,0.24682,0.04275
0.14044,-0.049836,0.091901,-0.16751,0.043371,0.23343,0.12013,-0.045186,-0.18107,-0.013764,-0.019107,-0.10627,0.047103,-0.13721,-0.2093,-0.065193,-0.15954,0.28878,-0.036215,0.13781,0.19657,-0.00061323,0.031997,0.086537,-0.079242,-0.11388,0.099996,0.11863,0.0084611,0.25617,-0.1248,-0.062607,-0.012412,0.20729,0.0045243,0.15113,0.071344,0.080404,0.19592,-0.22211,0.023238,0.19978,-0.28514,-0.14156,-0.018033,-0.15768,0.052743,0.10821,0.039304,0.075464,-0.14018,0.016184,-0.12195,0.18112,0.042176,0.12594,-0.088754,-0.033175,0.016826,-0.037904
0.079326,-0.081134,0.029578,-0.10166,0.16824,0.16884,0.10029,0.05953,-0.16707,0.030334,-0.0040521,0.0087512,0.038761,0.005958,-0.017207,-0.001682,-0.13799,-0.028458,-0.22211,-0.2493,0.16724,-0.057605,0.13662,-0.19192,-0.21659,-0.062952,-0.035945,-0.21749,0.047495,-0.19699,-0.18697,-0.040809,0.14775,-0.0050733,-0.11233,0.077388,0.075296,0.20863,-0.033899,0.16997,-0.1144,-0.15234,0.26495,0.085461,0.0056993,-0.12996,0.20718,-0.10614,0.11786,0.14502,0.074956,0.092859,0.13655,-0.010899,-0.068008,0.25777,0.11837,-0.12201,-0.074744,-0.037241
-0.013164,0.40541,0.0050064,-0.16477,-0.071896,-0.019124,0.049386,0.026074,0.1177,-0.0030092,-0.017627,0.092393,-0.017085,-0.040258,-0.04251,0.021153,0.054501,-0.094282,-0.19935,-0.040582,0.12436,0.11167,-0.018353,0.011294,-0.33607,-0.12414,0.054273,-0.16143,0.11073,-0.070221,0.070202,0.032121,-0.24993,-0.095685,0.057036,-0.047548,0.31536,0.0020936,0.048233,-0.018728,0.16594,0.057166,-0.085302,0.11327,0.061971,0.027853,0.067329,0.044752,0.067183,0.16443,0.12785,-0.17223,0.069451,0.054806,0.19554,-0.27394,-0.23429,0.0065601,-0.11832,0.040906
-0.10996,0.17522,0.041602,-0.18576,-0.14962,0.055039,0.044519,0.13434,-0.16062,0.031299,-0.18304,-0.22837,0.11544,-0.030857,0.055814,0.13165,0.05956,-0.0098547,-0.082247,0.085513,-0.06221,-0.018735,0.035295,-0.28322,0.22721,-0.0016614,-0.069784,-0.052855,0.061263,0.18434,0.024498,0.12355,-0.16827,-0.099134,-0.0019635,0.16952,-0.025632,0.038041,0.14214,0.067832,-0.1431,-0.10528,-0.015984,-0.0086001,-0.24446,0.3368,0.037745,0.027048,0.041617,-0.12908,0.15067,0.12226,0.10113,0.075251,0.0011305,0.18452,-0.15266,0.25735,-0.035601,-0.11939
0.039715,0.14219,-0.025075,-0.16115,0.013572,0.10577,0.12867,0.24332,-0.045888,-0.15337,-0.1272,-0.11195,0.13004,-0.32877,0.024609,-0.10349,-0.011033,-0.2111,-0.1115,-0.069952,-0.0031237,0.073174,-0.042546,0.21211,0.20016,0.01293,-0.22307,0.094324,-0.035591,-0.076511,-0.08996,-0.029063,0.17533,-0.11673,0.053149,-0.072678,0.031749,-0.052976,0.152,0.014224,0.11593,0.14145,-0.040586,0.088024,0.062244,-0.031993,-0.21682,-0.071028,-0.059951,0.079884,0.084296,0.048471,-0.048735,0.010668,0.094335,-0.054228,0.46516,0.10407,-0.060223,0.026787
-0.13522,0.092233,0.010313,0.036853,0.16722,0.036755,0.025299,0.11588,0.08231,0.12976,0.10026,0.17083,-0.069578,-0.30756,0.16245,0.022766,0.34248,-0.17029,0.088064,0.11451,0.056794,0.24697,-0.040288,-0.19758,-0.17504,0.044582,-0.0099596,0.054437,0.015279,0.024471,-0.2864,0.11955,-0.11153,-0.0089652,-0.08403,-0.0093152,-0.29556,-0.1079,-0.044486,-0.12656,-0.04394,-0.085419,-0.1953,0.10949,0.059423,-0.033643,0.11575,0.015454,-0.019243,-0.029231,-0.094173,0.0078096,-0.092508,0.16558,-0.036211,0.20887,0.050152,-0.15049,-0.058054,-0.019219
0.046186,0.16346,-0.12832,0.075446,-0.030996,-0.082298,0.090366,-0.15457,-0.021744,0.0072674,-0.10655,-0.066289,-0.081507,-0.22144,0.030202,0.25393,0.075257,0.089604,0.11109,-0.07767,0.091059,0.20336,0.052236,-0.12165,-0.07663,0.016343,-0.11448,0.25798,-0.11952,0.12384,0.17129,-0.15542,-0.10501,0.045282,-0.11666,0.027612,0.29066,-0.18432,-0.067317,0.07,-0.10244,0.10809,0.14621,-0.032748,0.02384,-0.21332,-0.21415,-0.1031,0.14425,-0.035926,-0.16248,0.05833,0.23624,-0.1707,-0.16105,0.16597,-0.00086104,0.019297,-0.09257,0.04348
-0.11801,-0.043614,-0.05283,-0.075082,0.1957,-0.024844,-0.26276,-0.032401,-0.017061,0.058625,0.083468,-0.053102,0.28721,-0.025475,0.051579,-0.0049093,-0.26384,-0.0090853,-0.003531,0.18269,-0.19125,0.18725,-0.071499,-0.09862,-0.15663,0.15803,-0.12797,0.079071,0.066545,-0.064718,0.00054513,-0.033699,-0.12362,-0.040877,0.18881,-0.0071796,0.18049,0.18076,-0.095649,0.0082407,-0.17526,0.083716,0.1943,-0.10744,0.044069,0.20025,-0.20501,0.18311,-0.11435,0.19496,-0.1486,-0.084503,-0.14376,0.16301,-0.042882,0.07524,0.044673,-0.081747,-0.13601,0.044529
-0.065295,0.012881,-0.30305,-0.023617,0.0092345,-0.017831,0.18786,0.048997,-0.15752,0.36297,0.1281,0.096578,-0.3288,0.066084,-0.12641,-0.0060956,-0.098226,-0.026641,0.059232,-0.0030506,-0.0044679,-0.079184,0.063309,0.1279,0.09965,0.12155,-0.1545,0.082814,-0.05811,-0.05607,-0.079692,-0.008568,-0.34033,0.057438,-0.028297,0.053777,0.0625,0.18169,-0.021062,-0.008752,0.11502,0.084239,0.15853,0.013464,-0.2022,0.01765,-0.029061,-0.064662,0.084793,-0.23513,0.072684,0.017632,-0.08626,0.19396,0.17518,-0.064238,0.14858,-0.14189,-0.049093,-0.026239
0.26512,0.16558,0.20244,0.24191,-0.10111,0.053825,0.015948,-0.033727,-0.093949,0.10165,0.16348,-0.0033643,0.078486,0.020193,-0.12952,-0.025404,-0.14541,-0.027372,-0.056585,0.0335,0.0020215,0.13976,0.064113,-0.070459,-0.12547,-0.15107,-0.13927,-0.087237,0.099908,0.078939,-0.11548,-0.047426,0.05983,-0.05613,0.084752,-0.065724,0.019998,-0.16619,-0.27711,-0.056337,0.081875,-0.025522,0.0021001,0.049008,-0.10287,0.18124,0.043935,0.16518,0.16404,-0.2283,-0.1754,0.29332,-0.042531,0.023858,-0.17752,-0.2562,0.2003,0.093299,0.025063,-0.11296
0.035819,-0.10515,-0.30564,0.10104,0.04409,0.10201,0.0065802,0.28469,0.2302,-0.08031,-0.047459,0.12164,0.11734,0.1231,-0.060115,0.070297,-0.1712,0.038135,-0.006763,0.051833,0.015792,-0.071038,-0.11147,-0.26787,0.08801,-0.033452,0.20137,-0.046355,-0.24533,0.10407,-0.028209,-0.18688,0.052343,0.042836,-0.060179,-0.26611,0.19065,-0.179,-0.018136,0.00051589,-0.14083,0.1125,-0.097715,0.3216,-0.037059,0.042253,0.054012,0.055942,0.084599,-0.072476,0.04898,0.10012,-0.11199,0.1039,0.15734,0.068061,-0.0016073,0.012906,-0.10813,0.059483
0.010349,0.17424,0.17333,-0.091596,0.13843,0.026467,-0.11644,-0.11346,-0.074298,-0.29769,0.34414,0.080457,-0.1646,0.11605,0.00071534,0.12983,0.054018,0.090202,-0.087619,-0.17053,0.009382,0.011516,0.044359,0.11837,-0.20832,0.051279,-0.036556,-0.026457,-0.20355,0.22394,0.10013,-0.086602,-0.052517,0.094552,-0.026165,-0.11998,-0.056203,-0.021936,0.0077941,0.07009,-0.14047,-0.12896,0.0067645,0.056501,-0.14248,0.042741,-0.12451,0.013141,-0.088283,-0.090805,0.17227,-0.18347,-0.18035,0.096267,0.095795,0.18504,0.21075,0.24101,0.072909,-0.044266
0.10168,-0.20603,0.04016,0.14833,0.083756,0.02087,-0.0096327,-0.16129,-0.078414,-0.0019453,-0.011338,0.12998,0.050801,-0.038356,-0.10744,0.16388,0.19495,-0.01968,0.21268,-0.1314,0.11714,-0.16796,0.04458,0.020433,0.1152,-0.058706,-0.18035,-0.045539,0.21836,0.15305,-0.20381,0.12367,0.14278,-0.18187,0.059611,0.021883,0.26848,0.11081,-0.17388,-0.18912,-0.06681,0.025672,-0.15791,0.19362,-0.051739,0.10865,-0.26767,0.048009,-0.060932,0.014956,0.24208,-0.18043,0.086046,0.01863,0.032927,0.043916,-0.076331,-0.077965,-0.1351,-0.0091705
-0.080399,0.10568,0.077608,-0.080789,-0.069005,0.082791,-0.10289,0.046275,0.064961,0.43093,-0.17535,0.1929,0.036523,-0.084091,0.075315,0.16122,-0.076015,0.12158,-0.092571,-0.22477,0.14168,0.025066,-0.060668,0.0026409,-0.076214,-0.10803,-0.050525,0.15196,-0.2993,0.1632,-0.0037318,-0.12513,0.3179,-0.12058,0.063739,-0.093769,-0.19973,0.076807,0.016483,-0.025629,-0.018778,0.080579,0.10298,-0.21232,0.023124,0.17603,-0.0047967,0.093622,-0.055785,-0.072854,0.15139,-0.099099,-0.020779,-0.082875,0.039154,-0.091604,-0.082047,-0.14904,0.049726,-0.025679
-0.050469,-0.13181,0.16575,-0.022162,0.022644,-0.082474,-0.11553,-0.023905,0.062585,0.0026035,0.022546,-0.074034,-0.12147,-0.14677,-0.073996,0.26116,-0.25122,0.045986,0.062264,-0.037298,-0.082639,0.23232,0.18562,-0.064521,0.080516,0.040532,-0.15567,-0.15019,0.054941,-0.15197,0.078001,-0.19165,-0.0191,-0.20816,0.15314,-0.038467,0.031094,-0.046617,0.17058,0.0020311,0.16005,0.032141,-0.10288,0.12154,0.106,-0.24315,0.12441,-0.013574,-0.2265,-0.23908,0.2217,0.1351,-0.056695,0.19318,-0.089265,0.076906,-0.16137,-0.036289,0.12767,0.06642
-0.10059,-0.098479,0.048085,-0.029696,-0.093347,-0.038094,-0.041465,-0.021133,0.2415,-0.1853,-0.01035,0.1644,-0.1395,0.087787,0.033236,-0.090613,-0.0030146,-0.25631,0.029403,-0.034837,-0.065996,-0.031515,-0.090543,-0.10268,-0.0033347,-0.11712,-0.18433,0.054517,-0.17,0.20361,-0.2024,-0.12176,-0.062852,0.2189,0.077374,0.079118,0.0007929,0.25325,0.017151,-0.033067,0.045491,0.19606,0.055947,-0.071421,0.040293,-0.084728,0.074827,0.086974,-0.042952,0.09695,0.090954,0.098625,0.34883,0.23211,-0.25721,-0.11753,0.020586,0.19764,-0.033947,-0.11805
-0.13779,-0.025021,0.045461,0.17556,0.12327,-0.081222,-0.048193,0.0038513,0.1283,-0.12273,0.075944,0.028549,0.25323,-0.0040359,-0.13741,-0.19949,0.020479,0.046206,-0.11336,-0.2711,0.2889,-0.1197,-0.035938,-0.18449,0.044067,0.16449,-0.30746,0.051093,-0.0019875,-0.07371,0.25392,0.17243,-0.19755,-0.061122,-0.0042511,-0.10743,-0.1251,0.05286,0.12447,-0.15252,0.016442,0.13683,-0.053222,-0.12118,0.033059,-0.074439,-0.033033,0.045572,0.33235,-0.070256,0.057095,0.094611,-0.10155,-0.019385,-0.0081739,0.036797,-0.051138,-0.040808,0.067718,-0.090703
0.42868,0.092383,-0.046729,-0.26965,-0.13875,-0.13327,-0.16252,0.00035368,0.14583,0.059193,0.040331,-0.16891,-0.036962,0.10739,-0.26736,-0.083775,0.29651,-0.096898,-0.0066133,0.017486,-0.12389,0.049001,0.054219,-0.024205,-0.0092191,0.069901,0.00069806,0.029363,-0.12214,-0.085537,-0.057342,-0.043329,0.098488,-0.040646,0.11602,-0.060367,-0.078982,0.16121,-0.041791,0.19407,-0.13624,0.087188,-0.087206,0.037536,0.081223,-0.067511,-0.18699,-0.041072,0.1246,-0.024707,-0.0030582,0.1207,-0.074592,0.061052,0.049377,0.11663,-0.15474,-0.19529,0.026465,-0.26264
-0.013306,-0.14045,-0.095166,-0.13208,0.12337,0.022591,-0.091181,1.0817e-05,-0.011376,-0.061531,-0.029667,0.23868,0.038334,0.021756,0.12786,0.13012,-0.00092644,-0.12809,-0.2273,0.32256,0.10933,-0.040996,0.048614,-0.013341,0.025439,-0.037792,-0.19908,0.038507,0.0011918,0.070979,0.0243,-0.067371,0.05822,-0.06826,0.31465,0.023579,0.0003035,0.021535,-0.048845,0.023024,0.22755,-0.12528,0.0073974,0.10098,-0.20688,-0.18403,-0.016486,0.022555,0.11767,-0.072706,-0.27782,-0.092341,0.10778,-0.21731,0.24097,0.088684,-0.069166,0.054221,0.22946,-0.18645
0.089888,0.10767,-0.16788,-0.031397,0.17035,-0.023933,-0.15662,-0.081893,-0.11303,-0.11168,-0.0079995,-0.12428,-0.045518,-0.1064,0.15644,0.10604,-0.14117,-0.1151,0.0044194,-0.15211,-0.0017092,-0.089649,-0.02089,0.092958,-0.023731,0.012986,-0.010477,0.33343,-0.1353,-0.27642,-0.1142,0.16781,-0.027509,0.20643,0.041919,0.026604,0.17671,0.024828,-0.030202,-0.10237,-0.19026,-0.06419,-0.2355,0.099531,0.057872,0.17394,0.24747,0.14734,-0.04313,-0.1054,0.085739,0.11318,0.088748,-0.13786,-0.0053905,-0.10062,-0.061523,-0.059002,0.28796,-0.086158
0.019794,-0.10616,-0.17478,-0.1338,-0.22275,0.012385,-0.036296,0.15872,-0.20056,0.08065,0.38245,0.0042974,0.20842,-0.080883,0.065939,-0.090723,0.056882,-0.10488,0.0085799,-0.15501,-0.12374,0.063393,0.21642,0.0036289,0.14582,-0.019325,0.094851,0.22593,-0.040451,0.1085,0.099005,-0.14767,-0.027946,-0.081156,0.038879,-0.0037521,0.036285,-0.038142,-0.19157,-0.21078,0.12307,-0.1397,0.039416,0.0073556,0.053289,-0.15126,0.20052,0.053931,0.1167,0.18608,0.17722,-0.13372,-0.11101,-0.062894,-0.15906,0.017958,-0.12031,0.12531,-0.082059,-0.050731
0.082613,-0.070338,-0.17197,0.041023,-0.13521,-0.11053,0.076145,0.013407,0.14928,0.012476,0.12085,0.054659,-0.25988,0.050767,0.05553,-0.12436,-0.14186,-0.05145,-0.18337,0.036884,0.20213,0.15666,-0.15499,0.12623,0.04853,-0.26605,-0.13066,0.13319,0.34682,-0.040535,0.22547,-0.047001,0.13317,-0.076649,0.051415,0.022297,-0.0033087,-0.026108,0.078795,-0.058443,-0.30126,0.026392,-0.052698,-0.020918,0.10316,0.18942,0.14283,-0.11625,-0.064766,-0.079303,-0.046156,-0.12998,-0.025956,0.052704,-0.057514,0.23287,0.018069,0.051525,-0.13523,-0.14776
0.17727,-0.12619,-0.05487,-0.034248,0.026508,-0.088428,-0.091331,0.079028,0.21812,-0.084783,0.17634,-0.15049,0.030393,-0.15339,0.045175,0.17754,-0.01311,-0.02503,-0.018757,0.068793,0.11898,0.1534,-0.032751,-0.083609,0.035499,-0.034195,0.049604,0.017638,0.18192,0.060966,-0.18539,0.093138,0.06574,0.094001,-0.35882,-0.019793,0.016842,0.016029,0.256,-0.098774,0.0069565,0.020232,0.38888,-0.024635,-0.25529,-0.035935,-0.07724,-0.0079511,-0.00385,-0.015172,0.082637,-0.11509,-0.13501,-0.048662,-0.014171,-0.28507,-0.080652,-0.036037,0.17007,-0.14188
-0.012586,-0.049433,0.16451,0.043004,-0.018239,-0.070371,-0.037641,-0.027283,0.042273,0.31996,-0.14002,-0.030049,0.060265,-0.065715,0.022004,0.023123,-0.042069,-0.010657,0.25398,-0.20715,-0.071873,-0.0054192,-0.087812,-0.033807,-0.029225,-0.0082506,0.0073428,-0.077546,0.17563,-0.086015,0.011529,-0.24872,-0.15013,0.29065,0.23653,-0.10538,-0.054546,-0.04403,0.15808,-0.00042209,-0.16264,-0.0065292,-0.13643,0.17433,-0.24705,-0.058908,0.039744,-0.164,0.10784,0.26402,-0.014446,-0.12002,-0.075631,-0.11958,0.037026,-0.049021,0.14165,0.149,0.052176,-0.24424
0.2001,-0.12935,0.10686,-0.036155,-0.031864,-0.014914,-0.031789,-0.089166,-0.24694,0.050235,0.15854,-0.079384,-0.025822,0.012123,0.10597,0.067275,0.11349,-0.025504,0.00092266,0.082789,0.0032025,-0.17615,-0.27222,-0.088913,-0.088002,0.14096,-0.10957,0.033791,-0.060957,-0.14286,0.027043,-0.30246,-0.030225,-0.27423,-0.23534,0.036306,-0.12567,-0.023787,0.10939,-0.014872,0.055167,0.36053,-0.0099462,0.1823,0.035914,0.18523,0.15272,0.029472,0.10563,0.076053,-0.10851,-0.1499,0.15247,0.059749,0.036501,-0.0099489,-0.0084732,0.10058,0.1112,0.1696
-0.18758,0.00044857,0.048797,-0.037139,-0.17706,-0.051235,-0.037635,0.11111,-0.31719,0.052364,0.11291,0.032286,-0.036716,-0.0046684,-0.014345,0.049894,0.043995,-0.25391,-0.010248,0.12847,-0.0056579,0.13172,-0.16643,0.033295,0.01063,-0.1182,-0.095806,-0.27311,0.026719,0.075347,0.036406,0.098518,0.13524,0.26234,0.015447,-0.18794,0.085768,0.14195,-0.035407,-0.05646,-0.2531,0.17731,-0.020951,-0.04497,0.041745,-0.12156,-0.069674,-0.060076,0.16798,-0.058842,0.071042,0.10535,-0.10482,-0.15628,0.0054969,0.033364,-0.10726,-0.037185,0.21937,0.35309
-0.10288,0.17698,0.0094362,0.086301,-0.20678,-0.028751,0.059383,-0.17387,0.16816,0.070285,0.085454,-0.1475,0.084216,-0.039992,-0.10775,-0.084928,-0.099221,0.0214,-0.1247,0.010454,0.17787,0.082891,-0.021579,-0.1422,0.11847,0.18152,-0.0467,0.065281,-0.14669,-0.24064,-0.060204,0.027298,0.29508,0.17547,0.03429,0.22326,-0.052702,0.047955,-0.23588,-0.065069,-0.0096798,-0.082317,-0.056142,0.17474,-0.23376,-0.089436,-0.057307,-0.11044,-0.045306,0.0075988,-0.054521,-0.24006,0.033141,0.23657,0.054039,-0.00094884,-0.089972,0.14927,0.050419,0.23003
-0.12823,0.26495,-0.11432,0.060513,-0.04238,-0.020939,0.020401,-0.13158,-0.22709,-0.15276,-0.003873,0.25646,0.004511,0.031975,-0.15401,-0.026319,0.10281,0.038313,0.10618,0.0091815,-0.051332,-0.12498,0.19939,-0.10768,0.081174,0.085866,-0.11097,0.19872,0.20589,-0.052619,-0.18523,-0.16025,0.22772,-0.036969,0.044895,-0.26731,-0.010038,-0.04699,0.31373,0.077585,-0.17738,-0.10131,0.13444,-0.072247,0.029153,-0.035853,0.12667,0.0043472,-0.032968,0.065726,-0.17599,0.05097,-0.044618,0.16905,0.075574,-0.16134,-0.15653,0.049827,-0.025842,0.031439
-0.09616,-0.16805,-0.1558,0.057994,-0.27388,0.044044,-0.13981,0.08989,-0.01061,0.19193,-0.01449,-0.17803,0.00081206,0.18511,0.0018185,0.04889,-0.030835,0.019978,-0.0102,-0.044391,0.10259,0.0052447,0.11815,-0.099126,-0.2043,0.017708,-0.13701,0.055624,0.074342,0.019471,-0.17561,0.092326,-0.005248,0.10147,-0.18084,-0.19612,0.11109,-0.012034,0.14691,0.16306,0.24618,-0.20789,-0.21784,-0.054198,0.32162,0.074876,-0.19343,0.035942,0.0182,-0.012246,-0.082218,-0.16104,0.056155,0.070669,-0.0013051,0.090881,0.12582,0.18195,0.18665,-0.01925
-0.066123,0.031213,-0.050358,0.12538,-0.085243,0.038455,0.052278,0.20083,-0.21178,-0.09818,0.017286,-0.023594,-0.016937,-0.067078,0.044493,0.010853,0.08788,-0.035226,-0.053853,-0.047754,0.15401,-0.13939,0.024924,-0.24168,-0.040254,0.044993,0.22985,-0.015593,0.18871,-0.028482,0.13094,-0.079068,-0.014385,0.072903,0.16683,0.062131,-0.0061462,-0.16702,-0.25669,0.11019,-0.024422,0.28427,0.069375,-0.1484,0.046217,-0.048491,-0.12115,-0.00083525,-0.28684,0.00019164,0.087322,-0.081474,0.06557,0.20954,0.049421,-0.048046,0.073089,-0.15164,0.32435,-0.27545
0.15794,-0.1565,-0.046509,-0.13926,0.25038,-0.012883,0.038693,0.048905,-0.033304,0.018376,0.03821,-0.10959,0.046815,-0.05951,-0.14972,0.12072,0.13818,-0.0061275,-0.16055,-0.024044,0.097394,-0.062522,-0.13125,-0.16934,0.066259,-0.07016,-0.084336,0.1144,0.14274,0.11368,0.12915,-0.19796,-0.10728,0.29105,0.1741,0.046198,-0.19407,-0.016213,-0.026815,0.14838,-0.0065231,-0.2923,-0.042774,-0.0089615,0.18012,0.058974,-0.046182,-0.037398,-0.037462,-0.12255,0.061488,-0.026014,0.060633,0.036104,-0.024464,-0.31604,0.010465,-0.067608,-0.15583,0.33119
0.15947,0.033487,0.045262,-0.025408,0.15617,0.038217,-0.054377,-0.010515,-0.18982,0.18678,-0.16748,0.035324,0.027826,-0.0048666,-0.031244,-0.19061,0.023282,-0.093684,0.052561,0.17815,0.018912,-0.0025721,0.08115,-0.012499,0.046532,-0.13075,-0.099319,-0.065618,-0.19748,-0.0038618,0.43952,0.17258,0.046572,0.10472,-0.19963,-0.2519,0.021968,-0.012977,0.080193,-0.18832,-0.0085795,-0.15963,0.098296,0.2224,-0.022012,-0.059297,-0.036225,0.034708,-0.18091,0.057246,-0.034848,-0.10017,0.17272,0.28205,-0.1551,-0.04695,-0.0078623,-0.053361,0.053303,-0.13544
-0.19339,-0.17133,-0.013418,-0.043739,0.13412,-0.052122,0.023606,0.046845,0.023919,-0.011855,0.033182,-0.027193,-0.013301,-0.018716,-0.046828,0.068872,0.057138,-0.051678,-0.06594,0.12219,0.082028,0.089941,0.62068,0.052283,-0.016363,0.064038,0.00090448,-0.17608,-0.16178,-0.057181,0.053742,-0.076484,0.075149,0.062225,-0.070674,0.12659,-0.059074,-0.020779,0.013036,-0.018838,-0.2358,0.24179,-0.15593,0.0058354,0.096269,0.22948,0.0021813,-0.10032,0.10922,-0.028545,-0.092998,-0.12926,0.044319,-0.090984,-0.027528,-0.26667,0.043999,0.061209,-0.11822,-0.10416
0.015834,0.076577,-0.158,0.0097635,0.28065,-0.20972,-0.10676,0.084752,0.14681,0.13445,-0.10507,-0.16684,-0.080772,0.0080124,-0.13239,-0.10555,0.037779,-0.073356,-0.04811,-0.051284,-0.023742,-0.15177,0.20161,-0.0087647,-0.079838,-0.28358,0.11321,0.055423,0.083514,0.073857,-0.064065,-0.068313,-0.069972,-0.30825,-0.0046749,-0.070298,-0.04174,0.04363,-0.10116,-0.12684,-0.10797,0.028934,-0.052003,-0.16621,-0.21065,-0.084605,-0.021242,-0.025939,-0.024224,0.10592,-0.039115,0.029729,0.038754,0.062471,-0.046441,0.065759,0.08924,0.21176,0.29914,0.33921
