-0.0066832,-0.07201,0.16226,-0.091395,-0.062609,0.038552,-0.15196,-0.043613,0.12055,0.075237,0.060495,-0.027699,-0.17225,-0.16492,-0.14442,-0.13755,0.057524,-0.12279,-0.081061,-0.13225,-0.15701,-0.1304,0.1925,-0.16171,-0.10643,0.15221,0.17679,0.15517,0.16402,0.14088,0.1447,0.18194,0.14662,0.17815,0.15092,-0.055934,0.12221,-0.021983,0.15477,-0.093178,0.18476,0.18873,0.17374,0.19121,-0.071028,0.1942,0.1064,0.056177,-0.088727,-0.13256,-0.11856,0.024347,0.063453,-0.13393,0.067825,0.18291,0.079656,-0.063665,-0.078202,0.18149
0.23056,0.24723,-0.10586,0.078624,0.24019,0.088821,-0.029432,0.051158,0.059913,0.14643,0.13234,0.24828,-0.031807,-0.051617,0.097068,0.062487,-0.1296,0.028783,0.20998,0.051169,0.12361,-0.0084522,0.086363,0.062599,0.18055,0.096641,0.11688,-0.098283,0.074521,0.073045,0.098042,0.10863,0.071479,0.091787,0.14131,0.24324,-0.052136,0.036286,0.14345,0.20077,0.084338,0.09751,0.10726,0.098099,0.24112,0.095432,-0.091197,0.013445,0.18879,0.11485,0.043048,0.01006,-0.067181,0.049929,-0.13822,0.10509,-0.083679,0.24896,0.23275,0.085293
-0.18359,0.02955,-0.1735,-0.11178,-0.0154,0.17026,-0.053867,-0.23949,0.20824,0.083484,0.14743,-0.22526,0.021803,0.0005196,0.08913,0.12706,0.18693,0.029883,0.077206,0.028088,0.13026,0.050131,-0.027113,0.080981,0.13062,0.109,-0.070677,-0.12372,0.13785,0.20629,0.19984,0.010927,0.20895,-0.066293,-0.064626,-0.014958,0.06732,-0.030355,-0.042386,0.049105,-0.0079632,-0.0063689,-0.05,-0.03691,-0.014544,-0.1009,0.21902,0.22039,0.10133,0.17696,0.061049,0.23916,0.16637,0.16708,0.26546,-0.058441,0.22572,-0.062068,0.042487,-0.064309
-0.029683,0.10261,0.19239,0.26044,0.051315,0.047162,-0.054331,0.23397,0.043205,0.069819,0.073203,-0.0049928,-0.04621,0.02877,-0.23356,-0.2201,0.080297,0.21115,0.046737,0.26267,-0.12925,0.188,-0.030663,-0.11724,0.029986,0.025457,-0.056296,0.18652,0.020994,-0.001951,0.027765,-0.033769,0.0040491,-0.070191,-0.047338,0.099887,0.16592,0.2681,-0.022334,0.067997,-0.068218,-0.050932,-0.043524,-0.0011466,0.12773,-0.082157,0.15411,-0.016573,0.062974,-0.055967,0.26294,-0.17825,0.19532,-0.24515,0.14099,-0.065908,0.22579,0.041676,0.10093,-0.031552
0.13479,-0.056498,0.0095985,0.095837,-0.067094,-0.25916,0.059124,0.14187,-0.044266,-0.0045604,-0.085454,0.11961,0.2757,0.24469,0.14759,0.15746,0.21068,0.14403,0.011343,0.055621,0.085747,0.21518,0.13265,0.16593,-0.032598,-0.016772,0.13796,0.14427,0.01567,-0.23892,0.011244,-0.012798,-0.035152,0.16234,0.16874,-0.14216,-0.040293,0.10371,0.12886,-0.13473,0.12727,0.10911,0.071043,-0.14857,-0.086381,0.11705,0.093445,0.049165,0.048735,0.038994,0.066806,0.14039,0.18612,0.18223,0.12484,0.15387,0.14066,-0.0072635,-0.042771,0.1852
-0.085918,0.10039,0.00071672,-0.067774,0.12625,0.19676,0.25799,-0.040155,0.23289,0.23818,0.3142,0.031098,0.2104,0.18898,0.064355,-0.062302,0.15545,0.074811,-0.0015065,-0.084438,-0.049232,0.034935,-0.11102,0.11091,-0.059539,0.032787,0.0048713,-0.097889,-0.0059519,-0.038945,-0.03542,-0.080111,-0.083321,0.033898,-0.0018044,-0.076607,0.15159,0.076762,0.059223,-0.10921,-0.064829,-0.028432,0.07,0.013467,0.037018,0.042402,-0.059182,-0.23387,-0.30788,-0.23449,-0.20771,0.13478,0.19931,-0.14129,-0.10129,0.040693,-0.16714,0.0052143,0.14447,-0.081159
-0.14678,-0.11599,0.12761,0.090918,0.061295,-0.082083,-0.17004,0.19779,-0.026953,0.17607,-0.069467,-0.018793,-0.04417,-0.054459,0.029048,0.039203,0.25611,0.15591,-0.25941,0.039176,0.070576,0.049132,-0.042866,0.26427,0.18671,-0.0017621,-0.066792,0.20608,-0.061352,0.18323,-0.049039,0.037026,-0.087783,-0.027556,-0.053961,0.1633,0.24899,-0.10766,0.048152,0.16732,-0.15277,0.0026737,0.10692,0.23722,0.020389,-0.040702,0.073217,-0.13291,0.016809,0.070344,-0.089493,0.18406,-0.17965,0.17918,-0.11568,0.014481,-0.19171,-0.094708,-0.15063,0.07358
0.10159,-0.021939,-0.023838,-0.085902,0.064989,-0.14221,0.23638,-0.078817,-0.10465,-0.0089566,-0.15525,-0.1272,0.22516,0.19089,0.097141,-0.038585,-0.18056,-0.080908,0.0686,0.11384,0.037661,0.045295,0.054572,0.024344,-0.19872,0.29382,-0.0095864,0.14935,0.20112,0.22273,0.099776,0.1665,0.16583,-0.12566,0.036924,0.16977,0.18944,0.21525,0.078065,-0.047138,-0.024627,0.11461,-0.25025,0.062703,-0.069074,-0.11814,0.059687,-0.12299,-0.12213,-0.10524,0.082257,0.021432,-0.25579,0.038363,-0.072151,-0.10204,-0.02546,0.02896,-0.071207,-0.038865
0.015197,-0.13503,0.11364,-0.0099497,0.20401,0.075754,0.34278,-0.15705,0.048498,-0.090916,-0.026382,0.010596,-0.066771,-0.17825,-0.13419,0.015839,0.090374,0.15183,-0.13834,0.13292,-0.03742,0.033803,-0.12186,-0.11809,0.063199,-0.059005,0.062981,-0.094772,-0.13586,-0.036252,-0.013614,-0.042154,0.21677,0.1429,-0.01995,-0.016957,0.34904,-0.0021481,-0.0057873,0.11903,0.22545,0.0052536,-0.075241,-0.31143,-0.21707,0.23384,-0.0097688,-0.063193,0.11573,0.093857,0.089194,-0.021458,-0.15134,0.11549,-0.1211,0.13505,-0.021115,0.020077,0.023975,-0.082756
-0.063862,-0.062523,-0.07457,-0.060683,-0.19459,0.39017,0.047568,-0.056548,0.10811,-0.058434,-0.24217,-0.051121,0.079613,-0.15682,0.013259,-0.19404,0.05032,0.19362,0.10954,0.34197,0.25838,-0.032717,0.03901,0.13591,-0.047622,0.039776,-0.0047802,0.14832,0.023366,0.037606,-0.047402,0.0045217,-0.13061,0.017963,0.051694,-0.27707,-0.1591,-0.076347,-0.089795,-0.034213,0.068854,0.14984,0.13353,0.084525,-0.044177,0.011182,0.013899,0.018462,-0.044571,-0.056893,0.25012,0.055056,-0.11182,-0.11707,-0.099094,0.016887,-0.1693,0.15107,0.051208,0.044696
-0.033749,0.10052,-0.050259,0.1962,0.090294,0.32507,-0.11115,0.20795,0.12211,-0.11247,-0.092459,-0.074805,-0.11433,-0.013193,0.31124,0.1841,-0.015482,0.059274,-0.016584,-0.060873,-0.18298,-0.12328,0.14909,0.073776,0.033984,-0.08731,-0.1209,0.077825,0.18841,-0.029019,0.074292,-0.1545,0.10175,0.09321,-0.10355,-0.090834,-0.066071,0.40967,-0.083493,-0.021967,0.13024,0.060933,-0.11246,-0.06045,-0.08679,-0.01115,0.039961,-0.019987,0.045198,-0.088799,-0.15927,-0.1336,-0.11415,0.089525,-0.091025,0.021845,-0.095863,-0.2377,-0.0060132,0.019034
-0.27729,0.085571,0.30737,-0.25904,0.029158,-0.17215,0.20145,0.096217,0.032893,0.16895,-0.10546,0.065182,0.034976,0.043822,-0.069227,-0.018838,-0.0031206,-0.048896,0.19247,0.00025878,-0.0086547,-0.11575,0.11099,0.066877,-0.0021006,-0.04521,-0.14813,0.027134,0.18479,-0.087672,-0.0165,-0.33493,0.031499,0.15198,-0.12963,0.10116,0.066079,-0.062386,-0.12133,-0.030558,0.040779,-0.038157,-0.087207,0.068265,0.13281,-0.0062637,-0.091993,0.45142,0.013613,-0.058561,0.069902,0.031308,-0.087311,0.014572,-0.066156,0.11385,-0.053639,0.015302,0.037501,0.11118
-0.1053,-0.19417,-0.087359,0.013761,-0.23553,-0.15011,0.017579,0.13721,0.20332,0.15248,0.038999,0.14441,-0.12932,-0.17521,0.21154,-0.017698,0.0087167,0.14179,-0.084941,0.0065765,0.11303,-0.20107,-0.11452,-0.13307,-0.19092,0.15333,0.09075,-0.094187,-0.12378,-0.11426,0.20067,-0.016964,-0.012334,-0.20287,0.14913,0.019707,0.12139,0.28782,0.064688,-0.091411,-0.13866,-0.19723,0.094002,-0.077253,-0.056872,-0.0028217,-0.16168,0.16446,0.0013523,0.033019,0.015972,0.023221,-0.16121,0.027872,-0.0099526,-0.15353,0.023254,0.018384,0.17084,0.15338
0.22871,-0.083441,0.22784,-0.11789,-0.06287,0.12679,-0.22473,0.12749,0.044503,-0.16285,-0.14589,0.088479,-0.13261,-0.069457,0.074777,-0.075282,-0.089841,-0.013778,0.17822,-0.067878,-0.067745,0.28113,0.016939,0.08112,0.058232,0.23625,0.080785,-0.049061,0.06004,-0.039896,-0.019992,-0.093674,0.1905,-0.04674,-0.11722,-0.066707,0.1924,-0.14723,-0.17574,-0.14514,-0.14291,-0.134,-0.0066097,-0.17945,0.0080143,-0.070195,-0.085293,-0.12537,0.11358,-0.21023,-0.13771,0.27894,0.0714,0.082958,-0.032183,-0.057083,0.018887,0.18569,0.066485,0.062507
0.12033,-0.093676,-0.042131,0.25718,-0.049677,-0.013335,0.27208,0.026814,0.12095,-0.072672,-0.24368,0.035272,0.081682,0.012206,-0.067966,0.066376,0.25239,-0.095044,-0.070666,-0.082906,-0.19123,-0.11055,-0.10765,0.1427,-0.00023902,0.17282,0.0084722,-0.13887,-0.02976,0.03561,-0.013464,0.21884,0.06396,0.047044,-0.11577,-0.027112,-0.041278,-0.031893,-0.11389,0.011388,-0.19181,0.036957,0.11634,0.015245,0.099296,-0.088373,0.26581,0.29077,0.064712,-0.072299,-0.22055,-0.2477,0.010414,-0.031087,-0.0026049,0.043423,-0.071692,0.28182,0.037698,-0.029034
0.087176,0.0092431,0.056627,-0.17954,-0.14267,0.31022,0.10812,0.20693,0.15369,0.05433,0.16233,0.17502,0.12545,0.099975,-0.07815,0.10312,0.0030599,-0.065671,0.076397,-0.054922,-0.045921,0.050813,0.037917,-0.03853,0.10312,-0.086636,0.0086954,0.20007,-0.06949,-0.10766,0.11113,0.14845,-0.056097,-0.19534,0.020946,-0.0094066,0.041892,-0.29842,0.1274,0.19167,-0.033314,0.01645,-0.27827,-0.043798,-0.26213,-0.097776,0.063507,0.077348,-0.011593,0.04541,-0.068461,-0.23045,-0.076926,0.036566,-0.047229,-0.13274,0.055961,-0.052623,0.00040573,0.28683
-0.11569,0.13186,0.17862,0.0047702,0.0072383,-0.054356,0.010647,0.070246,0.064126,-0.19258,0.16202,-0.28089,-0.066723,-0.0067801,-0.15831,0.30146,-0.0092285,0.14281,0.028047,0.10407,0.064073,-0.085711,-0.15741,0.040619,0.086361,0.074843,0.27538,0.17536,-0.10913,0.04194,-0.091566,0.10105,0.053448,-0.10609,0.24766,-0.11816,-0.059067,-0.024991,0.10679,-0.23667,0.081777,0.024294,-0.11677,0.012811,0.1824,-0.21555,-0.15656,0.14256,0.10578,-0.11907,-0.12159,-0.02072,0.028123,0.07378,-0.24211,0.042759,0.036116,-0.01002,0.0037588,-0.15906
-0.020233,0.019684,-0.046125,0.11233,-0.0075452,-0.28312,-0.019049,-0.069394,-0.038673,-0.15122,0.17697,-0.028659,0.047494,-0.35966,0.11042,-0.16245,0.20511,-0.08108,0.30359,0.013443,0.0036392,-0.10482,0.067348,0.15492,-0.032113,-0.079207,0.0508,-0.042517,-0.047732,0.0059688,0.012901,-0.059473,0.088652,0.03748,0.074336,-0.053404,-0.026349,0.056591,0.051267,0.38379,-0.099647,-0.012378,-0.18292,0.027083,-0.24282,-0.14211,0.015482,-0.013009,-0.00087306,-0.27455,0.051337,0.030954,0.22203,-0.017991,-0.18423,0.012769,-0.056464,0.0042194,-0.094477,0.06323
0.1745,-0.062933,0.09866,-0.071539,0.04857,0.015186,-0.037808,-0.095456,-0.0025523,-0.035458,0.036728,0.03044,-0.086463,0.037357,-0.028288,-0.087642,-0.050943,-0.018591,-0.090997,-0.075941,0.26647,0.24852,-0.049844,0.040784,0.1938,0.35732,0.1768,0.001833,0.081573,0.056746,-0.19685,-0.1291,-0.14958,0.073764,-0.0014811,-0.09997,-0.03993,0.2685,-0.012465,0.15385,-0.066546,-0.083977,-0.09081,0.057246,-0.19096,0.029715,-0.03299,0.30486,-0.143,0.25354,-0.1203,-0.15897,0.097333,-0.14402,-0.05014,0.032683,-0.13199,-0.1776,-0.041829,-0.048287
0.0073307,0.060172,-0.073104,-0.25111,-0.13925,-0.075523,0.065999,-0.23138,-0.095601,-0.00027004,-0.17148,0.13445,-0.098318,-0.027743,-0.094526,0.3309,0.37144,0.074331,0.079152,0.081827,-0.11921,0.15744,0.064704,-0.18511,0.14544,0.093609,-0.11082,-0.096799,0.10008,0.10218,-0.0506,0.0042979,-0.10274,-0.065646,0.037086,0.077185,-0.093274,0.12516,-0.089902,-0.043477,0.0029711,-0.078905,0.078874,0.1335,-0.0026269,0.056769,-0.013042,-0.2019,0.07435,-0.13066,0.0066134,-0.099749,0.028418,-0.061396,-0.27992,-0.08676,0.14095,-0.1638,0.13824,0.17637
-0.071413,-0.0057853,0.029365,-0.021001,-0.088764,0.0064301,-0.096813,-0.049833,0.014973,0.10796,0.1259,-0.1085,0.10951,0.11552,-0.18234,0.26541,-0.24467,-0.043214,0.074075,0.042841,0.079976,0.20593,0.020273,-0.047573,-0.27502,-0.11623,0.15903,0.096717,-0.11731,0.044112,0.088471,-0.056885,-0.0056856,0.14439,-0.14934,-0.074424,-0.01208,0.15715,-0.16276,0.35051,-0.088291,-0.03501,0.3654,-0.013404,-0.089918,0.078202,0.12316,0.068454,0.080168,-0.18298,-0.13426,0.020335,-0.16766,0.060689,-0.13419,-0.082984,0.091683,0.080492,-0.0079899,-0.067099
-0.023497,-0.10452,0.029032,-0.23883,0.0101,-0.032457,-0.039495,0.011645,-0.087755,-0.07308,0.11374,0.15648,0.11857,-0.25319,0.084178,0.034531,-0.18516,0.47401,0.18874,0.085271,-0.031699,0.075016,-0.1003,-0.073276,-0.10961,-0.14393,-0.042257,-0.077198,0.043471,0.17527,-0.091448,0.064643,-0.034041,0.12234,0.059306,0.12458,0.014761,0.016473,-0.036787,-0.16186,-0.099023,0.064397,-0.046907,0.077494,0.0050108,0.019544,0.21344,0.028225,-0.027053,-0.0095593,-0.24514,-0.24978,0.091976,0.16763,0.24254,0.022683,-0.1621,0.010105,-0.059731,-0.0072867
-0.17147,-0.10323,-0.011841,-0.24809,0.073801,0.046828,0.11665,0.18716,-0.074982,-0.067023,-0.14021,-0.14929,-0.13108,-0.041732,-0.0086758,0.024474,0.090318,-0.10618,0.12968,-0.18535,-0.032842,0.253,0.038603,-0.070893,0.1983,-0.1463,-0.18411,0.0050479,-0.086797,-0.012333,-0.055158,0.15751,0.022918,-0.14223,0.16861,-0.11148,-0.01822,0.30404,0.21671,0.20213,0.066918,0.044772,0.13215,-0.027633,0.059618,-0.028782,-0.15982,0.043456,-0.14883,-0.057909,-0.041724,0.038191,-0.04427,0.026221,0.255,0.017206,-0.077705,0.30186,-0.04264,-0.059597
-0.16306,0.038668,-0.070285,0.044837,0.13133,0.15123,-0.26888,-0.1514,-0.19597,0.045746,0.011872,-0.04342,-0.013314,0.29028,0.30075,-0.2209,0.18659,-0.020917,-0.060216,-0.062808,0.036134,0.20226,-0.16581,-0.1826,-0.11805,-0.13403,0.018355,-0.056372,-0.06594,0.091053,-0.11507,0.0092943,0.1261,0.056339,0.096705,0.028312,0.11248,-0.078301,0.059226,-0.13174,-0.074139,0.053433,0.0096042,-0.0089556,-0.084308,-0.045043,-0.07809,0.25055,0.097468,-0.13729,0.083517,-0.23596,-0.044849,0.04764,-0.22472,0.057973,0.032499,0.14582,-0.014935,0.17052
0.17304,-0.16361,-0.13926,0.22785,-0.021892,0.13552,0.11444,-0.10524,-0.2112,0.12561,0.18785,0.068749,-0.098395,-0.012123,-0.11115,0.016696,-0.061573,0.19414,-0.019588,-0.049785,0.028458,-0.086936,0.059191,-0.22795,0.12791,0.041355,-0.17754,0.13221,-0.015176,0.015162,-0.14354,0.077294,-0.16249,-0.039437,-0.19227,0.1123,-0.10105,0.086701,0.018424,-0.061431,0.073463,-0.0015914,-0.13008,-0.052227,-0.04064,-0.035321,0.0029876,0.27353,-0.039143,-0.2985,-0.054111,0.39457,-0.0087336,0.086432,-0.047634,0.075475,0.058829,0.099971,-0.12528,0.088103
-0.071498,0.19661,-0.11847,-0.024506,-0.08586,-0.10943,-0.083209,0.076452,-0.094389,-0.037123,0.18152,0.13742,-0.11283,-0.07625,-0.17781,-0.047764,0.060106,0.15863,-0.064015,0.041126,-0.10772,0.26979,-0.13377,0.19454,-0.15072,0.073002,-0.17525,-0.021348,0.069702,-0.20515,0.16935,0.18138,0.35077,-0.078819,-0.22586,-0.013569,-0.20975,-0.00016382,-0.031556,-0.085929,0.072282,0.10381,0.031257,0.038388,-0.12973,-0.01081,-0.09273,0.080208,-0.26401,0.18536,-0.0076136,0.039427,-0.10441,-0.012792,-0.1844,0.11288,-0.040338,0.034036,-0.030512,-0.045131
-0.0055338,-0.0099423,0.19356,0.27193,-0.097677,-0.080023,0.017344,0.096758,0.14589,-0.16158,0.037352,0.044088,0.070179,0.14383,0.10922,-0.016507,0.067995,0.067427,0.079626,0.10288,-0.18273,0.07533,0.001624,-0.28199,0.038213,0.0039356,-0.079059,-0.076457,-0.013642,0.35706,-0.042845,-0.11126,0.1161,0.14407,0.20554,-0.095488,-0.2451,-0.17773,0.0020692,0.13485,-0.014253,-0.0989,-0.071431,0.026422,0.021766,0.14878,-0.036584,0.04811,-0.32626,0.12807,-0.049776,0.19277,-0.20087,0.035541,-0.0026035,-0.15073,0.03271,0.0063034,0.090915,-0.021899
-0.084442,0.053533,-0.058143,0.1191,-0.053599,0.060328,-0.17507,0.03392,-0.017659,-0.23211,-0.10709,0.10512,0.14582,0.061863,-0.17821,-0.081634,0.15248,-0.10567,0.26672,0.0049249,0.25482,-0.011403,-0.21029,0.10628,0.13568,-0.010812,0.096368,-0.12412,-0.14562,-0.0087,0.17173,-0.029779,-0.080114,-0.077462,-0.037858,0.27992,0.074571,0.04664,0.0081423,-0.092215,0.17571,-0.026575,-0.053423,0.012389,-0.0287,0.22912,0.0085102,0.046021,-0.10551,-0.24487,-0.17563,-0.0044696,-0.26735,-0.081349,0.19031,0.1186,0.08168,-0.18572,0.0099607,-0.051565
0.20578,0.048545,0.073229,0.027503,-0.066618,-0.016736,-0.13617,-0.10888,-0.020875,-0.12869,0.39895,-0.13384,0.14959,-0.15074,-0.048286,0.11396,0.101,-0.1719,-0.086621,0.18178,0.0019981,-0.013643,0.14581,0.082717,0.13825,-0.043297,-0.17116,-0.15864,0.18951,-0.15978,-0.12892,-0.11629,-0.05432,-0.016318,0.061983,-0.10296,0.2245,0.074478,0.068983,-0.18638,-0.1015,0.0062321,0.1003,-0.031014,0.097738,0.071834,0.061879,0.055007,-0.084959,0.0061389,0.063298,-0.1111,-0.32928,-0.015916,0.053624,-0.15544,-0.021098,0.18148,-0.14136,0.12342
0.10148,0.12218,-0.2444,-0.033627,-0.084446,-0.054395,0.018194,0.061042,0.14287,-0.30589,-0.068651,0.13004,0.097076,0.082604,-0.074339,0.011698,-0.16763,0.09226,-0.20508,-0.038366,-0.053143,-0.053238,0.017492,0.024141,0.11092,-0.12822,-0.11751,-0.0099039,-0.066515,0.10118,0.012593,-0.073097,0.0006598,0.026204,0.065924,-0.017675,0.36661,0.030687,-0.17167,0.044981,-0.038873,0.29149,0.062168,0.30753,-0.11525,0.033596,-0.30768,0.17695,-0.019579,-0.050883,0.030298,0.067525,0.21144,0.016271,-0.029093,-0.12966,0.14276,0.02899,0.015948,-0.051981
-0.074129,0.057877,0.17616,-0.027976,-0.021417,0.16103,-0.19953,0.12063,-0.057503,-0.18614,-0.10545,0.081869,0.094761,0.084799,-0.18154,0.16141,0.0066509,-0.15185,0.042295,0.077988,0.17954,-0.26648,0.022163,-0.15677,-0.15398,-0.050879,-0.15627,-0.16849,0.0047236,0.03623,-0.045745,0.20733,-0.04078,0.074954,0.020336,0.11304,0.13545,0.18118,0.04788,-0.017697,-0.11252,-0.084871,0.02266,-0.15363,-0.088211,-0.11358,0.13062,-0.021348,-0.18861,0.24719,0.063686,0.16794,0.2747,0.063026,-0.22192,0.16255,-0.10702,0.0719,0.025062,0.071372
0.050563,0.039495,0.14122,-0.039182,-0.030075,-0.038989,0.1695,0.15304,-0.01058,-0.18932,0.24592,-0.033689,-0.12382,0.1582,-0.095562,-0.19524,0.12609,0.048427,-0.18156,-0.25017,0.29965,0.035595,0.18302,-0.015836,-0.084248,-0.073948,-0.031169,-0.15396,0.03291,0.019843,0.0041252,0.0973,0.029402,0.024851,0.1226,0.049372,-0.11279,0.044699,-0.29428,-0.048783,0.18805,-0.091832,0.0084405,0.18567,-0.11845,-0.1429,0.18252,-0.093079,0.20884,-0.10472,0.085817,0.023175,-0.10081,0.12469,0.072586,-0.086964,-0.1558,0.0037353,0.21209,0.011917
-0.055677,0.089171,-0.028374,-0.27361,0.012428,0.0038081,-0.075566,0.011785,0.041792,0.039672,0.036557,0.22925,-0.023533,0.077538,-0.051348,-0.17061,0.028956,0.017444,-0.12122,-0.021533,-0.055804,-0.17075,-0.17453,0.063112,0.070751,0.04596,0.0049365,-0.036346,-0.088142,0.0025698,-0.041902,-0.05592,-0.063505,0.2032,0.17097,-0.16975,-0.13236,0.21554,-0.13392,0.08008,-0.15889,0.14512,-0.24081,-0.058923,0.077865,-0.12172,0.15555,-0.16778,0.10524,0.044065,-0.10148,0.13426,-0.26486,-0.047097,-0.024296,0.15203,0.3672,0.16842,-0.18518,0.0040236
0.004557,0.071994,0.16157,-0.079724,-0.067192,0.21624,0.044806,-0.13924,-0.038521,-0.10484,-0.093602,-0.071669,0.11076,-0.10864,-0.015583,-0.103,-0.11115,0.10183,-0.3018,-0.0061474,-0.17839,0.037634,0.14689,0.33097,-0.057434,-0.085513,0.10141,-0.12722,0.0082009,-0.011545,-0.1161,0.12178,0.0039341,0.053003,0.06175,0.25,-0.17708,0.063628,0.24394,0.096123,-0.20166,-0.21977,0.016594,-0.016576,-0.0021263,0.027772,-0.11046,0.1129,-0.083857,-0.15717,0.11062,0.033089,-0.043449,0.14356,0.052124,0.07488,0.24713,-0.13675,0.19971,0.022282
0.028283,-0.20442,-0.10162,0.10693,-0.14801,0.079265,-0.062082,0.05176,0.0093918,0.11167,0.014772,0.034276,-0.14768,0.12514,-0.32162,-0.02392,-0.060203,-0.0060635,0.10694,-0.12344,-0.095647,-0.011457,-0.15457,0.27143,-0.22476,0.10621,-0.13813,-0.16972,0.16118,0.17442,-0.085067,-0.27715,-0.083814,-0.13724,0.19336,-0.092149,0.033954,0.0041645,0.16167,0.071095,0.19517,-0.014857,-0.070683,0.017346,0.05749,0.1098,0.01268,-0.063296,0.022701,-0.024936,0.10789,-0.16357,0.094647,0.35299,-0.095389,0.02057,0.025074,0.062449,-0.061695,0.00022672
-0.082008,-0.069999,-0.1152,0.069071,0.11288,0.26643,0.18638,0.16189,-0.24996,0.01046,-0.049266,0.056098,0.11098,-0.24153,-0.11082,0.010531,0.084738,-0.219,-0.059514,0.036048,0.053467,0.10324,-0.039697,-0.1266,-0.12656,-0.072164,0.23638,0.020483,0.048114,-0.171,-0.077782,-0.27867,0.23711,-0.069605,0.14708,0.089537,-0.083466,0.053823,0.0029275,-0.1015,-0.14316,0.062227,-0.080367,0.30118,0.064756,0.097322,0.11787,0.013272,0.035695,0.13838,-0.13257,0.18124,0.081655,0.05419,-0.052206,-0.20628,0.06096,-0.0066402,-0.030016,0.0034381
-0.053735,0.020447,0.09571,-0.13578,0.13185,-0.10456,-0.18288,0.057963,0.050521,0.018714,-0.10391,-0.072547,0.26989,0.0064988,0.11441,-0.18619,-0.055251,0.16486,-0.12116,0.0059167,-0.019953,-0.16548,-0.01498,-0.088787,0.13441,0.054768,0.058961,-0.13114,0.12277,-0.17768,-0.13058,0.095017,0.0084318,-0.335,-0.1069,-0.040392,-0.066916,0.0049094,-0.030687,0.1682,0.35939,-0.062522,0.05077,0.036625,0.034539,0.20733,0.20861,0.051094,-0.052987,-0.045848,-0.12299,-0.0044491,0.10584,0.078265,-0.22776,-0.22866,0.1397,0.1327,-0.050165,-0.038873
0.28209,-0.069649,-0.10687,-0.22678,0.10031,0.010253,0.0083446,0.32938,0.0034932,0.057193,0.074262,-0.16452,0.064697,0.038031,-0.015468,-0.068016,0.099182,0.027209,0.24333,-0.1343,-0.10142,-0.18736,-0.11906,-0.077232,0.15749,0.017325,0.071508,0.012399,-0.080342,0.058971,-0.041734,0.022004,0.082069,0.096078,-0.14974,-0.041883,-0.080522,0.026445,0.053936,-0.16905,-0.22842,-0.082405,0.20484,0.10636,-0.15082,0.14209,0.050308,0.039519,-0.018498,-0.0099825,0.36603,-0.025037,-0.081676,0.14048,-0.11458,0.044405,0.069351,-0.1588,-0.050334,-0.21109
-0.10366,0.18872,-0.11082,-0.013993,-0.13948,-0.037205,0.23025,0.26026,-0.17623,-0.019898,0.032503,-0.14303,-0.09987,0.066733,0.034771,-0.16969,-0.19431,-0.083475,-0.095537,0.28287,0.10591,0.0027612,-0.15253,-0.033056,0.16079,0.1096,-0.22605,-0.10521,0.21329,0.025689,0.083087,0.066875,0.010548,0.086953,0.14068,-0.053594,-0.022337,-0.11755,0.11971,0.047394,-0.14933,-0.069772,0.16527,-0.1762,-0.082437,0.191,0.039179,-0.0011192,0.23173,-0.14266,-0.22399,0.012369,0.11431,-0.030306,-0.045199,0.023417,-0.0091213,-0.16276,-0.095925,0.082894
-0.048903,-0.11556,0.20972,0.1626,-0.12379,-0.019701,0.15065,-0.041141,0.15099,-0.11716,0.035356,-0.12554,0.1209,-0.19925,0.14315,-0.12735,-0.11174,-0.03186,0.085119,-0.25343,0.14084,0.22923,-0.026337,-0.14825,0.031155,-0.034418,-0.18434,-0.049541,0.053227,-0.046566,0.14102,-0.03031,-0.22661,-0.083483,-0.13497,0.011742,-0.0028302,0.0038896,0.12145,-0.077399,-0.099371,0.25978,0.047962,0.10386,0.096318,-0.030903,0.040667,-0.10298,0.080362,0.15004,-0.042894,-0.039705,-0.033979,0.09143,-0.27683,0.26346,0.27779,-0.042523,0.069225,-0.051604
-0.11156,-0.22723,0.1394,-0.027259,0.04712,-0.052144,-0.18839,0.083955,0.073756,0.11977,0.069007,0.112,0.10633,-0.10871,0.079349,0.22973,-0.11555,-0.25179,-0.1479,0.063242,-0.042099,0.09377,-0.19494,0.074428,0.040363,0.13684,-0.25582,-0.041895,-0.10143,-0.024243,-0.12114,0.085137,0.0036321,0.10423,0.062654,0.050821,-0.15149,0.0043367,0.054892,-0.072353,0.06163,0.24416,-0.16173,0.038111,-0.19883,0.12729,0.0874,0.05166,0.17169,-0.20809,0.18465,0.066711,0.045094,-0.14865,0.022345,-0.099503,-0.084375,-0.0044387,0.28404,-0.18043
0.068519,-0.18288,-0.091398,-0.053085,-0.075153,0.019181,-0.082608,0.11195,0.034492,0.062851,-0.010887,-0.15944,0.1369,-0.048771,-0.092995,-0.044556,0.21491,0.11083,-0.018471,-0.081655,0.20923,-0.086077,0.10519,0.03122,-0.068107,0.015789,-0.15233,0.14325,0.14031,0.036376,-0.019309,-0.066793,0.077415,0.34647,-0.034167,0.27844,-0.083586,-0.055973,0.11488,-0.020519,0.094832,-0.046617,-0.016739,-0.16799,-0.086609,-0.073382,-0.29007,-0.08879,0.068695,0.097541,-0.24796,-0.13775,0.033921,-0.15277,-0.070044,-0.22739,0.19352,0.20344,0.019552,-0.17795
-0.17737,0.030269,0.063142,0.11048,0.12108,0.032731,-0.039881,0.027123,-0.13257,-0.0088976,0.020142,0.057246,0.39227,-0.089188,-0.16165,0.15756,-0.042395,0.17617,-0.14733,-0.30817,0.094685,-0.084904,0.032997,-0.071386,0.098862,0.17521,-0.00026069,-0.011869,0.10517,0.20596,0.12252,-0.11815,0.17368,-0.2004,0.0019561,-0.1522,-0.14319,-0.015682,-0.092613,0.017919,-0.1719,-0.031146,0.032485,-0.11581,-0.068967,0.08983,-0.20791,-0.11007,0.11387,-0.074396,0.15527,-0.093408,0.0023086,-0.1298,0.12358,0.1691,-0.07825,0.079559,-0.098698,0.18377
0.085871,0.12271,0.10911,0.064927,0.111,-0.017616,0.081624,0.094715,-0.19646,0.13503,-0.061146,0.10984,-0.19613,-0.081157,0.15826,0.18838,-0.034539,9.2749e-05,-0.032172,0.063581,0.19786,-0.13244,-0.020419,0.057289,0.0044815,-0.027819,-0.0002951,-0.036828,0.088602,0.09506,-0.11479,-0.19797,0.039295,-0.16272,0.030967,-0.05907,0.056658,-0.1686,0.021003,-0.010625,0.067088,0.052535,0.21069,0.032415,-0.32645,-0.23557,0.11237,-0.040502,-0.28699,-0.088917,-0.053018,-0.11165,-0.051691,-0.049482,0.11173,0.14556,0.34804,0.11198,0.16536,-0.13361
-0.26806,-0.26683,-0.127,-0.067241,0.043123,0.0088593,-0.015024,-0.018304,-0.17395,-0.26976,0.25799,0.15365,0.088741,0.092842,0.016038,-0.15299,0.037766,-0.15761,-0.0063557,0.17545,-0.25012,-0.10351,0.090967,-0.028975,0.1466,0.21245,0.123,0.24045,0.099961,-0.0040026,0.032907,-0.095296,-0.12973,-0.04878,-0.047958,0.089432,-0.029294,-0.001986,-0.10084,0.040767,0.027797,0.067012,0.22269,-0.12046,-0.025662,-0.14442,-0.056535,-0.036414,-0.018309,0.07203,-0.047625,-0.072276,0.00072598,0.23446,0.015879,0.10535,-0.022322,0.02447,0.27706,-0.080144
-0.13713,0.19924,-0.1127,0.01559,-0.022961,-0.13595,0.094083,0.018953,0.13727,-0.020113,0.023369,0.16513,0.0083081,-0.13115,-0.042841,-0.12369,-0.080306,-0.19782,0.0091409,-0.064952,0.02815,0.064897,0.059475,0.16282,0.046807,-0.1906,0.063816,0.2062,-0.098748,0.43633,-0.2633,0.017459,0.0091073,-0.078931,-0.24389,-0.080384,-0.018153,0.14435,0.13623,-0.30267,0.08647,-0.13627,0.021761,-0.15253,-0.097277,0.11817,0.10901,-0.0096203,0.10109,0.1182,-0.049184,0.024306,0.0095872,-0.0084446,-0.071567,-0.1242,0.045678,0.10737,0.084871,0.14677
0.016876,-0.24882,0.066951,0.093683,0.099426,-0.059164,-0.016693,-0.14414,0.09841,0.049102,0.028085,0.086734,-0.11014,0.14472,-0.06655,-0.03896,0.020234,-0.0062422,0.17124,0.025288,0.1689,-0.12959,-0.032448,0.09993,-0.00068747,-0.28413,-0.056391,0.16342,0.31889,-0.092519,-0.24859,0.28511,0.21429,-0.18869,0.088179,-0.10416,-0.003966,0.043113,-0.20096,0.053334,-0.27829,0.072854,-0.021044,-0.029508,0.039598,0.23575,-0.14566,-0.023488,0.022733,0.024915,-0.10605,-0.008649,-0.029454,-0.0088558,0.01913,0.036006,0.10082,-0.14769,0.1559,-0.019392
0.019743,-0.042928,-0.060761,0.050878,0.012556,-0.038784,-0.010157,0.17233,-0.00067799,0.13542,-0.023044,-0.093023,0.15948,-0.11075,-0.10389,-0.037114,0.0015093,-0.086141,-0.0025596,0.10504,0.026165,0.033929,-0.21134,-0.11498,-0.017573,0.0061283,0.15336,-0.26385,0.11451,0.045082,-0.2356,0.1594,0.014425,0.19257,-0.27045,-0.18187,0.037012,0.037496,-0.014276,0.090991,0.17081,0.14919,-0.010857,0.032927,0.10125,-0.31786,-0.24671,-0.074803,-0.040258,-0.028816,-0.0093045,0.0017968,-0.07234,0.131,0.14968,-0.031869,0.060226,-0.21345,0.14246,0.33454
-0.093139,0.092655,-0.0028363,0.1208,0.26171,-0.036004,-0.035611,-0.11957,0.20708,0.17608,-0.15698,0.18886,0.013425,-0.12254,-0.2121,-0.13228,-0.065646,-0.07459,-0.0031264,-0.0069408,0.13404,0.097412,0.16329,-0.078071,0.1716,0.068772,-0.10132,0.011622,-0.063722,-0.097426,0.1237,0.06193,0.0055886,0.12603,0.2011,-0.031928,-0.090995,-0.02241,-0.060939,-0.16272,-0.0983,0.054001,0.12249,-0.17068,-0.028917,-0.17441,0.0080744,0.011717,-0.18627,-0.16537,0.025865,-0.13287,0.016228,0.36993,-0.061046,-0.26025,0.005147,-0.14077,-0.1462,-0.093913
-0.1212,-0.31004,-0.054345,0.089194,-0.19986,-0.014718,0.027903,-0.035146,-0.034251,0.12627,-0.0065754,-0.093156,0.021694,0.1438,-0.058617,-0.019713,-0.28329,0.099411,0.10773,-0.048832,-0.098575,0.012869,0.089757,0.15319,0.39739,-0.15533,0.12406,-0.216,-0.079554,-0.03069,-0.015832,-0.054675,0.26065,0.051254,0.15592,0.15268,0.014838,0.058154,-0.05443,-0.11646,0.073607,0.036816,0.10411,-0.015512,-0.071624,-0.21722,0.16273,-0.056322,-0.083659,0.082982,0.030334,0.0091086,-0.0040607,-0.27206,-0.17711,-0.004504,-0.02631,-0.029245,-0.033001,0.15515
-0.10128,-0.13778,-0.061758,-0.030834,0.28868,-0.042778,0.054403,-0.041323,0.069592,-0.28249,0.038213,-0.14803,-0.21351,0.10136,0.004509,0.094418,-0.12524,0.072273,0.0072952,-0.0051616,0.18705,-0.093638,-0.061519,0.088829,-0.011257,0.19755,-0.14536,0.10393,-0.22944,-0.12693,0.0078278,-0.087602,0.10335,0.16829,-0.17003,0.0042768,-0.082611,-0.053072,0.098412,0.013681,-0.084458,-0.025422,-0.024263,0.14074,0.11233,0.1461,0.11181,-0.12736,-0.19699,-0.05508,0.035718,-0.1085,0.078249,0.024193,0.024988,-0.11307,0.14452,0.086996,0.08533,0.43625
0.20465,0.04126,0.22848,-0.089833,-0.13141,-0.027454,-0.0060011,-0.036247,-0.22446,0.13586,-0.0054298,-0.17614,-0.097081,0.0018063,-0.016159,-0.069869,0.091792,-0.038565,-0.11726,0.023455,0.039892,-0.1025,-0.13236,0.07184,0.12509,-0.18241,0.12539,0.015612,-0.072499,0.17502,0.32421,-0.11085,-0.036949,-0.057528,-0.082354,0.054051,-0.13565,0.12247,-0.12323,-0.021789,-0.083096,0.39212,-0.087593,-0.23092,0.073746,0.15635,-0.026531,0.0098201,-0.17612,-0.013592,-0.022353,-0.041333,0.15022,0.14089,-0.024686,-0.17823,-0.098854,0.082748,0.1775,0.11417
0.086194,-0.026555,-0.058312,-0.042661,-0.17764,-0.094918,-0.09159,-0.054043,0.28333,0.11225,-0.058656,-0.055533,0.021472,0.11289,-0.069675,-0.035405,-0.015973,-0.10018,-0.1741,0.30611,0.10084,0.0078914,0.11071,-0.21593,0.14802,-0.095018,0.021984,-0.012298,-0.058383,-0.051243,-0.010692,-0.17924,0.23187,-0.088718,-0.15393,0.040475,-0.14438,0.068504,0.12318,-0.031982,-0.0868,-0.10797,-0.16154,0.22598,-0.097747,-0.0079252,-0.047071,-0.13765,0.0274,-0.11135,-0.10525,-0.12409,0.071969,0.21346,0.089778,0.35972,-0.13616,0.19291,0.016497,-0.055748
-0.28744,0.096021,-0.078778,0.15114,-0.043805,-0.016187,0.01555,0.096225,-5.929e-05,0.10835,-0.0076749,-0.19447,-0.12415,-0.047801,0.017404,0.10298,-0.053666,-0.0085718,0.066127,-0.033748,-0.075755,0.065077,0.049237,0.017737,0.10551,0.050046,0.25878,-0.090958,0.19948,-0.091092,-0.00062234,0.20667,-0.30204,0.16288,-0.0039376,0.07202,0.061155,-0.040675,-0.25818,-0.096042,-0.091291,-0.075296,-0.25155,0.098443,-0.2597,0.24104,-0.088634,-0.10025,-0.12691,0.042258,0.095009,-0.044311,0.0069688,0.12044,0.022284,0.0062548,0.080134,0.32093,-0.015581,-0.0070978
-0.052353,-0.23879,-0.034309,-0.079125,0.020604,-0.0016212,0.072405,0.11821,0.13971,-0.18633,0.068921,0.28454,-0.13394,0.029214,0.11243,0.13255,0.017744,-0.064629,-0.20744,0.044546,0.16017,0.10166,-0.094135,-0.013391,0.032588,-0.21663,0.2422,-0.075004,0.3481,0.12365,0.17274,0.029395,-0.026428,0.059781,-0.16891,0.050818,-0.071043,-0.046555,0.10179,0.034927,0.017546,-0.05283,-0.017776,-0.079457,0.22094,-0.049336,0.026672,0.011503,-0.12173,-0.20302,0.23863,-0.032148,0.06651,-0.10652,-0.092874,-0.049386,0.021865,0.034761,-0.28283,-0.10819
-0.14897,0.22848,0.03855,0.068889,-0.26166,-0.032665,-0.025008,-0.17405,-0.025576,-0.095322,-0.092851,0.10994,-0.089393,0.11519,-0.069633,0.0054446,0.0021553,0.17465,0.057505,-0.24168,0.022804,-0.12187,-0.13498,-0.14016,0.10901,0.046092,0.13575,0.069907,0.21271,-0.21263,-0.15512,-0.089293,0.078916,0.12139,-0.13983,-0.017192,0.065188,-0.0059513,0.39188,0.087924,-0.13734,0.19897,0.035109,-0.013526,-0.076786,-0.043973,0.14385,-0.087469,0.064247,-0.033149,0.08093,0.063997,-0.090977,0.054804,0.10097,-0.2293,-0.18192,0.03899,0.12707,-0.11805
-0.0078365,0.046074,0.18702,0.0081261,0.13377,0.034059,0.093747,-0.024446,0.29097,-0.07831,0.044828,-0.04944,-0.10724,0.10566,0.013336,-0.00064919,0.059823,-0.00037372,0.089921,0.1231,-0.11136,-0.023575,-0.075961,0.011385,-0.13459,0.061797,0.069598,-0.13417,0.0081077,0.0030628,-0.17797,-0.084494,-0.085473,-0.19432,-0.02577,0.36223,-0.23422,0.046848,-0.02097,-0.027281,-0.027766,0.28663,0.23386,-0.051657,-0.27514,-0.040806,-0.15555,-0.035756,0.15323,0.067235,0.0052085,0.085489,0.020053,-0.025332,0.1185,-0.073787,-0.018752,0.029078,-0.35834,0.15206
-0.032309,-0.15568,0.21047,0.056052,0.24115,0.022394,-0.0033673,-0.099636,-0.16976,-0.0046525,-0.027909,0.11667,-0.022709,0.15652,-0.095285,-0.050619,0.0032185,0.072301,0.095145,0.17194,-0.075331,-0.077601,0.1007,0.10057,0.031784,-0.10043,0.0090472,-0.21946,0.0064554,0.04495,0.3479,0.069253,-0.12614,0.029694,-0.16689,-0.31597,-0.030953,0.066209,0.2791,-0.13574,-0.034554,-0.087898,-0.031334,0.2696,-0.20648,-0.055797,-0.13977,0.021849,0.2171,0.079063,-0.14127,0.056166,-0.015158,-0.041784,0.00716,-0.18372,0.036192,0.065789,0.0092396,-0.057132
-0.16337,-0.034387,-0.076715,-0.02745,-0.060404,0.007245,-0.0063714,0.19511,-0.072698,0.037428,0.063623,0.046545,-0.11405,0.08098,0.0015122,0.0084043,0.076938,0.091244,0.020798,0.068863,0.10491,0.0057716,0.55123,-0.0047724,-0.10075,0.16835,0.093743,-0.30077,-0.23685,0.07151,-0.18193,0.027679,0.046346,-0.1017,-0.16555,-0.062036,0.065749,-0.077519,0.079317,0.033863,-0.14389,0.32382,-0.13127,-0.14569,0.14254,0.14605,0.0012645,0.019391,-0.00042822,-0.039668,-0.027465,-0.075298,-0.028558,-0.045633,-0.0353,-0.008693,0.049922,-0.11933,-0.02379,-0.16404
0.079352,-0.033203,-0.29616,-0.077101,0.33272,-0.17594,-0.14384,0.098171,0.16966,-0.07389,-0.13064,-0.20758,-0.032178,-0.019171,-0.23871,-0.017133,0.0030061,0.12236,-0.077638,-0.01675,-0.086087,0.11609,0.05996,-0.072152,-0.094854,-0.146,0.06387,-0.064776,0.20118,0.0029329,0.078411,-0.15392,-0.21807,-0.11158,0.098453,0.00675,-0.027093,-0.11928,0.11174,-0.019493,-0.1457,0.091103,-0.082561,-0.17347,-0.099949,-0.07612,0.1798,0.11111,-0.011374,-0.021681,-0.070853,0.15791,-0.13329,-0.16216,-0.072874,0.097455,-0.11057,-0.008388,0.28227,0.090203
