0.12038,0.053581,0.11386,-0.040814,0.090495,0.072256,-0.085027,-0.0088924,0.18074,0.14834,0.1394,0.079207,-0.10209,-0.10126,-0.011278,-0.012123,0.027475,-0.056942,0.055937,-0.10584,-0.015315,-0.078655,0.22578,-0.12792,-0.0065842,0.22412,0.22114,0.025711,0.23098,0.13104,0.21006,0.22562,0.215,0.18579,0.22078,0.05633,0.092922,0.052186,0.2177,0.007262,0.20452,0.13098,0.1964,0.12461,0.056064,0.191,-0.020592,0.055699,0.011281,-0.06978,-0.074055,0.11408,0.04541,-0.0014936,0.053392,0.22489,0.025997,0.072495,0.07194,0.22515
0.10637,0.19137,-0.23385,-0.038298,0.19686,0.064546,0.028948,0.022904,0.053929,0.1212,0.086596,0.2193,0.051778,-0.038104,0.23926,0.19698,-0.062353,0.069455,0.19047,0.04465,0.26058,0.029066,-0.054215,0.081641,0.24394,-0.090777,-0.035433,-0.2259,-0.068195,0.016965,-0.0075438,-0.079875,-0.028128,0.033509,-0.0021917,0.2336,-0.085989,-0.13066,-0.014959,0.23033,-0.083964,-0.026225,0.067208,-0.024819,0.20702,0.047208,-0.051078,0.024245,0.22205,0.13281,-0.029846,0.11621,-0.064059,0.18188,-0.07472,-0.038975,-0.077959,0.22521,0.20886,-0.0093744
-0.14377,0.0078727,0.10987,0.16725,0.050891,0.014492,0.0098783,0.12742,0.12552,0.1517,0.1628,-0.034239,-0.045515,0.095377,-0.11151,-0.035123,0.27272,0.19973,-0.017592,0.18096,-0.026893,0.19477,-0.063849,0.053175,0.10884,-0.0038721,-0.01312,-0.10201,-0.031651,-0.1144,0.031024,-0.017624,0.024858,0.077427,-0.0054437,-0.041259,0.26094,0.097644,-0.024323,0.03788,-0.07978,-0.20417,0.054811,-0.23481,0.081684,0.029259,0.13579,0.20647,0.09256,0.12972,0.090082,0.11436,0.31303,-0.10107,0.27883,-0.021592,0.31406,-0.010371,0.059886,0.0016041
0.043636,0.15322,-0.026404,0.11872,0.075883,0.14447,-0.045962,0.092502,-0.039685,0.02394,0.064707,0.10597,-0.062188,-0.068587,-0.1673,-0.22103,-0.10779,0.14578,0.17563,0.20903,0.0088204,0.14173,-0.037349,-0.042056,0.033314,-0.001916,-0.075621,0.32208,0.0016396,0.23942,0.03673,-0.016705,-0.02885,-0.13419,-0.016358,0.10726,0.048167,0.13392,-0.0095104,0.04577,-0.13756,0.25191,-0.040139,0.2984,0.1253,-0.18989,0.21523,-0.081184,-0.034194,-0.12216,0.14176,-0.1239,0.070342,-0.26679,-0.07003,-0.11703,-0.0064818,0.12058,0.16631,-0.0041111
0.040102,0.048312,0.14412,-0.16843,-0.023047,-0.019292,0.16603,0.18017,0.032792,0.015932,0.034657,0.062415,0.36168,0.28722,0.19915,0.026272,0.070801,0.1372,0.086416,-0.067928,0.13755,0.17963,-0.019873,0.32673,-0.057227,0.11099,0.14588,0.11116,0.05876,-0.04711,0.12583,-0.0041548,0.025982,-0.18557,0.13489,-0.026082,0.070633,0.25051,0.079273,-0.12652,-0.12331,-0.0052511,-0.00089886,-0.068171,-0.093887,-0.079636,-0.039715,-0.19327,-0.21998,-0.13239,0.045279,0.15536,0.012199,0.15728,-0.13364,0.027666,-0.022084,-0.021941,0.070549,0.036698
0.15882,0.037683,0.17702,0.24514,-0.035238,-0.04196,-0.14341,0.34416,-0.0093454,0.080278,-0.087216,0.28561,-0.087808,-0.024726,-0.029308,-0.053023,-0.091218,0.05246,-0.023258,-0.16165,-0.14717,0.058763,-0.056167,-0.095867,-0.05545,-0.031966,-0.016389,-0.0079935,-0.21675,-0.21106,-0.16287,-0.12838,-0.1798,0.16047,0.032956,0.068985,0.071341,0.021101,0.050429,-0.14128,-0.10194,-0.14452,0.22394,-0.023386,0.040706,0.13921,-0.18014,-0.21295,-0.12098,0.024853,-0.20007,-0.038551,0.071568,-0.15386,-0.090585,0.050666,-0.19666,0.068193,0.034071,0.066724
-0.20499,-0.14412,0.10806,-0.01772,0.082997,0.44378,0.013074,-0.013832,0.26395,0.1712,0.19881,-0.054325,0.057635,-0.090515,-0.015857,-0.096639,0.083211,-0.089932,-0.031069,-0.16479,0.029314,-0.055932,-0.11418,-0.046951,-0.06996,-0.020989,-0.096825,-0.039769,-0.016694,0.11227,-0.013002,-0.062656,0.069816,-0.05885,-0.21138,0.012002,0.008567,-0.17499,-0.091726,0.049859,-0.083037,0.0086136,0.084845,-0.036409,-0.018323,0.015371,0.17858,-0.12182,-0.26442,-0.15482,-0.33845,0.12003,-0.011619,0.099971,0.048233,-0.048437,-0.10907,-0.0081637,0.060681,-0.22802
-0.12401,-0.18144,-0.08809,0.25056,0.097199,-0.26164,-0.067121,0.022799,-0.17923,0.1717,0.055859,-0.0096915,0.023964,0.010051,0.12133,0.11461,0.22405,0.094652,-0.28193,-0.050977,0.06166,0.041853,-0.03353,0.13037,0.13073,-0.20858,0.028796,0.19023,-0.12002,0.09592,-0.086254,0.044317,-0.060219,0.084851,0.013889,0.057946,0.059178,-0.027613,0.085851,0.0050804,0.0075049,0.25827,0.20176,0.31704,-0.14825,0.079443,0.22987,-0.030926,-0.026129,0.073651,-0.030443,0.12174,-0.12298,0.16728,0.0026853,0.079563,0.03471,-0.037713,-0.13743,-0.020745
-0.037728,0.067896,-0.17375,0.37781,0.039305,-0.015012,0.1251,-0.24448,0.1339,0.0027219,0.097087,-0.073705,-0.048843,-0.064749,0.092132,0.05871,0.14976,-0.14623,-0.12733,0.13859,-0.11488,-0.0043761,0.0044798,0.11079,-0.0064236,0.10616,0.092493,-0.22156,-0.04213,-0.13016,-0.026562,-0.0099941,-0.00031951,-0.098433,0.12609,-0.053439,-0.037135,-0.14192,0.1876,-0.11606,-0.10393,0.008812,0.064765,0.12015,0.21085,-0.07434,-0.22424,-0.25708,-0.066109,-0.34167,0.16408,-0.044049,-0.013042,-0.057535,0.025287,-0.10742,0.068759,-0.12691,0.13549,0.0016781
-0.02551,0.25492,-0.020776,0.0064748,0.00012867,0.15545,-0.14118,0.064295,0.19545,0.053106,0.019094,-0.15875,-0.15942,0.3276,0.14947,0.36199,-0.15648,-0.11361,-0.19021,-0.22463,-0.15738,-0.018087,-0.049779,0.0051935,0.051321,-0.028219,0.016188,0.14955,-0.068491,0.15194,0.044284,-0.033535,0.015721,-0.064675,-0.029899,-0.13407,-0.019209,0.17948,0.013318,-0.16381,-0.12406,0.11424,-0.077688,0.070679,0.15615,0.0084882,-0.0085761,0.043657,0.15327,0.1608,-0.10944,-0.21462,0.13519,0.099797,0.10477,-0.1239,-0.010932,-0.10296,0.027329,0.046807
0.19525,-0.09104,-0.17048,0.062667,0.022416,-0.29627,0.17176,-0.15886,-0.063894,-0.047848,0.13055,0.13564,0.31503,0.28926,0.078458,-0.082096,-0.14219,-0.17022,0.097251,-0.12056,-0.20344,0.15393,-0.016651,-0.033521,0.025373,0.053997,0.019994,-0.09424,-0.0034089,0.10812,0.026505,-0.037936,0.06839,0.091427,-0.11214,0.11311,0.080271,-0.11681,0.0099179,0.062827,0.081933,-0.0013876,-0.082059,0.044952,-0.01039,0.10505,0.17496,0.040028,-0.1228,-0.079889,-0.21818,-0.21592,0.19791,-0.11996,0.25785,-0.073022,0.0037473,0.10411,-0.0071624,-0.016397
-0.18637,0.11015,-0.044122,-0.13772,-0.067299,0.10459,0.31849,-0.019111,0.06336,-0.032048,-0.060208,0.036541,0.14791,-0.025258,0.03521,0.10215,0.0633,-0.0005978,0.14583,0.015815,0.025612,-0.24461,0.22381,0.18999,-0.11702,-0.14378,-0.20866,0.047481,-0.073842,-0.11858,-0.11031,-0.066165,-0.19862,0.26593,-0.066486,-0.080712,-0.020259,-0.044648,0.040732,-0.29523,0.17005,0.094621,0.12898,0.16076,0.14177,-0.0063417,0.14748,0.18557,-0.055952,0.0036363,0.076867,0.031454,0.20915,-0.13496,0.029692,0.075988,-0.12523,0.00028526,0.094545,0.10029
-0.059962,-0.062824,0.41003,0.067731,0.24873,-0.18543,0.43425,0.1759,-0.084118,-0.08037,0.079228,-0.16522,-0.052652,-0.098012,0.1483,0.12611,-0.044064,-0.0054289,-0.064973,0.041045,-0.081999,0.10876,-0.0088797,-0.18054,-0.076363,0.076706,-0.020151,0.19355,0.059921,0.017562,0.01035,-0.10365,0.055611,0.14433,-0.11054,-0.056953,0.056536,-0.10198,0.017591,0.029678,-0.090127,0.012917,-0.15447,-0.055391,0.18467,0.027356,-0.017569,0.068369,0.19287,-0.12801,0.018177,-0.016778,-0.22178,0.058458,0.0030137,0.057571,-0.12363,0.095648,0.13209,-0.043833
0.29833,0.02246,0.038833,0.11885,-0.011635,0.19803,-0.19637,0.058864,0.10666,-0.16748,-0.052322,-0.077697,0.10281,0.0090574,0.10065,0.098998,0.057241,0.018372,-0.12322,0.17608,0.01049,0.12398,0.295,0.082509,-0.037469,-0.1331,-0.019686,-0.017853,0.12315,0.11259,-0.062658,-0.20821,-0.19644,0.12073,0.094616,-0.22284,-0.075785,0.021548,-0.064331,0.2686,0.082794,-0.021154,-0.11173,-0.097476,-0.048775,0.33906,0.23314,-0.12444,-0.01465,-0.1775,0.13748,-0.01931,-0.0063287,-0.0074023,0.055071,0.045985,-0.099572,-0.03513,-0.010007,-0.04917
-0.013281,-0.045694,0.068226,-0.12474,-0.060497,-0.25482,-0.2474,0.04512,0.026126,0.057154,-0.11983,-0.039556,-0.031699,0.072129,0.21975,-0.051202,0.1576,-0.030457,-0.044147,0.084318,0.21221,-0.087654,-0.0091437,-0.024539,-0.14038,0.30304,-0.0085933,-0.067314,0.022672,0.13873,-0.07272,-0.033021,-0.22137,0.01675,-0.0010165,-0.081476,-0.20616,0.012011,-0.12479,0.010891,-0.20588,-0.10931,0.17133,0.11997,0.020972,-0.099512,0.078414,0.28135,0.091198,-0.29497,-0.2621,-0.049105,0.0065726,-0.11549,-0.034818,-0.061186,0.13137,0.034134,0.15722,0.047767
0.081155,-0.2034,-0.16928,-0.083006,-0.096266,0.080009,0.17145,0.042852,0.19754,-0.052112,0.093794,-0.013429,-0.076515,-0.22777,0.15548,-0.037927,0.035913,0.14132,0.034117,-0.095316,-0.14011,0.023488,-0.10853,0.13344,0.031054,-0.050359,-0.11294,-0.062237,-0.081268,0.024153,0.047553,-0.15752,0.0003026,-0.13136,-0.021018,-0.1579,0.28845,0.10841,0.17606,0.1901,-0.095918,0.087634,0.018465,0.064162,-0.22717,0.13162,-0.14951,0.2812,0.088982,-0.086653,-0.084847,-0.12181,-0.086573,-0.13434,-0.16329,-0.13928,-0.040638,-0.021741,-0.089236,0.29033
-0.013532,-0.039702,0.12968,0.19265,-0.087164,0.086476,0.25123,-0.020754,0.068449,-0.043871,-0.064139,-0.030019,0.16564,-0.05589,-0.080452,0.076534,-0.24349,-0.16059,-0.084686,-0.062991,0.13789,0.013428,0.095535,-0.17494,0.0053734,-0.025245,0.069052,-0.24619,-0.011638,0.06499,0.049322,0.23472,-0.23422,-0.075065,0.10487,-0.10402,0.021978,-0.0041053,0.075132,-0.002461,-0.27653,0.033394,0.1206,-0.025919,-0.073542,0.036799,0.241,0.028781,-0.069667,0.23705,0.039701,-0.12831,-0.01677,-0.015982,-0.28783,0.036422,0.29977,0.16508,0.013733,0.0085692
-0.14031,-0.0044167,-0.056155,0.12102,0.22544,0.020209,-0.062149,0.076245,-0.052446,0.18348,0.13796,-0.10295,0.1258,0.20157,0.055172,-0.13543,-0.063718,-0.083936,-0.19842,0.13128,0.10478,-0.079155,0.21821,-0.17025,-0.17295,0.032969,-0.07564,-0.12944,0.093577,-0.17306,0.0045053,-0.012451,0.023452,0.023592,-0.078571,0.097014,0.095024,0.29159,0.075635,0.2055,0.174,-0.10704,0.061855,0.092995,-0.066245,-0.091571,-0.10427,0.1722,-0.12272,0.12274,0.11665,-0.16947,-0.013884,0.045588,-0.17444,-0.2125,-0.27777,-0.062932,0.072238,-0.030699
0.016367,0.15747,0.1172,0.11402,-0.016558,0.11818,-0.18818,0.14256,0.00023863,-0.15182,0.032513,-0.072763,0.12914,-0.14818,0.24416,-0.1693,0.098669,-0.13672,0.14704,-0.039483,-0.053468,-0.12373,-0.038416,0.017782,0.030881,-0.20218,-0.014928,-0.014721,-0.062786,-0.24968,0.023865,0.13616,0.022705,0.072806,0.061484,0.3673,0.050094,0.058798,0.11551,-0.091491,-0.034976,-0.040402,-0.20923,-0.028622,-0.00099423,-0.10105,0.23278,0.11748,0.090474,-0.20666,-0.063792,-0.24917,-0.11112,0.19613,0.020771,0.059566,0.15615,-0.094625,-0.11013,0.086814
-0.024645,0.022302,-0.08078,0.1346,0.045962,-0.1634,-0.036788,-0.040207,0.056793,-0.011384,0.25139,-0.18958,-0.039537,-0.12519,0.027587,0.16517,-0.17606,-0.039523,0.26834,-0.037564,0.070409,0.055173,0.10288,-0.19232,0.054941,-0.011267,-0.13413,0.11507,0.00088605,-0.079377,0.23662,-0.23438,-0.10226,0.13553,0.072495,-0.005347,-0.18374,0.067927,-0.013955,-0.012622,-0.068851,-0.18566,-0.1429,0.10097,-0.16177,-0.11044,0.048928,-0.092562,-0.17161,0.076169,-0.13229,0.33942,0.031687,-0.067023,-0.030708,-0.087426,0.107,-0.22687,-0.055316,0.2038
0.074584,0.0038008,-0.068808,-0.22707,0.097503,0.2277,0.061167,-0.036228,-0.12176,0.05674,0.17555,-0.097617,-0.072389,0.24907,-0.018329,-0.12325,0.10548,0.027641,0.06329,0.0040875,0.027334,0.37865,0.040026,-0.22906,-0.069205,-0.1298,0.1294,-0.063241,-0.064598,-0.13725,-0.21845,0.050244,-0.10187,0.15184,0.11172,-0.027925,-0.037882,-0.078836,-0.047744,-0.21485,0.097078,0.14961,-0.08413,0.12474,0.003927,0.15143,-0.11697,0.039758,0.14054,-0.10021,-0.12196,0.082045,-0.05985,-0.044279,-0.24592,-0.16722,0.21883,-0.034313,-0.082534,-0.063918
-0.086946,-0.02479,-0.032557,0.13139,-0.057369,-0.13456,-0.10373,-0.092647,-0.057987,0.056874,-0.038822,0.034943,-0.070789,-0.083145,0.2123,-0.03644,-0.077662,-0.15891,0.18812,0.092894,0.12876,-0.17489,0.05605,-0.055373,-0.18547,-0.25262,0.20082,0.13602,0.018539,-0.10214,-0.055698,-0.12998,0.36838,0.013636,0.041265,-0.18614,0.10371,0.059447,-0.11386,-0.059817,-0.20423,0.19409,-0.012335,-0.16209,-0.044448,0.17423,-0.036049,0.042733,-0.01671,-0.065554,0.013931,0.074567,0.29462,0.044409,-0.12504,-0.1409,0.016174,0.22719,-0.014148,-0.13271
0.1285,-0.08699,-0.24971,-0.083972,-0.05184,0.084707,0.10371,0.14604,0.043876,-0.13247,0.082462,0.017266,-0.039378,0.014889,-0.021942,-0.036799,-0.24981,0.09339,-0.19698,0.13576,0.10411,-0.026034,0.012249,-0.076776,-0.40116,-0.10421,0.086028,0.15246,-0.023941,-0.1514,0.022078,0.10951,-0.019198,-0.0064982,0.059488,0.053568,-0.01628,-0.10062,0.068991,-0.017869,-0.10199,-0.014211,0.23772,-0.069735,-0.1271,-0.11636,0.083681,-0.088291,0.15834,-0.020933,-0.028673,0.086022,-0.094568,0.13084,0.43534,-0.17199,0.025121,0.042804,0.092012,0.14656
-0.070459,-0.076221,-0.10255,-0.12232,0.19115,-0.14659,-0.018177,-0.008824,0.0090201,-0.041443,0.073038,0.18211,-0.16676,-0.038999,-0.056862,0.035546,-0.11562,-0.16442,0.09332,0.058102,0.023081,0.012427,-0.092362,-0.035028,0.077297,0.082619,-0.10965,-0.15683,0.064939,-0.033113,-0.053453,-0.11404,0.010889,-0.082547,-0.0019495,-0.14683,0.25784,0.22789,-0.19494,-0.25375,0.18849,-0.018522,0.19871,-0.12292,0.00046354,0.066578,0.3725,-0.24108,0.16216,-0.12022,0.030599,-0.11496,-0.13515,0.1401,-0.11076,0.017087,0.010799,-0.18922,0.096722,0.077169
0.35505,-0.095395,-0.10077,-0.069779,0.20907,0.038333,0.056878,-0.14384,0.10208,-0.064066,-0.085488,0.058814,0.036272,-0.040228,0.11132,-0.0055864,0.29202,0.11465,-0.027537,0.1787,-0.11934,-0.095405,-0.13026,-0.28023,-0.17383,0.12666,-0.066908,-0.069034,-0.070453,0.078367,-0.08239,0.0082806,0.12807,0.024477,-0.013834,0.088716,-0.061776,0.10972,0.0099226,-0.2231,-0.31924,0.0042952,-0.10811,0.05708,-0.0095333,0.054273,0.11983,0.039037,-0.11889,0.27838,0.10044,0.052548,0.0899,0.091275,-0.042903,0.14268,-0.14141,-0.16386,0.00050867,0.01071
0.07564,0.097598,0.1242,-0.10916,-0.18052,-0.094263,-0.060776,0.084287,0.10967,-0.041856,0.15534,0.022262,-0.0056314,0.0189,0.16952,0.049521,-0.14871,-0.08538,-0.12472,0.30059,0.22259,-0.0070144,-0.1514,-0.15194,-0.012147,-0.10112,-0.24839,-0.0016767,-0.012262,0.27336,0.10448,-0.040427,-0.073501,-0.059472,-0.17243,0.18197,0.20269,-0.15097,0.17725,-0.19714,0.15358,-0.012532,0.075356,0.015526,-0.067832,0.13917,-0.23887,-0.0053822,-0.086771,-0.082171,0.14503,0.024037,0.11806,0.0040661,-0.027924,0.086946,0.1484,-0.077134,-0.12197,-0.16446
-0.034182,-0.022376,-0.057787,0.09069,0.024456,0.14151,0.063628,-0.18618,-0.1377,-0.092285,-0.090462,-0.10864,-0.045733,0.12819,0.10581,0.12236,-0.16055,0.40637,-0.024296,0.07645,-0.11217,-0.2742,0.073405,-0.097175,0.13842,0.010166,-0.086107,-0.12417,-0.047947,0.080005,-0.00844,0.13202,-0.023017,0.17388,-0.056462,0.067617,0.17828,0.35247,-0.11531,-0.053587,-0.010291,-0.074408,-0.030778,0.018129,-0.094824,-0.016381,-0.10669,-0.12765,-0.039298,-0.2595,-0.16736,0.10273,-0.076359,-0.011762,0.061803,0.076921,0.12157,0.25267,-0.0069612,-0.10316
-0.053694,0.20625,-0.11842,0.13151,-0.018124,-0.1184,0.20541,0.15408,0.2552,-0.065988,-0.21989,0.06577,-0.051787,-0.03509,-0.11591,-0.039768,0.2221,0.050166,0.037285,-0.051407,-0.071315,0.034109,-0.11171,-0.084198,-0.22288,-0.16678,0.095962,-0.038251,0.0031138,0.26022,0.036529,-0.2286,0.1102,0.079682,0.0050713,0.028663,-0.21285,0.18553,0.018716,0.0058073,0.31416,-0.10231,0.037546,0.025178,-0.05151,-0.023066,-0.029166,0.0099881,-0.11984,0.027724,-0.055037,-0.076245,-0.14836,0.18318,-0.057561,-0.12384,0.26072,0.15082,0.053897,-0.064057
-0.050714,-0.071485,-0.029715,-0.011611,-0.030206,0.020147,-0.12207,0.026464,0.031777,-0.032928,-0.14608,0.064983,0.12358,0.07882,-0.013462,-0.28091,-0.23492,0.010188,-0.13797,-0.060507,-0.3105,-0.010674,0.065765,-0.024403,0.067075,0.20075,-0.17143,0.00057018,-0.068723,0.051734,-0.020141,-0.20019,-0.0096778,0.19436,-0.028935,-0.0146,0.02059,-0.11218,0.048576,0.080164,-0.055253,0.19306,0.037638,-0.076336,0.1832,-0.10089,-0.0031605,0.08463,0.011989,-0.080531,0.1887,0.29578,0.094468,0.39397,-0.16673,-0.091872,0.1949,-0.026241,-0.018092,0.12787
-0.12964,-0.024196,-0.1465,0.27491,0.045923,0.2187,0.015957,0.063158,-0.085906,0.05309,0.029401,0.093882,0.31148,-0.046738,0.0033122,-0.086531,-0.078933,-0.018026,0.078025,0.23952,-0.047026,0.090026,0.006342,-0.024524,0.18597,0.054666,0.03666,0.13817,0.12785,0.19366,0.049833,-0.086595,0.025922,0.028777,0.14806,-0.13768,-0.13613,-0.053455,-0.1906,-0.30297,-0.052997,-0.046336,0.16109,-0.11506,-0.13315,0.0047387,-0.24541,0.24086,0.09615,0.025395,-0.11558,-0.15562,-0.13355,0.078683,0.08955,0.15596,-0.090241,-0.098567,-0.085313,0.031755
0.21355,-0.046508,-0.1149,0.13707,-0.2411,0.08283,-0.0024245,0.099859,-0.031776,0.052421,-0.026006,0.021693,-0.0056733,-0.010086,-0.20826,0.41324,0.19858,-0.21977,0.097172,0.083096,-0.014333,-0.007569,0.043775,-0.00084556,-0.066078,0.26981,-0.0066235,0.12961,0.16845,-0.128,-0.06921,-0.041207,-0.12705,0.015768,-0.0722,0.19333,0.33781,-0.03498,-0.20707,-0.012363,0.018936,0.14909,-0.073668,-0.0084046,0.0093408,-0.093847,-0.045193,0.143,-0.13386,-0.006942,-0.049014,0.061141,-0.12884,0.14184,-0.033065,-0.13748,0.041426,0.11761,-0.021967,-0.030079
-0.11944,0.31041,-0.031703,0.034179,-0.023673,-0.067969,-0.091006,-0.21766,0.12651,-0.16174,0.11258,0.12272,-0.028819,0.33288,-0.1025,-0.046291,0.04516,0.11006,0.1141,-0.064027,-0.054403,-0.085096,-0.11872,-0.089811,-0.18624,-0.099256,0.056416,0.090718,0.0097689,-0.076783,0.16543,-0.034721,-0.07083,0.077762,0.071749,-0.14826,0.28174,-0.24993,-0.10954,0.17572,-0.18484,-0.1379,0.095898,0.13011,-0.015637,0.005458,0.036233,0.11535,-0.014714,-0.033153,0.089412,-0.0023282,-0.24398,0.040804,-0.11525,0.24362,-0.098367,-0.04474,-0.045098,-0.063783
-0.21521,-0.13973,0.0041399,-0.13059,-0.19139,-0.066598,-0.16693,-0.093104,0.17557,-0.0063019,-0.083615,-0.19069,-0.0087807,-0.046785,0.074248,0.16611,0.03412,0.21058,0.040722,0.11935,-0.17807,0.36529,0.20152,-0.072979,0.023955,-0.041616,-0.050748,0.003811,0.032234,-0.048688,0.038588,0.044966,0.16864,0.038273,-0.028212,0.17723,0.0015775,-0.22679,-0.085378,-0.099994,-0.021301,-0.11849,0.11054,0.06034,-0.12761,-0.055166,0.046375,-0.14132,-0.031361,0.031063,0.046767,-0.27024,0.1044,0.13629,-0.15603,0.018845,-0.11845,0.20484,0.17928,0.15323
0.082835,-0.09463,0.21377,-0.059067,0.14462,-0.0016979,-0.17663,-0.06694,0.030056,0.010705,0.074408,-0.20877,-0.032795,-0.0052176,0.052104,-0.013081,-0.14812,-0.054695,0.23211,0.085293,-0.17392,0.0063339,-0.10877,0.12464,-0.0013596,-0.12356,0.27996,-0.16476,0.02193,0.10295,-0.15055,-0.083229,-0.15177,-0.11216,-0.078656,-0.031203,0.01479,0.037709,0.014171,-0.16711,0.029322,-0.10798,0.16844,0.12558,0.13628,-0.040554,0.026587,0.15633,-0.22248,0.086684,0.21187,0.11608,-0.2114,0.043599,0.18828,-0.13087,-0.078715,0.26758,-0.19187,0.12389
-0.1315,0.034065,0.11999,0.017365,-0.18232,-0.0035515,0.022081,-0.14139,-0.085446,0.018819,0.077296,0.031867,-0.022037,-0.021407,0.026569,-0.076969,-0.00044426,0.076052,0.089201,-0.17287,0.092941,0.047865,0.076957,0.073543,-0.11446,0.14854,-0.15912,-0.015821,-0.089248,0.0082465,0.084503,0.0020109,0.051725,0.081615,-0.045968,0.23703,-0.13368,0.14957,-0.23294,-0.0093132,-0.17355,0.13306,0.10594,-0.017609,0.070579,0.48673,-0.084967,-0.0059237,-0.10164,0.078455,0.23238,-0.1212,-0.27351,-0.010397,0.19987,-0.20455,0.098157,-0.14604,0.05949,0.044681
-0.13589,0.039077,-0.14506,0.015483,-0.1481,-0.070153,0.049157,0.4491,0.058027,0.094052,0.024191,0.072706,-0.022528,0.057776,0.12791,0.051489,-0.06584,0.0043003,0.010002,0.079308,-0.23656,-0.069748,0.0047204,0.07201,-0.066292,-0.023846,0.0053746,-0.25866,0.16726,0.16839,-0.0077181,0.32009,0.19161,0.099985,0.020806,0.013445,-0.040704,-0.11626,-0.1841,-0.024256,-0.091062,-0.064368,-0.12818,0.076658,0.025625,0.033012,0.13717,-0.048092,0.041833,-0.028606,0.095958,0.21715,-0.10617,-0.23124,-0.11083,-0.14832,-0.11913,-0.11716,-0.19438,-0.032386
-0.23262,-0.062236,-0.1216,0.1025,0.072596,0.051279,-0.17334,-0.08848,-0.032021,-0.25494,-0.16864,0.14727,-0.11354,-0.014074,0.17058,0.079237,-0.022164,-0.018757,0.075196,0.071834,0.14494,0.37244,-0.08212,0.043811,-0.18778,0.074985,-0.16551,-0.016716,0.00016581,0.029968,0.050322,0.22874,-0.0054957,0.13604,-0.020322,-0.13764,0.052455,0.083801,0.27942,0.009328,0.061265,0.12707,-0.071015,-0.21009,0.24919,-0.064708,0.016451,0.076954,-0.22474,0.089502,-0.17459,0.055329,-0.12972,-0.071109,0.038937,0.0089652,-0.079789,0.028699,-0.10828,0.012129
0.019218,0.16915,-0.31456,0.027247,-0.12873,0.099829,0.079839,0.081799,-0.17862,0.064984,0.15056,-0.19276,-0.2027,-0.091642,0.25667,-0.17585,0.028621,-0.019319,-0.18598,-0.24362,0.057585,0.094935,-0.10956,-0.045464,0.0035533,0.28142,-0.0079708,0.036502,-0.017064,-0.06423,0.1062,-0.13593,-0.05573,-0.014875,0.05286,-0.022787,-0.039065,-0.019806,-0.066741,-0.13682,0.084849,-0.11284,-0.011111,-0.093814,-0.023341,0.0087123,0.18968,0.04887,-0.10337,-0.004617,0.22456,-0.0045153,0.049661,-0.039103,-0.023908,0.20619,-0.086142,0.34891,-0.11078,-0.062698
-0.2302,0.13443,-0.10171,-0.14745,0.073004,0.026645,0.082775,0.18454,-0.13675,-0.20669,-0.085707,-0.090357,-0.053121,0.050419,-0.25408,0.015216,0.015765,-0.18533,-0.0049386,0.15143,0.028147,0.055074,-0.021988,0.0067426,0.07837,0.06101,-0.10823,-0.089171,0.19601,-0.11369,-0.13136,-0.12533,0.1084,-0.10485,-0.014626,0.059722,-0.067579,0.098729,0.15646,0.12012,-0.28519,-0.072677,0.051876,0.29103,0.016854,0.29143,-0.036975,-0.053368,-0.0603,-0.083777,-0.13052,0.0095684,0.14305,0.15512,0.10805,0.15966,0.0060984,0.12754,-0.21682,0.1054
0.056419,-0.0030586,0.069612,-0.14464,-0.30684,0.095629,0.17213,-0.28265,-0.076563,0.32316,0.0035035,0.099199,-0.11246,0.031404,0.028902,0.003589,-0.0071824,-0.24674,-0.052875,0.14404,-0.080157,0.095946,-0.14106,0.055723,0.055581,-0.12906,-0.019166,0.15575,0.10291,0.10323,-0.10746,-0.03837,0.029809,0.35288,0.092157,0.071296,-0.05704,0.22552,0.1788,0.14814,-0.16029,-0.24377,0.12146,-0.094473,0.023192,-0.14483,0.089497,-0.062145,0.044194,-0.050863,0.023941,-0.031583,-0.07759,0.0031037,-0.054371,-0.020306,-0.071616,-0.044876,-0.099816,0.0060584
0.19022,-0.08864,0.13542,0.055862,-0.035149,0.14955,0.0030969,0.033221,-0.22562,-0.19589,0.051266,0.11647,-0.11946,0.063594,-0.18074,0.14601,-0.062582,0.10571,-0.21598,0.017408,0.23814,-0.014072,-0.14151,0.11665,0.13545,-0.064259,0.092625,-0.1406,-0.095968,-0.03986,0.23503,-0.067559,0.35013,0.18865,-0.045576,-0.081624,-0.10428,-0.1136,-0.064868,-0.1049,0.030779,-0.11168,0.012084,0.12979,0.06422,-0.049617,0.11295,0.22335,-0.21333,-0.15276,0.019314,-0.07829,0.05345,0.049076,-0.13256,-0.14916,-0.039719,-0.064311,0.055857,0.15227
-0.085099,0.053975,0.095875,-0.00018064,0.095806,0.041651,-0.086097,-0.057424,-0.087533,0.10367,0.14318,0.27167,0.13776,-0.015611,-0.11001,0.33993,0.10723,0.016526,0.052569,-0.024508,-0.19982,0.037322,-0.0754,-0.18449,-0.15827,0.03973,-0.082841,-0.046236,-0.15779,-0.078816,0.17303,0.080168,-0.068303,-0.13278,-0.14801,-0.041348,-0.31579,0.089166,0.10282,0.041337,0.029653,0.092964,0.087252,-0.12318,-0.19041,-0.0024436,0.054295,0.064916,0.16879,-0.28557,0.20073,0.024615,0.10576,0.0053576,-0.019744,-0.045565,-0.055927,0.17363,-0.24429,0.031376
0.26582,0.01849,-0.068977,0.064855,0.098309,-0.10054,0.11465,0.12026,-0.013351,0.14707,-0.0068642,-0.076123,-0.25255,0.0031546,-0.028392,-0.072429,0.018285,0.023913,0.24445,-0.19784,0.080378,0.12762,0.18131,0.022036,0.016713,-0.16786,-0.229,-0.048604,0.070377,0.070342,-0.048625,0.31061,-0.040387,0.038821,-0.16503,-0.20724,-0.039762,-0.0049649,-0.10562,0.059812,-0.12946,0.0064618,0.13587,-0.029572,-0.021065,-0.1619,-0.15239,0.060975,-0.15899,-0.18197,0.11987,-0.15168,0.13261,0.30451,0.093071,0.10812,-0.00051072,-0.11566,-0.077919,-0.044351
-0.02145,-0.062785,0.086968,0.13794,-0.15885,0.0010677,0.036614,0.011531,0.22243,-0.0024438,-0.21455,0.043269,-0.10051,0.28353,-0.034647,-0.035413,0.0044941,-0.041631,0.098581,-0.14451,0.22448,0.066574,0.11245,-0.23854,0.25996,0.011411,-0.10071,-0.13536,-0.036654,-0.038591,-0.1811,-0.15601,0.17732,-0.088571,0.10136,0.06012,-0.02023,-0.0053937,0.20136,-0.1258,-0.031156,0.13231,-0.055868,-0.0021112,-0.23724,-0.11315,0.10128,0.13223,0.089902,-0.1183,0.16124,0.15895,-0.18259,-0.1015,0.21246,0.0017183,-0.20764,0.03098,0.038412,-0.054868
-0.019941,-0.1692,0.038539,-0.099567,-0.29943,-0.046426,-0.055985,0.055435,0.10816,-0.085747,0.32481,0.35611,0.011188,-0.122,0.098586,-0.060428,0.028969,0.026982,-0.094239,0.030086,-0.050893,0.047475,0.17524,-0.095799,0.088023,-0.048596,0.044719,-0.10628,0.076508,-0.18757,0.050348,-0.073555,-0.018328,-0.0015038,-0.093806,-0.24073,-0.097543,0.21034,-0.044185,-0.024641,-0.040796,0.050553,-0.15483,0.29632,0.16985,-0.15684,-0.073012,-0.017324,0.0090911,0.1272,-0.022351,-0.055336,-0.092545,0.12431,0.14499,0.13328,0.074404,0.10415,0.011981,-0.23601
0.12705,0.2984,-0.0039373,0.052092,-0.14418,-0.21534,0.016621,-0.10126,0.26478,0.27009,0.043055,-0.15116,0.12933,-0.10552,-0.20799,-0.092521,-0.19312,0.1376,-0.098514,0.24461,0.076203,0.058259,-0.080736,0.074067,0.042985,0.11338,-0.042594,0.035367,-0.21013,-0.19239,-0.12724,0.18661,0.094534,-0.025769,-0.11565,-0.16871,-0.074082,0.061032,-0.00074904,-0.062669,0.076864,0.066309,-0.16178,-0.022693,0.05137,0.1713,0.11463,0.090545,-0.038845,-0.063194,-0.19506,0.0441,-0.1365,0.13077,-0.045843,0.029785,-0.13453,0.06501,-0.064088,0.066972
-0.11424,-0.23223,-0.13798,-0.040819,0.036732,-0.0085105,0.044423,0.030979,0.17368,-0.088514,-0.092375,0.047254,-0.07578,-0.053987,-0.04322,0.059202,-0.16768,-0.20846,-0.035207,-0.003731,-0.085404,0.13654,-0.10576,-0.0081746,0.060695,-0.076603,0.17819,0.16142,-0.27153,-0.022893,0.031049,0.20923,-0.15204,-0.051844,0.1475,0.17418,-0.039314,0.18774,-0.16453,0.074449,0.046401,-0.16333,-0.087552,0.096148,0.0078795,0.18023,-0.048706,0.27843,-0.093354,-0.20062,0.14277,0.15054,0.12081,0.06059,-0.012869,0.15031,-0.09497,-0.090551,0.24803,-0.17762
0.071158,0.23579,0.053651,-0.046479,0.14622,-0.040371,0.077339,-0.15307,0.13489,-0.16037,-0.19199,0.17245,-0.02676,-0.092138,0.16106,-0.11232,0.088825,-0.035888,-0.2418,-0.038632,-0.09086,0.076755,0.04516,-0.071689,0.31704,-0.094309,-0.022894,0.19893,0.3522,-0.22042,0.12506,0.15301,-0.093518,-0.082117,-0.17411,0.020018,-0.01731,-0.0069281,-0.12171,-0.096147,-0.025123,-0.055726,0.16916,-0.01036,-0.076687,0.063234,0.01724,0.076219,-0.077061,-0.0019979,-0.042949,0.15171,0.0012039,-0.082724,-0.010782,-0.33134,-0.021067,0.039024,-0.051666,-0.02661
-0.14396,0.15457,0.11503,0.039102,-0.067239,0.057566,0.12648,-0.044668,-0.037358,0.070603,-0.070757,0.12178,-0.15028,-0.099244,0.1973,0.091989,-0.22074,0.27156,0.050674,0.06014,-0.0089144,0.055753,-0.20906,-0.086045,-0.037403,0.14368,0.31094,-0.14671,0.22415,-0.10399,-0.21887,-0.10107,-0.14655,0.017564,-0.003847,0.074168,-0.041956,-0.066514,-0.044024,0.16922,0.10369,0.23022,-0.037663,0.044649,-0.17998,-0.047906,0.070099,0.066754,-0.15347,-0.0076618,-0.0014288,-0.1049,0.20476,0.10837,0.092101,0.055961,-0.0073702,-0.30049,-0.028148,0.0065285
0.093442,-0.15496,-0.13597,-0.024962,0.035786,-0.00035286,-0.059295,0.15754,0.20318,-0.12601,0.073126,-0.21347,0.069743,0.15969,0.020812,0.074438,-0.05626,-0.0061678,0.11144,0.052651,-0.04286,-0.097111,-0.22178,0.015265,0.15844,0.054996,0.058451,0.1392,0.098574,-0.26787,-0.054759,0.0016891,0.13148,0.20519,-0.24551,0.0015651,-0.24448,0.05937,0.058584,0.12282,0.0043721,0.20918,0.29691,-0.12846,0.01285,-0.0060777,-0.011794,-0.036229,-0.071481,0.02561,0.10767,-0.10434,-0.1132,-0.247,-0.12782,0.1896,0.17747,-0.032107,0.04565,-0.13822
0.1325,0.0079734,0.075797,0.11741,0.11705,-0.040351,-0.013625,-0.14197,0.086566,-0.058188,0.06182,-0.020228,-0.13403,-0.054253,-0.11073,0.015739,-0.21247,0.061692,-0.075904,-0.068579,-0.091592,0.16366,0.13978,0.41853,-0.26684,0.021259,-0.12672,-0.12285,0.17314,-0.042685,0.03434,-0.15375,0.08538,-0.037449,0.052793,0.26856,-0.071243,0.064989,0.010993,-0.14562,-0.066953,0.033152,0.095424,0.035745,-0.094771,-0.077116,0.041439,0.18545,0.2131,0.033346,-0.1228,0.082788,0.040776,-0.060658,-0.12889,0.13009,0.010875,-0.017052,-0.093949,-0.36351
0.043506,0.0039435,0.037376,0.11219,-0.087686,0.088406,0.06481,-0.034329,-0.16868,0.15071,-0.041705,0.076528,-0.19446,0.23296,0.14192,-0.065973,0.0075246,-0.13992,-0.055666,0.17058,-0.17725,0.024736,0.096199,0.032552,-0.10132,-0.21705,-0.067225,-0.048874,0.028018,-0.063211,0.078447,-0.044931,0.040398,-0.33218,-0.24124,0.057215,-0.12443,-0.013313,-0.1008,0.040078,0.070976,0.080888,-0.050046,-0.076007,-0.0018096,0.030196,0.019952,0.066716,-0.089305,0.03746,-0.12109,0.16637,-0.1274,-0.076887,-0.050813,0.3384,0.13627,-0.0064325,0.24928,0.34389
-0.11335,0.089586,0.036878,0.026928,0.042932,-0.080797,0.036303,-0.024501,0.15926,-0.30167,0.31465,0.059515,-0.16696,0.065855,-0.10223,-0.13504,0.12313,-0.15554,-0.11906,0.069283,0.084629,-0.022358,0.096425,0.15803,0.073825,0.042677,0.20143,-0.062634,-0.11582,0.20563,-0.12717,0.055447,-0.14411,0.227,-0.17339,0.14444,-0.053126,0.074453,-0.13886,-0.020265,-0.10609,0.18736,-0.10655,-0.21966,-0.23919,-0.12334,-0.10807,-0.083339,0.017829,0.038037,-0.0092539,0.01018,0.083937,0.019746,-0.06905,0.031028,-0.16428,0.11021,-0.02803,0.23796
-0.056605,0.05832,-0.036182,-0.16865,0.34802,0.037682,-0.064016,0.00088502,0.13035,0.1829,-0.032014,0.26105,0.017613,-0.072994,0.048853,0.14441,-0.14001,-0.053878,-0.17815,-0.050788,0.057879,0.0099737,0.1659,0.10163,-0.039559,0.06197,-0.052065,0.13739,-0.090358,-0.031802,-0.28509,-0.061751,0.17848,0.065828,0.025119,-0.022332,0.062255,-0.12066,-0.069015,0.0017445,-0.076763,-0.14021,-0.20649,0.016375,-0.16221,-0.081992,-0.057293,0.027028,-0.22583,-0.04552,0.153,-0.13927,-0.16177,-0.172,0.069118,0.099537,0.33724,0.081671,-0.088254,0.092772
0.026182,0.18624,-0.020936,-0.073516,0.033789,0.049159,-0.13198,0.010506,-0.104,0.099389,-0.24243,-0.13093,0.21171,-0.19975,-0.031958,-0.019054,-0.010548,-0.21021,-0.049089,-0.073816,0.011542,0.22101,-0.16568,0.026941,-0.083949,-0.059533,0.086202,-0.24639,-0.021302,-0.016638,0.20772,-0.03455,0.024991,0.28165,-0.27443,-0.12572,0.17757,0.092582,-0.057537,-0.038654,-0.095641,0.12964,-0.034599,0.18737,-0.24257,-0.08479,-0.1005,-0.070715,0.13144,0.00049693,0.090116,0.11678,-0.040922,-0.090951,0.1527,0.098556,-0.015246,-0.021736,0.24424,-0.011699
0.006094,-0.15026,0.13816,0.0057514,0.14337,0.03466,0.034728,0.038844,0.10324,0.14113,-0.090323,0.049583,-0.22394,0.18527,0.052747,-0.11403,-0.00095873,-0.11216,0.097501,0.22919,-0.065236,-0.13012,-0.2209,0.19764,0.02313,0.093517,-0.23203,-0.024877,0.018148,-0.16302,0.29398,0.060362,-0.15955,0.15957,0.26318,-0.10474,-0.099913,-0.12481,-0.021016,-0.020062,0.054018,0.12741,-0.18253,0.12388,-0.26422,0.080761,-0.028644,-0.10065,-0.026856,0.11947,-0.0029755,-0.1252,0.012891,0.11465,0.072449,-0.10717,0.01251,0.22139,0.041691,-0.060701
0.047608,0.29331,0.10679,-0.16803,-0.035108,-0.062957,-0.026139,0.060882,-0.20523,-0.18053,0.19837,-0.080515,0.012569,-0.10601,0.045776,0.083894,0.049116,-0.1011,-0.028245,0.08426,-0.26648,0.014343,0.017785,-0.031549,0.092102,-0.010567,-0.20422,-0.08816,-0.18886,0.035098,-0.16221,0.057002,0.15329,-0.054033,0.37443,-0.098455,-8.3481e-05,0.00080418,-0.020256,0.12284,0.028413,0.15811,0.22021,-0.090642,-0.16665,-0.115,0.003665,0.11791,-0.22931,0.077257,-0.090176,0.060252,-0.056488,-0.017859,0.069076,-0.061523,-0.0049921,-0.0038172,0.25339,-0.16715
-0.028156,0.082345,-0.10799,-0.10809,0.015934,0.021862,0.016411,0.096337,-0.14038,0.059671,-0.077099,0.055396,-0.19964,0.005912,-0.007048,-0.026762,0.005466,0.015312,0.15486,0.1671,-0.13,-0.055871,0.35483,0.076684,0.11707,0.17292,0.29292,0.045002,-0.24475,0.032706,0.18843,-0.059974,-0.059864,0.0074067,-0.28117,-0.036382,0.027624,-0.104,0.35614,-0.07523,-0.11173,-0.099848,0.0079917,-0.081046,-0.14814,0.10845,0.12678,0.039691,-0.058204,0.036777,-0.061426,-0.05784,-0.12314,0.065707,-0.024052,-0.095805,0.025391,-0.13453,0.057339,-0.28058
-0.010075,0.00054005,0.0017665,0.19289,-0.074675,0.068226,-0.12125,-0.04936,-0.11544,-0.1192,0.19085,0.078201,0.021442,0.006446,-0.0030149,-0.0018483,-0.024885,0.025557,0.10718,-0.1421,-0.03675,-0.046367,-0.16251,0.104,-0.053051,0.098643,-0.10567,0.12809,0.23993,0.064185,-0.35332,0.19187,0.021295,0.013662,-0.18031,-0.14365,-0.061976,-0.037174,0.25055,-0.091489,0.052502,-0.26882,-0.13262,0.10117,-0.22858,0.16118,0.0047414,0.036464,0.10814,0.070151,0.098211,0.094913,0.025299,0.12282,-0.081414,-0.084416,0.065433,0.056529,0.37776,0.0097412
-0.070945,-0.036719,-0.1661,-0.1633,0.043391,-0.18165,-0.12239,0.041039,-0.055468,0.17223,0.093814,-0.016566,0.011841,-0.03808,-0.24752,0.040457,-0.0058596,0.15639,-0.14359,-0.096316,-0.055965,-0.097695,-0.064284,-0.052975,0.041321,-0.26767,0.00097237,-0.10324,0.34322,0.030412,0.086857,-0.088353,-0.20877,0.049455,0.12536,0.076991,-0.036323,-0.010844,0.19721,-0.18708,-0.19305,0.15784,-0.21125,-0.28165,0.070839,0.0799,-0.0064767,0.11825,-0.2036,-0.13565,0.0096274,-0.081986,-0.084789,-0.022461,0.010131,0.0086271,-0.058279,0.036962,0.2356,-0.0065617
