1.0,0.8066000000000001,0.5740999999999999,0.62385,0.85725,0.7744,0.7222000000000001,0.56545,0.7982,0.81515,0.7338,0.8637499999999999,0.6567000000000001,0.66155,0.83245,0.80115,0.63605,0.56535,0.8362,0.55885,0.84595,0.5515,0.9642,0.79765,0.83355,0.9093,0.8603999999999999,0.4612,0.95325,0.73675,0.8218500000000001,0.8189500000000001,0.7585,0.9675499999999999,0.91415,0.7219,0.66075,0.60625,0.9217000000000001,0.7796000000000001,0.94725,0.91395,0.84695,0.73505,0.83545,0.9339000000000001,0.59085,0.8372999999999999,0.79455,0.79725,0.59285,0.8288500000000001,0.6382,0.8095000000000001,0.52105,0.9351,0.61795,0.90755,0.8638,0.9259499999999999,0.05,0.034449999999999995,0.01185,0.05,0.05,0.05,0.05,0.03135,0.05,0.05,0.05,0.01415,0.05,0.05,0.05,0.0215,0.05,0.05,0.05,0.0178,0.05,0.05,0.05,0.05,0.0387,0.0581,0.03795,0.04195,0.05,0.05,0.05,0.034749999999999996,0.05,0.05,0.029449999999999997,0.05,0.05,0.05,0.029449999999999997,0.05,0.0039,0.044700000000000004,0.05,0.0412,0.0461,0.0035000000000000005,0.05,0.05,0.05,0.014249999999999999,0.05,0.05,0.05,0.05,0.05,0.04795,0.03815,0.05,0.05,0.0295,0.1759,0.2177,0.16975,0.2598,0.20945,0.17625,0.15615,0.16205,0.181,0.12855,0.20049999999999998,0.1592,0.04295,0.05175,0.0746,0.04285,0.0827,0.10175000000000001,0.2426,0.2009,0.04765,0.0849,0.22810000000000002,0.059199999999999996,0.14725,0.1702,0.2062,0.2152,0.19805,0.16625,0.18375,0.1752,0.22585000000000002,0.2245,0.23835,0.16045,0.178,0.22725,0.2599,0.1872,0.2427,0.18625,0.13135,0.172,0.21339999999999998,0.2111,0.13755,0.13615,0.16165000000000002,0.0361,0.19619999999999999,0.07105,0.184,0.04605,0.0985,0.2105,0.16585,0.16765000000000002,0.20670000000000002,0.20655,0.5305500000000001,0.56565,0.07830000000000001,0.52285,0.5580499999999999,0.08595,0.59565,0.49105,0.02455,0.16105,0.1698,0.5780000000000001,0.5784,0.57725,0.55145,0.5033000000000001,0.02605,0.5474,0.5982000000000001,0.6014999999999999,0.58675,0.56075,0.06855,0.57395,0.5502,0.02035,0.028399999999999998,0.0701,0.07295,0.0938,0.05425,0.06725,0.03565,0.0795,0.03025,0.5776,0.0366,0.40545,0.038400000000000004,0.5637,0.06865,0.0728,0.06665,0.06670000000000001,0.5722,0.0668,0.08165,0.12384999999999999,0.5102,0.55885,0.54375,0.15035,0.09015,0.4854,0.11850000000000001,0.07970000000000001,0.10705,0.5839000000000001,0.5572,0.06695
0.8066000000000001,1.0,0.45685000000000003,0.6087,0.9121,0.8430500000000001,0.6916,0.52725,0.8420500000000001,0.89305,0.8906499999999999,0.7972,0.64065,0.6024499999999999,0.8265,0.71665,0.60935,0.55225,0.8558,0.52215,0.8503999999999999,0.49654999999999994,0.7968,0.7888,0.8131999999999999,0.8557,0.82745,0.44665,0.8539,0.82125,0.79905,0.79245,0.7565500000000001,0.8063,0.8757999999999999,0.8139,0.619,0.5612,0.9054,0.70485,0.7757,0.90345,0.7786500000000001,0.885,0.91895,0.7606499999999999,0.5362,0.75855,0.70955,0.70265,0.5279,0.8384499999999999,0.6085499999999999,0.7338,0.4883,0.8379,0.5734,0.87285,0.8965500000000001,0.7993,0.05,0.034449999999999995,0.01185,0.05,0.05,0.05,0.05,0.0329,0.05,0.05,0.05,0.01415,0.05,0.05,0.05,0.0215,0.05,0.05,0.05,0.0178,0.05,0.05,0.05,0.05,0.0387,0.05775,0.03795,0.04195,0.05,0.05,0.05,0.034749999999999996,0.05,0.05,0.029449999999999997,0.05,0.05,0.05,0.029449999999999997,0.05,0.0039,0.044700000000000004,0.05,0.0412,0.0461,0.0035000000000000005,0.05,0.053000000000000005,0.05,0.0186,0.05,0.05,0.05,0.05,0.051500000000000004,0.04795,0.03815,0.05,0.05,0.0295,0.18705,0.24605000000000002,0.19265000000000002,0.23735,0.2132,0.2411,0.1863,0.24230000000000002,0.24359999999999998,0.19924999999999998,0.21295000000000003,0.2198,0.0723,0.12225,0.12225,0.08275,0.16499999999999998,0.18505,0.2622,0.21835,0.08665,0.12495,0.24255,0.14850000000000002,0.14175,0.2001,0.22035,0.2344,0.227,0.16505,0.20395,0.18445,0.252,0.27890000000000004,0.2492,0.19115,0.1863,0.25265,0.26345,0.18655,0.2222,0.19835,0.1813,0.19,0.2522,0.2186,0.16325,0.16185,0.2028,0.0712,0.19890000000000002,0.1548,0.23170000000000002,0.0748,0.11495,0.26745,0.1845,0.2467,0.27799999999999997,0.22905000000000003,0.5410999999999999,0.5115999999999999,0.0731,0.51935,0.49965000000000004,0.0332,0.5343,0.46715,0.06325,0.18425,0.1593,0.5038,0.55515,0.50685,0.5006999999999999,0.45515,0.07955,0.4727,0.5581,0.55745,0.55635,0.49000000000000005,0.07089999999999999,0.54095,0.5142,0.0701,0.0603,0.07005,0.07775,0.08249999999999999,0.06634999999999999,0.06820000000000001,0.07575,0.05885,0.0654,0.50705,0.06745,0.33945,0.07189999999999999,0.5377,0.06035,0.06420000000000001,0.064,0.06965,0.5133,0.0578,0.0765,0.12004999999999999,0.48514999999999997,0.48805,0.5244500000000001,0.1955,0.12104999999999999,0.42969999999999997,0.09240000000000001,0.06675,0.10569999999999999,0.5476,0.50205,0.0707
0.5740999999999999,0.45685000000000003,1.0,0.77555,0.5469999999999999,0.52175,0.6424000000000001,0.8852499999999999,0.49749999999999994,0.49355000000000004,0.45585000000000003,0.45890000000000003,0.68365,0.79565,0.5429999999999999,0.5031,0.6727000000000001,0.69745,0.53755,0.7234499999999999,0.5248,0.78185,0.57155,0.58595,0.5589999999999999,0.57785,0.5547500000000001,0.83675,0.53895,0.44749999999999995,0.49225,0.46790000000000004,0.46185,0.54595,0.5363,0.4107,0.70285,0.7405999999999999,0.5570999999999999,0.44515000000000005,0.57475,0.52125,0.49844999999999995,0.38839999999999997,0.51075,0.52305,0.62645,0.49829999999999997,0.49035,0.5023500000000001,0.6717500000000001,0.52695,0.6712,0.49574999999999997,0.6367,0.54875,0.6407499999999999,0.58145,0.5427,0.4967,0.0442,0.03485,0.0,0.0,0.0062,0.0041,0.0,0.00275,0.0,0.015,0.045700000000000005,0.036199999999999996,0.0,0.0,0.0066500000000000005,0.04055,0.0,0.0,0.0,0.04195,0.0491,0.0,0.006,0.0,0.0261,0.05545,0.0496,0.0,0.00245,0.008799999999999999,0.028399999999999998,0.04165,0.0,0.01075,0.0427,0.046150000000000004,0.01005,0.0,0.0213,0.0,0.0456,0.02535,0.048299999999999996,0.04935,0.0174,0.034050000000000004,0.0,0.0,0.0,0.04605,0.0,0.0223,0.0,0.0,0.0,0.0335,0.028050000000000002,0.0,0.047549999999999995,0.0191,0.37445,0.46925,0.37615,0.5216000000000001,0.48230000000000006,0.44915000000000005,0.2762,0.3685,0.4509,0.39005,0.4686,0.35565,0.13145,0.11979999999999999,0.15940000000000001,0.12985,0.2733,0.38575,0.40045000000000003,0.4365,0.1885,0.30515,0.4497,0.16995,0.45305,0.38130000000000003,0.38855,0.45635000000000003,0.43949999999999995,0.41945,0.46385,0.4243,0.43495,0.39394999999999997,0.4114,0.41414999999999996,0.46630000000000005,0.4793,0.5098499999999999,0.45135,0.48985,0.46745000000000003,0.36075,0.42465,0.45125000000000004,0.38730000000000003,0.41675000000000006,0.38980000000000004,0.3623,0.29105,0.4328,0.1758,0.37915,0.1648,0.29425,0.43975,0.40490000000000004,0.41105,0.4586,0.40335,0.41145,0.4497,0.01365,0.39744999999999997,0.44535,0.013000000000000001,0.40709999999999996,0.35035,0.06684999999999999,0.21775000000000003,0.22000000000000003,0.46125,0.44109999999999994,0.46895,0.39285000000000003,0.3556,0.05985,0.40730000000000005,0.4213,0.42225,0.42535,0.4079,0.0154,0.40090000000000003,0.3915,0.06620000000000001,0.11385,0.0068000000000000005,0.014799999999999999,0.0,0.07405,0.03975,0.07554999999999999,0.07245,0.10694999999999999,0.45515,0.0693,0.32535,0.11505000000000001,0.42569999999999997,0.056499999999999995,0.052349999999999994,0.041299999999999996,0.0,0.45294999999999996,0.0659,0.0,0.11395,0.383,0.38180000000000003,0.40125,0.1682,0.11615,0.325,0.0032500000000000003,0.05785,0.05635,0.46355,0.4412,0.0387
0.62385,0.6087,0.77555,1.0,0.6187,0.62755,0.6985,0.8695499999999999,0.6854,0.5972500000000001,0.54705,0.5849,0.8029,0.7609,0.6678499999999999,0.6009,0.75255,0.7777999999999999,0.5972000000000001,0.7451,0.6003999999999999,0.72005,0.6301,0.7407,0.6184000000000001,0.6136,0.6517999999999999,0.81545,0.61595,0.5488500000000001,0.5796,0.5524,0.54315,0.6273,0.6534500000000001,0.51225,0.71795,0.78495,0.6315999999999999,0.54745,0.5991500000000001,0.6447499999999999,0.5675,0.5649,0.6127,0.58365,0.7201,0.6136999999999999,0.5763499999999999,0.58195,0.6717500000000001,0.60815,0.75895,0.5841000000000001,0.663,0.6086,0.69425,0.6346,0.6732,0.5850500000000001,0.0308,0.03485,0.0,0.0,0.00425,0.00295,0.0,0.0030499999999999998,0.0,0.01055,0.0319,0.02385,0.0,0.0,0.004200000000000001,0.04055,0.0,0.0,0.0,0.04195,0.0334,0.0,0.0038,0.0,0.0261,0.04195,0.033350000000000005,0.0,0.0017500000000000003,0.0034000000000000002,0.0191,0.029199999999999997,0.0,0.00685,0.028449999999999996,0.03215,0.0052499999999999995,0.0,0.0147,0.0,0.031,0.017499999999999998,0.0333,0.034499999999999996,0.0174,0.02245,0.0,0.0,0.0,0.04605,0.0,0.0159,0.0,0.0,0.0,0.023899999999999998,0.028050000000000002,0.0,0.032850000000000004,0.01165,0.36535,0.4629,0.3816,0.45975,0.46765,0.40275,0.26465,0.35665,0.39815,0.3746,0.4298,0.3319,0.12204999999999999,0.1506,0.17215,0.12940000000000002,0.24769999999999998,0.32605,0.40815,0.39055,0.18165,0.25895,0.43315000000000003,0.16285,0.3704,0.375,0.39075000000000004,0.43425,0.42865000000000003,0.389,0.41689999999999994,0.40035,0.42800000000000005,0.37315,0.4027,0.42300000000000004,0.45214999999999994,0.46835000000000004,0.47830000000000006,0.3894,0.44139999999999996,0.41715,0.33525,0.42785,0.45775,0.39344999999999997,0.37595,0.3472,0.32665,0.22080000000000002,0.36605,0.1694,0.35805,0.1453,0.29325,0.40275,0.3533,0.3892,0.42069999999999996,0.3856,0.4643,0.49405,0.0121,0.44855,0.48815,0.008400000000000001,0.44930000000000003,0.39295,0.06,0.19775,0.19524999999999998,0.5006999999999999,0.49105,0.50695,0.4333,0.38175,0.057499999999999996,0.43375,0.47175,0.4772,0.48,0.44225000000000003,0.0107,0.45804999999999996,0.4497,0.060450000000000004,0.09505,0.005050000000000001,0.009600000000000001,0.0,0.05935,0.026000000000000002,0.06655,0.0522,0.09025,0.49539999999999995,0.060399999999999995,0.33849999999999997,0.1001,0.4807,0.0391,0.03535,0.028699999999999996,0.0,0.4988,0.046450000000000005,0.0,0.09775,0.4413,0.4372,0.465,0.1588,0.1146,0.3552,0.00225,0.0411,0.05550000000000001,0.50835,0.48105000000000003,0.0322
0.85725,0.9121,0.5469999999999999,0.6187,1.0,0.8278000000000001,0.7154499999999999,0.5702499999999999,0.8207000000000001,0.9446,0.8664,0.82835,0.67,0.6698000000000001,0.82685,0.7581,0.64515,0.58235,0.8734500000000001,0.57125,0.8913,0.56075,0.8444499999999999,0.81805,0.8682000000000001,0.9423,0.9006000000000001,0.49824999999999997,0.90615,0.8511,0.82455,0.8220000000000001,0.80275,0.8375,0.8932499999999999,0.8503000000000001,0.6639,0.6183500000000001,0.945,0.7405,0.8609500000000001,0.9079499999999999,0.8400000000000001,0.8587999999999999,0.9788,0.80935,0.5948,0.7904,0.7563,0.7557,0.59765,0.8832000000000001,0.65235,0.7776,0.5218,0.8878,0.6248,0.9376,0.9218500000000001,0.8106,0.05,0.034449999999999995,0.01185,0.05,0.05,0.05,0.05,0.0329,0.05,0.05,0.05,0.01415,0.05,0.05,0.05,0.0215,0.05,0.05,0.05,0.0178,0.05,0.05,0.05,0.05,0.0387,0.0576,0.03795,0.04195,0.05,0.05,0.05,0.034749999999999996,0.05,0.05,0.029449999999999997,0.05,0.05,0.05,0.029449999999999997,0.05,0.0039,0.044700000000000004,0.05,0.0412,0.0461,0.0035000000000000005,0.05,0.05,0.05,0.014249999999999999,0.05,0.05,0.05,0.05,0.0511,0.04795,0.03815,0.05,0.05,0.0295,0.1693,0.24485,0.1733,0.2387,0.21349999999999997,0.25215,0.18405,0.21605,0.2573,0.18475,0.2237,0.1905,0.053700000000000005,0.0968,0.09975,0.0607,0.15925,0.18105,0.26789999999999997,0.23464999999999997,0.08095,0.11339999999999999,0.23995000000000002,0.1348,0.16015,0.19225,0.2045,0.22959999999999997,0.22305000000000003,0.172,0.21869999999999998,0.17350000000000002,0.2546,0.25295,0.23704999999999998,0.17909999999999998,0.2049,0.24785,0.2643,0.1834,0.24584999999999999,0.21080000000000002,0.15189999999999998,0.1778,0.24605000000000002,0.1946,0.16855,0.1613,0.19285000000000002,0.07165,0.23685,0.1351,0.24089999999999998,0.08249999999999999,0.12865,0.25684999999999997,0.1947,0.22480000000000003,0.2762,0.21585000000000001,0.5597000000000001,0.5135,0.0543,0.5396,0.51145,0.027950000000000003,0.5098,0.4749,0.05655,0.1782,0.1608,0.53215,0.5276,0.52885,0.501,0.458,0.0628,0.48745000000000005,0.5242,0.5359,0.52095,0.4899,0.05669999999999999,0.5191,0.5146,0.05789999999999999,0.0654,0.05415,0.06895,0.0586,0.06465,0.06545,0.0636,0.0649,0.06484999999999999,0.53425,0.058499999999999996,0.354,0.07385,0.518,0.06575,0.06620000000000001,0.0607,0.052349999999999994,0.5324,0.0649,0.05915,0.07455,0.49634999999999996,0.48345000000000005,0.4873,0.19205,0.09895000000000001,0.4263,0.06670000000000001,0.06760000000000001,0.0856,0.53355,0.51555,0.059050000000000005
0.7744,0.8430500000000001,0.52175,0.62755,0.8278000000000001,1.0,0.75325,0.575,0.89405,0.8218500000000001,0.8126,0.7297,0.65655,0.64185,0.8862500000000001,0.75145,0.655,0.5938,0.8096500000000001,0.5818,0.828,0.5298499999999999,0.7463,0.8041499999999999,0.86255,0.8061999999999999,0.7676999999999999,0.45454999999999995,0.8177,0.734,0.77785,0.72025,0.71265,0.76915,0.81075,0.6898,0.6829500000000001,0.62815,0.8223,0.69645,0.7447,0.82875,0.7711,0.7252500000000001,0.8157,0.73335,0.56045,0.7559,0.7332,0.7272000000000001,0.57145,0.7913,0.64245,0.7223499999999999,0.55415,0.7889,0.6018,0.8458500000000001,0.8775999999999999,0.7449,0.05,0.034449999999999995,0.01185,0.05,0.05,0.05,0.05,0.0329,0.05,0.05,0.05,0.01415,0.05,0.05,0.05,0.0215,0.05,0.05,0.05,0.0178,0.05,0.05,0.05,0.05,0.0387,0.05785,0.03795,0.04195,0.05,0.05,0.05,0.034749999999999996,0.05,0.05,0.029449999999999997,0.05,0.05,0.05,0.029449999999999997,0.05,0.0039,0.044700000000000004,0.05,0.0412,0.0461,0.0035000000000000005,0.05,0.05,0.05,0.014249999999999999,0.05,0.05,0.05,0.05,0.052649999999999995,0.04795,0.0395,0.05,0.05,0.0295,0.20859999999999998,0.27735,0.21760000000000002,0.2994,0.26949999999999996,0.22955,0.17055,0.23015,0.2307,0.20215,0.23495,0.2043,0.0745,0.1254,0.12695,0.08335000000000001,0.15255000000000002,0.15960000000000002,0.26195,0.2292,0.0999,0.11695,0.2734,0.13374999999999998,0.19075,0.22820000000000001,0.242,0.2647,0.25529999999999997,0.1946,0.22759999999999997,0.2116,0.2711,0.26549999999999996,0.26355,0.22215,0.2304,0.28285,0.30155,0.22999999999999998,0.244,0.2265,0.16570000000000001,0.21505000000000002,0.2691,0.23475000000000001,0.19375,0.1887,0.2024,0.0902,0.22440000000000002,0.11495,0.1993,0.08754999999999999,0.1187,0.25705,0.19395,0.2359,0.2552,0.2505,0.5136999999999999,0.53465,0.04865,0.5145500000000001,0.5288,0.00885,0.53755,0.45780000000000004,0.048799999999999996,0.18875,0.16865000000000002,0.5328,0.5484,0.53295,0.49720000000000003,0.45545,0.059750000000000004,0.4816,0.5391,0.5441499999999999,0.5449499999999999,0.49765,0.05184999999999999,0.54955,0.53945,0.05415,0.05865,0.04795,0.0519,0.0463,0.0601,0.0578,0.0539,0.0588,0.059,0.53415,0.054849999999999996,0.3557,0.072,0.5596,0.0583,0.05935,0.05475,0.046650000000000004,0.5407,0.0588,0.0529,0.14555,0.5374,0.51265,0.5568,0.1535,0.08675000000000001,0.4465,0.03415,0.0608,0.0726,0.56345,0.5298,0.053500000000000006
0.7222000000000001,0.6916,0.6424000000000001,0.6985,0.7154499999999999,0.75325,1.0,0.6489499999999999,0.7415499999999999,0.7287,0.63285,0.6872499999999999,0.7655000000000001,0.6809999999999999,0.7384999999999999,0.71,0.8249000000000001,0.7762,0.7426999999999999,0.8006,0.76165,0.6598499999999999,0.7057,0.7575999999999999,0.74285,0.73265,0.68335,0.5730500000000001,0.7598499999999999,0.6542,0.7053499999999999,0.6732,0.6719,0.71155,0.7230000000000001,0.6456000000000001,0.8627499999999999,0.67895,0.73105,0.6668499999999999,0.7057,0.7353,0.64555,0.58565,0.6971499999999999,0.69555,0.6527499999999999,0.70655,0.68335,0.68595,0.74995,0.75645,0.6696,0.70915,0.62355,0.7115,0.72855,0.73385,0.7563500000000001,0.7262,0.08065,0.0393,0.01105,0.0466,0.05134999999999999,0.04985,0.0466,0.03095,0.0466,0.05825,0.0819,0.0396,0.0466,0.0466,0.0513,0.0257,0.0466,0.0466,0.0466,0.02245,0.08349999999999999,0.0466,0.05084999999999999,0.0466,0.0397,0.09225,0.07225000000000001,0.0391,0.048549999999999996,0.05034999999999999,0.06770000000000001,0.06465,0.0466,0.05415,0.05885,0.08215,0.0524,0.0466,0.0437,0.0466,0.0379,0.06105000000000001,0.0834,0.07654999999999999,0.0454,0.028100000000000003,0.0466,0.0466,0.0466,0.019700000000000002,0.0466,0.06420000000000001,0.0466,0.0466,0.0466,0.0711,0.0432,0.0466,0.0829,0.040350000000000004,0.21835,0.3883,0.2617,0.39049999999999996,0.35665,0.3119,0.1749,0.3019,0.31684999999999997,0.30115,0.33895,0.2807,0.1564,0.19595,0.21190000000000003,0.16825,0.21974999999999997,0.23700000000000002,0.3445,0.3181,0.17804999999999999,0.20804999999999998,0.3724,0.20329999999999998,0.2842,0.30915,0.23370000000000002,0.34995,0.303,0.26234999999999997,0.33045,0.30455,0.26405,0.26644999999999996,0.30975,0.3127,0.2745,0.38435,0.33395,0.3372,0.2528,0.2933,0.26395,0.31805,0.3728,0.23495,0.29285,0.2878,0.25634999999999997,0.17225,0.2786,0.19235,0.27935,0.17085,0.21894999999999998,0.2643,0.27945000000000003,0.32385,0.35935,0.3335,0.48644999999999994,0.51685,0.0016,0.47295,0.5134000000000001,0.0010500000000000002,0.47919999999999996,0.43955,0.0489,0.15445,0.16935,0.52025,0.5186499999999999,0.5158,0.49189999999999995,0.4666,0.05775,0.47395,0.51185,0.51775,0.5176999999999999,0.47535,0.001,0.50785,0.50535,0.0511,0.0538,3.0000000000000003E-4,0.00115,0.0,0.0355,0.0031,0.05205,0.00395,0.0534,0.5208,0.0459,0.35724999999999996,0.0653,0.5065999999999999,0.0036499999999999996,0.0036999999999999997,0.0026,0.0,0.524,0.00395,0.0,0.13779999999999998,0.48345000000000005,0.47725,0.48739999999999994,0.16599999999999998,0.08954999999999999,0.45535,0.0036499999999999996,0.005,0.0502,0.52665,0.5035999999999999,0.019700000000000002
0.56545,0.52725,0.8852499999999999,0.8695499999999999,0.5702499999999999,0.575,0.6489499999999999,1.0,0.59825,0.5488999999999999,0.50735,0.51875,0.8019000000000001,0.8544499999999999,0.6256,0.5359,0.7308,0.8304,0.55715,0.8054500000000001,0.55625,0.8402,0.56445,0.6936,0.5953999999999999,0.5636,0.57045,0.91425,0.57575,0.4742,0.5151,0.4801,0.48455000000000004,0.5652999999999999,0.58895,0.42874999999999996,0.7289,0.8269,0.5740000000000001,0.48564999999999997,0.5391,0.58995,0.50895,0.47565,0.55565,0.5238,0.706,0.5479499999999999,0.5246999999999999,0.5344,0.7093,0.55245,0.7824,0.52275,0.7060500000000001,0.5490999999999999,0.68275,0.5862499999999999,0.6115,0.5340499999999999,0.044700000000000004,0.03485,0.0,0.0,0.00605,0.00415,0.0,0.0036499999999999996,3.0000000000000003E-4,0.01495,0.046200000000000005,0.03625,0.0,0.0,0.006,0.04055,0.0,0.0,2.5E-4,0.04195,0.0494,0.0,0.00605,0.0,0.0261,0.05605,0.04925,0.0,0.0025,0.0076,0.028349999999999997,0.04195,0.0,0.01085,0.042249999999999996,0.046650000000000004,0.0089,0.0,0.0214,3.5E-4,0.04605,0.02525,0.04885,0.04945,0.0174,0.034350000000000006,0.0,0.0,0.0,0.04605,0.0,0.02255,0.0,0.0,0.0,0.034100000000000005,0.028050000000000002,0.0,0.047349999999999996,0.0184,0.4056,0.5176999999999999,0.40115,0.5385500000000001,0.5418999999999999,0.49770000000000003,0.30179999999999996,0.39375,0.49660000000000004,0.44405,0.52515,0.36155,0.14315,0.13815,0.18205,0.1375,0.3014,0.42145,0.4187,0.44530000000000003,0.19535,0.3286,0.47785,0.19065000000000001,0.487,0.41319999999999996,0.41364999999999996,0.49329999999999996,0.49275,0.46925,0.50615,0.45365,0.4883,0.4032,0.42955,0.471,0.53555,0.52905,0.5428,0.4866,0.493,0.50835,0.36524999999999996,0.4739,0.49855,0.4215,0.46405,0.40315,0.38265,0.30745,0.44155,0.18565,0.42169999999999996,0.1689,0.3338,0.4438,0.43620000000000003,0.4383,0.4891,0.41775,0.4223,0.4385,0.00765,0.4086,0.4417,0.013000000000000001,0.3982,0.34885,0.06684999999999999,0.2116,0.20305,0.46435000000000004,0.43784999999999996,0.4649,0.391,0.33999999999999997,0.05789999999999999,0.38815,0.41895,0.4222,0.42374999999999996,0.3877,0.014050000000000002,0.4149,0.40599999999999997,0.06620000000000001,0.1068,0.00555,0.014799999999999999,0.0,0.07405,0.03935,0.07554999999999999,0.06235,0.10055,0.46020000000000005,0.0693,0.30825,0.11374999999999999,0.4272,0.051649999999999995,0.04965,0.0376,0.0,0.45549999999999996,0.058750000000000004,0.0,0.10855,0.40354999999999996,0.39475,0.4124,0.1603,0.10325,0.31215000000000004,0.0018,0.0513,0.05845,0.46495,0.4364,0.0374
0.7982,0.8420500000000001,0.49749999999999994,0.6854,0.8207000000000001,0.89405,0.7415499999999999,0.59825,1.0,0.8266,0.77535,0.78215,0.7238,0.6397,0.89665,0.7978,0.6791,0.6299,0.83185,0.5937,0.8409000000000001,0.54335,0.7987,0.87325,0.8183,0.81365,0.82825,0.48040000000000005,0.83855,0.7293000000000001,0.8143499999999999,0.75925,0.75215,0.8053000000000001,0.8493,0.6945,0.6711,0.61305,0.8263,0.7508,0.7718,0.8624,0.7884,0.7436,0.8266500000000001,0.7572,0.6049,0.8106500000000001,0.7832,0.7779499999999999,0.5761000000000001,0.8246499999999999,0.6793,0.77515,0.5736,0.79705,0.6334500000000001,0.83025,0.9202,0.7827,0.05,0.034449999999999995,0.01185,0.05,0.05,0.05,0.05,0.0329,0.05,0.05,0.05,0.01415,0.05,0.05,0.05,0.0215,0.05,0.05,0.05,0.0178,0.05,0.05,0.05,0.05,0.0387,0.05745,0.03795,0.04195,0.05,0.05,0.05,0.034749999999999996,0.05,0.05,0.029449999999999997,0.05,0.05,0.05,0.029449999999999997,0.05,0.0039,0.044700000000000004,0.05,0.0412,0.0461,0.0035000000000000005,0.05,0.05,0.05,0.014249999999999999,0.05,0.05,0.05,0.05,0.0518,0.04795,0.03815,0.05,0.05,0.0295,0.20539999999999997,0.2763,0.20929999999999999,0.29505,0.2692,0.22515000000000002,0.1545,0.20950000000000002,0.22480000000000003,0.1891,0.2445,0.18265,0.07255,0.11205000000000001,0.1266,0.0838,0.13474999999999998,0.14415,0.27205,0.23664999999999997,0.10015,0.12015,0.27605,0.11810000000000001,0.19115,0.22959999999999997,0.23935,0.26545,0.2576,0.1983,0.24115000000000003,0.2122,0.27749999999999997,0.2451,0.26015,0.21875,0.2334,0.28445,0.3015,0.23149999999999998,0.25539999999999996,0.22435,0.14404999999999998,0.21234999999999998,0.266,0.22820000000000001,0.1944,0.1915,0.202,0.0862,0.22469999999999998,0.10335000000000001,0.19265000000000002,0.08455,0.13345,0.24209999999999998,0.20485000000000003,0.21894999999999998,0.24565,0.24765,0.49560000000000004,0.5265,0.052349999999999994,0.49345,0.52995,0.00915,0.5145,0.45359999999999995,0.04945,0.19245,0.17045,0.5328999999999999,0.5271,0.5346,0.50005,0.4593,0.05739999999999999,0.485,0.51795,0.5231,0.5244,0.49505,0.05565,0.5299,0.5469999999999999,0.0583,0.058399999999999994,0.051449999999999996,0.05515,0.04975,0.061950000000000005,0.0591,0.05595,0.05825,0.0601,0.5347999999999999,0.05745,0.35960000000000003,0.07145,0.5229,0.05835,0.05985,0.05565,0.05034999999999999,0.54315,0.05825,0.04825,0.1405,0.53105,0.5208999999999999,0.5428499999999999,0.1459,0.07155,0.4596,0.02645,0.0618,0.051949999999999996,0.5407,0.5372,0.0571
0.81515,0.89305,0.49355000000000004,0.5972500000000001,0.9446,0.8218500000000001,0.7287,0.5488999999999999,0.8266,1.0,0.84575,0.88985,0.66525,0.6395,0.8163500000000001,0.7321500000000001,0.65475,0.6019,0.8505499999999999,0.5799000000000001,0.8689500000000001,0.55915,0.7978500000000001,0.81045,0.8435,0.8975500000000001,0.87285,0.44295,0.88895,0.8029,0.7981499999999999,0.796,0.78285,0.81715,0.8816,0.87135,0.6665,0.59785,0.91325,0.7198,0.8066000000000001,0.9067500000000001,0.81375,0.85585,0.9388,0.79765,0.5674,0.77425,0.7266,0.7283000000000001,0.59665,0.8663000000000001,0.6391,0.7525999999999999,0.49775,0.8531000000000001,0.60655,0.9035500000000001,0.9180999999999999,0.85495,0.05,0.034449999999999995,0.01185,0.05,0.05,0.05,0.05,0.0329,0.05,0.05,0.05,0.01415,0.05,0.05,0.05,0.0215,0.05,0.05,0.05,0.0178,0.05,0.05,0.05,0.05,0.0387,0.05735,0.03795,0.04195,0.05,0.05,0.05,0.034749999999999996,0.05,0.05,0.029449999999999997,0.05,0.05,0.05,0.029449999999999997,0.05,0.0039,0.044700000000000004,0.05,0.0412,0.0461,0.0035000000000000005,0.05,0.05,0.05,0.014249999999999999,0.05,0.05,0.05,0.05,0.0506,0.04795,0.03875,0.05,0.05,0.0295,0.14345000000000002,0.24874999999999997,0.16085,0.24775,0.21055000000000001,0.23815,0.1558,0.20950000000000002,0.2428,0.17704999999999999,0.22485,0.18375,0.0494,0.09215,0.09915,0.059250000000000004,0.1433,0.1664,0.26215,0.22535,0.0743,0.10885,0.23359999999999997,0.12184999999999999,0.16175,0.18805,0.1776,0.21589999999999998,0.19770000000000001,0.1608,0.20990000000000003,0.16419999999999998,0.2213,0.22235,0.21825,0.1754,0.17935,0.24355000000000002,0.2395,0.19290000000000002,0.2085,0.19019999999999998,0.14515,0.174,0.24569999999999997,0.16755,0.16185,0.15814999999999999,0.18785000000000002,0.0641,0.22685,0.12465,0.22715000000000002,0.07705,0.12135,0.22185000000000002,0.18955,0.2156,0.2636,0.21509999999999999,0.5204500000000001,0.49474999999999997,0.0921,0.49844999999999995,0.52325,0.0235,0.49729999999999996,0.44715,0.09095,0.19125,0.20870000000000002,0.5062,0.5155000000000001,0.5038,0.47815,0.48109999999999997,0.10145,0.46375,0.51105,0.52905,0.5131,0.46799999999999997,0.09235,0.5055,0.497,0.0943,0.09595000000000001,0.09095,0.10335000000000001,0.0959,0.09595000000000001,0.09555,0.0958,0.0955,0.09605,0.5075999999999999,0.09345,0.33015,0.10815,0.5,0.0963,0.09609999999999999,0.0937,0.0902,0.5069,0.0955,0.09325,0.14115,0.46905,0.481,0.4819,0.23025,0.13695,0.4715,0.0974,0.09809999999999999,0.1156,0.51825,0.49269999999999997,0.09340000000000001
0.7338,0.8906499999999999,0.45585000000000003,0.54705,0.8664,0.8126,0.63285,0.50735,0.77535,0.84575,1.0,0.70845,0.6154,0.6005499999999999,0.7611,0.6938500000000001,0.5876,0.5265,0.8060499999999999,0.5156,0.8140499999999999,0.50005,0.7059,0.7661,0.81465,0.788,0.7436499999999999,0.42634999999999995,0.7849999999999999,0.77605,0.73685,0.7104,0.70355,0.7277,0.791,0.76115,0.5988,0.5777,0.8294499999999999,0.66315,0.7081999999999999,0.82175,0.72735,0.8282,0.8576,0.6912,0.5405,0.7121000000000001,0.6912,0.6982999999999999,0.53745,0.77685,0.6002500000000001,0.6917,0.46455,0.76925,0.57225,0.8112,0.8380000000000001,0.7050500000000001,0.05,0.034449999999999995,0.01185,0.05,0.05,0.05,0.05,0.0329,0.05,0.05,0.05,0.01415,0.05,0.05,0.05,0.0215,0.05,0.05,0.05,0.0178,0.05,0.05,0.05,0.05,0.0387,0.05825,0.03795,0.04195,0.05,0.05,0.05,0.034749999999999996,0.05,0.05,0.029449999999999997,0.05,0.05,0.05,0.029449999999999997,0.05,0.0039,0.044700000000000004,0.05,0.0412,0.0461,0.0035000000000000005,0.05,0.05,0.05,0.014249999999999999,0.05,0.05,0.05,0.05,0.0524,0.04795,0.03935,0.05,0.05,0.0295,0.1661,0.19290000000000002,0.18275,0.22349999999999998,0.20400000000000001,0.21190000000000003,0.16405,0.23695,0.24430000000000002,0.19519999999999998,0.20299999999999999,0.2143,0.08845,0.09565,0.10834999999999999,0.09295,0.2056,0.2211,0.22715000000000002,0.2125,0.10529999999999999,0.12204999999999999,0.20379999999999998,0.17604999999999998,0.1971,0.16005,0.18309999999999998,0.188,0.18905,0.13974999999999999,0.199,0.1481,0.22139999999999999,0.2697,0.21665,0.1981,0.20495000000000002,0.20470000000000002,0.26894999999999997,0.15835,0.22610000000000002,0.2163,0.17585,0.15115,0.22945000000000002,0.23275,0.15045,0.14275,0.20884999999999998,0.1282,0.2203,0.1659,0.21575000000000003,0.13585,0.12104999999999999,0.2822,0.1622,0.24474999999999997,0.2504,0.199,0.5501,0.5027999999999999,0.09275,0.5244500000000001,0.503,0.0475,0.52325,0.44095000000000006,0.1173,0.18025,0.15595,0.5144,0.53915,0.5104,0.4591,0.40925,0.1089,0.44195,0.52525,0.525,0.5286,0.44485,0.1016,0.5296000000000001,0.4868,0.1072,0.12905,0.09340000000000001,0.10305,0.0918,0.1262,0.1226,0.1143,0.13,0.12589999999999998,0.51345,0.1146,0.36835,0.13945000000000002,0.5253,0.12725,0.12845,0.11665,0.08990000000000001,0.5115999999999999,0.1303,0.09290000000000001,0.146,0.4686,0.45899999999999996,0.5191,0.16605,0.13415,0.38544999999999996,0.08565,0.12775,0.1167,0.563,0.49749999999999994,0.10585
0.8637499999999999,0.7972,0.45890000000000003,0.5849,0.82835,0.7297,0.6872499999999999,0.51875,0.78215,0.88985,0.70845,1.0,0.6296,0.5809,0.79745,0.7032,0.6152,0.58335,0.8032,0.5468,0.8109999999999999,0.5117499999999999,0.8378500000000001,0.7756000000000001,0.77805,0.84605,0.84955,0.3906,0.8731500000000001,0.70955,0.7817999999999999,0.7949499999999999,0.7404,0.86975,0.90145,0.77385,0.61505,0.53935,0.8762000000000001,0.68165,0.8025499999999999,0.8985,0.8172,0.76915,0.8253999999999999,0.84975,0.5255,0.7508,0.6966,0.6993,0.54555,0.81225,0.59375,0.7268,0.45575,0.9128000000000001,0.5587,0.858,0.87355,0.9117000000000001,0.05,0.034449999999999995,0.01185,0.05,0.05,0.05,0.05,0.029249999999999998,0.05,0.05,0.05,0.01415,0.05,0.05,0.05,0.0215,0.05,0.05,0.05,0.0178,0.05,0.05,0.05,0.05,0.0387,0.05735,0.03795,0.04195,0.05,0.05,0.05,0.034749999999999996,0.05,0.05,0.029449999999999997,0.05,0.05,0.05,0.029449999999999997,0.05,0.0039,0.044700000000000004,0.05,0.0412,0.0461,0.0035000000000000005,0.05,0.05,0.05,0.014249999999999999,0.05,0.05,0.05,0.05,0.05,0.04795,0.03815,0.05,0.05,0.0295,0.1183,0.19119999999999998,0.12975,0.22905000000000003,0.17045,0.1498,0.12279999999999999,0.1377,0.15455000000000002,0.1021,0.174,0.16515,0.04165,0.02525,0.0481,0.0301,0.05965,0.07525,0.21610000000000001,0.17445,0.02115,0.058399999999999994,0.19745,0.0327,0.12075,0.1384,0.1507,0.17535,0.1395,0.1176,0.1573,0.13225,0.1605,0.19970000000000002,0.2097,0.12769999999999998,0.1234,0.19265000000000002,0.20790000000000003,0.15994999999999998,0.2152,0.15355000000000002,0.10305,0.13365,0.18495,0.15825,0.11105000000000001,0.10945,0.13520000000000001,0.00965,0.16975,0.0446,0.1577,0.01955,0.07205,0.17315,0.1394,0.1424,0.1802,0.19305,0.51285,0.5143500000000001,0.1041,0.49284999999999995,0.5469999999999999,0.0917,0.5176000000000001,0.47175,0.09705,0.19265000000000002,0.20274999999999999,0.5332,0.52315,0.5175,0.5340499999999999,0.5276,0.10269999999999999,0.5178499999999999,0.55565,0.5667500000000001,0.541,0.49749999999999994,0.1105,0.5525,0.53255,0.09765,0.08349999999999999,0.11415,0.12465,0.13965,0.10905000000000001,0.1135,0.1093,0.09280000000000001,0.09280000000000001,0.54775,0.10215,0.3567,0.1044,0.50465,0.09725,0.11625,0.09685,0.11374999999999999,0.5301,0.08185,0.1272,0.19335,0.47445000000000004,0.5507,0.5025000000000001,0.2378,0.12355000000000001,0.5446,0.15875,0.1099,0.15545,0.5434,0.5037,0.11120000000000001
0.6567000000000001,0.64065,0.68365,0.8029,0.67,0.65655,0.7655000000000001,0.8019000000000001,0.7238,0.66525,0.6154,0.6296,1.0,0.8148500000000001,0.7016,0.67245,0.9012499999999999,0.8904,0.6871,0.8726499999999999,0.68815,0.8150999999999999,0.6543,0.78935,0.70735,0.6624,0.6477999999999999,0.7224,0.69465,0.591,0.6422,0.6023,0.6104,0.65645,0.6822,0.5558,0.8526,0.7809,0.67085,0.6151,0.6324,0.6961999999999999,0.60345,0.5641499999999999,0.6576,0.61775,0.851,0.67005,0.6497499999999999,0.65915,0.86115,0.6851499999999999,0.8863,0.6536,0.77005,0.6448,0.8201499999999999,0.6775,0.726,0.6494500000000001,0.01125,0.03945,0.00265,0.01125,0.01125,0.01125,0.01125,0.010499999999999999,0.01125,0.01125,0.01125,0.0032,0.01125,0.01125,0.01125,0.04865,0.01125,0.01125,0.01125,0.04935,0.01125,0.01125,0.01125,0.01125,0.0387,0.01865,0.00855,0.00945,0.01125,0.01125,0.01125,0.00785,0.01125,0.01125,0.0066500000000000005,0.01125,0.01125,0.01125,0.0066500000000000005,0.01125,9.0E-4,0.01005,0.01125,0.0093,0.02765,8.0E-4,0.01125,0.01125,0.01125,0.04975,0.01125,0.01125,0.01125,0.01125,0.01125,0.0108,0.037,0.01125,0.01125,0.0066500000000000005,0.29165,0.44145,0.2893,0.44734999999999997,0.45970000000000005,0.4243,0.3021,0.3003,0.42210000000000003,0.37155,0.44355,0.2737,0.1694,0.1729,0.2084,0.17795,0.31025,0.3447,0.36745,0.36215,0.2385,0.2751,0.3941,0.22280000000000003,0.4166,0.32755,0.2882,0.40705,0.39994999999999997,0.38370000000000004,0.42735,0.36825,0.36055000000000004,0.2891,0.32320000000000004,0.37415,0.434,0.45644999999999997,0.43375,0.41475,0.3707,0.41835000000000006,0.27335,0.3787,0.4096,0.30005000000000004,0.39525,0.32694999999999996,0.2852,0.24430000000000002,0.33925,0.21469999999999997,0.38025000000000003,0.20985,0.31884999999999997,0.3252,0.36315,0.35545,0.41784999999999994,0.32455,0.46025,0.47145000000000004,0.0,0.4478,0.47575,0.01145,0.4286,0.39095,0.06455,0.1964,0.1865,0.49800000000000005,0.46745000000000003,0.49105,0.4372,0.39135,0.057199999999999994,0.42255000000000004,0.45395,0.45709999999999995,0.4568,0.4166,0.01095,0.46130000000000004,0.45475000000000004,0.0643,0.0925,0.0035499999999999998,0.01305,0.0,0.0691,0.034300000000000004,0.07255,0.0441,0.0877,0.49640000000000006,0.0663,0.35325,0.1032,0.45824999999999994,0.040350000000000004,0.04095,0.02915,0.0,0.4955,0.0441,0.0,0.10385,0.45294999999999996,0.43879999999999997,0.4505,0.16419999999999998,0.0862,0.369,0.0015,0.0379,0.05765,0.50035,0.46695000000000003,0.0337
0.66155,0.6024499999999999,0.79565,0.7609,0.6698000000000001,0.64185,0.6809999999999999,0.8544499999999999,0.6397,0.6395,0.6005499999999999,0.5809,0.8148500000000001,1.0,0.67495,0.6031500000000001,0.7758,0.7365999999999999,0.6446,0.7264,0.6551,0.9167,0.63845,0.7262,0.69015,0.6698000000000001,0.6089,0.79615,0.68255,0.56045,0.60235,0.5573,0.5671,0.642,0.6493,0.5115999999999999,0.7388,0.7633,0.6667,0.5438,0.6349,0.6606,0.5839000000000001,0.51255,0.6412,0.6111500000000001,0.7341,0.6273,0.5901500000000001,0.6031500000000001,0.77695,0.6334,0.79715,0.5944,0.7546999999999999,0.64705,0.7300500000000001,0.68865,0.6811499999999999,0.6266499999999999,0.04335,0.04795,0.010249999999999999,0.04335,0.04335,0.04335,0.04335,0.02905,0.04335,0.04335,0.04335,0.0123,0.04425,0.04335,0.04335,0.0379,0.04515,0.04335,0.04335,0.0354,0.04335,0.04335,0.04335,0.04335,0.045950000000000005,0.05014999999999999,0.0329,0.03635,0.04335,0.04335,0.04335,0.03015,0.04335,0.04335,0.02555,0.04335,0.04335,0.04335,0.02555,0.04335,0.0034000000000000002,0.03875,0.04335,0.03575,0.0489,0.0030499999999999998,0.04335,0.04335,0.04335,0.034300000000000004,0.04335,0.04335,0.04335,0.04335,0.04335,0.04155,0.047549999999999995,0.0437,0.04335,0.0256,0.3404,0.48445,0.34205,0.48755,0.50835,0.4753,0.26535000000000003,0.33615,0.4702,0.41154999999999997,0.49055,0.3089,0.13845000000000002,0.1558,0.17545,0.1421,0.273,0.4016,0.37665000000000004,0.4351,0.1918,0.2939,0.4281,0.187,0.45439999999999997,0.3605,0.3443,0.44749999999999995,0.4467,0.45315000000000005,0.46595000000000003,0.40515,0.4194,0.3396,0.37185,0.42779999999999996,0.49705000000000005,0.49169999999999997,0.48369999999999996,0.44925,0.42455,0.4664,0.30855,0.4335,0.4664,0.34605,0.43674999999999997,0.36875,0.34940000000000004,0.2818,0.40759999999999996,0.18455,0.40205,0.1844,0.31720000000000004,0.37255,0.4265,0.39505,0.47505,0.35975,0.4117,0.41545,0.0,0.3955,0.4183,0.01285,0.3731,0.33755,0.06665,0.20415,0.18795,0.4474,0.41319999999999996,0.43804999999999994,0.38245,0.33065,0.06105000000000001,0.36825,0.39885000000000004,0.40155,0.40125,0.35755,0.0123,0.399,0.39249999999999996,0.06605,0.09765,0.00395,0.01465,0.0,0.07355,0.03845,0.07525,0.04945,0.09225,0.4457,0.06905,0.3006,0.10794999999999999,0.3949,0.04525,0.0459,0.0327,0.0,0.44020000000000004,0.04945,0.0,0.1,0.376,0.36175,0.36945,0.16955,0.09045,0.2969,0.004200000000000001,0.042499999999999996,0.05865,0.4469,0.41109999999999997,0.0356
0.83245,0.8265,0.5429999999999999,0.6678499999999999,0.82685,0.8862500000000001,0.7384999999999999,0.6256,0.89665,0.8163500000000001,0.7611,0.79745,0.7016,0.67495,1.0,0.78095,0.6751,0.66155,0.85215,0.6294500000000001,0.8416499999999999,0.5638,0.8310000000000001,0.8817,0.8569000000000001,0.8313499999999999,0.81705,0.505,0.86775,0.76745,0.8457000000000001,0.78,0.7671,0.8393,0.86765,0.705,0.6839999999999999,0.65315,0.84885,0.7335499999999999,0.79725,0.8805999999999999,0.74385,0.7398,0.8211999999999999,0.78655,0.62375,0.8130000000000001,0.77485,0.7832,0.6052500000000001,0.8341,0.68595,0.7871,0.5662,0.81935,0.6477,0.86435,0.87605,0.8153,0.05,0.034449999999999995,0.01185,0.05,0.05,0.05,0.05,0.0329,0.05,0.05,0.05,0.01415,0.05,0.05,0.05,0.0215,0.05,0.05,0.05,0.0178,0.05,0.05,0.05,0.05,0.0387,0.05825,0.03795,0.04195,0.05,0.05,0.05,0.034749999999999996,0.05,0.05,0.029449999999999997,0.05,0.05,0.05,0.029449999999999997,0.05,0.0039,0.044700000000000004,0.05,0.0412,0.0461,0.0035000000000000005,0.05,0.05,0.05,0.014249999999999999,0.05,0.05,0.05,0.05,0.05,0.04795,0.03815,0.05,0.05,0.0295,0.1693,0.24505,0.1732,0.2794,0.24255,0.2285,0.1682,0.1734,0.22719999999999999,0.15555000000000002,0.24345,0.14655,0.0649,0.07944999999999999,0.11299999999999999,0.07105,0.1261,0.15245,0.27975,0.2503,0.0998,0.12104999999999999,0.23995000000000002,0.0992,0.1967,0.19644999999999999,0.20459999999999998,0.23015,0.22435,0.21234999999999998,0.2323,0.17675000000000002,0.26065,0.209,0.23445,0.1876,0.22225,0.2512,0.27625,0.21265,0.2499,0.2177,0.10794999999999999,0.1762,0.2378,0.1921,0.1779,0.17004999999999998,0.2121,0.08275,0.24625,0.11120000000000001,0.2096,0.09475,0.14065,0.21995,0.20739999999999997,0.19105,0.24580000000000002,0.21155,0.5422,0.5579,0.0155,0.53275,0.55935,0.03115,0.54805,0.4955,0.022850000000000002,0.1639,0.14379999999999998,0.57945,0.5720500000000001,0.58195,0.5523,0.5017,0.027950000000000003,0.5282,0.5706,0.56385,0.56835,0.528,0.023200000000000002,0.5569,0.55715,0.0279,0.0309,0.01555,0.026850000000000002,0.028149999999999998,0.036199999999999996,0.03295,0.0395,0.03085,0.0332,0.5820000000000001,0.0317,0.40490000000000004,0.04485,0.5488500000000001,0.03065,0.034350000000000006,0.0293,0.0134,0.5805,0.03085,0.02295,0.11735,0.5361,0.53315,0.52855,0.13905,0.0586,0.4662,0.03245,0.03485,0.0502,0.58165,0.5664,0.0247
0.80115,0.71665,0.5031,0.6009,0.7581,0.75145,0.71,0.5359,0.7978,0.7321500000000001,0.6938500000000001,0.7032,0.67245,0.6031500000000001,0.78095,1.0,0.6404,0.5689,0.8389,0.59795,0.8261499999999999,0.5058,0.8108000000000001,0.7993,0.84235,0.77345,0.7619,0.46515000000000006,0.83205,0.84415,0.88565,0.84195,0.8542500000000001,0.78275,0.75105,0.79515,0.68225,0.5708,0.7546999999999999,0.9035,0.8082499999999999,0.78335,0.6895,0.6383,0.7362,0.7485999999999999,0.73795,0.91075,0.9505000000000001,0.94945,0.63035,0.83415,0.6068,0.9395,0.6737,0.7424999999999999,0.74475,0.7824,0.7978,0.7577,0.05,0.034449999999999995,0.01185,0.05,0.05,0.05,0.05,0.0329,0.05,0.05,0.05,0.01415,0.05,0.05,0.05,0.0215,0.05,0.05,0.05,0.0178,0.05,0.05,0.05,0.05,0.0387,0.05795,0.03795,0.04195,0.05,0.05,0.05,0.034749999999999996,0.05,0.05,0.029449999999999997,0.05,0.05,0.05,0.029449999999999997,0.05,0.0039,0.044700000000000004,0.05,0.0412,0.0461,0.0035000000000000005,0.05,0.05,0.05,0.014249999999999999,0.05,0.05,0.05,0.05,0.05155,0.04795,0.03815,0.05,0.05,0.0295,0.18819999999999998,0.2663,0.19215,0.30185,0.265,0.23945,0.15785,0.1923,0.23410000000000003,0.17295,0.25585,0.16545,0.07985,0.0957,0.11984999999999998,0.092,0.14735,0.15545,0.2852,0.24695,0.1132,0.13535,0.25884999999999997,0.11565,0.21665,0.21855000000000002,0.22244999999999998,0.25034999999999996,0.24464999999999998,0.21894999999999998,0.24500000000000002,0.196,0.28045,0.2279,0.24860000000000002,0.21005,0.24559999999999998,0.27155,0.2976,0.2338,0.26475,0.23879999999999998,0.12685,0.19515,0.25185,0.2171,0.20400000000000001,0.18295,0.20834999999999998,0.09845000000000001,0.251,0.1119,0.2004,0.10974999999999999,0.14650000000000002,0.23784999999999998,0.21295000000000003,0.20935,0.24425,0.2305,0.5241,0.54105,0.07955,0.5202,0.54685,0.06860000000000001,0.5698000000000001,0.47664999999999996,0.03905,0.1777,0.1498,0.5614,0.54955,0.5594,0.5176000000000001,0.47569999999999996,0.0316,0.49885,0.53305,0.5368999999999999,0.5427500000000001,0.50385,0.0859,0.5376000000000001,0.54235,0.0395,0.050449999999999995,0.08095,0.08825,0.07205,0.0871,0.1024,0.0348,0.0975,0.050249999999999996,0.5656,0.05765,0.3827,0.06185,0.5352,0.0973,0.10175000000000001,0.09085,0.07744999999999999,0.56245,0.0975,0.0723,0.119,0.537,0.5143500000000001,0.53605,0.1309,0.053700000000000005,0.44975,0.06394999999999999,0.1018,0.0711,0.5684,0.55105,0.0868
