0.3618,0.024917,0.034039,-0.011582,0.02844,0.016353,-8.0988e-05,-0.01169,-0.0066065,0.024689,0.019531,0.045662,-0.026464,0.019789,-0.0031807,-0.0093672,0.002635,-0.0091999,0.70865,0.022105,-0.00788,-0.024859,0.042584,0.019039,-0.00069254,-0.5967
0.81834,0.0076123,0.058074,-0.0040416,0.050693,-0.011806,-0.004091,0.00086186,-0.00024155,0.00063414,0.032153,-0.040641,-0.0029699,0.04897,-0.0029418,-0.00016317,0.0087901,-0.031876,-0.5436,0.038723,-0.015253,-0.0057986,-0.016479,0.011937,-0.0064123,-0.14225
0.36899,-0.16295,-0.11612,-0.056691,-0.24096,-0.10426,-0.054055,-0.019488,0.0082152,-0.13285,-0.30859,-0.038421,-0.018766,-0.20182,0.0059768,0.0030885,0.012557,-0.22529,0.33668,-0.31416,0.046473,-0.011271,-0.1221,0.015254,-0.054076,0.55632
0.026863,0.37971,-0.11205,-0.22071,-0.041008,0.14119,-0.078907,-0.0024841,0.0031292,-0.34896,0.61196,0.12229,-0.005317,0.16826,0.010154,0.0026328,-0.0011044,-0.091252,0.048432,-0.25157,0.012623,-0.10419,-0.35185,-0.069682,-0.080012,0.079182
-0.057658,0.09027,0.57954,-0.23663,0.031456,0.30985,-0.002759,0.011953,0.0037244,0.12111,-0.21364,0.2998,-0.0018705,-0.18906,-8.2693e-05,0.0084202,-0.007354,0.078215,-0.086145,-0.47802,-0.20425,-0.11223,0.0023014,0.10178,-0.019765,-0.079627
-0.023699,0.28956,0.43918,0.37516,-0.27084,0.10527,-0.031889,-0.017109,-0.0012671,0.16301,0.047638,-0.15117,-0.05449,-0.23651,0.00052905,-0.0033734,0.0099312,-0.37703,0.023375,0.3078,0.17733,0.050596,-0.32804,-0.050016,-0.061542,0.012818
-0.061269,-0.03989,0.16676,-0.43745,0.068167,-0.064181,-0.049089,0.017502,-0.001312,-0.035986,-0.30827,-0.092508,0.056483,0.37259,0.0029496,0.0013063,0.0034019,-0.069881,-0.017178,0.16553,0.55993,-0.34512,-0.19879,0.083635,-0.056919,-0.046132
-0.026484,0.12489,-0.45003,0.10074,-0.46739,0.21943,-0.035278,0.029835,-0.0032313,0.18088,-0.12987,0.26677,0.02924,-0.053195,-0.038011,0.006591,0.028019,0.11081,-0.11702,-0.0011445,0.10977,-0.12624,-0.10934,0.52997,-0.049748,-0.16222
-0.028815,0.0084508,0.23536,0.25894,-0.23306,-0.058843,-0.071039,0.012664,-0.0084757,-0.46583,-0.26518,-0.07054,0.05545,0.50983,0.049096,-0.0083677,0.025578,0.1856,0.010889,0.008129,-0.3027,0.25547,-0.15373,0.17478,-0.087707,-0.042073
-0.065284,-0.050392,-0.17622,0.33271,0.20624,0.085793,0.022009,0.054398,-0.019773,-0.096086,-0.21709,0.1965,0.17241,-0.0077793,0.005503,-0.0026113,-0.020732,-0.070033,-0.11035,-0.39416,0.43441,0.31266,-0.2161,-0.32867,0.034158,-0.24019
-0.0078267,-0.17782,0.062465,0.40443,0.10617,0.027459,-0.30969,-0.023136,0.01419,0.00423,0.1083,0.32416,-0.15873,0.29143,-0.025151,0.0095454,-0.033577,-0.33398,-0.00041119,-0.070151,0.041486,-0.36251,0.36099,0.027637,-0.27669,0.078343
-0.15781,-0.21577,-0.059175,-0.087435,-0.25498,-0.23512,-0.07616,0.2597,0.024223,-0.21023,-0.0094106,-0.16703,0.36618,-0.22842,-0.043984,0.10083,0.019368,-0.33443,-0.15906,-0.088774,-0.25714,-0.2999,-0.029366,-0.13796,-0.074306,-0.35474
0.071581,-0.043452,-0.069854,0.05853,0.0015006,0.43551,-0.37769,0.00034072,-0.0063507,-0.089153,-0.098128,-0.13584,0.15615,-0.17645,-0.027857,-0.016743,0.024836,0.46585,0.049221,0.20554,-0.015069,-0.21366,-0.048088,-0.36809,-0.32941,0.072232
0.018693,-0.36,0.29576,-0.02897,-0.38966,-0.038786,-0.018922,-0.051398,-0.032723,-0.12127,0.40363,-0.030812,0.15647,-0.095505,-0.11785,-0.043396,-0.0093576,0.24387,-0.0034229,-0.11072,0.43668,0.20347,0.28392,0.10578,-0.023539,-0.010036
0.018284,-0.12508,-0.021532,0.032343,-0.26121,0.44525,0.42803,0.0041474,0.036969,-0.28599,-0.075151,0.082561,-0.20845,0.10003,-0.069896,0.042187,0.044943,-0.099839,-0.014467,0.13114,0.0068058,-0.22385,0.15424,-0.29089,0.4348,0.0073814
0.046016,0.046285,0.082365,-0.049409,-0.2169,-0.46132,0.067206,-0.028332,0.0050587,0.046933,-0.029721,0.66927,0.039833,-0.036484,0.059785,-0.014664,0.072511,0.21473,0.0029966,0.2509,-0.034131,-0.061801,-0.12883,-0.35232,-0.023885,0.054602
-0.027542,0.50296,-0.055731,-0.20262,-0.071907,-0.034733,-0.18889,0.0091838,-0.0065053,-0.35337,-0.21769,0.048338,-0.096937,-0.19532,0.11998,0.018707,0.084039,-0.15047,-0.066042,0.096809,0.15504,0.2291,0.53585,-0.038105,-0.099911,-0.067169
-0.030337,-0.34182,-0.0735,-0.37723,-0.15759,0.29781,-0.22321,0.032786,0.0017829,0.21159,0.029697,0.16179,-0.090724,0.17469,0.13781,0.031464,-0.055995,-0.32048,-0.026491,0.17983,-0.14303,0.4807,-0.083218,-0.14131,-0.14143,-0.047351
0.071402,0.13792,0.010517,-0.0043782,0.083069,0.1729,0.095606,-0.16141,-0.14792,0.059714,-0.0053904,0.13533,0.77314,0.13062,-0.064561,-0.30249,-0.051609,-0.19451,0.084033,0.14601,-0.07716,0.031021,0.1626,0.059812,0.11862,0.17209
0.0028399,-0.063285,0.0086161,0.075931,-0.065765,0.026426,0.054738,-0.022219,-0.096124,0.024907,0.065216,-0.075279,0.05375,-0.015727,0.95392,-0.11751,-0.02743,0.049777,-0.0064094,-0.070462,0.048326,-0.14148,0.03054,0.0067271,0.056095,-0.015088
-0.020974,-0.03105,-0.010202,-0.012328,-0.0039294,-0.010421,-0.018687,0.023184,0.76716,-0.028995,-0.0057277,-0.012702,-0.052715,-0.031606,0.005703,-0.63051,0.055148,-0.01657,-0.02216,-0.012709,-0.001083,0.004145,-0.019943,0.0041779,-0.013603,-0.0427
-0.022539,-0.135,0.013381,0.0037865,0.13399,0.040234,-0.061953,-0.0081896,-0.18301,-0.051257,0.046346,0.035842,-0.023303,-0.060748,0.0039537,-0.12403,0.93581,-0.056187,-0.0017734,0.031107,-0.0068568,0.019171,-0.075333,0.10123,0.046816,-0.0047096
0.013897,0.22375,-0.014416,0.011724,-0.29664,-0.093172,-0.40144,-0.025128,0.084288,0.39413,-0.014551,-0.20189,0.054262,0.31329,-0.037005,0.072671,0.16404,0.068385,0.0065364,-0.26008,-0.013519,-0.037293,0.13052,-0.28534,0.42477,0.0063102
0.02774,-0.0089743,0.024651,0.028696,0.092035,0.067038,0.085812,-0.22834,0.57232,-0.0095988,0.035805,0.05222,0.26738,0.0014175,0.13532,0.67077,0.18033,-0.010387,0.039593,0.060903,0.028849,0.041503,0.02231,0.090372,-0.040055,0.055998
-0.00086698,-0.14824,0.052121,0.023808,0.19295,-0.0015351,-0.52508,-0.0086693,0.019849,-0.26354,0.019416,0.18318,-0.0083661,-0.22806,0.029625,0.037837,-0.18626,-0.0018979,0.00218,0.19029,0.010037,-0.010018,-0.15635,0.22494,0.59781,0.0052309
0.086766,0.072077,0.066302,0.046133,0.079271,0.070269,0.046133,0.91768,0.088651,0.073795,0.064082,0.075436,0.099056,0.072947,0.046133,0.095163,0.041623,0.072077,0.10068,0.076232,0.066302,0.068352,0.076232,0.066302,0.046133,0.1777
