-0.19419,0.001032,0.019627,0.014902,0.014455,-0.0015701,0.0007816,0.98055
-0.13619,-0.0085331,0.67945,0.51587,0.5004,-0.0093518,-0.0031984,-0.055791
-0.13155,0.54527,-0.0048342,-0.0036704,-0.0035603,0.8274,-0.010681,-0.025089
-0.021725,0.83309,-0.00094244,-0.00071555,-0.00069408,-0.55268,-0.00073369,-0.0060237
-0.08824,-0.0019253,-0.0068464,-0.0051981,-0.0050422,-0.00053477,0.99589,-0.017978
0.95713,0.092462,0.064646,0.10216,0.092065,0.099254,0.089828,0.18534
0.045693,0.0044142,0.72834,-0.54195,-0.41664,0.0047384,0.0042884,0.008848
0.001257,0.00012143,-0.056859,-0.65534,0.75319,0.00013035,0.00011797,0.0002434
