0.025221,-0.001125,0.042994,-0.24756,0.032872,0.022426,0.96677
-0.24719,0.098744,-0.27941,-0.097845,0.66724,0.62803,-0.043321
0.36164,0.41266,0.72053,-0.20367,0.0014574,0.35775,-0.1015
0.69328,-0.43686,-0.017816,-0.091253,0.51385,-0.2302,-0.053301
0.21574,0.79017,-0.3643,-0.0139,0.18691,-0.4014,0.010889
0.51151,-0.0035227,-0.5022,-0.0119,-0.48893,0.49681,0.011038
0.13659,0.068804,0.12521,0.93755,0.12521,0.12713,0.22382
