-0.0084183,-0.030001,-0.0016049,-0.02631,-0.030546,-0.010536,-0.0039772,-0.027833,-0.062197,-0.23583,-0.020594,-0.05056,-0.011093,0.11906,-0.032158,-0.0062296,-0.073955,0.091991,0.0037948,-0.29294,-0.013028,0.086708,-0.060268,-0.0021797,-0.011953,-0.01053,-0.018663,-0.019003,0.058234,0.89623
0.013959,0.070596,0.00082258,0.045468,0.059539,0.022744,0.0065929,0.055826,0.13889,0.46448,0.042251,-0.40211,0.021856,0.041622,0.057094,0.0083465,0.16157,0.022187,-0.014647,0.64607,0.023767,0.025626,0.11995,0.0011172,0.023549,0.01685,0.032983,0.032662,0.01074,0.34431
-0.00082708,0.14139,0.0014887,0.04527,-0.020903,0.023305,0.0056444,-0.051906,-0.016315,0.73978,-0.01101,-0.098225,0.021228,-0.0013005,-0.0070154,0.0079911,-0.048833,-0.0041411,-0.0048593,-0.62179,0.01616,-0.0024494,0.15921,0.0020219,0.022873,0.017889,0.010251,0.027322,-0.0033404,-0.0021095
0.034486,-0.09235,0.0095008,0.54959,0.013456,0.27622,0.11429,0.064139,0.13722,-0.15665,-0.052814,-0.18702,0.30137,-0.0026029,0.21428,0.13956,-0.01968,-0.0055208,-0.0035858,-0.11342,0.17872,-0.0044744,-0.11537,0.012903,0.32472,0.15577,0.24047,0.33105,4.5554e-05,-0.035767
-0.069722,0.66793,0.016795,-0.10926,-0.18885,-0.053035,0.090434,0.12021,0.48925,-0.1843,-0.063674,-0.039825,0.060154,0.014374,-0.085627,0.12043,0.35548,0.02434,0.023514,-0.115,-0.10505,0.0085146,-0.021965,0.02281,0.064815,0.040615,-0.099433,0.016915,0.040176,-0.023659
0.0031103,-0.036768,-0.0035861,-0.0079614,0.0093282,-9.554e-05,-0.010441,-0.017142,-0.037298,-0.0056802,0.0032705,-0.10995,-0.011028,0.31926,-0.0067699,-0.015679,-0.027143,0.36562,0.16262,-0.0044564,0.0025579,0.011513,-0.00030531,-0.0048704,-0.011882,-0.0095436,-0.00034547,-0.012545,0.83515,-0.15265
0.14093,0.41553,-0.066021,0.28542,0.059258,0.2608,-0.27431,-0.28253,-0.015473,-0.087614,-0.017518,0.041669,-0.11685,-0.0051351,-0.03541,-0.38154,-0.076407,0.014022,0.036506,0.04541,0.13543,0.023185,0.10497,-0.089665,-0.12591,-0.33696,0.35,-0.15824,-0.016161,0.0045771
-0.01132,-0.035518,-0.00010118,-0.017711,-0.0054183,-0.007291,0.0093798,0.0039092,-0.011077,0.0022543,0.0030932,-0.073445,0.0050637,-0.058836,-0.0089757,0.010505,-0.010156,0.27433,0.76229,-0.0039269,-0.0057335,0.50145,-0.008036,-0.00013742,0.0054561,0.010155,-0.022176,0.0010704,-0.2761,-0.063494
0.31664,0.22372,0.034918,-0.088105,0.45195,-0.31674,0.069651,-0.10523,-0.2593,-0.1417,-0.12882,-0.10696,-0.1348,0.0022984,0.3711,0.11644,0.17361,-0.011019,0.0019611,-0.069056,0.024595,0.008823,0.2156,0.047423,-0.14524,0.28607,0.165,0.14232,-0.012314,-0.019793
0.11895,-0.10078,0.0036062,-0.015039,-0.015661,-0.013722,-0.0097077,0.12473,0.058154,0.011406,-0.038909,-0.032378,-0.019203,0.60958,0.0040625,-0.0070991,0.097355,-0.49849,-0.12123,-0.046272,-0.067954,0.50713,-0.061443,0.0048978,-0.020691,-0.091981,0.13176,-0.084036,-0.017362,-0.08521
0.37633,-0.29401,0.010961,-0.039973,-0.019862,-0.051152,-0.014377,0.37363,0.17078,0.05744,-0.12972,-0.017654,-0.04868,-0.20316,0.042422,-0.0044577,0.31431,0.16686,0.044261,-0.12244,-0.2036,-0.16634,-0.16901,0.014887,-0.052452,-0.25319,0.41098,-0.23346,0.0046994,0.0237
-0.11027,0.043099,0.080078,0.28951,0.14299,-0.11815,-0.22928,0.45895,0.11112,0.048824,-0.17294,-0.014891,-0.31835,-0.0024714,-0.038653,-0.17316,-0.069602,0.0032304,0.0032367,-0.035878,0.34921,-0.00053582,-0.28007,0.10876,-0.34302,0.16736,-0.22743,0.068426,0.0001436,-0.0018481
-0.053616,-0.25166,0.21572,-0.11441,-0.31179,0.01083,-0.23149,-0.22208,0.33715,-0.063017,0.12372,-0.020557,-0.236,-0.0023326,-0.0039996,-0.029508,0.02442,0.00093911,0.00094458,-0.03897,-0.017976,-0.0011588,0.29241,0.29298,-0.25429,0.13283,0.25751,0.40194,-0.00106,-0.0032589
0.2727,-0.027396,-0.16463,0.36224,-0.12433,-0.43476,0.20616,0.028414,0.10502,-0.064637,0.50115,-0.053125,-0.068919,-0.0058296,-0.33654,0.055904,-0.094128,-0.0031132,-0.0039254,-0.019723,0.080892,-0.0051529,0.17888,-0.22359,-0.07426,0.11787,0.031363,-0.1004,-0.0055224,-0.0099755
0.20918,0.19918,0.39878,0.024787,0.035341,0.1292,-0.072601,-0.0235,-0.18059,0.025378,0.36215,-0.062967,0.0085777,-0.0063629,-0.12067,0.34753,-0.13182,-0.0027733,-0.0032433,0.02965,0.0021795,-0.0051525,-0.27816,0.5416,0.0092423,-0.030281,0.02432,-0.19643,-0.0057682,-0.011564
0.060948,-0.045448,-0.11655,-0.44285,0.35974,0.26209,-0.090727,0.072696,0.11067,-0.021437,0.4732,-0.070582,0.076786,-0.0073379,-0.15128,-0.22825,0.17403,-0.0066446,-0.0077932,-0.11324,0.30609,-0.0074185,-0.17954,-0.15829,0.082736,0.14159,0.076616,0.15188,-0.0084569,-0.014218
0.42374,0.070464,0.0034024,-0.29787,-0.19114,0.12074,0.024035,0.16954,0.039602,-0.0086239,-0.40675,0.0085257,0.10451,0.00048246,-0.28192,0.030863,-0.4059,-0.001106,-0.0014643,0.093536,0.29636,-0.00027635,0.19801,0.004621,0.1126,0.25194,0.092665,-0.049901,-0.00022708,0.0010278
-0.25095,0.25366,-0.06518,-0.20551,-0.17737,-0.20785,0.10703,0.37163,-0.20461,0.027429,0.17451,-0.0059518,-0.02406,-5.9561e-05,0.17607,0.050878,-0.35692,0.0019759,0.0025341,0.056651,0.0033051,0.00094104,-0.11216,-0.088524,-0.025924,-0.25597,0.41275,0.32727,0.00096646,-0.00024625
0.1542,-0.0010329,-0.019935,-0.077032,-0.24833,0.12791,-0.081448,0.16601,0.15329,-0.070341,0.28325,-0.070991,-0.0015601,-0.0061943,0.69341,-0.11364,-0.17702,-0.0030183,-0.0029652,-0.05364,0.090726,-0.0047932,0.17905,-0.027075,-0.001681,0.040916,-0.26164,-0.32338,-0.0058672,-0.013049
-0.16278,-0.00072751,0.085207,0.097932,0.17185,0.23203,-0.098743,0.49462,-0.23087,-0.16931,0.0911,-0.083811,0.048631,-0.0075043,-0.2101,-0.019924,0.10654,-0.0050179,-0.0052513,-0.063641,-0.17343,-0.006427,0.63295,0.11572,0.052399,-0.086796,-0.066588,0.0023238,-0.0078122,-0.015982
-0.23706,-0.13583,0.083808,-0.090708,0.24172,-0.19409,0.15581,-0.096906,0.26595,-0.062714,-0.081628,-0.047884,0.036205,-0.0043245,0.02862,0.26661,-0.020558,-0.0031737,-0.0033658,-0.058346,0.56026,-0.0038295,0.21771,0.11382,0.03901,-0.44972,0.038752,-0.19999,-0.0046484,-0.0092577
0.070898,0.04572,0.029051,0.10069,0.09877,0.034304,0.030345,0.1155,0.094008,0.20335,0.11376,0.85181,0.077255,0.031276,0.11376,0.082211,0.10587,0.068204,0.041583,0.14397,0.092846,0.12598,0.1241,0.057464,0.061412,0.071397,0.062155,0.079138,0.1116,0.16849
0,-0.0030352,0.016862,-0.0066843,0.20894,-0.13683,-0.10514,-0.0076681,0.19886,-0.0135,-0.0075523,-0.05655,0.1314,-0.38427,-0.0075523,-0.10454,-0.23354,0.23016,-0.45815,-0.0095577,-0.20481,0.571,-0.0082389,0.060953,0.059423,-0.009948,-0.0086603,4.996e-16,0.11023,-0.04627
-0,-0.0018027,0.070195,-0.00397,-0.44691,-0.10708,-0.021995,-0.0045543,-0.42536,-0.008018,-0.0044855,-0.033586,0.094523,-0.28825,-0.0044855,-0.13433,0.46148,-0.063244,-0.11837,-0.0056766,0.40472,0.2595,-0.0048933,0.049205,0.056494,-0.0059084,-0.0051436,5.5511e-16,0.15257,0.0024089
0,0.00012999,-0.053253,0.00028626,-0.10863,0.32601,0.29778,0.00032839,-0.10339,0.00057815,0.00032343,0.0024218,-0.19168,0.25045,0.00032343,0.19788,0.11478,0.54186,-0.36309,0.00040932,0.10066,0.12189,0.00035284,-0.11737,-0.28245,0.00042603,0.00037089,6.6613e-16,-0.27828,-0.080496
-0,4.6558e-05,-0.38968,0.00010253,-0.043466,-0.034545,-0.4421,0.00011762,-0.04137,0.00020708,0.00011585,0.00086743,-0.49989,0.017802,0.00011585,0.34193,0.045901,0.081063,-0.066211,0.00014661,0.040254,0.03941,0.00012638,0.015798,0.51296,0.0001526,0.00013284,1.6653e-16,-0.031992,-0.011936
-0,-0.00076553,-0.49485,-0.0016859,-0.031292,-0.0020507,-0.39499,-0.001934,-0.029783,-0.0034049,-0.0019048,-0.014263,0.50136,0.0015076,-0.0019048,0.34515,0.02938,-0.01411,0.012874,-0.0024106,0.025766,-0.013634,-0.002078,0.088118,-0.46545,-0.002509,-0.0021843,-3.8858e-16,0.00090307,-0.00088257
-0,-0.00016172,-0.54917,-0.00035614,0.0086617,0.024028,0.39704,-0.00040856,0.0082441,-0.00071928,-0.00040239,-0.003013,-0.084538,0.0016517,-0.00040239,-0.31712,-0.0098461,-0.014948,0.014914,-0.00050924,-0.0086349,-0.012934,-0.00043897,0.65544,0.043849,-0.00053003,-0.00046142,-3.3307e-16,0.0030115,0.0016026
0,0.0011582,0.12281,0.0025507,-0.037776,-0.39367,-0.27014,0.0029262,-0.035955,0.0051516,0.002882,0.021579,0.33097,0.41295,0.002882,-0.31624,0.045019,0.37744,-0.10601,0.0036473,0.039481,-0.16853,0.003144,0.16412,0.25394,0.0037962,0.0033048,1.6653e-16,-0.30627,-0.051897
0.47619,-0.00039993,0.00095562,-0.00088075,-0.00055102,0.0002472,0.00062406,-0.0010104,-0.00052445,-0.0017788,-0.00099512,-0.0074512,-0.0025869,0.0063734,-0.00099512,-0.00073159,-0.0012551,-0.00084441,0.0039093,-0.0012594,-0.0011007,-0.0084158,-0.0010856,-0.0013835,0.0004628,-0.52823,-0.45985,0.53153,-0.0041332,-0.0014369
