-0.06962,-0.022745,-0.013899,-0.00023011,-0.005158,-0.0029534,-0.003768,-0.0020495,0.018366,0.018782,-0.0023759,-0.0061415,-0.028433,0.0094333,0.039948,0.0081333,0.013778,0.0021165,-0.022707,-0.021249,-0.0030617,-0.0029534,-0.11932,-0.0032403,0.0020668,-0.031803,-0.017982,-0.012129,-0.007352,-0.0063391,-0.010784,-0.0019363,-0.03407,-0.0033697,-0.010733,-0.029149,-0.012971,0.0011931,-0.016013,-0.0030799,-0.0048106,0.012633,-0.0050049,-0.01009,-0.024738,0.72641,0.0054404,-0.0089147,0.0094381,-0.019994,-0.020928,-0.0029534,-0.0061415,0.0015725,-0.0028242,-0.6645,-0.0054127,-0.010601,-0.0025205
0.061127,0.03778,0.00025205,0.0023723,0.0040592,-0.00061844,0.00057006,0.0037598,0.069892,-0.0035675,-0.00049752,0.0096616,0.028557,0.018586,0.8658,0.016025,0.027146,-0.00023903,-0.0031976,-0.010383,0.0040116,-0.00061844,0.16221,0.0029869,-0.00023341,0.024944,0.010284,0.012434,0.019434,0.0085805,0.01218,0.0025371,0.029636,-0.00048937,0.009577,0.022864,-0.0064042,0.0025867,0.023357,0.0056499,0.0075678,0.078332,0.0018207,0.018631,0.017445,-0.30043,-0.034259,0.0040468,0.097729,0.0069798,0.0080291,-0.00061844,0.0096616,-0.00017759,-0.016118,-0.31565,0.0041555,0.0025067,0.0026734
0.22457,0.14251,0.0086869,0.0058141,0.0084776,0.00078588,0.0032035,0.0062979,-0.03176,-0.0024734,0.00063222,0.017265,0.11619,-0.0069933,-0.37022,-0.0060296,-0.010214,0.0010047,0.037449,-0.019595,0.0078011,0.00078588,0.72161,0.0091666,0.00098113,0.10044,0.046404,0.041149,0.062149,0.029933,0.057464,0.0049336,0.12787,0.00090876,0.046817,0.092053,0.022476,0.0061745,0.08904,0.009464,0.013524,-0.035152,0.005336,0.080328,0.064532,-0.15871,-0.028434,0.010563,-0.040567,0.039744,0.034214,0.00078588,0.017265,0.0007465,-0.0096945,-0.3919,0.0093496,0.0068265,0.0054357
0.73038,-0.0059248,0.0061611,0.012896,0.016246,0.00062815,0.022068,0.012099,-0.008011,-0.0023712,0.00050533,0.032336,0.031089,0.0010146,-0.098167,0.0008748,0.0014819,0.0046944,-0.049147,-0.0067858,0.014155,0.00062815,-0.50184,0.0093574,0.004584,0.16027,0.0091503,0.0023944,0.13442,0.0056013,-0.040437,0.0089518,0.099301,0.00031241,-0.010455,0.12111,0.12377,0.015484,-0.0082766,0.018181,0.025328,-0.009866,0.010196,-0.068142,0.20185,-0.15693,0.0076163,0.034641,-0.0082756,-0.018004,0.022627,0.00062815,0.032336,0.0034878,-0.00079255,-0.19404,0.018061,0.025758,0.011845
-0.33831,0.13829,0.026552,0.11707,0.12769,0.01426,0.033376,0.12165,-0.0019009,-1.7807e-05,0.011472,0.34623,0.061366,0.014398,-0.12668,0.012414,0.021028,0.015264,-0.00064347,-0.0025115,0.16342,0.01426,-0.24256,0.099054,0.014905,-0.070618,0.013011,0.19848,-0.049631,0.15771,0.079782,0.10335,0.048163,0.011745,-0.034493,-0.044713,0.0016859,0.11384,0.17407,0.18281,0.2712,-0.010813,0.053943,-0.039336,-0.06235,-0.23905,-0.0016886,0.17071,-0.00090498,0.0080564,0.16945,0.01426,0.34623,0.011341,0.041609,-0.22561,0.14711,0.13187,0.052332
-0.14374,-0.27062,0.11102,-0.066884,0.078423,0.016087,0.089215,-0.025628,0.17372,0.030833,0.012942,-0.15899,-0.15724,0.29413,-0.13413,0.2536,0.42959,0.01252,0.1325,0.017359,-0.12048,0.016087,-0.074047,-0.00848,0.012225,0.057814,0.15873,0.037957,-0.23625,-0.076975,-0.081211,-0.076196,0.029063,0.036363,0.0079325,0.21728,0.01136,-0.0033599,-0.093224,-0.038513,-0.12454,-0.007699,0.13212,0.062238,0.014611,-0.17551,0.032985,0.094035,0.18762,0.14296,0.10338,0.016087,-0.15899,0.0093017,0.1183,-0.16132,0.028889,0.10998,0.1204
0.05095,0.23859,-0.08222,0.028343,-0.087505,-0.015796,-0.073573,-0.0022269,0.2121,0.04771,-0.012708,0.063995,0.16391,0.3321,-0.061591,0.28633,0.48504,-0.018062,-0.16481,-0.020353,0.067342,-0.015796,0.012424,-0.016295,-0.017637,-0.063469,-0.14608,-0.082795,0.27599,0.023243,0.056986,0.042588,-0.068659,-0.027068,-0.019724,-0.2279,-0.12359,-0.025389,0.031875,-0.0033465,0.050127,0.0023673,-0.11701,-0.070413,-0.0015777,0.020982,-0.14436,-0.099319,0.21613,-0.11826,-0.12125,-0.015796,0.063995,-0.01342,-0.15574,0.065062,-0.054316,-0.10744,-0.11189
0.16657,-0.14187,-0.22589,0.093341,-0.084324,-0.010207,-0.15749,-0.010785,0.022158,-0.035815,-0.0082116,0.12391,-0.27966,0.068781,0.0030153,0.059302,0.10046,0.0044795,0.14473,0.099708,0.14012,-0.010207,0.084953,-0.0065365,0.0043742,-0.083338,-0.12408,0.034452,-0.36756,0.089812,0.005336,0.088612,-0.024288,-0.069535,0.064734,-0.010079,0.43057,-0.0024481,0.084462,-0.016207,0.097056,-0.02325,-0.10424,0.054587,-0.21223,-0.0086216,0.2778,-0.22944,0.04578,-0.20449,-0.12552,-0.010207,0.12391,0.0033282,0.055135,-0.00084206,0.038152,-0.17405,-0.053156
-0.19446,0.1908,0.010325,0.040787,-0.034915,0.097366,0.0025793,-0.13278,-0.039197,-0.061929,0.078328,-0.17006,0.26559,-0.0055065,-0.034134,-0.0047476,-0.0080423,0.026829,0.16421,0.075076,0.029474,0.097366,-0.1151,-0.1032,0.026198,-0.01902,-0.048156,-0.060003,0.29112,-0.070291,0.15066,0.01864,0.020711,0.020509,-0.068724,-0.13969,0.18953,-0.067256,0.080475,-0.19953,-0.13321,-0.033403,0.083433,-0.12264,0.03939,-0.13264,0.46744,-0.11764,-0.003902,-0.065975,-0.038433,0.097366,-0.17006,0.019933,0.32587,-0.12644,0.13168,-0.040739,0.07854
-0.0060845,-0.080316,0.081145,0.19195,-0.11357,0.012753,0.0081126,-0.22885,0.034899,0.092983,0.01026,0.021795,0.15975,-0.018183,-0.0028576,-0.015677,-0.026556,-0.051544,-0.063873,-0.045137,0.3657,0.012753,-0.023993,-0.20169,-0.050332,0.022711,0.13886,0.099318,-0.14339,-0.032387,0.14233,0.23128,-0.16385,-0.0007786,-0.018432,0.18876,0.007931,-0.24407,-0.0080054,-0.34391,0.017072,0.053342,0.071065,-0.0060393,0.066029,0.027052,-0.30232,-0.23202,-0.0099668,0.10804,0.11506,0.012753,0.021795,-0.038296,-0.097139,0.018898,0.2944,-0.07489,0.085585
0.021448,-0.06902,0.26352,0.094801,-0.18968,-0.00092157,0.26177,-0.025338,-0.040688,-0.11342,-0.00074138,0.026146,0.16624,0.022089,0.011489,0.019045,0.032262,0.065713,-0.24902,-0.10512,0.064222,-0.00092157,0.049735,0.03176,0.064168,-0.12343,0.01327,-0.1669,-0.19746,0.042904,0.13807,0.040615,-0.25313,0.013569,-0.04172,0.02069,0.17471,0.066578,-0.071372,-0.038076,0.02048,-0.066255,-0.23341,-0.064688,0.12971,-0.0054604,0.3319,0.24333,0.010846,0.2615,0.0714,-0.00092157,0.026146,0.048823,-0.13127,-0.010036,-0.18753,0.012102,-0.29238
-0.020752,-0.0017057,0.01676,-0.0060352,-0.032224,0.0031737,0.031855,0.0079603,0.30079,0.77208,0.0025532,-0.02461,0.0062807,-0.083383,-0.087253,-0.071892,-0.12178,0.021261,-0.0058613,0.049586,-0.036572,0.0031737,-0.014963,0.017622,0.020761,-0.042171,-0.041622,-0.066086,-0.037079,0.0047064,0.021851,-0.023129,-0.029015,-0.00086455,-0.0063805,-0.045265,0.071429,0.034004,0.007667,0.011962,-0.019277,0.46686,-0.051753,-0.031211,-0.0085742,-0.084963,0.081305,0.038871,-0.0086294,-0.0015607,-0.033674,0.0031737,-0.02461,0.015796,-0.0079237,-0.050243,-0.06742,-0.0087421,-0.060861
0.12862,0.026605,-0.091426,-0.041197,0.044616,0.10157,-0.028512,0.0022562,0.006832,0.0091934,0.081707,-0.10753,0.056259,0.0026009,0.0045988,0.0022425,0.0037987,0.036469,-0.38591,-0.37894,-0.11093,0.10157,-0.008714,0.034147,0.035612,-0.11638,0.023737,0.013864,-0.37027,-0.014888,0.23415,-0.070151,0.15674,-0.050923,-0.023893,0.019931,-0.26501,0.049536,0.38884,0.0033904,-0.08423,0.0047999,0.058556,-0.19839,-0.1284,0.012816,0.10204,-0.072011,0.0017053,-0.14967,-0.0069482,0.10157,-0.10753,0.027096,0.042721,0.032895,0.082593,0.061486,0.12201
0.033513,0.010847,0.094666,-0.0050724,0.048341,-0.19789,0.10143,-0.0278,-0.025935,-0.057645,-0.15919,-0.094833,0.1947,-0.0023538,0.00061072,-0.0020294,-0.0034378,0.035352,0.19125,0.36551,-0.053058,-0.19789,-0.038321,-0.016779,0.034521,-0.020096,-0.0036931,-0.21757,-0.22302,0.044655,0.15637,-0.033555,0.023917,0.057607,-0.016308,-0.1652,0.2007,0.024889,0.3763,-0.041776,-0.074282,-0.037654,0.093282,-0.26233,-0.10039,0.001761,-0.33834,0.12311,-0.0085102,-0.034046,-0.074215,-0.19789,-0.094833,0.026265,-0.065597,-0.018229,-0.099748,0.082458,0.0523
-0.12901,0.2068,0.03252,-0.11447,-0.056937,0.24689,-0.08014,0.059412,-0.01558,-0.035245,0.19862,-0.001336,0.028269,-0.0052034,-0.0039347,-0.0044863,-0.0075997,-0.069109,-0.061465,0.36925,-0.090617,0.24689,-0.060204,0.0040515,-0.067484,-0.11115,-0.20501,-0.043697,-0.21858,-0.13067,0.20451,-0.057308,0.25663,-0.0235,0.025619,0.28919,0.11824,-0.044747,-0.14631,0.089281,-0.0010465,-0.027137,-0.13618,-0.03253,0.24549,-0.0056878,-0.22384,-0.038084,-0.012252,-0.04153,-0.066463,0.24689,-0.001336,-0.051346,-0.051932,-0.024053,-0.026971,-0.024678,-0.13841
-0.0073388,-0.0021821,-0.0061153,0.0034067,-0.0072598,-0.0024419,0.00024514,-0.0037707,-0.52963,-0.137,-0.0019644,-0.004356,-0.0080587,-0.02562,-0.082686,-0.022089,-0.037419,0.0031426,-0.0084024,-0.001227,0.0013104,-0.0024419,-0.0074478,-0.00026087,0.0030688,-0.0045502,-0.008177,-0.008122,-0.0046936,-0.00083172,0.0012599,0.00082874,-0.00073634,-0.0024718,0.0061927,-0.00037291,-0.012136,0.0012102,-0.0077074,-0.0056664,-0.003412,0.54235,-0.0061702,0.0025378,-0.0026129,-0.011865,-0.02291,-0.0059502,0.62855,-0.0077469,-0.0087817,-0.0024419,-0.004356,0.0023349,-0.0075801,-0.013714,-0.0042721,-0.0039914,-0.0048302
-0.023699,0.0032486,-0.19565,0.19631,-0.16084,0.031091,0.27734,-0.076395,-0.010423,-0.020353,0.025012,-0.10507,-0.15837,-0.0091955,-0.015221,-0.0079283,-0.01343,0.23262,-0.17748,0.39842,0.0097319,0.031091,-0.024007,0.10562,0.22716,0.0050936,0.10331,0.099443,0.17281,0.030359,0.031008,0.0061546,0.00031677,-0.27035,-0.020296,0.078632,-0.10287,0.24595,0.03442,-0.1148,-0.082299,-0.020907,-0.14374,0.15415,-0.14005,-0.035216,0.024726,-0.053015,-0.017059,-0.11005,0.055129,0.031091,-0.10507,0.17283,-0.2503,-0.031074,0.10427,0.17362,0.10536
0.095074,-0.12635,-0.073026,0.16566,-0.10864,0.18405,0.15275,-0.065877,-0.0063787,-0.0142,0.14806,-0.027419,0.028816,-0.0083527,-0.015054,-0.0072017,-0.012199,0.14667,0.23516,-0.088806,0.071577,0.18405,-0.0074432,0.036032,0.14322,0.0052979,-0.076561,-0.085803,-0.092229,0.22622,-0.045047,0.045267,-0.042241,0.10941,0.15016,-0.19806,-0.2214,0.14141,-0.080311,-0.098996,-0.021477,-0.018197,-0.083011,0.022067,-0.062347,-0.036941,-0.32982,0.1809,-0.017097,-0.091897,-0.0089265,0.18405,-0.027419,0.10897,0.42759,-0.033916,-0.019274,-0.14869,-0.21108
0.19757,-0.23068,-0.017279,-0.14794,0.019533,0.16484,-0.10018,0.073888,-0.0043275,-0.0012829,0.13261,0.033351,0.15417,0.0047268,0.011265,0.0040754,0.0069036,-0.1202,0.01372,0.40633,-0.077683,0.16484,0.069429,0.01193,-0.11738,-0.12379,0.33969,0.24139,0.0018576,0.031607,-0.06876,-0.049128,-0.2,-0.014607,-0.20633,-0.2638,-0.15412,-0.10054,0.082846,0.11103,0.026123,0.010325,-0.046286,-0.16739,-0.13336,0.033336,0.088027,-0.034568,0.014993,0.17632,0.15368,0.16484,0.033351,-0.089307,-0.005446,0.0084244,0.011882,-0.11722,-0.040265
0.0069779,0.0086717,0.083778,0.072246,0.14031,0.045696,-0.037758,-0.072186,-0.0029544,-0.0038918,0.036761,0.00058147,-0.016353,-0.0016694,-0.002811,-0.0014394,-0.0024382,0.0029907,-0.26838,0.28582,0.10906,0.045696,-0.0028103,-0.13548,0.0029204,0.31119,-0.25531,-0.11135,-0.15083,-0.041705,-0.18602,0.06897,0.14832,0.35419,0.04507,-0.1547,-0.18471,-0.051759,0.053657,-0.10848,0.00045546,-0.0025472,0.26237,0.21179,-0.10681,-0.0054594,0.21919,0.20958,-0.0016749,-0.030059,0.046961,0.045696,0.00058147,0.002222,-0.20648,-0.010032,0.052567,-0.19514,-0.049678
-0.00097285,-0.20886,-0.048291,0.1562,0.10769,-0.093214,-0.31816,-0.030409,-0.0040563,-0.0051301,-0.074988,-0.034526,-0.13045,-0.0054735,-0.012144,-0.0047192,-0.0079941,0.18241,-0.14171,0.046655,0.011171,-0.093214,0.030553,0.21789,0.17812,-0.23818,-0.071713,0.14993,0.11223,-0.083625,0.31863,0.007065,0.14847,0.2521,-0.18369,-0.083083,0.022816,0.21561,-0.14717,-0.045697,-0.027044,-0.0072732,0.17672,-0.0713,0.17578,-0.030559,-0.072743,-0.11541,-0.0086906,0.21731,0.084096,-0.093214,-0.034526,0.13553,0.05778,-0.02392,-0.080703,-0.23076,-0.047332
0.047681,0.028742,0.032076,-0.0013525,-0.16276,-0.17999,0.0404,-0.008753,0.0076476,0.01014,-0.1448,0.078136,0.059865,0.0024215,0.002271,0.0020878,0.0035366,-0.073161,0.003661,0.15642,0.09129,-0.17999,-0.083782,-0.08676,-0.071441,-0.0084545,0.14869,-0.09093,-0.095725,-0.19941,0.18072,0.057733,0.3871,-0.11699,-0.10806,0.024272,-0.35627,-0.10263,-0.048419,-0.013153,0.061203,0.0042499,-0.2131,0.26019,-0.15711,-0.00034233,0.11279,-0.075835,0.00046037,0.072283,0.026741,-0.17999,0.078136,-0.054357,0.36868,-0.0074415,-0.1469,0.0018372,-0.13444
-0.12986,-0.21888,0.051765,0.00023813,-0.0091242,-0.072945,-0.041036,-0.0052287,-0.0022197,-0.0020161,-0.058683,0.033261,0.050601,-0.0050422,-0.012593,-0.0043474,-0.0073643,-0.031916,-0.31976,0.18157,0.041118,-0.072945,0.042083,0.0834,-0.031165,0.037956,0.19836,-0.094879,0.047081,0.30929,-0.13075,0.026004,0.17637,-0.069119,0.52033,0.015012,-0.06734,-0.045861,-0.16138,-0.0078574,0.026053,-0.0057041,-0.0072716,-0.37678,0.17335,-0.033496,0.092922,-0.10871,-0.0084984,-0.080413,-0.16316,-0.072945,0.033261,-0.023713,0.13265,-0.033483,0.033039,-0.043708,0.062107
-0.065091,0.0050969,-0.15039,-0.048497,-0.011194,-0.031167,0.23323,0.0021404,0.0065078,0.0069677,-0.025073,0.012458,-0.1863,0.0065486,0.014976,0.0056462,0.0095644,-0.066589,-0.39283,0.089155,0.0092417,-0.031167,0.0786,0.049854,-0.065023,0.28682,-0.11356,0.23482,0.072123,-0.088202,-0.020338,0.0058447,-0.17427,-0.04425,-0.24384,0.065812,0.17958,-0.085619,0.18493,0.0032164,0.0097583,0.0074896,-0.017361,-0.061855,0.089286,0.035986,-0.14195,0.19139,0.0086539,0.10506,-0.26013,-0.031167,0.012458,-0.049474,0.44171,0.040088,0.0075833,-0.12228,0.024602
0.028756,0.0030184,-0.028544,-0.033647,-0.038935,0.035301,0.17707,-0.056092,-0.006172,-0.0065099,0.028399,-0.024382,-0.17142,-0.0062897,-0.014519,-0.0054229,-0.0091863,-0.088104,0.18291,-0.071145,0.059909,0.035301,-0.089946,0.22456,-0.086033,-0.12664,0.037517,0.25962,0.09217,-0.23749,0.21414,0.037888,0.10296,0.051677,0.44934,-0.14506,-0.061327,-0.15873,0.16774,-0.084291,-0.019098,-0.0071008,0.002297,0.049363,-0.064093,-0.035001,0.045072,0.16253,-0.0083179,0.28902,-0.3575,0.035301,-0.024382,-0.065459,-0.22063,-0.032131,0.016761,-0.08691,-0.05018
0.020721,-0.032809,0.28873,-0.009822,-0.097807,0.064139,-0.20047,-0.027426,-0.0054214,-0.0061718,0.051598,-0.043547,-0.20958,-0.0043801,-0.0093419,-0.0037764,-0.0063972,-0.010192,-0.14802,-0.017106,-0.0023333,0.064139,-0.0122,-0.083924,-0.0099528,0.12777,-0.26635,0.039989,0.083522,0.15718,-0.03669,-0.0014757,0.10383,-0.042742,0.086532,-0.26403,0.13077,-0.034512,0.1048,-0.041214,-0.03411,-0.0052707,-0.10619,0.019313,-0.19369,-0.02093,-0.11779,-0.26475,-0.0052045,0.37116,0.090562,0.064139,-0.043547,-0.0075727,0.10122,-0.024734,-0.030456,0.47939,-0.08292
-0.15373,-0.25474,0.014754,-0.036458,-0.070461,0.06168,0.15031,0.028667,-0.0013958,-0.0018995,0.04962,-0.0032858,0.032708,-0.00043367,-0.00029259,-0.0003739,-0.00063338,-0.0082999,-0.062069,-0.23061,-0.046365,0.06168,-0.02394,-0.15457,-0.0081048,0.20754,0.19045,-0.038199,0.15917,-0.020414,0.033498,-0.029322,0.48324,-0.12764,-0.10649,-0.1823,0.35396,0.011234,0.021487,0.043079,-0.0025737,-0.00080723,-0.12427,-0.023859,-0.14241,0.00067537,-0.14215,0.06171,-8.3477e-05,-0.044355,0.17774,0.06168,-0.0032858,-0.0061666,-0.19014,0.0055154,-0.0079488,-0.3488,-0.017561
0.064608,0.096485,0.1176,-0.030776,0.095194,0.014924,-0.060081,0.040147,-0.0039825,-0.0042814,0.012006,-0.003181,0.083295,-0.0035164,-0.0079207,-0.0030318,-0.0051358,0.012084,-0.3315,0.039965,-0.063511,0.014924,-0.037816,-0.01745,0.0118,-0.32915,0.21712,-0.13882,0.097466,-0.24927,-0.049248,-0.040165,-0.19059,0.046071,0.35497,-0.025155,0.29044,0.046802,0.04219,0.06033,-0.0024916,-0.0039876,0.090078,0.39207,-0.20442,-0.018305,-0.16749,0.024792,-0.0043045,-0.087967,0.14691,0.014924,-0.003181,0.0089779,0.22714,-0.010563,0.016295,-0.082781,0.060292
-0.0019853,-0.19168,0.49993,0.035548,0.043468,0.073437,-0.067237,0.057074,-0.0030137,-0.0035112,0.059078,0.084343,-0.2035,-0.0021085,-0.0042705,-0.001818,-0.0030795,0.04462,0.078468,0.031635,-0.0014241,0.073437,0.0072142,-0.066556,0.043571,-0.038804,0.074459,-0.30897,0.18973,0.10481,0.097991,-0.00090065,-0.074444,-0.087647,-0.17515,0.16653,-0.15097,0.1025,0.2954,0.085767,0.066065,-0.0026024,0.0029106,0.14508,0.058394,-0.0088543,0.013648,-0.086191,-0.0022671,-0.009239,-0.39397,0.073437,0.084343,0.033151,-0.013238,-0.005287,0.11126,-0.19658,0.093229
-0.095905,-0.00093449,-0.0029533,-0.03835,-0.061326,-0.028626,-0.11874,0.052983,-0.004634,-0.0047204,-0.023029,-0.0014314,-0.11037,-0.0044689,-0.010497,-0.0038531,-0.006527,0.016554,0.10438,0.032324,-0.081051,-0.028626,-0.064323,0.046962,0.016165,0.40607,-0.10488,-0.043024,0.026335,-0.17182,0.20426,-0.051259,-0.29857,-0.10206,0.32207,0.088873,-0.1449,0.062562,0.27601,0.07962,-0.0011212,-0.0048476,-0.13582,-0.082892,0.11385,-0.024947,0.032741,-0.15424,-0.0056487,0.0055686,0.44701,-0.028626,-0.0014314,0.012299,0.016515,-0.028384,-0.10912,-0.27715,-0.057527
-0.13452,-0.15261,-0.30833,-0.025591,-0.0048155,-0.0071513,-0.21144,0.026503,-0.0059655,-0.0059678,-0.005753,-0.048847,0.29586,-0.0059318,-0.014102,-0.0051144,-0.0086636,0.038139,-0.035145,-0.022966,-0.088674,-0.0071513,-0.13119,-0.31958,0.037243,0.12398,0.15783,0.18719,0.012593,0.29208,0.098419,-0.056079,-0.059303,0.15362,0.082993,0.13775,0.039478,0.070427,0.2096,0.039826,-0.038261,-0.0063543,-0.032707,0.35636,0.12097,-0.033808,0.0021001,-0.040522,-0.0075826,0.079179,-0.25346,-0.0071513,-0.048847,0.028337,-0.070245,-0.026515,-0.20926,0.088255,-0.19634
-0.05113,0.098747,-0.0010469,-0.047324,0.00091094,0.042853,-0.13055,-0.040389,-0.0066388,-0.0068165,0.034474,-0.031195,-0.062311,-0.0062246,-0.014532,-0.0053668,-0.0090911,-0.081021,-0.04908,-0.03611,0.029499,0.042853,-0.050284,0.55709,-0.079117,0.3584,0.34425,-0.21407,-0.055117,0.14603,0.28209,0.018656,-0.10679,0.13481,-0.14433,-0.11275,0.087193,-0.13734,-0.1543,-0.060694,-0.024435,-0.0067784,0.041088,0.15741,-0.09421,-0.03424,-0.032582,-0.048005,-0.0077583,-0.17739,-0.068558,0.042853,-0.031195,-0.060197,-0.043903,-0.031827,-0.027539,0.13153,-0.089037
0.087453,-0.16036,-0.076004,-0.13745,0.078911,-0.020198,0.17427,0.017192,0.0020665,0.0024284,-0.016249,-0.010252,-0.23471,0.0013761,0.0027251,0.0011865,0.0020098,-0.13995,-0.039809,0.058122,-0.036087,-0.020198,0.04687,-0.28468,-0.13666,-0.14981,-0.17966,-0.045232,0.17496,0.3383,0.54532,-0.022822,-0.087582,0.016081,0.051729,-0.023544,-0.041965,-0.17015,-0.15574,0.025836,-0.0080299,0.0017178,0.090541,0.070978,-0.023097,0.0054405,0.037622,0.20402,0.0014223,-0.17135,0.20318,-0.020198,-0.010252,-0.10398,0.0086315,0.0060136,0.037869,0.075404,0.091556
0.17403,0.17203,0.14412,0.08392,0.11641,0.041659,0.036673,0.057029,0.075735,0.076291,0.033514,0.078266,0.18716,0.072916,0.17252,0.062867,0.10649,0.10852,0.12931,0.065542,-0.0074334,0.041659,0.1243,0.020034,0.10597,0.25554,0.098659,0.16516,-0.011776,0.10219,0.23751,-0.0047011,0.14519,-0.015333,0.16025,0.08922,0.1278,0.18622,-0.065741,0.085699,0.061305,0.078239,0.10232,0.034614,-0.024538,0.40979,0.11694,0.081754,0.091678,0.15825,0.022757,0.041659,0.078266,0.08063,0.12981,0.35597,0.1247,0.05225,0.13778
0,0.058192,0.074994,-0.063155,-0.0064765,0.71193,0.0045798,-0.18351,0.12068,-0.04033,-0.22925,0.2339,-0.080408,0.23359,-0.011436,-0.067467,-0.21388,0.066895,0.0035699,0.0018095,0.0050706,-0.25848,0.0054727,-0.050574,-0.020599,-0.010784,0.075711,0.085945,-0.019379,0.0011863,-0.010023,0.011494,0.012492,-0.0096057,-0.00090964,-0.055949,0.0035282,0.021744,0.026376,-0.028781,-0.056301,-0.030896,0.03462,-0.0002916,0.089113,0.011313,0.0032284,0.0021559,0.1137,-0.092093,0.016952,-0.22006,-0.10124,0.0011961,0.0035838,0.0098276,-0.15356,0.013066,0.016879
0,-0.34968,-0.17497,0.073067,-0.11269,-0.032299,-0.0049062,0.22067,0.12789,-0.084014,0.12701,0.14937,0.24866,0.46943,-0.0099131,0.011925,-0.38755,-0.022284,0.005343,0.0027082,-0.043646,0.039661,0.04331,0.16103,0.023131,0.038856,-0.21281,-0.20052,0.12905,-0.17824,0.036115,0.034096,-0.0074588,0.063062,0.015083,0.15663,0.0052806,-0.060589,0.010167,0.0025339,-0.028604,0.047092,0.046644,-0.019839,-0.16103,0.016933,0.0048319,0.015183,0.045837,0.057444,-0.024955,-0.015338,0.045448,-0.054656,0.0053638,0.014709,0.11151,0.15401,0.046719
0,0.27266,0.074721,0.57527,-0.18648,-0.198,-0.025787,-0.070487,0.022278,0.015397,0.043529,-0.039529,-0.21412,0.30013,0.0024014,-0.014551,-0.22562,-0.16064,0.0038499,0.0019514,-0.12223,0.047534,-0.025717,-0.094379,-0.080409,-0.061144,0.17838,0.085631,-0.023775,0.16335,-0.05683,-0.21594,0.03702,0.066646,-0.015786,0.0097647,0.0038049,-0.11586,0.054833,0.18016,-0.10574,-0.040775,0.090693,-0.039285,0.047021,0.012201,0.0034816,0.033563,0.057243,0.0011601,0.063593,0.090854,-0.08266,-0.10532,0.0038649,0.010598,-0.11342,-0.10696,-0.011226
-0,0.060574,-0.022974,0.097314,-0.41404,0.14344,-0.052652,0.54531,0.061177,-0.11094,0.20969,0.024174,-0.11699,-0.10333,-0.0060385,-0.3253,0.29391,0.078418,0.0016389,0.00083071,-0.024505,-0.11009,0.014985,-0.11777,-0.038434,0.014581,0.12188,-0.026329,-0.0054585,-0.063385,0.013552,0.0085479,-0.0035539,0.15037,0.0054224,-0.048605,0.0016197,0.0017087,0.0016998,-0.1297,-0.067104,0.1513,0.1497,-0.06276,0.055081,0.0051939,0.0014821,0.056656,-0.10156,-0.019471,-0.01009,-0.19971,0.020249,-0.039667,0.0016453,0.0045117,0.058739,0.053749,0.039805
-0,-0.15903,-0.18149,0.36273,0.24805,0.17184,0.18601,0.11116,-0.31062,0.31594,-0.16877,0.04728,0.019785,0.013912,0.065174,-0.18955,0.22612,-0.080338,0.016085,0.0081532,-0.1142,0.13432,0.050791,0.039228,-0.12208,-0.0076659,-0.0048721,-0.20799,0.0082458,-0.1286,-0.007125,0.087657,0.036824,0.041413,0.0081377,-0.11855,0.015897,-0.079862,0.097034,0.06253,0.015327,-0.256,-0.053631,0.073805,0.23213,0.050976,0.014546,-0.15841,0.049504,0.049366,0.038935,-0.026536,0.016842,-0.017128,0.016148,0.044281,0.022409,0.15892,0.0017281
0,-0.096338,0.072023,-0.075136,-0.32625,0.033728,0.21642,-0.11244,-0.025122,-0.022531,-0.31333,0.10978,0.14088,-0.083555,-0.0022514,-0.1274,0.17018,-0.10122,-0.0040186,-0.0020369,0.17961,0.2401,-0.010862,0.10965,0.18081,0.0047762,-0.13747,0.082539,0.031496,0.022764,0.0044392,-0.32293,-0.01056,0.24522,-0.0011775,0.094178,-0.0039716,-0.054967,-0.025767,0.36084,0.085237,0.056262,0.147,0.021834,-0.13039,-0.012735,-0.0036341,-0.22769,-0.074058,-0.045613,-0.012345,-0.065912,-0.17094,-0.015539,-0.0040342,-0.011063,-0.010467,-0.032709,0.074057
0,0.16079,-0.27302,-0.0021594,0.16275,0.19978,-0.13019,0.092008,-0.081598,-0.022154,-0.067318,-0.17063,-0.12708,0.081398,0.025365,0.086812,0.033115,-0.15539,0.010055,0.0050968,0.32851,-0.039085,-0.012908,0.0025275,0.10015,-0.074727,0.094644,-0.31289,0.085982,0.14852,-0.069455,-0.17041,0.05628,0.05767,-0.015824,0.19935,0.0099378,-0.010196,0.09793,-0.010442,0.19572,0.1403,-0.18453,-0.091796,-0.11547,0.031867,0.0090934,0.15155,-0.17951,0.33023,0.088337,-0.069651,-0.21087,0.0017627,0.010094,0.027681,0.12844,-0.071632,-0.011047
0,-0.15093,0.14906,0.35573,0.1507,0.20221,-0.17906,0.10443,-0.063424,0.05711,0.13515,-0.21807,0.2008,-0.1859,-0.014806,0.011543,0.098828,-0.040443,-0.016596,-0.008412,0.22287,-0.21595,-0.013809,0.063736,-0.030391,0.068348,-0.1762,0.17082,0.048151,-0.065141,0.063525,-0.13446,-0.066737,-0.21887,0.0096757,0.14595,-0.016402,-0.14175,-0.13232,0.14903,-0.12429,-0.083252,-0.045658,-0.057227,-0.29934,-0.052594,-0.015008,0.15038,0.021889,-0.12588,-0.095478,-0.045052,0.0039407,-0.02481,-0.01666,-0.045687,-0.23355,-0.016206,0.068456
0,-0.024806,0.015984,-0.068073,-0.16197,-0.097032,-0.30032,0.15289,-0.066955,0.11185,-0.31512,0.27228,0.053861,-0.048972,0.022862,0.025501,0.023637,0.20093,0.0096993,0.0049163,0.1115,0.063964,-0.0052017,0.13613,0.07301,-0.060729,-0.072407,0.018317,-0.031671,0.1061,-0.056444,-0.14225,0.048888,-0.20441,-0.011869,-0.060647,0.0095859,-0.19968,0.088413,-0.13466,-0.32117,-0.12208,-0.10055,0.1495,0.15957,0.030738,0.0087714,0.32383,0.079956,0.0054507,0.074821,0.16934,-0.15936,-0.13322,0.009737,0.026701,0.15946,-0.041341,0.12005
0,0.072478,0.051983,-0.24377,0.14033,-0.12564,0.10118,0.11305,-0.13715,0.18527,0.35617,-0.002787,-0.084491,0.22201,0.026904,-0.087736,-0.089143,0.3073,0.0057778,0.0029286,0.41255,0.26353,0.002539,-0.029653,0.071916,-0.027347,0.073516,0.059574,0.0045977,0.034306,-0.025418,-0.093686,0.024924,-0.017702,-0.0044307,-0.0014646,0.0057102,-0.12484,0.047961,-0.0037173,-0.044672,-0.20064,0.063165,-0.013001,0.052099,0.01831,0.005225,-0.091844,0.10413,-0.057836,0.036491,-0.31905,-0.047646,-0.025918,0.0058002,0.015906,-0.24934,-0.0030427,-0.03613
-0,-0.055929,-0.079431,0.015346,0.19089,-0.02323,0.18452,-0.0082635,0.1051,-0.16909,-0.022014,0.065827,-0.077768,0.006133,0.0094169,-0.0047984,0.070881,0.23104,0.016811,0.008521,0.30922,-0.26277,0.045773,-0.026583,-0.0070072,-0.019458,0.083589,-0.091029,0.055404,-0.096939,-0.018085,-0.069283,0.043929,0.047071,0.0050824,-0.010182,0.016614,-0.082952,0.10751,0.1695,-0.28348,0.25161,0.10236,-0.031024,0.12435,0.053276,0.015203,-0.15552,-0.15407,-0.041719,0.051166,0.47098,0.14318,-0.15805,0.016876,0.046279,-0.13468,0.13811,-0.15638
-0,0.0076267,0.057487,0.10558,0.09856,0.09738,0.025746,0.24635,-0.0049423,-0.13398,-0.23987,-0.16901,-0.027731,0.0069439,-0.0074698,0.38723,-0.126,-0.12327,-0.0057596,-0.0029194,0.0067328,0.3532,0.0041763,-0.079576,0.31561,0.037764,0.039793,0.06588,-0.087987,-0.068577,0.0351,0.10504,-0.02984,-0.12453,0.0075574,-0.18605,-0.0056922,-0.090876,-0.053408,0.017389,-0.18169,0.23948,0.026103,0.046265,0.14777,-0.018253,-0.0052085,-0.037165,-0.23658,-0.07637,-0.045988,-0.2529,0.19663,-0.088277,-0.0057819,-0.015855,-0.036356,0.028712,-0.0091787
-0,0.071091,0.00093665,-0.13741,0.029529,-0.059108,0.0014861,0.1641,-0.043809,0.090272,0.019813,-0.024788,-0.03317,0.16475,-0.027514,-0.22925,-0.069679,-0.29273,-0.023687,-0.012006,0.10224,-0.26156,-0.019806,-0.17936,0.52789,0.097401,0.055812,0.0010734,-0.1392,-0.092478,0.090529,0.069169,-0.095182,-0.016444,0.013765,-0.21872,-0.02341,0.0056966,-0.18879,0.14747,-0.015251,-0.17896,-0.083413,-0.0056742,0.041055,-0.075068,-0.021421,-0.04671,0.11991,0.041676,-0.13614,0.2659,-0.066429,0.10929,-0.023779,-0.065209,0.069844,-0.023503,0.14416
0,-0.01194,0.099663,-0.083509,-0.19169,0.0066344,-0.10539,0.049682,-0.10689,0.091708,-0.18431,-0.36204,-0.041494,0.13765,0.031981,-0.0028722,-0.016949,0.15876,0.012291,0.0062298,0.091506,0.0014772,0.01938,0.023835,-0.077947,-0.036283,0.034881,0.11422,0.084297,0.0013223,-0.033723,0.61768,0.042607,0.20189,-0.0028795,0.1164,0.012147,0.024503,0.090359,0.33013,0.032531,-0.041448,-0.099336,-0.054881,-0.032498,0.038951,0.011115,0.1306,-0.021376,-0.15322,0.057593,0.089498,-0.12558,-0.12104,0.012339,0.033835,0.025483,0.047048,-0.017056
0,-0.022993,-0.16405,0.066583,-0.13661,0.044886,-0.18534,-0.23127,0.037418,0.062361,0.007442,0.091109,-0.14844,-0.24507,-0.0095452,0.18017,-0.044487,0.29115,-0.0031357,-0.0015894,-0.05762,0.11776,0.050595,-0.25999,0.2036,0.09623,0.18917,-0.188,0.062001,-0.28502,0.08944,-0.09338,-0.052234,0.11069,0.02674,0.0083833,-0.003099,-0.16243,-0.069404,0.16855,0.14823,-0.15756,0.029299,-0.23637,-0.082259,-0.0099372,-0.0028357,0.18244,0.17243,0.018551,-0.094282,-0.021191,0.15633,-0.086821,-0.0031478,-0.0086321,0.04682,0.20063,-0.024343
0,-0.055025,0.12789,0.085033,0.20683,-0.061143,-0.0012681,-0.12306,-0.015715,-0.037322,0.22683,0.25048,-0.0020135,-0.018341,0.021933,-0.070197,0.14225,-0.067447,0.013992,0.0070921,-0.22814,-0.087732,0.022377,0.064718,0.42363,-0.040812,-0.0035065,0.14657,0.084898,-0.00010741,-0.037932,0.10373,0.04827,0.10446,-0.0031307,0.10902,0.013828,-0.16499,0.1026,-0.089709,0.079692,0.11524,-0.19627,-0.02287,-0.011511,0.044342,0.012653,0.027988,-0.10785,-0.19043,0.065113,-0.12789,-0.2827,-0.36723,0.014046,0.038518,0.083251,0.054764,-0.22568
-0,-0.024178,0.061367,0.10261,0.15087,-0.10154,-0.020612,0.1347,0.063343,-0.11375,0.015154,0.27279,-0.036598,-0.02953,-0.016602,0.12867,-0.044145,0.084815,-0.0056213,-0.0028493,0.062374,0.066247,0.017321,-0.1142,-0.23663,0.057599,0.058782,0.070328,-0.030124,-0.13482,0.053535,0.049562,-0.038989,0.091209,0.013578,-0.098863,-0.0055556,-0.1697,-0.06318,0.15574,0.049474,0.13814,-0.21126,-0.043041,0.041881,-0.017815,-0.0050835,0.010229,-0.094046,-0.11942,-0.063864,-0.0061367,-0.45157,0.55807,-0.0056432,-0.015475,0.061447,0.078731,0.0020645
-0,0.13519,0.0022839,0.072456,0.22361,0.0060028,0.19243,0.30858,0.26518,-0.11418,-0.20041,-0.10874,0.03746,-0.13578,-0.068476,-0.061015,-0.13703,0.37379,-0.022809,-0.011561,-0.13816,0.0022675,-0.061575,-0.022646,-0.050922,0.027228,-0.047565,0.0026174,-0.080948,0.12882,0.025307,-0.00055148,-0.059996,0.046425,-0.0066481,0.00067208,-0.022542,-0.10528,-0.14631,0.019946,0.10809,-0.089495,-0.10747,0.0095829,-0.15477,-0.072283,-0.020627,-0.23916,0.24309,0.16512,-0.070178,0.0053241,-0.15035,-0.2969,-0.022897,-0.06279,0.13957,-0.18536,-0.030754
0,0.047714,-0.1645,0.046552,-0.066689,0.0087991,-0.013667,-0.114,-0.039571,-0.050869,0.17341,0.21157,0.048437,-0.05626,-0.011379,0.039686,0.073148,0.08106,-0.011869,-0.006016,-0.063023,0.043815,-0.033121,0.015024,0.028654,0.012478,-0.053453,-0.18852,-0.081816,0.072563,0.011598,0.35628,-0.030416,-0.35367,-0.0039648,-0.07862,-0.01173,-0.029531,-0.075235,0.20783,0.083362,0.10462,0.31917,0.072397,0.0069961,-0.037614,-0.010733,-0.0087533,-0.13683,0.26205,-0.034972,0.01368,-0.29699,-0.15442,-0.011915,-0.032674,-0.29035,-0.10059,0.2483
-0,-0.076062,0.037392,0.017389,-0.020003,-0.036171,-0.070036,-0.094877,-0.14779,0.028405,0.051705,-0.097487,0.050288,0.17793,0.00085627,0.0020308,-0.014807,0.11205,-0.01367,-0.0069288,0.11447,-0.096548,0.0066924,-0.083715,-0.20633,0.084588,-0.019781,0.042852,-0.11861,-0.14626,0.07862,-0.24155,-0.068425,-0.21381,0.016429,-0.24845,-0.01351,0.33421,-0.12407,0.17001,0.14716,0.055751,0.06064,0.066962,0.14179,-0.043321,-0.012362,0.045118,-0.1646,-0.068314,-0.10453,-0.11452,-0.17673,-0.31114,-0.013723,-0.037631,0.39547,0.055819,-0.20693
-0,-0.027668,0.028066,0.016517,-0.035493,0.018156,-0.010646,-0.13626,-0.10949,-0.033816,0.092949,-0.13057,0.059463,0.17534,0.0083933,-0.018677,0.033845,0.27876,-0.0046407,-0.0023522,-0.10997,-0.087618,-0.0096349,0.033035,-0.0078324,0.010071,-0.057155,0.032164,-0.088286,0.011379,0.00936,-0.16066,-0.014362,0.20706,2.1339e-06,-0.15439,-0.0045864,-0.18866,-0.032183,-0.043592,0.22676,0.15508,-0.3796,0.11888,0.1354,-0.014707,-0.0041967,0.0019679,-0.22544,-0.0038169,-0.018425,0.034953,0.1845,-0.070143,-0.0046587,-0.012775,-0.11793,-0.026636,0.54988
-0,-0.10214,0.061347,0.065196,-0.011573,-0.038287,-0.031056,0.18353,0.10776,-0.034617,-0.16887,-0.055592,-0.028129,-0.023074,0.0023032,0.026739,-0.061172,-0.096433,0.012037,0.0061011,0.1467,0.11336,0.045121,-0.022256,0.0083281,0.0054021,0.043414,0.070304,0.042541,-0.13269,0.0050209,-0.07193,0.022259,-0.070481,0.0094201,-0.031072,0.011896,0.12964,0.066676,-0.35029,0.55164,-0.01028,0.12741,-0.021977,0.10426,0.038146,0.010885,0.054541,0.09293,-0.18997,0.018943,0.2792,-0.19306,-0.14137,0.012084,0.033136,-0.35249,0.14616,0.053541
0,0.010842,-0.023776,0.033276,0.030928,-0.036832,0.027469,0.0085745,0.024579,0.012695,0.082452,0.23322,-0.02816,-0.15799,-0.01146,0.16312,-0.042838,-0.19232,-0.0057297,-0.0029042,0.17652,0.098706,0.0032502,-0.077705,-0.14556,0.036152,0.039402,-0.027248,0.0011455,-0.063585,0.033601,0.058716,-0.029012,0.29773,0.0070947,-0.00069096,-0.0056627,0.48393,-0.052376,-0.039816,-0.31854,-0.059466,-0.28808,-0.0644,-0.054383,-0.018158,-0.0051815,-0.038859,0.068051,0.011212,-0.044453,-0.03961,-0.10189,-0.32752,-0.005752,-0.015773,-0.11543,0.0251,0.31009
-0,-0.10221,-0.047846,0.037474,-0.11863,0.042043,0.067085,-0.011406,0.2931,-0.079592,0.27815,-0.18721,0.037451,-0.2954,-0.0051364,0.1967,-0.11467,-0.15114,0.024678,0.012509,0.1471,-0.16283,0.029064,0.1712,0.046584,-0.088276,-0.054067,-0.054832,-0.030328,0.053143,-0.082048,-0.0094037,0.092886,0.027012,-0.010394,-0.15273,0.02439,-0.088204,0.18965,0.22992,0.086503,-0.073016,-0.028847,0.2188,0.36712,0.078208,0.022317,-0.021111,0.2885,-0.019577,0.12975,-0.13969,-0.064172,0.0095652,0.024774,0.067937,0.13865,0.056757,0.081358
0,0.041054,0.045108,-0.055452,-0.18908,0.087632,0.1708,0.23915,-0.36781,0.25426,0.091508,0.10953,0.0036808,-0.059733,0.046993,0.57621,-0.10524,0.062895,-0.0022959,-0.0011637,-0.10858,-0.3341,-0.015225,0.017044,0.019832,-0.011394,-0.012048,0.051695,0.0042134,0.059233,-0.01059,-0.066838,0.00068323,0.14566,-0.0048957,0.04717,-0.0022691,-0.047038,-0.0071946,-0.086752,0.072338,-0.12944,0.15105,-0.0057474,-0.059292,-0.0072761,-0.0020763,-0.17802,-0.12588,-0.0033657,0.0058707,0.1177,-0.072762,-0.00016711,-0.0023049,-0.0063205,0.017841,-0.053216,-0.057283
