0.062221,0.016922,0.0051408,0.0067364,0.0066585,0.01142,0.0060666,-0.0046968,0.0036447,0.0053501,0.025416,0.0021456,-0.004788,-0.0045117,0.002709,0.084438,0.012165,0.019647,0.0068106,0.0028901,0.013333,0.0066531,0.033974,0.020689,0.011153,0.019402,0.0060003,0.76964,0.030574,0.014175,0.0066504,0.0026124,-0.0010053,-1.0819e-05,-0.0012296,0.014501,0.014972,-0.0059202,0.012703,0.014616,0.0053161,0.014676,0.015299,-0.0029945,0.0048401,-0.00041295,-0.0012296,0.022916,0.028801,-0.0010534,0.023053,-0.62105,0.0064989,0.046906,-0.00067322
-0.36744,-0.087277,-0.054824,-0.024792,-0.032302,-0.068772,-0.004961,-0.0011583,-0.008888,-0.057057,-0.10971,-0.025439,-0.0083698,-0.0068207,-0.0030527,-0.42371,-0.031674,-0.085037,-0.053588,0.0048163,-0.086569,-0.035789,-0.052441,-0.080125,-0.065528,-0.015009,-0.06399,0.5335,-0.030777,-0.083434,-0.070924,-0.009459,-0.0087239,-0.02806,-0.04543,-0.0037744,-0.035144,-0.00146,-0.08413,-0.020455,-0.028597,-0.085294,-0.069901,-0.017767,-0.0061357,-0.032033,-0.04543,-0.050417,-0.018549,-0.043215,-0.085903,0.52102,-0.022379,-0.06481,-0.023256
-0.31779,-0.040749,0.32947,-0.0098179,-0.021192,0.005633,0.0090979,0.001148,-0.0045103,0.34288,-0.079527,-0.022214,0.021842,0.023251,-0.00096817,-0.28029,-0.014525,-0.024478,-0.021814,0.0017268,-0.056755,-0.006322,0.12914,-0.04978,-0.058486,-0.011331,0.38455,-0.084321,0.14538,0.28537,0.42622,0.00036193,-0.0072196,0.15953,0.038354,0.0079922,-0.021597,0.001447,0.0033414,0.0066978,-0.0050516,-0.026192,-0.029033,0.019704,-0.0041966,0.17662,0.038354,-0.034055,-0.023621,0.16799,-0.034407,-0.15568,0.010588,0.0046626,-0.0021554
0.78409,-0.0038944,0.059398,-0.064679,-0.080301,-0.12133,-0.028663,-0.0071841,-0.01268,0.061817,-0.038013,0.076113,-0.0030021,-0.0016666,0.00064953,-0.40725,-0.026157,-0.011606,-0.065358,-0.00031262,-0.047835,-0.034949,-0.005922,-0.043963,0.013311,0.024743,0.069329,0.042554,0.060397,0.053952,0.076841,0.0056054,0.0011731,0.025756,-0.11387,-0.035391,0.040221,-0.0090553,-0.099346,-0.082015,-0.027926,-0.13764,-0.11629,0.0036054,0.034348,0.023096,-0.11387,-0.015531,0.019037,0.027393,-0.14064,0.044081,-0.028147,-0.19557,-0.068051
0.045631,0.20053,-0.073714,-0.020329,-0.044068,0.2298,0.0033439,-0.0010413,-0.0037182,-0.076715,-0.072905,0.018518,0.0051544,0.0022104,-0.0013481,-0.36554,-0.007553,0.2173,-0.021288,0.0020724,-0.072331,-0.030749,0.1166,-0.051318,-0.04004,0.010366,-0.086038,-0.040208,-0.032018,-0.081146,-0.095361,0.011826,-0.0061938,-0.03189,0.49641,-0.0014318,0.0095033,-0.0013125,0.34309,-0.0080372,-0.02457,0.13172,-0.071624,0.015065,0.011392,-0.033096,0.49641,-0.015726,-0.0075263,-0.016572,-0.084431,-0.087472,0.01808,-0.044622,-0.013798
0.0066948,-0.028942,-0.066688,0.045169,-0.042952,-0.0075725,0.17203,0.026133,-0.015049,-0.069404,-0.0097966,0.016724,0.034291,0.027829,0.015839,-0.35397,0.049514,-0.050651,0.0010791,-0.0061887,-0.077784,-0.012659,-0.10542,-0.033091,-0.02676,0.034377,-0.077838,-0.13245,-0.044412,-0.066551,-0.086272,0.04354,-0.015757,-0.015604,-0.096387,0.24042,0.16345,0.03294,-0.080759,0.26766,-0.010115,-0.11775,-0.063763,0.050467,0.0038737,0.0073919,-0.096387,0.11334,0.0053028,0.036354,-0.0084149,-0.16043,0.25374,0.66547,0.10996
0.10427,0.084849,0.035685,0.10796,-0.043031,0.23167,-0.0088027,-0.091809,-0.036943,0.037138,-0.24485,0.041911,-0.14345,-0.12626,0.0065218,0.031132,0.12858,0.1966,-0.31216,-0.0064698,-0.0036468,0.24356,-0.042622,0.14254,-0.09781,-0.021033,0.041651,0.069859,0.043723,0.24653,0.046164,-0.096351,-0.0046314,-0.048768,0.061836,0.0098855,0.10139,-0.11572,-0.12923,0.053467,0.19461,-0.19481,0.15178,-0.21254,0.01839,-0.059201,0.061836,-0.015769,0.0078306,-0.20633,0.36186,0.14795,-0.20788,0.19273,-0.028122
0.07375,0.045573,0.10281,-0.15574,-0.0069256,-0.11632,0.092487,-0.1012,-0.0062296,0.10699,0.30394,0.010698,-0.19326,-0.17318,0.012869,0.18034,-0.183,0.0035245,-0.19613,0.0061406,0.18645,-0.14827,0.19756,-0.076015,0.010672,-0.11621,0.11999,0.086051,-0.070671,-0.050158,0.133,-0.043957,0.021828,-0.04276,0.093611,0.18334,0.013878,-0.12756,-0.039116,0.028548,-0.11848,0.18413,-0.1473,-0.22383,-0.024309,-0.044932,0.093611,0.12499,-0.038356,-0.18323,-0.25865,0.17579,-0.030794,0.29653,-0.23069
-0.023121,0.18998,0.029486,0.36515,-0.13823,0.12903,-0.020031,0.0058252,-0.03194,0.030686,0.02597,-0.020931,-0.027119,-0.020164,-0.0020434,0.11784,0.37028,-0.11293,-0.19051,7.7571e-05,0.05749,-0.17689,0.11236,-0.26345,-0.034167,0.15459,0.034415,-0.0070625,-0.083875,-0.11421,0.038144,-0.021789,0.0070915,0.002868,-0.0027294,-0.074472,0.12067,0.0073424,-0.17444,0.22861,-0.14134,-0.006443,-0.31562,-0.053742,0.0045729,0.010036,-0.0027294,-0.12439,0.22817,-0.037185,-0.10327,-0.0028282,-0.067242,-0.14442,0.30535
0.074423,0.036073,0.094034,0.056693,0.11298,-0.012177,-0.0092661,0.21965,0.042561,0.097862,-0.041329,0.0087649,-0.30199,-0.30104,-0.017421,0.016104,0.07194,-0.028458,0.41816,-0.0063712,-0.18464,-0.068726,-0.058217,0.088309,0.19788,0.039516,0.10975,0.068533,0.035084,0.039487,0.12165,0.023111,-0.012958,-0.11226,0.016434,-0.0088589,0.030849,0.27686,0.17523,0.020598,-0.054915,-0.026179,0.076943,-0.25927,0.013595,-0.12486,0.016434,0.071777,0.0037736,-0.23371,0.0066848,0.11892,0.22046,-0.010299,0.28356
-0.061614,-0.17751,-0.085607,-0.10311,-0.20429,0.037842,0.023073,0.056264,0.033598,-0.089093,0.053164,-0.10413,-0.12687,-0.17459,0.06459,-0.12374,-0.088561,0.053115,0.022649,0.032733,0.27207,0.18661,0.35081,-0.20107,-0.065255,0.1977,-0.099919,-0.07617,0.47568,0.087093,-0.11075,0.11949,0.039838,-0.12789,-0.071918,-0.048393,-0.077608,0.070919,-0.10486,-0.024258,0.14911,0.13471,0.012614,-0.050198,0.012969,-0.11958,-0.071918,-0.16923,0.16345,-0.095092,0.021097,-0.071573,0.15856,-0.0262,0.019243
0.090223,0.012416,0.025114,-0.080644,-0.18176,0.1654,0.06907,0.20109,-0.086401,0.026136,0.099674,-0.096444,0.030474,0.057622,-0.068837,0.022675,-0.13647,0.012618,-0.052581,-0.013382,0.30158,0.16803,-0.2379,-0.17961,0.12161,-0.27174,0.029312,0.068013,-0.28966,0.11694,0.032488,-0.045833,0.015605,0.040804,0.089942,0.0087762,-0.18289,0.25347,-0.189,0.004846,0.13426,0.04126,-0.086585,0.0020281,-0.049775,0.072813,0.089942,-0.26276,-0.25057,0.039436,0.068553,0.03932,0.21486,-0.0051994,0.2122
0.126,-0.20952,0.028532,0.089903,0.064306,0.060561,0.037879,-0.18988,-0.19598,0.029693,0.13701,-0.22092,-0.08004,-0.16477,-0.047509,0.062144,0.16316,-0.30346,-0.010494,-0.016637,-0.017296,0.031642,-0.26569,-0.061402,-0.20513,0.1379,0.033302,0.050779,0.018881,0.10735,0.03691,0.18262,-0.03782,-0.071722,0.013849,0.025044,-0.08057,-0.23934,0.42018,0.083981,0.025284,0.054326,-0.08014,0.092071,0.065323,-0.067149,0.013849,-0.29424,-0.12231,0.087329,0.086464,0.072915,0.11631,0.03906,-0.11885
-0.0094513,0.2151,0.030507,-0.0028805,-0.061211,0.072349,-0.059112,-0.058451,0.24156,0.031749,0.22997,-0.31022,0.0094569,0.032486,0.0191,-0.028581,-0.12022,-0.026633,0.072659,-0.069159,-0.097415,0.025867,-0.37824,-0.29075,0.28491,0.14003,0.035607,-0.0051695,0.10672,-0.041395,0.039465,0.026008,-0.047053,0.030328,0.080892,0.076344,-0.14347,-0.073675,-0.084829,-0.074128,0.020669,-0.19769,0.17463,-0.009858,-0.10463,-0.0085949,0.080892,0.0022535,0.40232,-0.01419,0.020483,0.0030341,-0.12338,0.070785,-0.14492
0.067757,-0.15279,-0.040584,-0.047787,0.13585,-0.091385,-0.022645,0.087596,-0.19749,-0.042237,-0.064251,-0.19093,-0.069897,0.52639,0.038939,0.072043,0.040416,-0.11315,-0.057679,0.0072671,0.0023552,-0.063108,0.085206,0.080705,0.17469,0.12266,-0.047369,0.023897,0.22893,-0.020303,-0.052502,-0.10092,0.058978,0.25179,0.081381,0.019037,-0.0011957,0.11041,0.12523,-0.093664,-0.050426,-0.069388,-0.10267,-0.31327,0.078646,0.26132,0.081381,-0.20971,0.026928,-0.15547,0.035849,0.056061,-0.04233,0.17178,0.033704
0.039926,-0.046494,-0.032168,0.0058717,-0.030697,0.11704,0.11418,-0.076013,0.22185,-0.033478,0.22528,0.062906,-0.15334,0.3093,-0.13442,-0.084938,0.085101,-0.11073,0.12461,0.011584,-0.0069663,0.1427,0.13956,-0.06484,-0.2631,-0.11234,-0.037546,0.019004,-0.23689,0.14842,-0.041615,0.082726,-0.14665,0.14422,-0.046468,0.03842,-0.024465,-0.095811,0.067224,0.24749,0.11403,0.072026,0.29253,-0.25141,0.070644,0.19924,-0.046468,0.17131,0.16168,-0.098714,-0.057803,0.034503,0.12755,-0.20314,-0.0018236
-0.021112,-0.11018,-0.019295,-0.11104,0.10845,-0.12565,-0.06486,0.16837,-0.16426,-0.020081,0.2441,-0.093876,0.172,-0.16485,-0.13912,-0.072215,0.055381,-0.25337,-0.094268,0.00030526,-0.021,0.071252,0.28224,0.1459,0.0047732,-0.05611,-0.022521,-0.033249,-0.25629,0.16825,-0.024962,-0.24326,-0.15958,-0.093193,0.088215,0.13529,0.033834,0.21222,0.038395,-0.057573,0.056934,-0.2317,0.023653,0.14135,0.14839,-0.15845,0.088215,-0.07242,0.35584,-0.0063663,0.055571,-0.040328,-0.1267,-0.0041262,-0.0062448
-0.050725,0.020724,0.028407,-0.15025,0.095397,0.097838,0.025861,0.014157,-0.32588,0.029563,-0.065514,0.15596,-0.10093,-0.0013741,0.17534,-0.0073216,-0.30154,0.015758,-0.091644,-0.081623,0.1217,0.01664,-0.092752,0.19888,-0.062926,0.18282,0.033156,-0.013386,-0.24209,-0.076765,0.036748,0.41943,-0.1039,0.012022,-0.018527,-0.25318,-0.058551,0.017845,0.014139,0.010306,0.013296,-0.093109,-0.17672,-0.078346,-0.13489,0.077496,-0.018527,0.089852,0.39372,0.0017866,0.063014,-0.022104,0.095542,-0.016851,0.018162
0.068685,-0.027173,-0.0098908,-0.11218,0.20808,0.055704,0.27199,-0.13257,0.12272,-0.010293,-0.25191,-0.15946,0.033543,-0.14726,-0.19938,-0.0315,-0.062938,-0.072016,-0.12801,0.06657,-0.064431,-0.12094,0.17416,0.11538,0.29424,-0.22761,-0.011544,-0.0077329,-0.015881,-0.069929,-0.012795,0.0074248,0.15793,-0.079955,-0.013769,-0.28013,-0.25462,-0.1671,-0.05158,0.29403,-0.096635,0.048282,0.18486,0.02334,0.043905,0.08975,-0.013769,-0.22099,0.15337,0.065868,-0.043602,-0.0097868,0.031567,0.051285,0.096096
-0.042069,-0.134,-0.0075039,-0.082659,-0.10709,-0.12813,-0.054045,0.023854,0.15975,-0.0078094,-0.12431,-0.23641,0.006549,0.00094918,0.22835,-0.026514,0.31842,0.38282,0.028454,-0.066196,0.13264,-0.087488,-0.074444,-0.016682,0.064457,-0.11295,-0.0087585,-0.0065459,-0.30889,0.22863,-0.0097075,0.22823,0.14573,-0.002875,-0.0923,-0.038128,0.020597,0.030067,0.12653,-0.15477,-0.069908,0.10057,-0.041126,-0.011524,0.35762,-0.018667,-0.0923,-0.034568,0.17512,-0.026614,-0.10876,-0.012851,-0.072834,0.10291,-0.067322
-0.051963,0.40499,-0.0014728,0.025343,-0.21337,-0.21064,-0.09098,-0.057325,0.11108,-0.0015327,0.20122,0.12133,-0.10662,0.056773,-0.30223,-0.10936,0.029703,0.09642,0.11586,0.072228,-0.076226,-0.04644,0.10251,0.23366,-0.0053659,-0.017088,-0.001719,-0.0020356,-0.054168,-0.035905,-0.0019053,0.058413,-0.18442,0.028457,-0.10935,-0.14239,-0.060714,-0.072256,0.021259,-0.17773,-0.037108,0.13862,-0.14249,-0.030101,0.0038872,0.021367,-0.10935,-0.38659,0.02221,0.016345,0.29386,0.0070403,0.048062,0.17577,-0.061798
-0.043988,-0.071591,0.0084397,-0.13103,-0.022287,0.18237,0.033035,-0.010976,-0.057413,0.0087833,-0.048488,-0.065374,-0.029484,-0.0044635,-0.36626,-0.06481,-0.043923,0.16673,-0.045253,-0.03821,0.0021992,0.00090234,-0.071376,0.049883,0.17729,0.61663,0.0098507,-0.013064,-0.23833,0.074898,0.010918,-0.34751,0.096712,0.0014918,-0.11787,0.048537,-0.036563,-0.013835,-0.0042905,0.054336,0.00072102,0.243,-0.068751,-0.0211,0.077669,0.0058279,-0.11787,0.13223,-0.048468,-0.0076728,-0.0051069,-0.016584,0.054825,-0.080791,-0.10695
-0.022738,-0.062997,0.0055717,0.10474,-0.080154,-0.076853,-0.067935,0.0018353,-0.16889,0.0057986,-0.1001,0.16366,-0.039093,0.059633,-0.38029,0.088375,-0.028672,0.095879,0.030766,-0.027047,-0.16913,0.094044,0.0045392,-0.08024,0.0074022,-0.21455,0.0065033,-0.0058172,0.019444,-0.020272,0.0072079,0.18053,0.56653,0.03308,-0.0028263,0.36789,-0.035716,0.0023133,0.055262,0.0036807,0.075146,-0.046018,-0.13199,0.0060174,-0.11896,-0.070576,-0.0028263,-0.030573,0.26254,-0.022253,0.029515,-0.005694,0.093025,-0.10097,-0.11522
0.054324,-0.1964,0.028461,0.10468,0.0036131,-0.039017,-0.16085,-0.0046421,0.0033546,0.029619,-0.10042,-0.1627,-0.015428,0.013547,0.081136,-0.087566,-0.12202,-0.15067,0.056467,0.53329,-0.10311,0.076758,0.10281,-0.14195,0.1707,0.035082,0.033219,-0.015547,-0.27918,-0.085302,0.036818,0.17896,0.0061985,0.019699,0.031058,-0.0066401,0.32404,-0.0058512,-0.09528,-0.017102,0.061334,0.31997,0.076393,-0.017108,-0.20213,-0.047084,0.031058,-0.030191,-0.019581,-0.036971,0.19792,-0.031042,-0.16167,0.026909,-0.051267
-0.024492,0.17433,-0.020692,-0.023988,0.08346,0.32435,0.028538,0.037339,-0.21309,-0.021534,0.0042379,-0.067868,0.018251,0.0091204,-0.030602,-0.017192,0.12958,0.02596,-0.1071,0.55751,-0.084966,-0.038631,-0.083385,0.027898,0.012753,-0.19319,-0.024151,-0.018381,0.18186,0.067443,-0.026768,0.033118,-0.19229,-0.0045925,-0.15178,0.15694,-0.32719,0.047064,0.028911,-0.17528,-0.030868,0.080488,-0.14156,-0.010445,0.13693,-0.025514,-0.15178,0.23643,0.064491,-0.035416,-0.09529,-0.015935,0.02613,-0.019019,-0.015716
-0.041872,0.088103,-0.011713,-0.026979,-0.084002,-0.033481,-0.13974,-0.059068,-0.18911,-0.012189,0.25262,-0.21197,-0.1163,0.022901,0.25237,-0.074188,-0.069417,0.18412,0.1064,0.10267,-0.029225,0.049524,0.085201,-0.036725,0.10095,-0.1958,-0.013671,0.0019444,0.011633,-0.0024732,-0.015152,-0.32008,0.21166,0.0064978,-0.10583,-0.26687,0.06301,-0.074454,0.21447,0.36786,0.039572,-0.18556,-0.19356,0.024563,-0.037839,0.002258,-0.10583,0.16866,-0.025775,0.064097,0.21077,0.0083896,0.077427,-0.094066,-0.095582
-0.050732,-0.10104,-0.012609,-0.085113,-0.018442,0.06211,-0.057897,0.064425,-0.045177,-0.013122,0.14358,-0.17681,0.049824,0.0047627,-0.30083,-0.091258,0.02387,0.021606,-0.13546,-0.27662,0.012115,-0.078266,-0.13737,0.14633,0.22101,-0.2155,-0.014717,-0.015128,0.26388,0.0081865,-0.016312,0.31558,-0.22676,-0.0032063,0.0077712,0.0029946,0.31248,0.081206,-0.083811,0.23776,-0.062539,0.18513,-0.12717,-0.019013,0.097174,-0.02933,0.0077712,0.18449,-0.085064,-0.056018,0.15363,-0.02368,-0.14062,-0.17414,-0.043556
0.054284,-0.07181,0.0071254,0.099274,0.029928,0.43809,-0.12192,-0.067814,-0.10244,0.0074155,-0.14502,-0.037995,-0.053563,0.027194,-0.10146,0.0066347,-0.028603,-0.082936,0.17084,-0.35679,0.014764,0.030335,0.20717,-0.19822,0.087013,-0.25788,0.0083167,0.029113,-0.045268,-0.066677,0.0092179,-0.16457,-0.14189,0.017139,-0.15049,-0.14387,0.17327,-0.085477,0.12376,-0.35401,0.024239,0.095121,-0.032642,0.057111,-0.11402,-0.0041541,-0.15049,0.042706,0.1161,0.076434,-0.067896,0.051806,0.024728,0.21099,-0.040062
0.077323,-0.157,0.029154,0.05902,-0.10232,-0.12604,0.14006,-0.037693,0.06712,0.030341,-0.24115,-0.1246,-0.010423,0.0040891,0.25162,0.041698,-0.045201,0.093288,0.018214,-0.12555,-0.047777,-0.097971,-0.038818,0.10783,-0.08694,-0.11575,0.034028,0.011562,0.014578,-0.1337,0.037715,-0.27772,-0.29882,0.015158,0.031794,0.3635,-0.1309,-0.04751,-0.051352,0.060444,-0.078284,0.27163,-0.12571,0.023989,-0.092928,0.0012863,0.031794,-0.020642,0.26362,0.033763,0.31721,0.028213,0.21579,-0.16944,-0.024038
0.030156,0.1009,-0.0035175,0.050891,-0.011371,0.083632,0.02154,-0.016956,-0.0027286,-0.0036607,-0.028231,-0.2504,0.019727,0.022405,0.086155,0.044924,0.012199,0.043018,-0.0030664,-0.18602,-0.16572,-0.021395,0.46924,-0.061087,0.15832,0.14879,-0.0041056,0.0049501,-0.1941,-0.050207,-0.0045505,0.34246,-0.085892,0.0099151,-0.049709,0.25791,-0.27532,-0.021373,-0.047665,-0.013434,-0.017096,-0.28669,-0.03231,0.017478,-0.0345,-0.033884,-0.049709,0.080556,-0.35087,-0.0090242,0.16578,0.015429,0.033621,-0.071743,-0.062418
0.056651,0.28578,-0.059871,0.14567,0.42954,-0.023557,0.19088,0.11875,-0.025525,0.25927,0.081719,0.13546,0.21706,0.018078,0.10957,0.007309,0.073276,0.11935,0.035555,0.0097237,0.21643,0.06605,0.095476,-0.07983,0.21066,0.088739,0.011615,0.13622,0.085644,0.16575,-0.14795,0.073286,0.022804,0.025849,-0.024247,0.13178,0.22007,-0.019052,0.05432,0.046269,0.10035,0.14443,0.049226,0.10451,0.017309,0.083369,-0.024247,-0.051263,0.08737,0.18006,0.10346,0.24241,0.1704,-0.027792,-0.12062
0.22616,-0.053793,0.073101,-0.015699,-0.084364,0.069935,-0.16732,0.11346,0.048842,-0.0044761,0.059649,-0.13648,0.20384,0.084296,-0.12052,0.16782,-0.013177,0.1243,0.13753,0.025607,-0.04487,-0.028232,0.12267,0.064606,-0.29542,0.11401,0.064908,0.17502,0.11004,-0.011133,0.11223,0.09416,0.087873,0.065111,0.07617,-0.13175,-0.19169,0.18528,-0.018158,0.1688,-0.034474,0.16362,0.034601,0.23429,-0.018257,0.026049,0.07617,0.21538,0.11226,0.17997,0.10319,0.31145,-0.11759,0.29204,0.14662
0,0.0045844,0.8257,-0.23571,0.068249,0.039899,-0.00811,0.011598,0.032913,-0.31583,0.022713,0.10274,0.027226,0.050996,0.034288,0.035139,0.19167,0.010697,-0.023947,0.027423,-0.012033,0.033091,0.017021,-0.060167,0.072311,0.01582,-0.18209,0.024285,0.015268,-0.059722,-0.12209,0.013065,-0.0085265,-0.013674,0.014627,0.010265,0.073146,-0.050884,-0.018179,-0.00082358,0.012711,-0.01725,-0.0023562,0.034573,-0.042291,-0.044545,0.014627,-0.031578,0.015576,0.023417,0.060738,0.043216,0.12104,-0.01489,-0.019823
-0,0.13663,0.17799,0.31061,0.42869,-0.12923,0.0041746,0.058124,-0.060519,-0.028952,0.089077,-0.28836,-0.059616,0.094956,-0.027865,-0.28016,-0.075623,0.010109,-0.016316,-0.1753,0.15432,-0.0070988,-0.055259,0.037338,-0.28346,-0.05136,-0.082293,-0.078842,-0.049569,-0.048722,0.012875,-0.042416,0.20571,-0.16057,-0.058332,-0.038825,-0.18593,0.013278,-0.10955,-0.11911,0.011359,0.2004,0.027314,-0.032295,-0.081347,-0.087007,-0.058332,0.07929,-0.050568,-0.20621,0.069567,-0.1403,-0.13703,-0.016271,0.07372
-0,0.43017,0.0039911,-0.14714,-0.14407,-0.27827,0.14165,-0.38838,-0.17198,-0.16354,-0.3205,-0.26058,0.09565,-0.067545,-0.07439,0.074021,-0.030098,-0.23537,0.097839,-0.038289,0.10045,0.11556,0.010416,-0.061237,-0.047657,0.0096811,-0.042057,0.014861,0.0093435,0.17567,0.030277,0.0079952,-0.0018329,0.13618,0.006379,0.0087512,0.14203,0.18316,0.064607,-0.021294,0.086377,0.08162,-0.0024975,-0.024714,-0.0047797,-0.0095123,0.006379,0.18938,0.0095317,-0.0068433,-0.063048,0.026446,0.017644,-0.027271,0.089184
-0,-0.052547,-0.19779,-0.20587,0.33197,-0.11275,-0.15611,-0.23933,0.053073,-0.21573,0.033844,0.062659,-0.16954,0.22946,-0.029005,0.023077,0.15393,0.12493,-0.017398,-0.0022941,-0.071072,0.28601,0.0068519,-0.11847,0.075684,0.0063685,0.334,0.0097761,0.0061464,0.15518,0.066462,0.0052594,-0.10661,-0.15001,0.071433,-0.019149,-0.019847,-0.088911,-0.15488,-0.0052644,-0.183,0.015373,-0.15808,0.22861,-0.11883,-0.13594,0.071433,0.012907,0.0062702,-0.081402,-0.017198,0.017397,0.14051,0.013289,0.19939
0,-0.11351,0.009821,-0.12739,-0.019453,-0.092652,0.16399,0.013797,-0.027937,0.24496,0.071695,0.078814,0.21998,-0.12793,-0.083647,-0.064288,0.054701,0.077816,-0.025885,0.011108,0.080908,0.10303,-0.0078172,-0.17214,0.0085817,-0.0072657,-0.028644,-0.011153,-0.0070123,-0.10442,-0.10741,-0.0060004,-0.0077051,0.50602,-0.031438,-0.083344,-0.077823,-0.22686,0.16878,-0.10422,-0.19515,-0.03175,0.017901,0.059759,-0.081342,-0.2072,-0.031438,0.1097,-0.0071536,-0.33998,0.19077,-0.019848,-0.058154,0.0082134,0.28997
0,-0.050621,-0.038165,0.11554,0.037819,-0.21421,0.1515,0.3025,0.027356,-0.076612,-0.062838,-0.1735,-0.18528,-0.23109,-0.18023,0.045635,0.23924,0.032097,-0.031595,0.052593,0.023821,0.37541,-0.0021478,-0.017132,-0.024896,-0.0019963,-0.023106,-0.0030644,-0.0019266,-0.26235,0.082261,-0.0016486,-0.072413,0.10436,0.10756,-0.17774,0.0074615,-0.094322,-0.09452,-0.14938,0.0041548,-0.091645,-0.11334,0.043368,0.013095,0.33977,0.10756,0.21519,-0.0019655,0.11912,-0.030736,-0.0054531,0.12622,0.010406,-0.22352
0,0.05633,0.031618,0.14503,-0.0005088,-0.15783,-0.25564,0.14444,-0.27777,-0.14104,-0.011668,-0.13468,-0.12538,-0.078155,-0.093575,0.046312,-0.21744,0.24281,-0.25402,0.0066893,-0.086878,-0.10152,0.0014818,-0.1302,-0.079761,0.0013772,0.060885,0.0021141,0.0013292,0.088472,-0.14226,0.0011374,-0.14409,0.17568,-0.023922,0.039604,0.097444,-0.1218,0.00043959,-0.0012523,-0.23048,-0.0087023,0.41718,-0.092949,0.064279,-0.073124,-0.023922,-0.062829,0.001356,0.25187,-0.11691,0.0037621,0.21585,-0.019978,0.14062
0,-0.048712,0.076871,0.154,-0.16336,-0.034538,0.094343,-0.16771,-0.23434,0.3549,0.039042,-0.021644,-0.20674,0.26958,0.017594,0.023255,0.084959,-0.020215,0.057729,0.012475,-0.026954,0.003173,0.015397,0.15482,0.12843,0.01431,-0.26935,0.021967,0.013811,-0.029629,0.09641,0.011818,-0.011606,0.0030781,0.13699,-0.15318,-0.00053378,-0.028772,-0.27365,-0.05277,0.022439,0.0050362,0.17567,0.28587,0.19768,-0.30779,0.13699,0.071637,0.01409,-0.069146,-0.11041,0.039091,0.22517,0.0067763,-0.080807
-0,0.11438,-0.12786,-0.28246,-0.044039,0.12941,0.14137,0.17387,-0.067308,-0.15136,0.10642,-0.098868,-0.2472,0.0013617,0.099293,-0.073626,0.20551,-0.15534,0.024517,-0.026238,0.05895,-0.29577,0.0071012,0.17032,-0.050904,0.0066001,0.31434,0.010132,0.00637,-0.12609,-0.035361,0.0054508,0.25968,0.18029,0.025433,0.093792,0.11632,-0.21939,-0.14396,-0.17005,0.25165,0.055869,0.13457,0.1022,-0.012874,-0.10315,0.025433,0.04482,0.0064983,0.1581,0.11857,0.01803,-0.020454,-0.060406,0.13371
0,-0.067249,0.049815,0.27308,-0.025326,0.042739,0.43761,0.14311,-0.06826,-0.40094,0.0061347,0.014468,-0.050657,0.052689,-0.044945,0.054832,-0.27654,0.15227,0.30673,0.083385,0.032126,-0.06498,0.013666,0.015601,0.029943,0.012701,0.051281,0.019498,0.012259,0.25622,0.12123,0.01049,-0.10934,0.12612,0.01774,0.004913,0.08848,-0.16809,-0.034818,0.051352,-0.045842,-0.11657,-0.14193,0.17465,0.072794,-0.098339,0.01774,-0.10127,0.012505,-0.094525,-0.082784,0.034696,-0.24191,-0.014516,-0.031601
0,-0.082588,-0.058557,0.19973,-0.022084,-0.006074,-0.1396,-0.15918,0.027508,-0.27894,-0.013811,0.20864,-0.046405,-0.049216,-0.068199,-0.11501,0.074467,-0.10909,-0.084852,0.071073,0.42775,-0.31382,0.0075169,-0.072538,0.15652,0.0069865,0.02573,0.010725,0.0067428,0.01922,0.22204,0.0057699,0.047647,0.050882,0.035943,-0.010034,-0.099555,0.1658,0.1045,-0.052827,-0.16637,-0.10631,0.20536,0.16479,0.010521,0.14157,0.035943,0.17143,0.0068787,-0.12046,0.29528,0.019085,0.1582,0.0012145,-0.15676
-0,-0.064769,-0.013199,0.072531,0.010987,-0.16831,0.080972,-0.048313,-0.033707,-0.052619,0.10215,0.12732,-0.30448,-0.055131,0.072979,-0.030267,0.10998,0.13006,-0.2591,-0.098111,-0.15724,-0.034478,0.0061475,-0.041011,0.20388,0.0057137,-0.19136,0.008771,0.0055145,0.060764,0.089222,0.0047187,-0.12641,0.16357,-0.072804,0.027133,-0.16171,0.20489,0.21171,0.053652,0.38474,0.17456,0.054577,0.21051,-0.2923,0.073964,-0.072804,0.00016399,0.0056256,0.073076,-0.14268,0.015608,-0.24535,0.046367,0.14888
-0,-0.010132,-0.03692,-0.002535,-0.05226,0.034788,0.087004,0.026827,-0.18156,-0.038086,0.084252,0.10777,-0.0096465,-0.16091,0.15031,-0.0071374,0.12665,-0.13458,0.06593,-0.13919,-0.33701,-0.086974,-0.018478,-0.097792,-0.034641,-0.017174,0.029568,-0.026364,-0.016576,0.37048,-0.33907,-0.014184,0.11564,0.11096,0.061814,-0.17789,-0.12583,0.14262,-0.27163,-0.022198,-0.2637,0.20188,0.019546,0.0087185,-0.15059,0.17511,0.061814,0.013464,-0.016909,-0.10401,0.095133,-0.046915,-0.0052764,0.040733,-0.27591
-0,0.062311,-0.058393,-0.17965,0.048567,-0.11692,-0.19083,0.3311,0.13101,0.1671,-0.26488,-0.037285,-0.14776,0.08447,-0.14819,0.074139,-0.0058734,-0.1191,0.037742,0.047758,0.10805,-0.31441,-0.012692,-0.14991,-0.072988,-0.011797,-0.31667,-0.018109,-0.011385,0.36025,-0.030646,-0.0097426,-0.10014,-0.085765,0.048204,-0.035334,-0.034366,-0.29314,0.0029214,0.077833,0.091953,-0.1013,-0.16155,0.088347,-0.22011,-0.032393,0.048204,0.10938,-0.011615,-0.034117,0.039331,-0.032225,0.035648,0.032703,-0.020575
0,0.05765,0.11415,0.17308,-0.070671,-0.060739,-0.0075161,0.15001,0.23806,0.009201,-0.14379,-0.019356,-0.026497,0.12757,-0.012258,0.079941,-0.17511,-0.14489,-0.26758,-0.011511,-0.082068,-0.018891,-0.0023214,-0.018966,0.0053896,-0.0021576,0.43762,-0.0033121,-0.0020824,-0.037964,-0.34083,-0.0017819,-0.033709,0.046707,-0.031905,-0.1723,-0.026117,0.12431,0.17843,0.044039,0.24979,0.015359,-0.085915,0.21809,0.16308,-0.14781,-0.031905,0.074735,-0.0021243,-0.26264,-0.047667,-0.0058939,0.16807,0.031546,-0.15495
-0,0.0011119,0.016674,0.078658,-0.04506,0.19631,-0.038269,-0.078265,0.27807,0.01997,0.12282,-0.25981,-0.0157,-0.082413,0.04188,0.020332,-0.079352,0.007049,-0.16126,0.076581,0.014027,0.052046,0.0202,0.43274,-0.048265,0.018774,-0.13853,0.02882,0.01812,0.18404,-0.039216,0.015505,0.14549,0.13192,-0.03004,0.095982,0.22871,0.035092,0.048353,-0.14176,-0.19848,-0.09418,-0.057188,0.21484,-0.33712,0.16578,-0.03004,-0.057435,0.018485,-0.14425,-0.18171,0.051286,0.22051,-0.071951,0.10051
-0,0.10479,0.079129,-0.084914,-0.036175,0.039704,-0.24404,0.031719,-0.20853,0.12395,-0.15793,-0.014181,-0.16919,-0.062109,-0.0048971,-0.05654,0.095109,0.03645,0.2709,0.0020964,0.26739,0.11431,-0.008252,0.10438,-0.0015398,-0.0076698,0.14849,-0.011774,-0.0074023,-0.16762,-0.2202,-0.0063341,-0.1127,0.052427,-0.040029,0.22251,-0.070935,-0.019849,-0.020708,0.28499,-0.087362,-0.017399,0.15433,0.28437,-0.044661,0.21825,-0.040029,-0.18004,-0.0075514,-0.23632,-0.19728,-0.020951,-0.24014,0.0080697,-0.10625
0,-0.0065587,0.01754,0.081467,-0.0096005,-0.051608,-0.27065,-0.069509,-0.083227,-0.086408,0.092674,0.065087,0.17027,-0.17645,0.094597,0.00099839,-0.1594,-0.049134,0.052074,-0.065814,-0.16012,-0.023126,0.010725,0.01785,0.12392,0.0099687,-0.074162,0.015303,0.0096211,0.060189,0.047881,0.0082327,0.040599,-0.018539,0.058324,0.063915,-0.036832,-0.35115,-0.12556,-0.070951,0.30128,0.12821,-0.080664,0.11128,0.34508,0.40423,0.058324,0.06829,0.0098149,-0.25235,-0.0053515,0.027231,0.11411,0.012799,0.27895
0,-0.084837,-0.026979,-0.024709,-0.07797,-0.083838,0.12317,-0.026907,-0.22953,-0.018354,0.058208,-0.13467,0.36885,0.050737,-0.11813,0.032251,0.21281,0.28185,0.045003,0.055832,-0.045792,-0.25835,0.00075083,-0.019988,-0.067873,0.00069786,0.17759,0.0010713,0.00067352,-0.058198,0.062199,0.00057633,-0.13273,-0.24276,-0.002558,-0.12928,0.078435,-0.026094,-0.011029,-0.039904,0.26504,-0.092187,0.16015,-0.065227,-0.36243,0.095016,-0.002558,-0.058249,0.00068709,-0.28346,-0.12797,0.0019063,0.18111,-0.017506,-0.087721
-0,0.15304,-0.12667,-0.20536,0.2454,0.13516,-0.090022,0.11057,0.0419,-0.097625,-0.054018,-0.020321,0.029925,-0.072289,0.07512,0.0617,-0.022521,0.046731,-0.055843,-0.040493,-0.19797,-0.041986,-0.011686,-0.14669,-0.21149,-0.010861,-0.17723,-0.016673,-0.010482,-0.13986,0.41786,-0.0089698,0.0051355,0.31253,-0.070353,-0.028069,0.12107,0.16556,-0.087051,0.14461,0.059268,0.048107,0.028855,0.12613,0.14039,-0.094762,-0.070353,-0.25514,-0.010694,-0.25477,-0.0097881,-0.029669,0.14789,-0.023644,-0.2543
0,-0.014697,-0.0045735,0.036836,0.018996,-0.00014148,-0.055267,-0.013749,0.011551,-0.026798,-0.0052964,0.002564,0.036616,-0.02246,0.0048448,-0.014149,0.025942,-0.0074091,0.026533,-0.0045839,0.028259,0.0049709,-0.0013702,0.048289,0.024813,-0.0012735,0.0083071,-0.0019549,-0.0012291,0.013259,-0.0063276,-0.0010517,-0.010509,0.074608,0.70704,-0.0088503,-0.038309,-0.017279,-0.029805,0.026366,0.041666,0.0053661,-0.026817,-0.05421,-0.027637,-0.060278,-0.68114,-0.00032024,-0.0012538,0.02432,-0.040784,-0.0034787,0.020356,0.0090052,-0.027895
-0,-0.07554,-0.023507,0.18933,0.097636,-0.00072717,-0.28406,-0.070666,0.059371,-0.13773,-0.027222,0.013178,0.18819,-0.11544,0.024901,-0.07272,0.13333,-0.038081,0.13637,-0.02356,0.14525,0.025549,-0.0070422,0.24819,0.12753,-0.0065454,0.042696,-0.010048,-0.0063171,0.068149,-0.032522,-0.0054055,-0.054014,0.38347,-0.068496,-0.045488,-0.1969,-0.088808,-0.15319,0.13552,0.21415,0.02758,-0.13783,-0.27863,-0.14204,-0.30981,0.20159,-0.001646,-0.0064444,0.125,-0.20962,-0.01788,0.10463,0.046284,-0.14337
-0,0.16888,-0.052677,0.020912,-0.257,-0.028571,-0.018747,0.38689,-0.089675,-0.15601,-0.032215,0.077948,0.19243,0.15293,0.17978,-0.040194,0.090835,-0.21779,-0.13851,-0.11852,-0.016369,0.27815,0.012276,0.12882,0.18458,0.01141,0.003234,0.017516,0.011012,0.053582,0.29601,0.0094233,0.071028,-0.17161,-0.06953,-0.0013006,-0.087391,-0.22658,0.1778,0.077769,-0.19774,0.21904,0.16835,-0.015396,-0.12741,-0.11437,-0.06953,0.033057,0.011234,-0.10547,-0.089201,0.031169,0.0089554,0.018297,-0.039385
