0.053812,-0.19737,0.0039938,0.040741,0.002047,0.0011183,0.97799
0.97626,-0.013904,-0.018019,-0.20624,-0.036456,-0.015595,-0.047763
0.19758,-0.12568,-0.0025951,0.90239,0.35129,-0.043466,-0.074502
0.011099,-0.13237,0.39046,-0.075974,0.2467,0.87322,-0.027269
-0.028343,-0.047133,0.59939,-0.25358,0.59718,-0.4656,-0.0005538
0.037191,-0.013323,0.69231,0.24624,-0.6692,-0.10208,-0.016303
0.051625,0.96184,0.092918,0.10382,0.099743,0.09027,0.18625
