0.0079455,0.013322,0.11701,0.022417,0.063383,0.020292,0.019875,0.85407,0.054901,0.030467,-0.49202,-0.0028507,0.00042198,-0.0098532,0.018526,-0.011635,-0.05979,0.00028934,-0.0030601,-0.025015,-0.013827,-0.017188,-0.0015266
-0.0030139,0.0097122,0.065708,0.014054,0.063637,0.014793,0.063573,0.43521,0.020999,0.038364,0.82745,-0.00026676,0.081192,0.0035366,0.010432,0.02994,-0.32035,-0.0053991,-0.00028635,0.0084647,-0.017154,-0.021323,-0.00014286
-0.043031,-0.031748,-0.03647,-0.070972,-0.093976,-0.048359,0.28553,0.0013682,0.34382,-0.0057201,-0.0065983,-0.00040716,-0.10975,-0.0056812,-0.067736,-0.031884,-0.076362,0.0013888,-0.00043706,-0.010255,0.54507,0.67754,-0.00021804
0.21581,0.29706,0.27682,0.5312,0.086509,0.45248,-0.044524,-0.11316,-0.03032,-0.11114,-0.044927,-0.0016216,0.034004,-0.0063316,0.45524,-0.052776,-0.16437,-0.0018341,-0.0017407,-0.016033,0.10021,0.12457,-0.00086844
0.287,-0.20275,0.070547,-0.069129,0.60002,-0.30883,-0.18233,-0.090712,-0.080322,0.21833,-0.072848,-0.010286,0.49216,-0.023699,0.083608,0.052517,-0.1063,-0.00085743,-0.011041,-0.066956,0.12831,0.1595,-0.0055084
0.074297,-0.082951,0.2612,-0.058299,0.42477,-0.12635,0.49857,-0.048708,-0.26782,-0.099714,0.012484,0.0091332,-0.44489,-0.030885,-0.0061311,-0.4098,0.020157,0.0012195,0.009804,0.11282,-0.050975,-0.063364,0.0048911
-0.13331,0.16356,-0.53137,0.11213,0.19007,0.24913,0.064847,0.028879,-0.18879,0.6795,-0.0037445,0.0010784,-0.16861,-0.007199,0.0083046,-0.11814,0.0013559,0.015627,0.0011576,-0.12034,0.032625,0.040555,0.0005775
0.45209,-0.13252,-0.029512,0.083618,-0.22619,-0.20185,0.2296,-0.067502,0.56171,0.34662,-0.025348,0.0064303,-0.058249,-0.033446,0.22773,-0.12886,-0.091762,0.0752,0.0069026,0.037013,-0.1944,-0.24164,0.0034436
0.38337,-0.12773,-0.2683,0.075316,-0.11036,-0.19456,0.16741,0.078625,-0.35492,-0.1763,0.015774,0.0011436,-0.26374,0.21558,0.21241,0.4924,0.019565,0.02626,0.0012277,-0.32828,0.044618,0.055462,0.00061246
-0.26283,0.094421,0.35686,-0.052593,0.26691,0.14382,0.26538,-0.14837,0.26202,0.20269,-0.074688,-0.018294,-0.10199,0.16338,-0.15288,0.59537,-0.12824,-0.0028155,-0.019638,-0.1792,-0.10471,-0.13016,-0.0097971
0.046648,-0.0068814,-0.14619,0.032395,0.031946,-0.010482,0.042811,0.00099105,-0.10485,0.054763,-0.070088,0.035947,-0.052569,0.047983,0.049525,0.33998,-0.15347,-0.015345,0.038588,0.89563,0.022452,0.027909,0.019251
0.017911,-0.025478,0.048659,-0.017091,0.10895,-0.038808,-0.39575,0.015783,0.15907,0.031636,0.036797,-0.0044963,-0.26306,0.82778,-0.00078792,-0.19738,0.0021681,-0.0059799,-0.0048266,0.055707,0.027263,0.03389,-0.0024079
-0.073085,0.024641,0.05407,-0.0014445,-0.29257,0.037532,0.50201,-0.031093,-0.26964,0.089485,-0.079133,-0.060091,0.55123,0.46814,-0.023392,-0.16021,-0.065192,-0.024359,-0.064504,0.021388,-0.01809,-0.022487,-0.03218
-0.13816,-0.05021,-0.016397,0.036721,-0.022563,-0.076479,0.029591,-0.02606,-0.0004597,-0.0053365,-0.040387,0.58709,0.038482,0.03704,0.093058,-0.029538,-0.13035,-0.30053,0.63022,-0.079262,-0.014325,-0.017807,0.31441
0.27655,0.12706,0.05369,-0.15327,-0.030541,0.19353,-0.029654,-0.016414,-0.081908,-0.0049826,-0.023565,0.21753,0.025665,0.02034,-0.31658,-0.014379,-0.10748,0.7778,0.23351,-0.0094687,0.015737,0.019562,0.11649
0.038071,-0.087616,0.55393,-0.048424,-0.39244,-0.13346,-0.22031,-0.009188,-0.35806,0.50258,0.02839,0.0024368,-0.18447,-0.10662,0.011201,0.044929,0.022047,-0.060961,0.0026158,0.015114,0.10426,0.1296,0.001305
0.55944,0.20743,0.024055,-0.097838,0.022885,0.27888,0.026501,0.033032,0.021782,0.021096,0.046656,0.011219,0.028474,0.014343,-0.49466,0.026101,0.19544,-0.50898,0.035376,0.026101,0.059767,-0.030352,0.021676
-0.035292,0.00057662,0.10312,0.13166,0.098104,0.0055422,0.1136,0.1416,0.093374,0.090433,0.2,0.097066,0.12206,0.061483,0.16215,0.11189,0.83779,0.1623,0.12711,0.11189,-0.1214,0.17366,0.050656
-0.055345,-0.016584,0.018978,0.16437,0.018055,-0.078517,0.020908,0.02606,0.017185,0.016643,0.036809,0.009048,0.022464,0.011315,-0.020384,0.020592,0.15419,0.076927,0.032699,0.020592,0.75695,-0.59496,0.0071317
-0.05654,-0.011476,-0.0067328,0.75586,-0.0064054,-0.35519,-0.0074174,-0.0092454,-0.0060966,-0.0059046,-0.013059,-0.028935,-0.0079696,-0.0040144,-0.51433,-0.0073054,-0.054701,0.046087,0.019049,-0.0073054,-0.13143,0.10077,-0.01593
0.0054277,0.1072,0.002115,0.011097,0.0020122,-0.069936,0.0023301,0.0029043,0.0019151,0.0018548,0.0041022,0.72153,0.0025035,0.001261,-0.0097292,0.0022949,0.017184,-0.0025969,-0.67951,0.0022949,0.0064553,-0.0036344,0.024733
-0.0062741,0.04067,0.00044664,0.0039392,0.00042493,-0.031979,0.00049206,0.00061332,0.00040444,0.0003917,0.0008663,-0.25618,0.00052869,0.00026631,0.0049687,0.00048463,0.0036288,0.0065995,-0.22816,0.00048463,-0.00051282,0.00074173,0.93782
0.00025971,0.84185,0.00017891,-0.1483,0.00017022,-0.48931,0.00019711,0.00024568,0.00016201,0.00015691,0.00034702,-0.076136,0.00021178,0.00010668,0.11045,0.00019413,0.0014536,-2.7558e-05,0.096529,0.00019413,-9.4397e-05,0.0002078,-0.050475
