-0.0032348,0.015172,-0.0015319,-0.00012419,0.02617,0.47919,-0.55685,-0.0037995,-0.67686,0.029507,-0.01753,-0.0054303,-0.0025182,1.881e-017,9.0645e-016,3.0349e-016,-1.6053e-016,-1.4471e-015,-1.3676e-015,-2.192e-016,4.4345e-016,9.3766e-016,2.9811e-016,-2.3927e-016
-1.0095e-006,-3.52e-006,-0.00011872,0.19744,0.0095412,6.0854e-005,-0.00010029,-0.00012317,-0.0015795,-0.045036,0.0028076,0.00027294,0.00012772,0.0001209,0.2938,0.19986,-0.061586,-0.53291,-0.50398,-0.078757,0.12208,0.44282,0.20942,-0.17258
-0.012112,0.99946,0.0019021,0.00010334,-0.0018328,-0.029096,0.007431,0.0001592,-0.0043264,7.8314e-005,-3.0035e-005,0.00047156,4.6806e-007,2.4825e-017,3.7235e-017,-1.0149e-017,8.2904e-018,2.5071e-017,3.2305e-018,-1.6573e-017,-2.0221e-017,3.6585e-017,1.5326e-017,1.6553e-017
-0.00049502,-0.00010169,-0.00055938,0.52001,0.028154,-0.0037313,0.0014225,0.0011374,0.01133,0.31288,-0.019205,-0.0017187,-0.00079489,-0.0036502,-0.29279,-0.18976,-0.083865,-0.27944,-0.081614,-0.037212,0.072743,-0.51835,-0.033339,-0.37467
-9.553e-007,-3.3311e-006,-0.00011235,0.18685,0.0090294,5.759e-005,-9.4911e-005,-0.00011656,-0.0014948,-0.04262,0.002657,0.0002583,0.00012086,-0.00048574,-0.20524,0.17328,0.00479,0.31496,0.2114,-0.022964,-0.36961,0.23255,0.60872,-0.43054
-1.0258e-006,-3.5771e-006,-0.00012065,0.20064,0.009696,6.1842e-005,-0.00010192,-0.00012517,-0.0016052,-0.045767,0.0028532,0.00027737,0.00012979,-0.0019729,-0.093828,-0.61048,0.036398,0.16386,0.15589,0.11953,0.56007,0.43163,0.083227,-0.048688
-8.0796e-007,-2.8174e-006,-9.5025e-005,0.15803,0.0076367,4.8708e-005,-8.0272e-005,-9.8582e-005,-0.0012643,-0.036047,0.0022472,0.00021846,0.00010222,-0.0023166,-0.41603,0.06717,-0.074292,-0.12811,0.11963,-0.059207,-0.32119,0.48372,-0.63936,-0.10191
-0.0013708,0.015239,-0.00058847,-4.8507e-005,0.014312,0.3691,-0.30449,-0.0057225,0.512,-0.013558,0.006284,-0.00084254,1.0618e-005,0.00098984,0.26507,-0.47847,0.048162,-0.057628,-0.052468,-0.13817,-0.42596,0.0074015,0.0059043,-0.0009324
-0.0010226,-0.00023207,0.088432,6.063e-005,0.0012972,-0.002855,0.001615,-0.29854,-0.0011995,0.0046652,0.089867,0.0078098,-0.75574,0.5661,-0.016841,-0.00050204,0.052183,3.5008e-005,-0.015706,-0.0033002,0.00030007,-5.2122e-016,-1.3222e-015,8.7941e-016
-0.0016673,-0.00031872,-0.00094675,0.10679,-0.42991,0.016493,-0.0037653,-0.0015397,-0.0025384,-0.016259,-0.00066535,-0.00091722,-0.0004848,-0.012531,-0.15637,-0.038711,-0.12433,0.53675,-0.66052,-0.16307,-0.00776,-0.0070934,-0.090804,0.048015
-0.99988,-0.012209,-0.0079549,-0.00046267,0.0036685,-0.0037691,0.0011669,0.00059473,0.00095018,-0.0011844,0.00096912,0.00061451,0.00032662,-4.3661e-017,-1.422e-016,-4.1128e-017,2.5703e-017,9.3384e-018,-6.5327e-017,-3.3781e-017,5.6048e-018,6.23e-018,-4.2437e-017,7.9861e-017
-0.00082133,0.0051683,-0.00038175,-3.1127e-005,0.0085758,0.30576,0.4256,0.00013291,-0.13288,0.0055927,-0.0033022,-0.0010899,-0.00048702,-0.0036675,0.0050916,-0.14062,0.027781,-0.027382,-0.20578,0.76167,-0.25247,0.00079315,0.0025247,0.00032119
-0.00060447,-0.00014857,0.077162,6.4061e-005,0.00015892,-0.0010844,0.00096579,-0.33125,-0.0027754,0.0057744,0.053009,-0.0051156,0.49015,0.5196,0.11275,-0.018206,-0.58922,0.031063,0.089896,0.043856,-0.0043019,-6.9236e-016,-5.7039e-016,1.7578e-016
-0.007817,-0.0019158,0.99037,0.00082252,-0.0021896,0.0025936,-0.0010029,0.08775,-0.00031539,0.00074412,0.0069217,-0.00019038,0.0018797,-0.10594,0.0031516,9.3953e-005,-0.0097657,-6.5516e-006,0.0029393,0.00061762,-5.6157e-005,0,1.1102e-016,4.1633e-017
-0.0019402,0.01927,-0.00084984,-6.9854e-005,0.020258,0.57152,-0.07815,-0.006033,0.46957,-0.011231,0.0047934,-0.001532,-0.00027126,-0.00092705,-0.24826,0.44811,-0.045107,0.053973,0.04914,0.12941,0.39894,-0.0069319,-0.0055297,0.00087325
-0.0012354,0.0077736,-0.00057419,-4.6818e-005,0.012899,0.4599,0.64014,0.00019992,-0.19987,0.008412,-0.0049669,-0.0016393,-0.00073253,0.002796,0.09239,-0.079385,-0.001068,-0.0026173,0.11786,-0.55632,0.013946,0.0021469,0.00045476,-0.00055043
-0.003451,-0.00065601,-0.0018295,0.0038235,-0.9006,0.034081,-0.0076854,-0.0030524,-0.0035172,0.0159,-0.0044673,-0.0021994,-0.0011443,0.0060522,0.075526,0.018697,0.060052,-0.25924,0.31903,0.078762,0.003748,0.003426,0.043858,-0.023191
-0.00057621,0.00032451,-0.00028307,-2.2549e-005,0.0021175,-0.0049133,0.0018797,0.0010625,0.0027453,-0.0055219,0.005236,-0.9999,-0.010175,-1.1033e-015,0,-8.3267e-017,2.3592e-016,5.5511e-017,-9.7145e-017,-4.1633e-017,8.3267e-017,1.1102e-016,-6.245e-017,2.7756e-017
-0.00098109,-0.00020691,0.049302,1.7249e-005,0.0031114,-0.0072216,0.0043216,-0.87437,-0.0001568,-0.0071585,-0.16815,-0.0030278,0.12716,-0.30312,-0.057106,0.0094209,0.30066,-0.016023,-0.045389,-0.022414,0.0022001,3.0531e-016,3.0878e-016,-7.6328e-017
-9.6261e-005,-4.0916e-005,0.050577,5.393e-005,-0.0014134,0.0025811,-0.0012348,0.11704,-0.0026342,0.0092546,0.13661,-0.0034744,0.41506,0.51379,-0.14643,0.017696,0.69907,-0.031709,-0.12095,-0.050954,0.0049545,4.7184e-016,2.6888e-016,-9.0206e-017
-0.0010584,-0.00019872,-0.00053209,0.003005,0.0066461,-0.0083642,0.0036241,0.0031404,0.033273,0.92683,-0.057134,-0.0052355,-0.0024298,0.0016981,0.13621,0.08828,0.039015,0.13,0.037968,0.017312,-0.033841,0.24114,0.01551,0.1743
-3.78e-006,-1.3181e-005,-0.00044457,0.73934,0.035728,0.00022788,-0.00037555,-0.00046121,-0.0059148,-0.16864,0.010513,0.0010221,0.00047825,0.0065337,0.42361,0.21148,0.1241,0.22646,0.17111,0.073636,-0.038847,-0.040303,-0.14923,0.26929
-0.00089193,-0.00017574,0.018142,-1.4368e-005,0.0030219,-0.0051665,0.0020556,0.12293,0.016529,-0.060819,-0.96845,-0.0044608,-0.006651,0.20532,-0.006108,-0.00018209,0.018927,1.2697e-005,-0.0056965,-0.001197,0.00010884,0,3.296e-017,7.2858e-017
-9.2048e-007,-3.2097e-006,-0.00010826,0.18004,0.0087002,5.5491e-005,-9.1451e-005,-0.00011231,-0.0014403,-0.041066,0.0025601,0.00024888,0.00011646,-0.0044082,-0.4445,-0.076886,-0.10833,-0.25049,-0.027992,-0.071174,-0.13803,0.030198,0.36883,0.72524
