-5.079e-011,1.2273e-006,-1.4414e-005,7.3739e-008,0.051511,0.0076515,-0.066284,4.7133e-005,0.0047205,2.9544e-006,-0.09426,-0.30637,0.044565,-0.015396,0.001175,-4.0869e-006,2.4767e-005,6.5451e-005,3.04e-007,-0.0001379,0,0,0,0,0,0,0,0,0,0,0,0,0,0,0,0,0,0,0,0.94229
-0.00093922,3.0496e-007,-3.7954e-007,-0.00056128,8.5038e-008,7.8594e-008,3.5193e-007,0.41305,-0.0045956,0.013688,-0.00012967,-0.0038078,-0.059715,-0.11516,-0.24695,-0.0084986,0.069197,0.00019306,-0.13046,-0.00040816,-0.031488,-0.15034,0.054448,0.12003,0.017991,-0.23127,0.053566,-0.31005,-0.092053,0.15069,0.099214,-0.15169,0.48135,-0.12238,0.082955,0.24935,-0.25659,0.30013,0.0033946,-6.245e-016
-0.012918,0.00066538,-0.0013794,-0.99989,1.3288e-005,5.9049e-006,1.5441e-005,-0.0030765,7.7926e-005,-0.0021373,6.3902e-006,3.897e-005,0.00048542,0.00046418,-0.0016449,-0.00073738,0.0047725,-9.1231e-005,-0.00051296,-2.3855e-005,-2.0963e-016,-2.475e-016,-3.2472e-017,-5.0361e-017,2.6861e-017,1.0585e-017,-9.8391e-017,-1.6927e-016,3.67e-017,4.4913e-017,-3.258e-017,2.2307e-017,3.7114e-017,1.2895e-017,3.5118e-018,-3.1333e-017,2.0952e-017,2.6143e-017,1.5095e-016,1.3878e-017
-3.5212e-010,8.4591e-006,-9.8606e-005,4.9406e-007,0.34763,-0.88317,0.056878,1.0201e-005,0.00095919,4.204e-007,-0.0067513,-0.084697,0.010379,-0.0029697,0.00018454,-5.095e-007,3.0848e-006,7.3797e-006,3.3228e-008,-1.4616e-005,0.082671,0.087854,0.024293,-0.031967,0.0311,0.009832,0.013866,0.0090156,0.070235,0.11412,0.11205,-0.0068999,-0.074583,-0.063425,0.15425,-0.013468,-0.042603,0.023856,-0.056917,-0.036588
-0.0010278,3.2953e-007,-9.6167e-007,-0.0012388,1.2917e-007,9.6767e-008,3.6051e-007,-0.0095522,0.00017551,0.5783,8.2005e-005,0.00028341,0.0038331,0.0058436,0.010043,-0.004121,-0.0075502,0.00010191,0.00077176,2.4005e-005,0.075944,0.36554,-0.45635,0.39734,-0.19168,-0.1218,0.28948,-0.033563,0.10483,-0.077091,-0.046004,0.05218,0.017982,-0.0049022,-0.015921,0.021755,-0.0075995,0.0074974,0.016362,-5.8287e-016
-8.8858e-011,2.1079e-006,-2.4153e-005,1.1488e-007,0.020244,0.013786,0.016016,-7.0251e-005,-0.0071043,-4.7616e-006,0.18585,0.21916,-0.043405,0.018584,-0.0016437,6.1796e-006,-3.7456e-005,-0.00010046,-4.683e-007,0.00021311,-0.13958,0.47679,0.32804,-0.40169,-0.35645,-0.36348,0.15996,-0.11081,-0.11192,0.0291,0.090641,-0.036621,-0.11685,0.089136,-0.039327,0.079047,-0.0020302,-0.0088891,0.20144,0.092149
-0.00095446,3.0991e-007,-3.857e-007,-0.00057038,8.6418e-008,7.9869e-008,3.5764e-007,0.41975,-0.0046701,0.01391,-0.00013177,-0.0038696,-0.060683,-0.11703,-0.25096,-0.0086365,0.07032,0.00019619,-0.13257,-0.00041478,0.34223,0.29101,0.30305,0.014242,0.082147,0.22862,0.14137,0.40368,-0.11971,-0.24186,-0.20434,0.043885,0.04526,0.029223,-0.10082,0.024258,-0.010793,-0.1174,-0.20188,-2.7756e-017
-1.1541e-010,2.7376e-006,-3.137e-005,1.4921e-007,0.026292,0.017904,0.020801,-9.1241e-005,-0.0092269,-6.1842e-006,0.24138,0.28464,-0.056373,0.024136,-0.0021347,8.0259e-006,-4.8647e-005,-0.00013048,-6.0821e-007,0.00027679,0.49781,-0.084419,-0.1885,-0.088294,-0.27775,-0.087624,-0.42104,-0.23162,-0.020332,-0.085888,0.035585,-0.038753,-0.073279,0.024631,-0.010322,0.010413,-0.025743,-0.025084,-0.45721,0.11968
-0.00050969,0.0012919,0.00027178,-0.0028126,1.0498e-005,8.1595e-006,3.0943e-005,0.24123,0.002768,0.0025951,-0.006256,-0.022274,-0.27594,-0.30519,0.14513,0.051934,-0.32206,-0.00099521,-0.036302,0.0021768,-0.48933,0.21359,-0.28928,-0.2556,0.17448,0.046929,-0.10602,-0.024247,0.0062696,-0.033267,-0.034386,0.00197,-0.018457,-0.0024976,-0.0032732,-0.011161,-0.0010641,-0.021681,-0.40165,1.9949e-017
-1.857e-005,1.3959e-006,-3.5056e-006,-0.0044782,4.7743e-007,3.6578e-007,1.3947e-006,0.01522,0.00043054,-0.009214,-0.0019394,-0.0080267,-0.10226,-0.12126,0.057114,0.13714,-0.8645,0.0040009,0.045673,-0.0012667,0.27484,-0.11997,0.16248,0.14356,-0.098,-0.026358,0.059549,0.013619,-0.0035214,0.018685,0.019313,-0.0011065,0.010367,0.0014028,0.0018384,0.0062688,0.00059769,0.012178,0.22559,1.301e-016
-4.9641e-011,1.1995e-006,-1.4088e-005,7.2071e-008,0.050345,0.0074784,-0.064784,4.6067e-005,0.0046137,2.8876e-006,-0.092127,-0.29943,0.043557,-0.015048,0.0011484,-3.9944e-006,2.4207e-005,6.397e-005,2.9712e-007,-0.00013478,0.010624,-0.078012,0.13658,-0.19788,-0.36213,0.23832,0.17795,-0.35352,0.42102,0.088004,-0.42052,0.13019,0.098854,0.20424,-0.061017,0.11206,0.0088517,-0.027659,-0.15301,-0.11627
-9.6763e-009,0.00017032,-0.0014437,3.8063e-006,0.013554,0.010951,0.041752,0.00010957,0.011203,7.9932e-006,-0.35155,-0.057314,0.040881,-0.024266,0.0024914,-1.0013e-005,6.0699e-005,0.00016498,7.7161e-007,-0.00035222,0.052401,-0.034953,0.19927,0.16553,0.09273,-0.4261,0.14086,-0.052386,-0.040154,0.23554,0.12312,-0.059356,-0.040958,0.21914,-0.30572,-0.2592,0.36702,0.044386,-0.39893,-0.054083
-4.1606e-011,9.891e-007,-1.1368e-005,5.457e-008,0.014265,-0.005285,0.004713,-2.7139e-005,-0.0027669,-2.1208e-006,0.12808,-0.28726,0.020807,-0.00067233,-0.00035308,1.993e-006,-1.2088e-005,-3.39e-005,-1.5946e-007,7.311e-005,-0.25765,-0.19133,0.011677,0.13138,-0.64991,0.0585,-0.049512,0.43259,-0.27238,0.067897,0.16348,-0.046328,0.05181,-0.03227,0.016541,-0.022312,-0.0094753,0.07901,-0.19844,-0.081971
-1.1121e-007,0.0019679,-0.016801,4.5278e-005,0.58257,0.28017,0.75249,-4.6295e-005,-0.0035012,7.2359e-007,-0.065105,-0.0083106,0.0086152,-0.0055344,0.00065557,-3.74e-006,2.2709e-005,7.2122e-005,3.5237e-007,-0.00016755,-0.0095837,-0.002151,-0.014627,-0.0062101,0.00086955,0.06099,0.0064143,0.0022426,0.020986,-0.032612,0.02399,-0.026723,0.0037022,0.028551,0.025654,0.030767,-0.028712,0.00070885,0.030163,0.0091151
-8.5942e-008,0.0032402,0.00068759,2.555e-006,2.5563e-005,1.9859e-005,7.5228e-005,0.032952,0.012471,0.0012415,-0.012795,-0.039511,-0.46877,-0.44141,0.61321,-0.051635,0.31807,-0.0083957,0.018541,0.0077937,0.19496,-0.0851,0.11525,0.10183,-0.069517,-0.018697,0.042241,0.0096607,-0.0024979,0.013254,0.0137,-0.00078488,0.0073537,0.00099511,0.0013041,0.0044468,0.00042398,0.0086383,0.16003,3.6893e-017
-1.1945e-005,0.15663,-0.98741,0.0014672,-0.010148,-0.0047313,-0.012546,0.00016101,0.013539,1.8282e-006,0.0019425,-0.00010465,-0.0034672,0.0029122,-0.00051181,4.8545e-006,-2.9521e-005,-0.00010688,-5.3864e-007,0.00026316,1.3184e-016,1.4051e-016,1.197e-016,-7.1124e-017,-3.296e-017,2.6021e-018,1.0842e-017,6.7654e-017,2.0817e-017,-4.2501e-017,2.5153e-017,-1.0842e-019,-1.4962e-017,-3.6429e-017,9.8012e-017,3.4694e-017,-4.7705e-017,-3.9546e-017,-2.0643e-016,3.0751e-017
-8.2802e-013,2.659e-008,-4.1437e-007,3.6197e-009,0.01932,-0.080898,0.0070832,1.6287e-005,0.0016591,1.2913e-006,-0.082493,0.21414,-0.016776,0.0013326,0.00017492,-1.1267e-006,6.834e-006,1.9344e-005,9.1137e-008,-4.1838e-005,-0.35986,0.11675,0.41071,0.56766,-0.095226,0.041372,-0.38081,-0.18584,0.12918,-0.24364,-0.11395,0.036252,-0.07768,0.013932,0.02368,0.032389,-0.051648,-0.096173,-0.041472,0.062277
-5.9307e-008,0.0022748,-0.0058789,1.7635e-005,-0.00086741,-0.00069008,-0.0026407,-0.005312,-0.5887,0.0002949,-0.062083,-0.042572,-0.27865,0.23791,-0.043457,0.00092382,-0.0056987,-0.38989,-0.0004757,0.59958,-6.1479e-015,-9.1958e-015,-2.3315e-015,4.1633e-017,2.4772e-015,6.9389e-016,-1.9429e-015,-3.3307e-015,2.7756e-015,1.1102e-015,-2.5535e-015,7.5981e-016,1.0963e-015,-2.7756e-017,1.1102e-016,5.6899e-016,1.3878e-017,7.2164e-016,7.7716e-015,-2.7937e-016
-9.2185e-009,0.00016226,-0.0013754,3.6262e-006,0.012913,0.010432,0.039777,0.00010439,0.010673,7.615e-006,-0.33491,-0.054602,0.038947,-0.023117,0.0023735,-9.5389e-006,5.7827e-005,0.00015717,7.351e-007,-0.00033555,0.058856,0.062243,-0.035397,-0.09997,-0.10767,-0.27733,-0.22406,0.028344,-0.20718,0.1402,-0.41425,0.37979,-0.00099289,-0.56924,0.016117,-0.093458,-0.044126,-0.055012,0.060382,-0.051524
-4.8383e-011,1.1502e-006,-1.3219e-005,6.3458e-008,0.016589,-0.0061459,0.0054807,-3.1559e-005,-0.0032175,-2.4662e-006,0.14895,-0.33405,0.024196,-0.00078185,-0.00041059,2.3177e-006,-1.4056e-005,-3.9422e-005,-1.8543e-007,8.5019e-005,0.092908,0.38226,-0.072758,0.073169,0.0751,0.16012,-0.47698,-0.1288,-0.27063,0.27854,-0.069547,-0.036388,0.21466,0.29344,-0.17619,-0.057442,0.16756,0.050117,0.24762,-0.095323
-9.4417e-011,2.2594e-006,-2.6199e-005,1.2926e-007,0.073094,-0.18483,0.025647,-2.5589e-005,-0.0026118,-1.96e-006,0.10874,-0.18156,0.010444,0.0013535,-0.00041201,2.0278e-006,-1.2296e-005,-3.4105e-005,-1.601e-007,7.3296e-005,-0.08233,-0.26657,-0.1042,-0.0058597,0.043247,-0.1369,0.13668,-0.25937,-0.44194,-0.45648,-0.15811,-0.041457,-0.099077,0.050464,-0.42108,0.16715,-0.011508,-0.25015,0.080498,-0.049304
-4.0674e-007,0.00090773,-0.0014125,-8.8934e-005,-0.00021419,-0.00016928,-0.00064322,-0.00090483,-0.056431,-0.00022261,0.020506,0.020582,0.14621,-0.12721,0.024139,-0.00072489,0.0045434,0.78781,-4.2641e-005,0.58066,-1.8041e-015,-5.4956e-015,-4.7184e-015,2.387e-015,1.027e-015,1.1102e-016,-1.1102e-015,-2.9421e-015,2.387e-015,1.6653e-016,-1.1935e-015,3.3307e-016,7.841e-016,-1.9602e-016,3.2266e-016,5.6205e-016,-2.0817e-016,6.1062e-016,4.4686e-015,-3.3783e-016
-0.00075175,2.4409e-007,-3.0378e-007,-0.00044925,6.8064e-008,6.2907e-008,2.8168e-007,0.3306,-0.0036783,0.010956,-0.00010379,-0.0030478,-0.047795,-0.092172,-0.19766,-0.0068023,0.055385,0.00015453,-0.10442,-0.00032669,-0.029104,-0.13865,-0.11365,-0.00087105,-0.1239,-0.002622,-0.062348,-0.081974,0.058458,-0.017567,-0.02206,-0.13834,-0.22566,-0.098035,0.30313,0.11601,0.71757,-0.12425,0.21945,-5.4068e-017
-3.3211e-007,0.0040827,-0.0049114,-4.3627e-005,-0.0007629,-0.00060201,-0.0022835,-0.0027258,-0.12969,-0.00038426,0.097929,0.094713,0.67038,-0.57213,0.10167,-0.00072518,0.00433,-0.37531,-6.1848e-005,0.19135,-3.525e-015,-6.4254e-015,-1.6653e-015,-6.9389e-017,1.6376e-015,1.0547e-015,-2.4564e-015,-3.2196e-015,9.992e-016,1.1102e-015,-1.138e-015,2.2204e-016,5.5511e-016,-1.1102e-016,-5.5511e-017,3.8858e-016,-5.5511e-017,2.9143e-016,3.8858e-015,-2.8072e-016
-0.0014489,4.6455e-007,-1.3557e-006,-0.0017464,1.821e-007,1.3642e-007,5.0823e-007,-0.013466,0.00024742,0.81524,0.0001156,0.00039954,0.0054036,0.0082378,0.014157,-0.0058095,-0.010644,0.00014366,0.001088,3.3841e-005,-0.053871,-0.2593,0.32371,-0.28185,0.13597,0.086401,-0.20535,0.023808,-0.074362,0.054685,0.032633,-0.037014,-0.012756,0.0034774,0.011294,-0.015432,0.0053908,-0.0053184,-0.011606,-6.3727e-016
-5.0659e-012,1.6219e-007,-2.5173e-006,2.1716e-008,0.08069,-0.05541,-0.11969,0.00015496,0.015647,1.0841e-005,-0.51062,0.26001,0.019414,-0.024482,0.0029711,-1.2416e-005,7.5266e-005,0.00020418,9.5375e-007,-0.00043472,0.0067052,0.043473,-0.14244,-0.12963,-0.2097,0.20201,-0.11527,0.08814,0.087412,0.036705,0.14892,-0.41388,0.22165,-0.092622,-0.35676,0.10524,-0.034064,-0.28286,0.14692,0.019676
-1.2294e-009,2.9408e-005,-0.00034082,1.6777e-006,0.71212,0.24656,-0.62559,-4.3006e-006,-0.0008469,-1.6328e-006,0.078576,0.046081,-0.013408,0.0068034,-0.00067956,3.0153e-006,-1.829e-005,-5.2846e-005,-2.5175e-007,0.00011696,-0.01472,-0.011892,0.014128,0.055594,0.065949,-0.026666,0.024918,0.0031037,-0.070412,0.035502,0.024808,0.095501,-0.023752,-0.011923,0.03844,-0.0029416,0.016894,-0.017686,-0.019026,-0.061344
-4.4499e-007,0.0038468,-0.010951,-4.9732e-005,-0.0016002,-0.0012689,-0.0048391,-0.0076409,-0.79492,4.6986e-005,-0.011124,0.0084534,0.081271,-0.085985,0.024763,-0.00089233,0.0054978,0.29393,0.00042867,-0.51638,8.1601e-015,7.2164e-015,1.7764e-015,9.992e-016,-2.4425e-015,-4.996e-016,1.0131e-015,2.7756e-015,-2.0817e-015,-1.6376e-015,1.9984e-015,-7.2858e-016,-9.5757e-016,-1.4225e-016,-1.6567e-016,-5.2736e-016,-1.1102e-016,-7.3552e-016,-7.7716e-015,2.673e-016
-1.3906e-010,3.3009e-006,-3.7859e-005,1.8059e-007,0.036593,0.0095252,0.022205,-0.00010403,-0.010544,-7.3401e-006,0.333,-0.05716,-0.025715,0.019463,-0.0021448,8.7467e-006,-5.3023e-005,-0.00014373,-6.7148e-007,0.00030614,-0.041911,0.0027405,0.072558,0.015688,-0.0067745,-0.029587,0.10781,-0.10882,0.10116,-0.028205,-0.15616,-0.37982,0.27344,-0.28327,0.040875,-0.65829,0.0061963,-0.2848,-7.828e-005,0.0158
-4.9641e-011,1.1995e-006,-1.4088e-005,7.2071e-008,0.050345,0.0074784,-0.064784,4.6067e-005,0.0046137,2.8876e-006,-0.092127,-0.29943,0.043557,-0.015048,0.0011484,-3.9944e-006,2.4207e-005,6.397e-005,2.9712e-007,-0.00013478,0.054931,0.030673,-0.027761,-0.16665,0.0025,-0.40787,-0.29033,0.21699,0.37886,-0.54731,0.084815,-0.040154,0.19092,0.099544,0.033466,-0.055013,0.016108,0.18031,0.11827,-0.11627
-1.2954e-010,3.0749e-006,-3.5267e-005,1.6822e-007,0.034087,0.0088729,0.020684,-9.691e-005,-0.0098217,-6.8375e-006,0.31019,-0.053246,-0.023954,0.01813,-0.0019979,8.1477e-006,-4.9393e-005,-0.00013389,-6.255e-007,0.00028517,-0.02025,0.042691,0.07207,0.041059,0.058606,0.088773,-0.029926,0.046124,0.29886,0.069673,0.041621,-0.051333,-0.17093,-0.47586,-0.57521,0.16202,0.16395,0.36931,-0.0040062,0.014718
-9.7778e-013,3.14e-008,-4.8932e-007,4.2744e-009,0.022815,-0.095531,0.0083644,1.9233e-005,0.0019592,1.5249e-006,-0.097414,0.25287,-0.01981,0.0015736,0.00020656,-1.3304e-006,8.07e-006,2.2843e-005,1.0762e-007,-4.9405e-005,-0.045736,-0.02378,-0.018775,-0.098502,-0.12507,0.30539,0.10164,-0.17325,-0.15319,-0.29581,0.19102,0.41195,0.3203,-0.013795,-0.08478,-0.34491,0.27919,0.34697,0.068208,0.073541
-2.262e-012,7.238e-008,-1.1225e-006,9.6596e-009,0.032812,0.012964,-0.067427,7.3937e-005,0.0074584,5.0931e-006,-0.22851,0.026013,0.019138,-0.013731,0.0014897,-6.0175e-006,3.6477e-005,9.8535e-005,4.5985e-007,-0.00020945,0.02902,0.0387,-0.037501,-0.025936,-0.059045,0.11261,0.019175,-0.068796,-0.19956,-0.11771,-0.32547,-0.47053,-0.36703,0.055779,0.10315,-0.21007,-0.13163,0.56754,0.038757,-0.022212
-0.99991,-2.5735e-005,2.7183e-005,0.012934,-1.2881e-007,-5.8649e-008,-1.5897e-007,-0.0033232,3.506e-005,-0.0017544,-1.0559e-005,-5.2519e-005,-0.00071286,-0.0010405,-0.0011445,0.0015029,0.0003036,-1.0197e-007,-8.8069e-005,-5.9254e-008,-2.2204e-016,-5.5511e-017,3.4694e-017,5.5511e-017,6.9389e-018,2.4286e-017,-3.4694e-017,2.7756e-017,1.3878e-017,-1.3878e-017,-2.0817e-017,-3.4694e-018,-1.0408e-017,6.0715e-018,8.6736e-018,6.9389e-018,-1.5613e-017,-1.0408e-017,5.5511e-017,-1.0164e-019
-0.0010732,1.4142e-007,-4.4225e-007,-0.00058255,6.1694e-008,4.6443e-008,1.7408e-007,0.081773,-0.0010963,-0.0093012,0.0019885,0.012391,0.17433,0.27571,0.39385,0.00052392,-0.076772,0.00033922,-0.85185,-0.00028094,-2.2204e-016,4.0246e-016,6.1062e-016,-5.8287e-016,1.0408e-016,1.8041e-016,2.0817e-016,3.4694e-016,-2.7756e-016,1.1102e-016,-6.9389e-017,3.1225e-017,2.4807e-016,-1.9429e-016,-3.4694e-017,-6.9389e-017,6.245e-017,-1.249e-016,-1.1796e-016,2.8431e-018
-1.5263e-010,3.6378e-006,-4.1957e-005,2.0365e-007,0.081027,-0.16273,0.039241,-7.8018e-005,-0.0078888,-5.2003e-006,0.18477,0.39608,-0.063783,0.023964,-0.0019525,7.0785e-006,-4.2902e-005,-0.00011454,-5.3348e-007,0.00024261,-0.13363,-0.22674,-0.13117,0.011746,0.014097,-0.19245,-0.029799,0.35694,0.080616,0.15581,-0.51346,0.021782,0.22301,0.30507,-0.13693,0.025802,0.10664,0.11669,0.11328,0.15036
-0.0031604,8.0678e-007,-1.8957e-006,-0.0025245,2.8932e-007,2.3115e-007,9.1891e-007,0.57915,-0.0068273,-0.0054318,0.0037394,0.019786,0.2709,0.40271,0.46561,-0.011896,-0.025322,2.7588e-005,0.45929,0.00023848,4.4409e-016,1.6098e-015,1.7486e-015,-8.0491e-016,0,5.5511e-017,8.3267e-017,4.996e-016,-6.6613e-016,3.6082e-016,4.996e-016,8.3267e-017,-8.8471e-017,-1.3184e-016,6.9389e-017,-2.7756e-016,2.7756e-017,1.8041e-016,-6.9389e-016,4.1354e-018
-0.00085644,2.7808e-007,-3.4609e-007,-0.00051181,7.7543e-008,7.1667e-008,3.2091e-007,0.37664,-0.0041905,0.012481,-0.00011824,-0.0034722,-0.054451,-0.10501,-0.22519,-0.0077495,0.063098,0.00017604,-0.11896,-0.00037218,-0.036078,-0.16225,-0.12907,0.0022497,-0.10423,-0.026218,-0.099764,-0.023772,0.17939,0.1391,0.15833,0.23772,-0.36948,0.18915,-0.24278,-0.39581,-0.33582,-0.076604,0.26276,-6.2904e-017
-1.4782e-005,0.98763,0.1567,0.00044531,0.00043029,0.00019868,0.00052919,-0.00039399,0.0028519,-6.0093e-006,-0.00025609,-0.00013544,-0.00016192,0.0036726,-0.0025606,0.00010604,-0.00065001,0.00062624,-1.337e-005,-0.00076411,5.5511e-017,-1.3878e-017,-1.1102e-016,0,5.8981e-017,6.9389e-017,-5.5511e-017,6.9389e-017,0,1.3878e-017,-4.1633e-017,1.3878e-017,0,-1.3878e-017,1.6046e-017,1.7347e-018,-1.7347e-017,0,-6.9389e-017,-4.5382e-017
-0.0014627,-5.0337e-008,7.1107e-008,5.9055e-005,-4.5476e-009,-3.4757e-009,-1.3366e-008,-0.0061932,7.5042e-005,-0.0087692,-7.8174e-005,-0.00046794,-0.0065567,-0.010298,-0.014731,-0.98761,-0.15535,2.1126e-006,0.0014041,7.7072e-007,-6.6787e-017,-2.5804e-017,3.0358e-017,1.7347e-017,-2.9273e-017,-4.3368e-019,-3.9031e-017,6.9389e-017,2.8189e-017,2.5674e-016,7.6328e-017,3.4911e-017,-4.326e-017,-2.8081e-017,1.301e-017,-5.9848e-017,5.2042e-018,5.8547e-017,-2.6888e-017,2.4087e-021
