-0.93482,-0.3529,0.0062653,0.033285,0.00012052,-0.018012,-0.00098751,0.0019803,-0.0075415,-0.00069651,0.00052707,-5.6353e-005,0.0045225,-0.00069393,0.0011798,-0.003131,-0.0012498,0.0002284,0.00034553,0.00081761,-1.347e-005,8.673e-006,4.6834e-017,0,0,0,0,0,0
-9.0675e-007,6.1835e-007,-5.102e-006,-0.00076518,-0.19743,-0.0053495,-0.00036359,-0.0087559,-0.0044005,-0.001476,0.0086699,-0.00033064,-0.0030484,-0.0014486,-0.01015,0.00017021,0.031616,-0.015294,0.0063064,-0.004156,0.00068453,0.0018188,0.89282,-0.2247,0.072909,-0.048724,-0.31299,0.075706,0.019963
-0.0039982,-0.0018834,8.9626e-005,-0.087639,-0.00011814,0.036889,0.025881,0.024298,-0.033512,0.0042687,-0.17846,0.0067966,-0.39957,-0.10594,0.62787,-0.037174,0.023751,-0.41508,0.068587,-0.023771,-0.098025,-0.44991,1.9738e-016,-2.5067e-016,-3.1442e-016,2.4568e-016,-2.7582e-016,3.5128e-016,6.8305e-017
-0.00034774,-1.0631e-005,-8.2436e-005,-0.0086002,-0.51996,0.028229,0.029852,-0.0067594,-0.015471,0.0081314,-0.055329,-0.0032282,0.021829,0.0075867,0.069276,-0.0017121,-0.22111,0.10657,-0.04441,0.02941,-0.0051464,-0.012941,-0.3993,-0.31364,0.2723,0.061929,-0.56572,-0.0023819,-5.5144e-005
-8.5811e-007,5.8518e-007,-4.8283e-006,-0.00072413,-0.18684,-0.0050626,-0.00034408,-0.0082862,-0.0041644,-0.0013968,0.0082048,-0.0003129,-0.0028849,-0.0013709,-0.0096057,0.00016108,0.02992,-0.014474,0.0059681,-0.0039331,0.00064781,0.0017212,-0.11328,-0.17834,-0.51537,-0.74315,0.0025574,0.30024,0.10478
-9.2147e-007,6.2838e-007,-5.1848e-006,-0.00077759,-0.20064,-0.0054363,-0.00036949,-0.008898,-0.0044719,-0.0014999,0.0088106,-0.00033601,-0.0030979,-0.0014721,-0.010315,0.00017297,0.032129,-0.015543,0.0064087,-0.0042234,0.00069563,0.0018483,-0.010669,0.2699,0.15153,0.26225,0.12184,0.82872,0.30294
-0.016712,0.061891,0.99505,0.0018478,-0.00020019,0.0086521,0.0027101,-0.0016938,0.010039,-0.036371,-0.0044791,0.014554,0.022555,-0.041497,0.00037048,-0.0023871,0.00035731,-0.0066151,-0.0051889,0.0039033,-0.040724,0.0058572,-1.3403e-016,-4.8572e-017,-3.1225e-017,3.1919e-016,1.3878e-017,-4.8572e-017,-1.3878e-017
-0.0015858,0.0013828,-0.00096103,0.0010204,-0.10686,0.0031069,-0.13729,0.29011,0.20922,0.0054962,-0.008913,0.026765,-0.0068489,0.010823,-0.002234,0.0027387,0.019503,-0.0036508,0.0031852,-0.0023617,0.0017958,0.0010776,-0.013062,-0.22629,-0.68712,0.55945,-0.061259,0.010101,-0.0038667
-0.012413,0.007274,-0.0059137,0.012867,0.0002505,0.22012,-0.30115,-0.59217,0.55403,0.10069,-0.257,0.33669,-0.0051672,0.099888,0.010104,0.016225,0.046299,0.025726,0.00057649,-0.0023577,0.0097773,0.0036498,-4.0995e-016,-9.7145e-017,-2.7756e-016,-4.996e-016,1.4572e-016,1.0582e-016,2.6021e-017
-0.013242,0.0067819,-0.0059158,0.0073801,-0.0012174,0.30669,0.45314,-0.10349,0.51629,-0.092749,0.46376,-0.41575,-0.12154,-0.082538,0.026887,0.018677,-0.058556,-0.016151,0.0011768,-0.0086228,-0.0025487,-0.0089405,3.4909e-017,-2.2551e-016,1.249e-016,2.3592e-016,-2.9143e-016,1.7868e-016,4.12e-017
-0.013581,0.0053287,-0.0052927,-0.005645,-0.0040177,0.60144,0.49386,0.24126,-0.095244,0.087189,-0.43361,0.2193,0.083165,0.094432,-0.13601,0.015584,0.2184,-0.015617,0.015235,0.0029485,0.011867,0.013503,-1.3046e-015,2.1858e-016,1.4225e-016,-2.1164e-016,3.5909e-016,-2.4633e-016,-2.1684e-018
-0.0018342,-0.0011655,0.0001498,0.0027354,1.8445e-005,-0.018741,-0.0013077,0.0033431,-0.01591,-0.0019009,0.0037003,-0.00045635,0.071928,-0.0209,0.099863,0.99148,0.025728,-0.0027347,-0.003554,-0.0072923,0.00010376,-6.4102e-005,-2.2717e-016,-1.3878e-016,-2.3592e-016,-2.7756e-016,-5.7246e-017,1.6653e-016,5.5511e-017
-0.35225,0.9331,-0.064243,-0.0048515,0.00042192,-0.028438,0.0080038,0.0016734,-0.0057282,-0.01184,-0.0059597,0.0031116,0.0016357,-0.00017434,0.0010401,-0.00037434,-0.000437,0.0006771,-0.0012111,-0.00013388,-0.00072257,0.00050373,2.4861e-016,-4.8572e-017,-5.2042e-017,-3.3827e-017,1.404e-017,2.5153e-017,3.0358e-017
-0.00076036,4.0516e-005,-0.00015914,-0.026837,0.00036738,0.023565,-0.034398,-0.0022698,-0.027981,0.015152,0.03504,-0.082505,0.024432,-0.098874,0.42071,-0.057929,0.51568,0.68793,-0.21641,0.091447,-0.013231,-0.056749,2.0296e-016,-1.249e-016,-1.0452e-016,-3.1225e-016,-6.245e-017,-3.747e-016,-2.1467e-016
-0.0045131,-0.0020369,0.01431,-0.033207,0.00054531,-0.00056931,-0.01375,0.014143,-0.057924,-0.098381,-0.12485,0.035855,-0.84772,-0.064231,-0.22918,0.082526,-0.044375,0.23403,-0.086909,-0.21334,0.02625,0.27528,-1.6519e-016,-3.0271e-016,2.305e-016,-1.5959e-016,-3.0791e-016,-8.4134e-017,-4.9006e-017
-0.0011725,-0.00075243,0.00011777,-0.034714,0.00050275,-0.014452,-0.0025826,-0.0043374,0.0067457,-0.0041383,0.039516,0.01138,0.095195,0.041261,-0.26723,0.01705,-0.028136,0.22451,0.0048993,-0.67501,-0.18021,-0.61238,1.0268e-016,-3.6776e-016,-3.6776e-016,-3.4694e-017,-3.8511e-016,1.3878e-016,3.4694e-017
-0.0020348,0.0092081,0.049215,-0.00081697,0.00012499,-0.13064,0.09611,0.014607,0.03086,0.81601,0.049843,-0.043929,-0.076033,-0.087425,-0.034975,0.0057918,-0.010943,-0.026902,-0.14,-0.070336,0.50271,-0.083325,-1.3247e-017,1.1449e-016,-1.3184e-016,2.3354e-016,7.4593e-017,4.8572e-017,4.8572e-017
-7.2576e-007,4.9493e-007,-4.0836e-006,-0.00061244,-0.15803,-0.0042818,-0.00029101,-0.0070082,-0.0035221,-0.0011814,0.0069394,-0.00026464,-0.0024399,-0.0011594,-0.0081242,0.00013624,0.025306,-0.012242,0.0050476,-0.0033265,0.00054789,0.0014558,-0.001262,-0.35024,0.13524,0.031062,0.39311,0.26654,-0.77878
-0.0037535,0.0032731,-0.002269,0.003379,-0.004547,0.014088,-0.32459,0.69791,0.50091,0.014871,-0.032014,0.063788,-0.01238,0.027447,0.0074846,0.0062702,0.006388,0.010604,-0.00039504,-0.00036145,0.0033904,0.00026252,0.0055169,0.095575,0.29021,-0.23629,0.025873,-0.0042663,0.0016331
-0.0014209,0.0027455,0.021485,0.00079639,3.2807e-005,-0.016059,-0.0054202,0.0042601,-0.0287,0.18112,0.066851,-0.14033,-0.0483,0.70078,0.096532,0.0034745,0.051485,-0.16396,-0.51573,-0.099106,-0.33724,0.14006,-2.2204e-016,-1.1102e-016,-1.1102e-016,-2.498e-016,0,-1.1102e-016,-1.6653e-016
-0.0024064,-0.0010774,2.5382e-005,-0.094243,-6.0615e-005,0.034118,0.009916,0.0072617,-0.0022413,0.020398,-0.03213,-0.032313,0.19267,-0.018099,0.40748,-0.057687,-0.025022,-0.038327,0.25967,-0.65002,0.095389,0.52853,-6.1062e-016,-1.1796e-016,6.0368e-016,-1.249e-016,-4.1633e-016,2.7756e-017,6.9389e-018
-0.029021,-0.015996,0.001797,-0.98923,0.0072688,-0.011751,-0.0038967,-0.010505,0.021228,-0.0017075,0.026964,0.0071229,0.038894,0.016286,-0.091061,0.009924,0.002577,-0.00025568,-0.019654,0.090336,0.005958,0.0041035,0,-1.1102e-016,-5.5511e-017,1.6653e-016,-2.0817e-016,0,-1.3878e-017
-0.00097004,0.0043554,0.0094072,-0.00048929,7.9204e-005,-0.067908,0.044201,0.0084992,0.0039416,0.43583,0.034899,-0.061125,-0.11912,0.15975,-0.015711,0.017448,-0.0064865,0.2049,0.6502,0.16945,-0.5125,0.043846,1.1102e-016,-1.1102e-016,2.7756e-016,-1.3878e-016,5.5511e-017,-3.4694e-017,-1.3704e-016
-0.00087705,-3.1122e-005,-0.00017531,-0.016736,-0.0034652,0.10737,0.078233,0.041241,-0.0099342,0.030495,-0.19834,-0.0059925,0.075768,0.028929,0.24363,-0.0054832,-0.77241,0.37266,-0.15485,0.10241,-0.017636,-0.044997,0.15723,0.1235,-0.10723,-0.024386,0.22277,0.00093796,2.1714e-005
-0.0016627,0.0030911,0.049052,0.0010259,-8.5783e-006,0.043351,-0.056559,-0.0015797,-0.056672,-0.22563,0.028471,-0.11735,-0.099225,0.63297,0.060276,0.015407,0.015125,0.13469,0.37106,0.062603,0.5625,-0.1818,-1.1102e-016,2.2551e-017,-2.1511e-016,1.0755e-016,5.2042e-018,1.249e-016,2.0817e-017
-3.3954e-006,2.3155e-006,-1.9105e-005,-0.0028653,-0.73931,-0.020032,-0.0013615,-0.032788,-0.016478,-0.0055269,0.032465,-0.0012381,-0.011415,-0.0054243,-0.038009,0.00063738,0.11839,-0.057272,0.023615,-0.015563,0.0025633,0.0068107,0.074431,0.49328,-0.098956,-0.011372,0.23752,-0.33122,-0.076848
-0.0030434,0.0037377,-0.0023346,0.0021553,-5.2773e-006,0.15051,0.056753,0.067627,-0.12232,0.023177,0.62502,0.72569,-0.083154,0.066457,0.13364,-0.0051458,-0.078809,0.035465,-0.0054733,-0.0012998,0.0042273,-0.0022194,0,0,1.3878e-016,-1.1102e-016,-9.7145e-017,1.6653e-016,3.4694e-017
-0.017601,0.020467,0.0025931,-0.0073859,-0.0017454,0.65669,-0.55586,-0.011452,-0.30964,0.14306,0.18516,-0.29245,-0.018609,-0.11658,-0.053015,0.011631,-0.050888,-0.054184,0.0070299,-0.0010672,-0.011475,-0.010717,8.3267e-017,-1.3878e-017,2.7756e-016,3.8858e-016,-9.7145e-017,1.1102e-016,-5.5511e-017
-8.2683e-007,5.6385e-007,-4.6523e-006,-0.00069773,-0.18003,-0.004878,-0.00033154,-0.0079842,-0.0040126,-0.0013459,0.0079058,-0.0003015,-0.0027797,-0.0013209,-0.0092556,0.00015521,0.02883,-0.013946,0.0057506,-0.0037897,0.00062419,0.0016585,0.0036201,-0.55218,0.18984,0.047372,0.54967,-0.19099,0.53332
