-0.003106,0.00012352,-0.00093868,0.00092295,-0.00028162,9.7846e-005,-2.8963e-005,0.0054289,-0.0053591,0.0047431,-0.0099608,0.0048887,0.022075,-0.0089336,-0.70247,0.31308,0.048144,-0.047061,-0.19884,-0.055424,0.086031,0.14591,0.022615,0.15906,-0.10766,-0.015128,-0.21691,-0.12969,-0.15486,0.13887,0.14364,0.018661,-0.35695,-0.16686,-0.06594,0.033261,0.073548,0.006167,2.0182e-015,0,0,0,0,0,0,0
-0.0062176,-0.10332,0.35434,0.49964,0.35846,-0.6836,4.3618e-005,0.056386,-0.018782,0.041009,-0.0037739,0.045567,0.038356,0.036443,-0.0023166,-0.017172,0.0046343,-0.0099747,0.014646,0.022082,-0.0063997,0.026439,0.0546,0.017832,-0.013495,0.0069708,-0.012063,0.001459,0.023477,-0.023904,0.010627,-0.016732,0.0018644,-0.001736,-0.024276,-0.020123,-0.0026524,0.011291,-2.421e-016,-9.1886e-017,-5.215e-017,-8.3728e-017,8.5652e-018,-2.228e-017,-1.8215e-017,-1.543e-017
-0.0087726,-0.0011693,0.018119,-0.012999,0.0034903,-0.0020261,-0.00017659,-0.21679,0.12053,-0.087708,0.18533,0.25288,0.18238,0.029631,-0.27264,-0.32448,-0.13223,-0.040429,0.34385,0.14228,-0.054701,-0.40867,-0.013262,-0.19528,0.13573,-0.12413,0.18241,0.12645,-0.0043865,0.10067,0.25588,-0.1384,-0.22071,-0.10107,-0.00018632,0.023983,0.12104,0.014224,4.9017e-015,-9.7145e-017,1.3878e-016,1.3878e-016,-9.0206e-017,-2.3592e-016,-3.1919e-016,7.4593e-017
-0.0019771,-0.0052236,0.027681,-0.0031497,-0.0058036,-0.0013879,-7.3613e-005,-0.27764,0.34153,-0.046712,0.12557,0.24966,0.041261,0.087844,0.072872,0.16096,-0.043666,0.08825,-0.016487,-0.10419,0.032388,0.11644,-0.013276,-0.11219,-0.07952,0.43041,-0.071928,0.0084995,-0.2947,-0.29222,0.037256,-0.098528,0.22446,-0.10854,-0.15775,0.30053,0.20628,0.19039,-4.1732e-015,7.4355e-016,2.3105e-015,8.1209e-016,-2.7747e-016,-2.8082e-016,-1.4468e-015,-9.6563e-017
-0.0509,-0.016685,0.73738,-0.65057,0.1455,-0.0075289,-0.00034164,0.045592,-0.030645,0.039139,-0.029011,0.0043943,0.0040069,-0.010041,0.0053006,0.010332,0.014083,-0.00086849,0.031064,-0.012247,-0.01734,-0.0050929,0.00091904,0.0015975,-0.00010591,0.01233,-0.0028029,-0.021445,-0.0041309,0.015703,-0.0121,0.016064,0.0013701,-0.01113,-0.01311,0.004129,0.0048742,-0.00070453,1.2544e-017,1.2924e-017,-4.5903e-017,2.9272e-018,1.4103e-017,2.2527e-017,2.9643e-017,-2.0975e-018
-0.00011707,-0.0016537,0.018217,0.0062844,-0.0077423,-0.010463,-1.269e-005,-0.10382,0.058197,0.097378,-0.10645,0.020755,0.19185,-0.35758,0.11243,0.21429,-0.18346,-0.026154,-0.0702,-0.0097663,0.13379,0.064821,-0.11254,0.083638,0.17005,-0.13543,-0.0023246,0.11764,-0.053684,-0.030668,-0.11775,-0.31599,0.016407,-0.036703,0.15179,-0.41099,0.52813,-0.092497,4.1111e-015,-2.5813e-016,-2.8914e-016,-3.3436e-016,3.9839e-017,-8.5051e-018,-6.5297e-017,1.0848e-016
-0.00071931,2.6355e-005,0.00032529,-0.00045655,0.00013788,-2.4644e-006,0.47602,0.0022624,-0.0018496,0.0018307,-0.0016171,0.0013096,0.0018095,-0.0058422,-0.016826,0.0020077,0.025314,-0.00084659,-0.03175,0.011765,0.0050577,0.0089837,-0.015444,-0.073967,0.023611,0.028638,0.068381,0.058375,0.089153,-0.14638,-0.16481,0.06485,-0.16144,-0.068647,-0.025526,0.01812,0.020143,-0.0004457,0.51812,-0.37528,-0.38381,-0.23385,-0.0017515,0.05944,0.21862,0.021993
-0.00019605,-0.0055499,0.026367,0.027254,0.0028734,-0.011516,9.4714e-007,-0.016653,-0.069783,-0.053358,0.14409,-0.21134,0.074744,0.1459,-0.020733,-0.0088423,0.23529,0.233,0.27332,-0.34685,0.18415,0.22983,-0.3818,-0.11406,-0.04718,-0.28074,0.049541,0.18243,-0.16263,0.046718,-0.098577,-0.2648,0.029644,-0.14493,-0.090816,0.13335,-0.10198,-0.25271,2.1713e-016,-3.2092e-017,1.7174e-016,4.5103e-017,-2.7847e-017,1.6999e-016,2.363e-016,1.3773e-017
-0.0013931,-8.1529e-005,0.0070584,0.009044,-0.018807,0.010543,-1.3062e-005,0.013942,-0.020727,0.036175,-0.08435,0.073055,0.0024042,0.14092,0.024477,-0.055282,0.0083736,-0.42971,-0.023883,-0.174,0.10867,-0.024377,-0.095204,0.039134,0.0074935,0.0027324,0.023347,0.02597,-0.0022628,-0.016702,0.013414,0.0081908,0.015472,0.0058032,-0.030036,0.017356,0.033167,-0.012741,0.65153,0.30204,0.32556,0.18609,-0.039312,-0.077405,-0.23322,-0.010421
-0.028201,-0.98532,-0.10436,-0.10568,-0.070496,-0.016631,1.5683e-006,0.023324,-0.0014466,-0.0043423,0.0044422,0.0040804,0.014135,0.006192,0.0011622,0.0001401,-0.0078225,0.0024781,-0.0068396,-0.0031398,-0.0035411,-0.0022475,-0.0014415,-0.0016126,-0.0034844,-0.0012273,-0.0016096,0.0051287,-0.0013864,-7.649e-005,0.00028416,-7.5419e-005,-0.00051872,0.00086148,0.0023709,-0.00029007,0.0017088,7.793e-005,-1.0716e-017,1.1276e-017,2.3419e-017,-7.8063e-018,-6.9389e-018,-2.1684e-018,5.2042e-018,2.8189e-018
-0.00066417,-0.010789,0.03101,0.02389,0.016283,-0.027239,-2.134e-005,-0.12338,0.23878,0.0072635,0.04358,-0.31857,-0.079862,0.19531,0.09989,0.34227,0.27213,-0.15092,-0.067609,0.043379,-0.33813,-0.19589,0.032073,-0.10671,0.18465,-0.35745,0.077248,-0.11117,-0.16711,-0.043259,0.0065853,0.046541,-0.060733,0.095905,0.27088,0.21003,0.17509,0.091509,2.2126e-015,7.0083e-016,-1.8908e-016,-1.4225e-016,4.2503e-016,2.91e-016,4.3628e-016,-8.0123e-017
-1.171e-005,-0.00033267,0.0044742,0.0097611,0.015881,0.0090339,2.3331e-006,0.013694,-0.0079591,0.019803,-0.043239,0.096589,-0.063648,0.015215,-0.021487,-0.078479,-0.12234,0.13225,-0.22192,-0.22846,-0.15533,-0.11219,-0.12813,-0.016103,0.070607,-0.13437,0.042834,-0.20954,0.028703,-0.030497,-0.053907,-0.15717,-0.031546,0.097031,-0.21374,-0.020904,-0.024251,0.1257,-0.040765,-0.54323,0.18212,0.073886,-0.29505,-0.219,-0.38331,0.033566
-0.0011851,-0.0090904,0.036755,0.015363,0.029136,-0.027089,-5.3577e-005,-0.24718,0.0010837,-0.40072,-0.32999,0.077345,-0.13504,-0.020587,0.053449,0.15422,-0.22461,-0.030328,-0.24835,0.039555,-0.15819,-0.14359,-0.00049437,-0.13572,-0.23393,-0.079743,0.13713,0.12941,-0.13111,0.081863,-0.0018045,0.071176,0.097635,-0.28062,-0.02928,-0.032215,-0.1729,-0.43653,-1.1336e-015,-1.3531e-016,-1.7087e-016,9.9747e-017,-2.2551e-016,2.2551e-017,1.5959e-016,4.6404e-017
-0.00027049,-0.012114,-0.00042926,0.0052752,0.019511,0.032475,3.3213e-006,-0.14733,-0.21763,0.25814,0.19898,0.16808,-0.34971,-0.067751,0.041033,0.14659,-0.036786,-0.10691,0.096971,0.24827,0.16153,0.10922,0.13347,-0.062491,-0.41253,-0.25673,0.36213,-0.081972,-0.15528,-0.0017455,-0.073377,-0.090204,-0.042529,0.18819,-0.20652,0.02542,0.081124,0.050353,-3.1931e-016,-5.6552e-016,-4.0885e-016,-3.0932e-016,2.0188e-016,-6.9281e-017,1.8984e-016,-9.6982e-017
-1.4908e-005,-0.00042353,0.0056963,0.012427,0.020219,0.011501,2.9704e-006,0.017434,-0.010133,0.025212,-0.05505,0.12297,-0.081034,0.019372,-0.027356,-0.099915,-0.15575,0.16837,-0.28254,-0.29086,-0.19775,-0.14284,-0.16313,-0.020502,0.089892,-0.17108,0.054534,-0.26677,0.036543,-0.038828,-0.068632,-0.2001,-0.040163,0.12354,-0.27212,-0.026614,-0.030875,0.16004,0.032019,0.42668,-0.14305,-0.058035,0.23175,0.17201,0.30107,-0.026365
-0.0042104,-0.11031,0.19648,0.35018,0.58746,0.68846,1.2934e-005,0.034399,0.019598,-0.0087865,0.0071399,-0.011926,0.061889,-0.0019081,0.0030982,-0.0040415,0.00068408,-0.0087232,-0.0053983,0.014518,0.0039719,0.0028333,0.020894,0.01256,0.0063743,0.016976,-0.0016485,0.009134,-0.00089504,0.0080403,-0.0054238,0.0053927,0.0035571,-0.002227,0.0028593,0.0093847,0.0030914,-0.014505,-7.6023e-018,2.6368e-016,3.2266e-016,1.5092e-016,-1.7347e-018,-5.9848e-017,-1.4225e-016,-2.0817e-017
-0.0066352,0.00023452,0.0046547,-0.0060972,0.0017765,-2.3806e-005,0.00093903,0.010008,-0.011168,0.016526,-0.0076158,0.038421,0.049278,-0.016424,-0.56993,0.17021,0.041944,-0.032902,0.00038367,0.011224,-0.0023255,-0.080803,-0.018006,-0.13984,0.093585,0.0072254,0.20336,0.13994,0.17804,-0.175,-0.19742,-0.030077,0.57718,0.27163,0.11094,-0.060227,-0.13043,-0.01303,-3.8926e-015,4.1633e-017,9.7145e-017,2.4286e-017,-2.6021e-017,-1.7347e-018,-4.8572e-017,-4.7705e-018
-0.0028644,0.00011383,-0.00086204,0.00090789,-0.00035543,0.00017368,-4.3961e-005,0.0048918,-0.0056609,0.00705,-0.028627,0.011999,-0.0080315,0.069676,0.061151,-0.022141,-0.018321,-0.53216,-0.033317,-0.52031,0.37402,-0.17114,0.2475,-0.18348,9.1885e-005,-0.015046,-0.022149,-0.025354,0.0058801,0.016182,-0.013347,-0.0075234,-0.0040948,-0.0045829,0.019166,-0.011323,-0.016431,0.0054451,-0.31468,-0.14589,-0.15724,-0.08988,0.018987,0.037386,0.11264,0.0050332
-2.0494e-005,-0.00039325,0.0113,0.017406,-0.0036876,-0.02653,9.8165e-006,0.030502,0.039477,0.15397,-0.0097122,-0.023679,0.22083,-0.32247,0.056317,0.10583,-0.38539,-0.076793,-0.064499,0.12581,0.22109,0.12043,-0.21242,-0.14122,0.27803,-0.24144,0.047455,-0.025435,-0.13247,0.08524,0.036292,0.2987,0.06146,-0.089506,-0.03622,0.35506,-0.27736,0.1791,-1.2264e-015,1.9429e-016,3.4694e-017,-3.8164e-017,1.8041e-016,-4.1633e-017,-2.7756e-017,-6.5919e-017
-0.0015379,5.6252e-005,0.00066771,-0.00091675,0.00026872,-4.1938e-006,0.0023168,0.0065724,-0.0053527,0.0052613,-0.0046108,0.0037247,0.0051277,-0.016532,-0.047465,0.0056592,0.071264,-0.0023801,-0.089134,0.033015,0.014186,0.025167,-0.043199,-0.20685,0.065978,0.079993,0.19097,0.16288,0.24866,-0.40793,-0.45909,0.18051,-0.44907,-0.19091,-0.070982,0.050365,0.055967,-0.0012382,-0.24104,0.17458,0.17855,0.10879,0.00081482,-0.027652,-0.10171,-0.010231
-0.00091531,-0.0096999,0.037258,0.03827,-0.015711,-0.029152,-4.9965e-006,-0.041505,0.29617,0.2426,0.2082,-0.39724,-0.012552,-0.34829,-0.046826,-0.062664,-0.0936,-0.11034,-0.021031,-0.11026,-0.10766,-0.20717,-0.27393,0.0042072,-0.2967,0.30661,0.074576,-0.066761,0.06418,0.02348,0.067369,0.055891,-0.090036,0.20922,-0.065265,0.028908,-0.024901,-0.30633,-7.841e-016,-4.8572e-017,0,3.3307e-016,-3.3307e-016,-4.1633e-017,0,1.0582e-016
-1.5562e-005,-0.00046999,0.0048737,0.0087392,0.0061797,0.00031282,2.9651e-006,0.012011,0.029043,0.017639,0.084196,-0.14448,0.043963,-0.042569,-0.020401,-0.041238,0.056902,-0.040203,-0.00082511,-0.10823,-0.10459,-0.066941,-0.12327,0.088287,-0.22324,0.057503,0.27833,0.068713,-0.27103,-0.013716,-0.021441,0.073583,0.052099,-0.36747,0.16042,-0.44263,-0.23691,0.52856,-1.2421e-015,1.3878e-016,-1.1449e-016,-8.3267e-017,4.0246e-016,4.8572e-017,6.9389e-017,1.3704e-016
-0.001854,-0.0081337,0.056748,0.018857,-0.01865,-0.021289,-6.0978e-005,-0.079685,-0.22512,-0.4038,0.31826,-0.28885,-0.13762,-0.15983,-0.098237,-0.31238,-0.043941,-0.051768,-0.21219,-0.054724,0.03126,0.058464,0.11641,0.29507,0.16628,-0.01815,0.17006,0.090855,-0.091333,0.0081176,-0.049577,0.15043,0.16241,-0.030823,-0.11498,0.18027,0.3281,0.045261,2.1094e-015,5.5511e-017,-3.3307e-016,-3.6082e-016,8.3267e-017,1.6653e-016,2.2204e-016,-1.2143e-016
-0.00098677,-0.0019156,0.033523,-0.010591,-0.0043265,0.0058339,-7.0488e-005,-0.078768,0.25934,-0.0041129,0.15935,-0.026653,-0.061735,0.19473,0.086355,0.19235,-0.057421,0.11854,-0.16443,-0.00024538,0.24892,-0.065736,-0.086767,0.1844,-0.18363,-0.18927,0.060558,0.13757,0.64722,0.10334,0.21615,0.033721,0.11256,-0.21137,-0.043402,0.039206,0.08038,0.15475,2.073e-016,-2.0817e-016,-5.5511e-016,-3.2613e-016,1.5959e-016,9.0206e-017,4.0246e-016,-5.7246e-017
-4.199e-005,-0.0016543,0.0037518,0.007557,0.0077715,-0.0234,1.8027e-006,0.030859,-0.040396,-0.14719,0.040401,0.040983,-0.03951,-0.002177,0.018419,0.064293,-0.069964,-0.083214,-0.021663,0.10136,0.056152,-0.018622,-0.086803,0.073169,0.013721,0.2965,0.18605,-0.22121,0.11569,0.40579,-0.36474,-0.44221,-0.079692,-0.085597,0.35813,0.30049,-0.090705,0.08959,7.2945e-016,2.9837e-016,1.0408e-016,3.1225e-017,2.6368e-016,3.4694e-017,-2.3592e-016,1.2056e-016
-0.00090321,-0.019046,0.014457,0.013383,0.01264,-0.002817,-1.2869e-005,0.015999,0.47564,7.6659e-005,-0.32775,-0.11914,-0.49149,-0.15689,-0.083131,-0.11426,0.15435,-0.030205,0.14586,0.12858,0.18407,0.0039064,0.075517,0.119,0.27861,-0.0027811,0.01121,0.13922,-0.070035,0.093796,-0.084336,-0.15318,-0.0091772,-0.043338,-0.28028,-0.048802,-0.12937,0.086429,-4.7878e-016,9.7145e-017,2.7756e-017,-2.7756e-017,1.3878e-016,-2.7756e-017,-2.7756e-017,-2.7756e-017
-1.1725e-006,5.6694e-008,4.469e-006,-9.1625e-006,3.9212e-006,-1.5644e-007,0.14472,-0.00024231,0.00019519,-0.00018798,0.00016085,-0.00012897,-0.0001755,0.00056335,0.0016014,-0.00019046,-0.0023885,7.9431e-005,0.0029607,-0.0010951,-0.00046983,-0.00083011,0.0014177,0.006783,-0.0021582,-0.0026132,-0.0062348,-0.0053016,-0.0080831,0.013223,0.014859,-0.0058275,0.014465,0.0061447,0.0022841,-0.0016181,-0.0017959,3.9712e-005,-0.04737,0.10945,0.091593,0.20531,-0.80046,0.39774,0.31006,-0.13535
-0.0056281,-0.00095646,0.015266,-0.0067646,0.0022278,-0.01015,-0.00011244,-0.072574,0.18577,-0.01699,0.2141,0.15973,0.044436,0.0014843,-0.016899,-0.25625,0.17019,-0.025849,-0.15892,0.23392,0.22206,-0.2543,-0.13361,0.056892,-0.18079,-0.24324,-0.43773,-0.20812,-0.13264,-0.027241,-0.41538,0.11141,0.14851,-0.075503,0.072986,-0.072858,-0.026676,-0.079942,-6.9389e-016,3.2266e-016,-3.1919e-016,-1.3878e-016,1.8388e-016,1.5959e-016,3.5388e-016,3.2526e-017
-0.0020925,-0.0034849,0.02704,-0.013828,-0.0066402,-0.0023385,-7.7573e-005,-0.196,0.13068,-0.15616,0.096105,0.34159,0.13646,-0.32379,0.088455,0.039346,0.23656,-0.028101,-0.064325,-0.18434,-0.058153,0.081439,0.09419,0.41404,-0.023045,-0.14488,0.070607,0.19657,0.022079,-0.15994,0.059931,-0.065343,-0.19392,0.27341,0.17317,0.099519,-0.35138,-0.019708,-1.4988e-015,5.5511e-017,-1.3878e-016,6.9389e-017,6.9389e-017,-4.8572e-017,1.5613e-017,0
-0.99815,0.030239,-0.041066,0.029676,-0.0069148,0.0013379,-0.00034466,0.0024032,-0.0018017,-7.0918e-006,-0.002282,-0.0041441,-0.0025492,0.00079748,0.0077069,0.0030895,-0.0032171,0.0034308,0.001081,-0.00073961,-0.0019744,0.003427,0.00049025,0.0044543,-0.00088651,0.00087642,-0.00087154,-0.00030093,-0.00043385,-0.00033478,0.00047463,0.00034802,-0.001031,0.00022734,-0.00031104,0.00037587,-0.00023095,0.0002601,2.2204e-016,2.0817e-017,2.7756e-017,6.9389e-017,1.7347e-018,-2.8189e-017,-1.3357e-016,-1.7347e-018
-2.4104e-005,-0.00034262,0.018761,0.021599,-0.046773,0.026251,2.0508e-005,0.029062,-0.04516,0.082249,-0.17701,0.16882,0.015771,0.26923,-0.012695,-0.11191,0.043227,-0.43341,-0.019554,0.19404,-0.18066,0.14628,-0.53899,0.32065,0.018697,0.025098,0.085449,0.095918,-0.012808,-0.061537,0.049847,0.029679,0.043798,0.020121,-0.098623,0.057288,0.10316,-0.03858,-0.25958,-0.12034,-0.12971,-0.074142,0.015663,0.03084,0.092921,0.0041519
-0.0014219,-0.015784,0.014845,0.01337,0.021878,-0.016277,-2.9619e-005,-0.47248,-0.031543,-0.12361,-0.49119,-0.16845,0.21628,-0.0031377,-0.054164,-0.17271,0.10187,0.11323,0.10629,-0.041471,0.15462,0.084428,-0.083112,-0.059532,-0.23613,-0.0065646,0.029085,-0.11646,0.089156,0.14503,-0.082637,0.19148,-0.056034,0.29777,0.028767,0.048663,0.15074,0.26794,1.138e-015,2.7756e-016,1.249e-016,2.7756e-017,1.9429e-016,-3.4694e-017,-1.1102e-016,-9.7145e-017
-0.0056852,0.00010719,0.012869,-0.011811,0.0051764,-0.0062025,0.0009827,0.038406,-0.031683,0.013695,0.02424,0.061625,0.036864,-0.14525,0.044673,-0.18274,0.47,-0.028322,-0.52596,0.18041,0.12524,0.13233,-0.10439,-0.43903,0.050504,0.09259,0.11718,0.060101,0.0051211,0.11885,0.31653,-0.14453,0.0077603,0.021525,0.023999,-0.044429,0.0063154,0.012972,-2.0314e-015,-3.4694e-016,9.7145e-017,1.0408e-016,-2.2204e-016,-1.3878e-017,-1.249e-016,1.2143e-017
-0.00055926,-0.0038232,0.025243,0.013808,0.0046833,-0.01944,-2.4979e-005,-0.042412,0.01589,-0.19619,0.1827,0.10025,-0.0051677,0.25061,0.095892,0.28404,0.038371,0.15151,-0.01912,0.024168,0.32222,-0.16532,-0.19706,0.071615,0.29499,0.22305,0.21962,-0.095524,-0.16691,0.16827,-0.016188,0.28846,-0.14232,0.29376,-0.10845,-0.30703,-0.058165,-0.10883,-1.419e-015,-1.7694e-016,-8.3267e-017,1.5092e-016,-3.4694e-018,-1.197e-016,2.7756e-017,5.9848e-017
-0.0048158,-0.053409,0.51245,0.42728,-0.70045,0.22605,9.4569e-005,0.010984,-0.015085,0.020523,-0.025341,0.019227,0.0013554,0.0095313,-0.0024857,0.0020248,-0.00050428,0.042502,0.0027144,0.0061747,-3.1816e-005,-0.0080553,0.057785,-0.034067,-0.0026405,-0.0030848,-0.011922,-0.014714,0.0019432,0.010653,-0.0089616,-0.0057106,-0.0091708,-0.0041786,0.020728,-0.012468,-0.023206,0.0087981,1.6653e-016,-1.1102e-016,-1.1102e-016,-5.5511e-017,2.7756e-017,0,2.7756e-017,1.5613e-017
-0.0002744,-0.0078867,0.032432,0.031103,0.0098538,0.0014436,-3.5979e-006,0.149,-0.094027,-0.53048,0.083324,0.030909,-0.25117,-0.28255,0.026194,0.19033,0.0061726,-0.17253,0.27266,0.037418,-0.018372,0.02235,-0.316,-0.23333,-0.084667,-0.031087,-0.26548,-0.14067,0.16123,-0.17702,0.14071,-0.022902,-0.038598,0.092553,0.0016054,-0.082295,0.023788,0.20859,7.3899e-016,2.7756e-017,0,-1.3878e-017,-2.7756e-017,-1.3878e-017,-5.5511e-017,1.9082e-017
-0.0020057,-0.001582,0.04826,-0.034948,0.015239,0.0022747,-0.00014072,-0.17097,0.11098,-0.07885,0.12214,-0.25228,-0.10736,0.32909,-0.057811,-0.17861,-0.42552,-0.04824,-0.18718,0.14896,0.11746,0.27197,0.0088027,-0.086131,0.009399,-0.03774,-0.14132,0.12601,-0.063487,-0.23622,0.066452,-0.23263,-0.17052,0.25246,0.24159,-0.15374,-0.2175,0.032969,-9.7145e-016,0,4.1633e-017,1.0408e-016,-6.245e-017,-1.7347e-016,-2.0817e-016,9.7145e-017
-0.0019413,-0.0038745,0.0024441,-0.0048945,-0.0037793,0.0024923,-4.4842e-005,-0.13104,0.31486,-0.04297,0.21772,0.16545,-0.0081843,0.0030252,-0.035404,-0.10252,-0.02056,-0.13991,0.10113,-0.13046,-0.28136,0.55029,0.091581,-0.17102,0.093684,-0.071224,0.082591,-0.24782,0.16428,0.28369,-0.12987,0.21555,0.059229,-0.061629,-0.011619,-0.23137,0.023077,-0.11793,-9.7145e-017,-2.7756e-017,-2.7062e-016,1.0408e-017,-9.7145e-017,0,2.7756e-016,-8.5869e-017
-0.001655,-0.025708,0.016163,0.017544,0.022528,0.0084835,-2.4522e-005,-0.62599,-0.35812,0.20334,0.12592,-0.12148,-0.08297,-0.06192,0.036059,0.11425,0.11938,-0.11673,0.038975,0.050753,-0.077435,-0.059873,-0.030568,0.035755,0.2926,0.13059,-0.22692,-0.094245,0.17215,-0.030125,0.023467,-0.10366,0.052346,-0.20263,-0.15126,-0.10169,-0.23515,-0.0086216,-4.1633e-017,2.2204e-016,-8.3267e-017,-6.9389e-018,8.3267e-017,3.1225e-017,1.1449e-016,5.2042e-017
-0.00013421,-0.0061159,-0.0029292,-0.0034106,-0.00082819,0.005151,6.8898e-008,0.0016862,0.053768,-0.028651,-0.13483,-0.049094,0.0097393,-0.018006,-0.041625,-0.11428,0.05739,0.057331,0.087979,0.047362,0.23459,0.058278,0.016566,0.14834,0.071016,-0.034454,0.30689,-0.61245,0.037005,-0.43486,0.24635,-0.035334,0.060643,-0.21686,0.18478,-0.0046825,-0.031294,-0.22218,-8.3267e-017,1.3878e-016,-1.1276e-016,3.1225e-017,-1.6653e-016,1.2143e-016,2.1511e-016,-6.9389e-018
-6.1713e-006,2.9839e-007,2.3521e-005,-4.8224e-005,2.0638e-005,-8.234e-007,0.7617,-0.0012753,0.0010273,-0.00098939,0.00084658,-0.00067878,-0.00092369,0.002965,0.0084288,-0.0010024,-0.012572,0.00041806,0.015583,-0.0057637,-0.0024728,-0.004369,0.0074616,0.0357,-0.011359,-0.013754,-0.032815,-0.027904,-0.042543,0.069593,0.078207,-0.030671,0.076134,0.032341,0.012022,-0.0085165,-0.0094523,0.00020902,-0.24169,0.129,0.3632,-0.22484,0.1613,0.12485,-0.24044,-0.19483
-1.3542e-006,6.5477e-008,5.1613e-006,-1.0582e-005,4.5287e-006,-1.8068e-007,0.16714,-0.00027984,0.00022542,-0.0002171,0.00018577,-0.00014895,-0.00020269,0.00065062,0.0018495,-0.00021997,-0.0027586,9.1736e-005,0.0034194,-0.0012647,-0.00054262,-0.00095871,0.0016373,0.0078338,-0.0024925,-0.003018,-0.0072006,-0.006123,-0.0093353,0.015271,0.017161,-0.0067303,0.016706,0.0070966,0.002638,-0.0018688,-0.0020741,4.5864e-005,-0.028065,-0.21144,-0.14935,0.82533,0.34444,0.29556,-0.053225,-0.11429
-1.1805e-006,5.7077e-008,4.4991e-006,-9.2243e-006,3.9477e-006,-1.575e-007,0.1457,-0.00024394,0.0001965,-0.00018925,0.00016193,-0.00012984,-0.00017668,0.00056715,0.0016123,-0.00019175,-0.0024047,7.9967e-005,0.0029807,-0.0011025,-0.000473,-0.00083571,0.0014273,0.0068288,-0.0021727,-0.0026308,-0.0062769,-0.0053374,-0.0081377,0.013312,0.014959,-0.0058668,0.014563,0.0061862,0.0022995,-0.001629,-0.001808,3.998e-005,-0.04391,-0.0058899,0.18851,0.065695,0.024068,0.17098,0.082084,0.94842
-0.00037911,-0.016141,0.016278,0.037589,0.049439,0.00044459,1.4354e-005,-0.10377,-0.10116,0.24382,-0.040125,0.23978,-0.53775,-0.052978,-0.07313,-0.12749,-0.052167,0.20681,-0.0054655,-0.25324,0.035901,-0.017336,-0.2149,-0.039677,0.079849,0.042338,-0.061625,0.11225,-0.034312,0.03427,0.078943,0.26283,-0.012562,-0.033375,0.50521,0.075726,0.13556,-0.025297,-3.747e-016,-1.0755e-016,6.9389e-018,3.1225e-017,-2.1337e-016,2.5153e-016,7.6328e-017,1.1124e-016
-2.1437e-006,1.0365e-007,8.1705e-006,-1.6752e-005,7.1691e-006,-2.8602e-007,0.26459,-0.000443,0.00035685,-0.00034368,0.00029408,-0.00023579,-0.00032086,0.00103,0.0029279,-0.00034822,-0.0043669,0.00014522,0.005413,-0.0020021,-0.00085899,-0.0015177,0.0025919,0.012401,-0.0039457,-0.0047776,-0.011399,-0.0096929,-0.014778,0.024175,0.027167,-0.010654,0.026447,0.011234,0.004176,-0.0029584,-0.0032834,7.2605e-005,-0.1125,0.38866,-0.60992,0.16525,-0.26631,-0.35113,-0.37653,0.16724
-1.8668e-006,9.0262e-008,7.115e-006,-1.4587e-005,6.2429e-006,-2.4907e-007,0.23041,-0.00038577,0.00031075,-0.00029928,0.00025608,-0.00020533,-0.00027941,0.0008969,0.0025496,-0.00030323,-0.0038028,0.00012646,0.0047137,-0.0017435,-0.00074801,-0.0013216,0.0022571,0.010799,-0.003436,-0.0041604,-0.0099263,-0.0084406,-0.012869,0.021051,0.023657,-0.0092778,0.02303,0.0097829,0.0036365,-0.0025762,-0.0028592,6.3225e-005,-0.061928,-0.010861,0.22247,0.26635,0.013883,-0.70438,0.56857,-0.025098
