1.0,0.6087431778021657,0.09300960657576487,0.11799152248629292,0.6944196804951815,0.5422533844569145,0.2642107740714857,0.16539004988558392,0.6399943380841824,0.5893530506213411,0.5316741857101441,0.7478472198967283,0.3690203864968539,0.2701884633603516,0.6853965517559112,0.6608426535536494,0.275952346000714,0.25640089821836504,0.6126721094405816,0.12629915410599185,0.5431510932509831,0.20711743136832048,0.9120635839444603,0.3261127891986806,0.6606775831667839,0.7559393077381789,0.7496811662612846,-0.023869841130196832,0.7453289574318898,0.6282695769722398,0.6171241446036995,0.7439325624645708,0.5208906227082307,0.8906210646889914,0.7910662716037479,0.6472038150381086,0.31586301244956366,0.22459159151108737,0.7970015024898197,0.6020280614401898,0.9071210511319734,0.7776088571660362,0.6704129233333348,0.642145208603611,0.6902751829592233,0.9102177934483222,0.27254114823452824,0.5607304205998395,0.7093793317018532,0.4456119285815988,0.28309053140883045,0.545154897543682,0.2815519197539401,0.5907046890184444,0.2840196494342732,0.7866265030645128,0.2551423767310045,0.7345904873870657,0.6577707601920791,0.8801594063673566
0.6087431778021657,1.0,0.22507868787186344,0.19016842575205178,0.8639383894322661,0.6829384961599232,0.34639109191228534,0.22827037166556324,0.722708316447168,0.8198794136885302,0.7946959136826568,0.7098740259389952,0.37026233458065194,0.28840059925902556,0.7593155304132015,0.6868213157798582,0.339711537793893,0.28031958698575815,0.7349602034433314,0.23297061363077112,0.7190279062507475,0.22275962289900947,0.7146047266693905,0.3397518835062394,0.6108629362775383,0.707735583329361,0.7978263439833785,0.08650991249012355,0.7796751346169504,0.729517554255215,0.7216768849979531,0.6097122287498097,0.6671956516122778,0.6274598049391716,0.7296368223960457,0.6579978727609659,0.2599417887136762,0.28869439462197966,0.7604754481644302,0.5487666013381054,0.4964153010868696,0.7943999153485756,0.645372785919936,0.764248272705642,0.8589683429284459,0.6284103212906702,0.27721135351651405,0.35067110229080833,0.48770022887714515,0.26766501545671273,0.3364525744505345,0.6552406602542091,0.33182307244408815,0.6290910890296136,0.21726918351866042,0.6067480428382059,0.2506930203772736,0.8099019917247727,0.8199467966526687,0.6734974385873326
0.09300960657576487,0.22507868787186344,1.0,0.5076737492808887,0.30759037493599245,0.2844057922969071,0.5163345282799794,0.7844207491717773,0.11765756404641395,0.2528672091321969,0.2904937199498284,0.1725430097021923,0.5373882836203521,0.6789685440337847,0.27050309615603313,0.17170201593965256,0.4351542857435574,0.5778265924969649,0.22633769573460424,0.5294065672657359,0.29362916348200696,0.7422228024683019,0.10352785520495134,0.4774605626140289,0.177418752584828,0.17594113218169455,0.28675656364614976,0.7996636516189704,0.24623964593626418,0.24628974141005683,0.24247574655312465,0.16974821527373146,0.17230782972583764,0.17371234970461863,0.15089694420843686,0.07129126386167173,0.5716966521450753,0.6085656902550544,0.20734560213364076,0.11845743946855813,0.06691435923557501,0.20510453012927887,0.12358569468132327,0.14638703773720943,0.2524445825903973,0.1388202449594188,0.4800548297546433,0.26640400850333873,0.05514421970337433,0.3323351548763192,0.5415551002840229,0.2565754200143848,0.4857133822383771,0.2232222365388512,0.37130211893594567,0.21645938319235142,0.45452118367840777,0.2700283160160714,0.2540024420282614,0.09157189605216066
0.11799152248629292,0.19016842575205178,0.5076737492808887,1.0,0.16571012396161916,0.3004879369236095,0.5767026936772041,0.5169960681187803,0.18355746912064425,0.2278652826747301,0.2596972968317458,0.19700669207437616,0.5004342873072908,0.5387923910992313,0.1382230630511691,0.09858032301016498,0.4673148031012994,0.5135269103376808,0.10125430191801865,0.516368022229108,0.09173176893214399,0.6382866540590817,0.18938265319591602,0.532547974016788,0.007695641557556768,0.19776518773375054,0.2228721252880442,0.5078786395583585,0.07310618907243152,0.0679838200621597,0.1214413215912018,0.1301655697472498,-0.01304883184391071,0.11653129224369992,0.2863979284811154,0.09927264633742512,0.5308251243481868,0.5418044344511064,0.27737206107181767,-0.05520105115969023,-0.03625052016040214,0.23445588618268495,0.30354506115184254,0.25588777432613913,0.22578277297214483,0.0720868404668223,0.39202850552132834,0.04791898882277647,-0.1733177186339317,0.12859109125102125,0.5767007336816679,0.14464695460172736,0.5402354219027898,0.074356895258947,0.3941073547509568,0.11878060316484758,0.40691866270637034,0.1406504390171979,0.31320616061641404,0.14693998825451998
0.6944196804951815,0.8639383894322661,0.30759037493599245,0.16571012396161916,1.0,0.6558471697875661,0.3765688090998376,0.21859343823578112,0.6851560913747142,0.8669826609813421,0.8015905596321966,0.8082299659546107,0.4218322372377862,0.3213524259660608,0.8163335489943275,0.7451777028415543,0.3729100290827799,0.30730410397891106,0.7881953534384503,0.25726603341745813,0.866092307242005,0.2701812457859403,0.7965229465797659,0.37678799305743915,0.6930872064121739,0.820186151560535,0.9352551780546234,0.1698635293618244,0.8916904117800142,0.8652424262646219,0.8559593293040695,0.7827119449320052,0.7826417905880876,0.7406407371074301,0.8322826891540689,0.7120511974075787,0.2965476972370464,0.31589328163638364,0.8612019073336509,0.5960423325735135,0.6115969099415841,0.8834141314207203,0.7635966672355734,0.7742777671493248,0.9639973837714099,0.6975808337611168,0.32740729794912526,0.4717717823995127,0.6200269665752346,0.3601773575095875,0.36998339512392125,0.8120917229490624,0.3705424243473148,0.7122065766806336,0.2919882595783906,0.7669706090815522,0.31568932849170617,0.89960748862425,0.8804331812149364,0.6891778133298705
0.5422533844569145,0.6829384961599232,0.2844057922969071,0.3004879369236095,0.6558471697875661,1.0,0.37332744551355374,0.3855561537206916,0.7685236046991002,0.747549017952834,0.7154570198523265,0.6406156355290324,0.44728826443171565,0.3707327667969295,0.6774910048086625,0.6754212369214139,0.365491077834391,0.4210194154206377,0.5690379075554828,0.3462975604481776,0.5850557061540768,0.24103329861110562,0.5832955838456619,0.5032677381988574,0.5880523881555443,0.5470872989952322,0.7001960039007241,0.19417880166188697,0.6268915787027647,0.5620757339685843,0.5961459433513947,0.49755453428893615,0.5234831792631217,0.5577553273555874,0.6402411717027008,0.5087316871098124,0.29900462227493946,0.4331787229006693,0.587639458256178,0.5337593512387193,0.46600780075029763,0.6277594668250279,0.6378097433218713,0.511235645406974,0.6894980334150193,0.5672422830551163,0.3399113780683547,0.27488698006084494,0.4641990301252533,0.3464529367233748,0.3278878060531102,0.642729849636126,0.341641867179986,0.6660187170102997,0.33502456009135356,0.5585136199663653,0.25881023562592437,0.6363430959453747,0.7432906572420191,0.5856290942491852
0.2642107740714857,0.34639109191228534,0.5163345282799794,0.5767026936772041,0.3765688090998376,0.37332744551355374,1.0,0.42180244449164156,0.2652352732878537,0.23792435018110192,0.48363471689994747,0.3481207760496501,0.7243607819308356,0.6553995351810658,0.47569246069770765,0.3232698421913611,0.6628345311234969,0.7677830449837612,0.3547449763312852,0.6588571617991705,0.4315747753352836,0.5491693558350613,0.2517680671767154,0.7056273992038063,0.33731420757266173,0.24288306807868937,0.4135996951151196,0.4646176774541728,0.38374606679649753,0.4262729924563214,0.4127452185675272,0.40770644580571636,0.2613382545927963,0.27163925154098345,0.31179957327040836,0.2343682584859858,0.637783311572481,0.5423080477254103,0.3995904979158117,0.30544510882581205,0.17426690579209764,0.41379168251439935,0.19476575982703176,0.2931318348359078,0.34119851480745006,0.27000514798919667,0.5661739020622728,0.46859261021496684,0.21094682566560166,0.4447910817535911,0.7305468212913382,0.386032822757519,0.5124239638470348,0.2759943727304558,0.5998113931301692,0.4556151430621034,0.6352619121640118,0.37330355144569916,0.38225012319935525,0.20339159567117227
0.16539004988558392,0.22827037166556324,0.7844207491717773,0.5169960681187803,0.21859343823578112,0.3855561537206916,0.42180244449164156,1.0,0.23423190895943238,0.27306048004205785,0.17285218598471058,0.23232662611478966,0.5715932687840308,0.6613751028163563,0.24477032337747193,0.21424356763322158,0.40897489778537766,0.6024714985442967,0.1467535212980907,0.5516342679648842,0.16239048565345718,0.7198405381137958,0.20949882691974864,0.5643572543440009,0.14007119879133226,0.16707706720406518,0.23196308713692798,0.7459167269558649,0.1855092567631563,0.13881673830051502,0.10140384648282223,0.1007131847936735,0.10027155334840399,0.22332910774683903,0.19352382337356255,0.022100145666815042,0.49726242414114746,0.6144579595829808,0.19252183223698613,0.13636470841090054,0.09896350440380472,0.19924520535806994,0.14828429792090372,0.0811010237373204,0.21746140725455348,0.15808019048077887,0.472658523105976,0.30527411588206405,0.09429031445238283,0.426381884140294,0.5424405508492741,0.26281412001960935,0.5780472666176898,0.27607285556319117,0.4019538623345091,0.15674616692396504,0.39273570921347356,0.1514010502901682,0.2438354954641723,0.22210758515842777
0.6399943380841824,0.722708316447168,0.11765756404641395,0.18355746912064425,0.6851560913747142,0.7685236046991002,0.2652352732878537,0.23423190895943238,1.0,0.7486366370963123,0.692774687817154,0.701139149355414,0.37688713396015644,0.22143002254003882,0.766646097409172,0.8286280918277802,0.3120275150848696,0.2511842765289271,0.666688044983468,0.2162090124879752,0.6370971801370348,0.15615257196160237,0.7302604621706147,0.41219123768899985,0.5677189412879566,0.6155658546704869,0.6902482885355669,-0.005870518938950723,0.7373679899089379,0.6364396804214653,0.7034445338038431,0.551369303223334,0.5765819372791939,0.6081483707515108,0.670618241884495,0.5325665282164107,0.2807751519005361,0.2765474162635294,0.6053298722290944,0.6579192793193492,0.4790956542737142,0.6713900055456852,0.6928980509360172,0.47750077675087715,0.7185077407742041,0.6015988750461547,0.3289453425792587,0.38422453809381213,0.5752772967301235,0.3549904252150791,0.2942976216190056,0.6137047252041552,0.27765896371619003,0.7254445028007765,0.26651175269339894,0.5285741844238492,0.20975526477868994,0.6933160546194409,0.8125229103495902,0.682827900118743
0.5893530506213411,0.8198794136885302,0.2528672091321969,0.2278652826747301,0.8669826609813421,0.747549017952834,0.23792435018110192,0.27306048004205785,0.7486366370963123,1.0,0.7342541247614764,0.8441019458381407,0.38800665418959496,0.32838351949368755,0.6536885595585233,0.6466928326515797,0.3279351514175301,0.25729415091034935,0.7220124423995218,0.20876834635348857,0.7499093844313164,0.22995950546537786,0.699776569694311,0.4094569843122026,0.6217033185417805,0.8270392218145546,0.8698503248042699,0.12147431258405053,0.7778752600810728,0.729048447567495,0.7125859396831983,0.6603184345478493,0.6833670705401744,0.5974002249411986,0.8258923471966991,0.6891720131729364,0.2912771571680866,0.37399373855067597,0.7746201335746374,0.544789516346345,0.5152648821548828,0.8020676122443383,0.8440583787677832,0.7286339980385749,0.9090671778427621,0.5480348600074464,0.25707301981427855,0.34706129417872406,0.491336554226946,0.3196483773413822,0.31855498670782356,0.8026352961469086,0.3677493378044798,0.6865343840220335,0.2482199473927511,0.6292772785049846,0.23873771114641915,0.7854799624512256,0.876945133270102,0.6719425323223248
0.5316741857101441,0.7946959136826568,0.2904937199498284,0.2596972968317458,0.8015905596321966,0.7154570198523265,0.48363471689994747,0.17285218598471058,0.692774687817154,0.7342541247614764,1.0,0.690851036402532,0.47295678157854254,0.32500878615911055,0.7778581620971334,0.7253539260666027,0.4732200982559981,0.4324967785026924,0.7540448382438567,0.41403811559215703,0.7948034960721249,0.3145583960400302,0.6261384153758031,0.42009632215856135,0.6220118801458165,0.63704843600644,0.7704424197928138,0.1735715928424166,0.7836972854635624,0.7515917660776982,0.8138588669567218,0.7080753129970109,0.6631485703330375,0.5811502992689452,0.6739272128786129,0.6582329911834004,0.40386610116056526,0.35884913114594513,0.73163328830453,0.5597032981197171,0.4372340206015036,0.7814043478826059,0.6609491428922979,0.7229779325920729,0.8148297853482207,0.5398425141341002,0.37014496980643463,0.36713199366481103,0.5119334670982693,0.24748508058676993,0.4632718177739223,0.7294007575058191,0.2453763692893729,0.6131163158440645,0.3224621841449365,0.680279652663519,0.3357024034342936,0.7451609543757474,0.803673060835915,0.5059141399655972
0.7478472198967283,0.7098740259389952,0.1725430097021923,0.19700669207437616,0.8082299659546107,0.6406156355290324,0.3481207760496501,0.23232662611478966,0.701139149355414,0.8441019458381407,0.690851036402532,1.0,0.524933316152566,0.3843315323118499,0.6903426894471469,0.6320676510442673,0.43713802792884204,0.39522980144949404,0.775928285454407,0.27195803131896634,0.7008327475225216,0.3028462679471172,0.7706358551295378,0.5300652824162273,0.7361988861534412,0.8144413509289287,0.8593591848840536,0.08472674498195873,0.8021994872945939,0.7406008826504081,0.6998435269440317,0.7818102818783115,0.7082765683799879,0.7122521536092438,0.9275017327019048,0.7030568622052557,0.4029425925918898,0.3676351110081662,0.8491131911141382,0.5336317039361976,0.6286065797001037,0.8781725825264575,0.844658623828602,0.6889312190890775,0.8444373106217903,0.6952021923667585,0.34382192292636904,0.46272992960268633,0.6177571905610992,0.3929192806839156,0.4276766483473926,0.7969644935255339,0.42885589850829975,0.6275180412145029,0.3729781400775422,0.7644690453228006,0.3464413626272257,0.7967147396763379,0.8250216760285355,0.7755595389388956
0.3690203864968539,0.37026233458065194,0.5373882836203521,0.5004342873072908,0.4218322372377862,0.44728826443171565,0.7243607819308356,0.5715932687840308,0.37688713396015644,0.38800665418959496,0.47295678157854254,0.524933316152566,1.0,0.780281393146698,0.46904762310800346,0.3923082458890061,0.7160869366413632,0.796729547347238,0.4917344302650165,0.7168301188817949,0.3821272316983905,0.6634356895601196,0.3487579205886647,0.9023827180907558,0.46792771506250064,0.3251656431859393,0.48490744806736047,0.48842156419799165,0.4205982162721405,0.42982926746023287,0.42172525290416035,0.4405863146255836,0.23812215970566603,0.3048622584941959,0.4400522384844803,0.28751508786259644,0.8052587433065377,0.662862445057612,0.46766257747107176,0.2963084170526469,0.20286477342740739,0.47204368315064,0.3524882982482759,0.2746194546375256,0.42569382993205274,0.31076702509474036,0.7430962996263692,0.5286327755998719,0.2809772427149829,0.5246683607663116,0.8325808787289614,0.41290854699829554,0.7712443635465371,0.31167642295959774,0.5940158104450816,0.4881870771548694,0.6469198704912611,0.41596439132099566,0.48812626526595304,0.383591289367505
0.2701884633603516,0.28840059925902556,0.6789685440337847,0.5387923910992313,0.3213524259660608,0.3707327667969295,0.6553995351810658,0.6613751028163563,0.22143002254003882,0.32838351949368755,0.32500878615911055,0.3843315323118499,0.780281393146698,1.0,0.2690402535448458,0.19410714472134954,0.6943386252163994,0.7926300414723617,0.32626545133797374,0.6924627914967978,0.2233217232512615,0.8236609274134628,0.24257376990335558,0.7800466126802446,0.2828719184464823,0.3046687790246511,0.39583199932204827,0.6107336913827812,0.24631009848505872,0.26844460101711876,0.2349928345616859,0.2479933569267147,0.12675932622346103,0.19783676166427486,0.3549208881258367,0.09394986052649962,0.7556320037054607,0.7241442649538952,0.3286948204808351,0.139469646568824,0.12494743357503621,0.3175173161049724,0.2535529648843646,0.24249699869056957,0.33461207169337154,0.19916055615308592,0.5410467570223383,0.37098854873803677,0.15781690532392725,0.42937891008893986,0.7857598597207198,0.3167689469456773,0.7099538135128216,0.1995638337826,0.495652149951589,0.3198611370517848,0.6686026234700239,0.3136703026548615,0.3818799984775595,0.2576372221071481
0.6853965517559112,0.7593155304132015,0.27050309615603313,0.1382230630511691,0.8163335489943275,0.6774910048086625,0.47569246069770765,0.24477032337747193,0.766646097409172,0.6536885595585233,0.7778581620971334,0.6903426894471469,0.46904762310800346,0.2690402535448458,1.0,0.80169244717282,0.40637138761033864,0.36595910162303785,0.7664114117981027,0.3128123361123353,0.8045593215206738,0.23669262791355328,0.7524445023909621,0.40559244388013677,0.6548234382947971,0.6210067052572628,0.7548582532641926,0.1218734470438343,0.8361343936572695,0.7670279295522564,0.8268114561615342,0.7119877760694522,0.6870136554885633,0.7377537686555927,0.666346120085195,0.6077157970268812,0.3437449006137431,0.22138739854386696,0.7274873341515519,0.6495487196057272,0.5867217213318682,0.7489495495657104,0.5899160194936477,0.581306309869064,0.7727493263829143,0.6967720851569014,0.3762440853123181,0.5836874146169612,0.6118496826997275,0.4535356936582272,0.4091406873151312,0.7052839734975607,0.3313654800574299,0.6838215949980273,0.3010382256949974,0.7027231570795727,0.2784720824402025,0.7841549420670049,0.7660668484152658,0.6553085522463789
0.6608426535536494,0.6868213157798582,0.17170201593965256,0.09858032301016498,0.7451777028415543,0.6754212369214139,0.3232698421913611,0.21424356763322158,0.8286280918277802,0.6466928326515797,0.7253539260666027,0.6320676510442673,0.3923082458890061,0.19410714472134954,0.80169244717282,1.0,0.2787049100371272,0.23530177751623355,0.6860242099249353,0.19842712473973717,0.7091252248835758,0.12245942192620678,0.7224572375102614,0.35740447083572985,0.6283891280741347,0.5796566910727922,0.6876319822515655,0.11221066114318404,0.7917383270597667,0.7762464507763414,0.8332313681247167,0.6757607349299782,0.6735225115122768,0.6739229350348107,0.5872076100290033,0.6312115368679642,0.2793906516326786,0.21200805257730843,0.6272456405362115,0.7013862673633466,0.5578463697006389,0.7042388182475352,0.5808208494833734,0.5104637976154647,0.7110218320344239,0.6743340954399393,0.400067811874559,0.5461460842073567,0.7371347661844919,0.5447829416451595,0.2827663699981744,0.6554419457453068,0.22493583497348113,0.8801569373582019,0.38911978860703267,0.6741226836695251,0.2819959563048648,0.7488685357001926,0.7018463398367201,0.6499822236662813
0.275952346000714,0.339711537793893,0.4351542857435574,0.4673148031012994,0.3729100290827799,0.365491077834391,0.6628345311234969,0.40897489778537766,0.3120275150848696,0.3279351514175301,0.4732200982559981,0.43713802792884204,0.7160869366413632,0.6943386252163994,0.40637138761033864,0.2787049100371272,1.0,0.7440238292842837,0.3641304606797917,0.6786664289022848,0.3129003594262597,0.6281827708209761,0.2665055769393315,0.6712035641042314,0.32308868954974723,0.34526956413866494,0.4608552773691345,0.3868918602893093,0.37990958628679905,0.3735377333052702,0.3509664722486812,0.3551073515414039,0.23430624576956868,0.21561198620760996,0.4119344711728033,0.20606164558535434,0.7192971779322569,0.5802991842698015,0.4224844934099171,0.2569502302902604,0.11937170708926059,0.4295882444648149,0.29210540934551593,0.3199635070306492,0.39435319518642464,0.21546999155814373,0.4965030450459099,0.40845009922937364,0.16049236150080964,0.2619754510882864,0.782471216040502,0.4103931909394422,0.5713642044097262,0.21156553694428143,0.3761300348813513,0.42440993932918836,0.6564764380121196,0.37481923049287197,0.4428675964556531,0.22158740323365528
0.25640089821836504,0.28031958698575815,0.5778265924969649,0.5135269103376808,0.30730410397891106,0.4210194154206377,0.7677830449837612,0.6024714985442967,0.2511842765289271,0.25729415091034935,0.4324967785026924,0.39522980144949404,0.796729547347238,0.7926300414723617,0.36595910162303785,0.23530177751623355,0.7440238292842837,1.0,0.34779983747905224,0.8841043283844428,0.3023521533074703,0.7385974179927509,0.23855556387512436,0.774941534852489,0.28244091908628893,0.24860807017290662,0.380753450266907,0.5545715558123997,0.29894755083416835,0.2944765073279822,0.2943083277860907,0.3423728491978012,0.2711144678100511,0.24055465927402486,0.3483282793156889,0.14432512009006762,0.7917131177200889,0.7670145936026135,0.3415027474417506,0.16390666473653145,0.14344492091771674,0.3694714956108082,0.23128640927232152,0.2418303468051221,0.33484168542511716,0.23517551402010825,0.6279595329317633,0.40019854719048176,0.18648351302781613,0.42284893261377776,0.8870405996296145,0.37530245884811514,0.6730374739937756,0.22525883973168073,0.5236570632242895,0.3839684638758499,0.6657558830108397,0.30787902628821756,0.3918415245490066,0.214080638229542
0.6126721094405816,0.7349602034433314,0.22633769573460424,0.10125430191801865,0.7881953534384503,0.5690379075554828,0.3547449763312852,0.1467535212980907,0.666688044983468,0.7220124423995218,0.7540448382438567,0.775928285454407,0.4917344302650165,0.32626545133797374,0.7664114117981027,0.6860242099249353,0.3641304606797917,0.34779983747905224,1.0,0.3069299864003282,0.8029118787776998,0.2581320741875121,0.6576195594852402,0.4582276019024418,0.6454097707116941,0.6680894337723731,0.7300169997168308,0.07849397698262581,0.7353186002683414,0.7438109479477243,0.8087214294276354,0.709902700761081,0.6958621369557909,0.6413337778267933,0.6829064229120624,0.5850079381722736,0.3959141048270234,0.3439960643237769,0.6842774367166766,0.5151162420315201,0.5054051814197573,0.717309124294691,0.659066032463035,0.5657929438523369,0.751071901556905,0.5954642613931873,0.38658496536207065,0.4976096084686078,0.6224934153442943,0.3956080899980568,0.4359837505318146,0.7439864630112252,0.36345270311651817,0.5685373562950338,0.3117391706895534,0.6571210074087246,0.30001515131884254,0.7649438674617316,0.7723931269260023,0.7176103882044474
0.12629915410599185,0.23297061363077112,0.5294065672657359,0.516368022229108,0.25726603341745813,0.3462975604481776,0.6588571617991705,0.5516342679648842,0.2162090124879752,0.20876834635348857,0.41403811559215703,0.27195803131896634,0.7168301188817949,0.6924627914967978,0.3128123361123353,0.19842712473973717,0.6786664289022848,0.8841043283844428,0.3069299864003282,1.0,0.292344645221721,0.6979234278519323,0.1769492346518789,0.6520562744589091,0.18292471016238257,0.19704662339274465,0.27856199379306096,0.5139080071075456,0.2551629824814416,0.2609192594540123,0.28280386201124325,0.30096279156325656,0.17997692618349465,0.14483834931361664,0.25013813445227395,0.10970391294618517,0.7517816372738618,0.6938078547502297,0.25631735521205923,0.12429398534943845,0.003991377409132591,0.2972518993460117,0.19211927297643783,0.21841014835643607,0.2918780923598889,0.11609388142170007,0.6116541668532274,0.32004901643502204,0.05865185057670762,0.27874822699000024,0.8598705393252665,0.33478697572643595,0.6179947280443787,0.1761877495332688,0.4453902631282321,0.2913806029259384,0.5882607083050198,0.21274685213987765,0.3484597634236227,0.10205675055042374
0.5431510932509831,0.7190279062507475,0.29362916348200696,0.09173176893214399,0.866092307242005,0.5850557061540768,0.4315747753352836,0.16239048565345718,0.6370971801370348,0.7499093844313164,0.7948034960721249,0.7008327475225216,0.3821272316983905,0.2233217232512615,0.8045593215206738,0.7091252248835758,0.3129003594262597,0.3023521533074703,0.8029118787776998,0.292344645221721,1.0,0.1360217908707529,0.6544740793947166,0.3026692975428146,0.5953984390256852,0.7051727946253629,0.7887980906192746,0.18305785623876494,0.8206069935858853,0.8744029918316066,0.9007728840811311,0.7841974474750076,0.7487475835810624,0.6496001186162833,0.675028292138512,0.6736800836131778,0.2279910222707075,0.2847245477236603,0.7290551594608556,0.6766310706849337,0.5373301796930761,0.7847723480283358,0.6503012202067107,0.6228747811611719,0.8067614565240433,0.5819056447429932,0.3556216036095801,0.5144958131140938,0.5740941710224392,0.38776602449178715,0.32551100934047694,0.8411324514089717,0.25774283491437283,0.6672732704698853,0.2453178496210505,0.7148628318395842,0.3412527164420787,0.7513663193706497,0.7774037315333068,0.5389143322389407
0.20711743136832048,0.22275962289900947,0.7422228024683019,0.6382866540590817,0.2701812457859403,0.24103329861110562,0.5491693558350613,0.7198405381137958,0.15615257196160237,0.22995950546537786,0.3145583960400302,0.3028462679471172,0.6634356895601196,0.8236609274134628,0.23669262791355328,0.12245942192620678,0.6281827708209761,0.7385974179927509,0.2581320741875121,0.6979234278519323,0.1360217908707529,1.0,0.20711893138810358,0.6372969033241775,0.16624287442915678,0.2568687265391407,0.3335210938846017,0.6719584758960313,0.20647108162627686,0.16216576011587644,0.166501279815717,0.20442708006815208,0.08854465942797465,0.14184631752826166,0.30056829068617075,0.009333535970769979,0.7399104000859288,0.6172315689651322,0.2861477217602878,0.021776184477461397,0.03247553790736869,0.2619924867233948,0.20855345816390866,0.2153171687142093,0.31019556254210523,0.13928053048166616,0.4677519766867313,0.26638615577217833,0.061914287036683315,0.22839616633661136,0.7916012718182794,0.23787199092764255,0.6204839568328364,0.0685680064467565,0.41667994178991136,0.2526302760059907,0.49936725376098956,0.2605751134396113,0.34268687797512526,0.16237648048396672
0.9120635839444603,0.7146047266693905,0.10352785520495134,0.18938265319591602,0.7965229465797659,0.5832955838456619,0.2517680671767154,0.20949882691974864,0.7302604621706147,0.699776569694311,0.6261384153758031,0.7706358551295378,0.3487579205886647,0.24257376990335558,0.7524445023909621,0.7224572375102614,0.2665055769393315,0.23855556387512436,0.6576195594852402,0.1769492346518789,0.6544740793947166,0.20711893138810358,1.0,0.27593140280188333,0.5448449908683209,0.7758207912853968,0.8004903053421909,0.036310615718901616,0.7773964677690421,0.636665941954314,0.6638550951749,0.7539800052400397,0.5977741967994091,0.9200680019004303,0.8344126342942431,0.67605528474063,0.2357644737012475,0.2429350560104818,0.8543500946100236,0.5853329536677668,0.8056358003325306,0.8502880068626011,0.7651000025384134,0.7452610387329737,0.7933036806654795,0.8335424606432952,0.25287458394060286,0.4744856178645159,0.6247925697228045,0.3658309080320105,0.29412820567712217,0.6204454335157557,0.30169783918290455,0.658533362346436,0.23676618198838195,0.7126582246259401,0.20361629610676912,0.7311151684107248,0.7607371738718097,0.9000722689745155
0.3261127891986806,0.3397518835062394,0.4774605626140289,0.532547974016788,0.37678799305743915,0.5032677381988574,0.7056273992038063,0.5643572543440009,0.41219123768899985,0.4094569843122026,0.42009632215856135,0.5300652824162273,0.9023827180907558,0.7800466126802446,0.40559244388013677,0.35740447083572985,0.6712035641042314,0.774941534852489,0.4582276019024418,0.6520562744589091,0.3026692975428146,0.6372969033241775,0.27593140280188333,1.0,0.4707398268673127,0.30999030083261114,0.4540602071863547,0.4275644101846452,0.35744119822254683,0.35178472267988165,0.3413589249990005,0.3267419997723696,0.24932411176050842,0.2462095691366109,0.42433241932726445,0.1858921963121519,0.7644743421299937,0.6571510977829021,0.39803689539828413,0.2634279375452412,0.1282454955828891,0.4037140771418871,0.3646182951990896,0.2133902257491042,0.40866964929382943,0.2702640548045358,0.6493365391267669,0.48875384485187967,0.29778067158538585,0.5756821174025595,0.7713130321870347,0.41514557997484197,0.7584555119173306,0.32563851104749364,0.6116779885450374,0.40462014222770487,0.5879584202403406,0.39803466274041943,0.4761625115788307,0.34618570442456426
0.6606775831667839,0.6108629362775383,0.177418752584828,0.007695641557556768,0.6930872064121739,0.5880523881555443,0.33731420757266173,0.14007119879133226,0.5677189412879566,0.6217033185417805,0.6220118801458165,0.7361988861534412,0.46792771506250064,0.2828719184464823,0.6548234382947971,0.6283891280741347,0.32308868954974723,0.28244091908628893,0.6454097707116941,0.18292471016238257,0.5953984390256852,0.16624287442915678,0.5448449908683209,0.4707398268673127,1.0,0.5888028579050117,0.6648484183418126,-0.013818753966486557,0.7593757091894264,0.7306548303394118,0.6726725317336014,0.6572822614937439,0.6086170518038955,0.5824269950407165,0.6303295453531553,0.6235779294530739,0.3989742147858683,0.2484474509298294,0.6402893256438988,0.5541463910650475,0.5895703055997785,0.6813678497569977,0.5137972627153289,0.4937448281998102,0.6737558645750736,0.6457284173318004,0.3980519528572376,0.4946060581211552,0.6855824022630397,0.43047198864594316,0.3226287290282114,0.6614651876599157,0.367315584322313,0.5814788283946809,0.33581889941287707,0.7868595177198989,0.3855973509990302,0.682079174535201,0.5987962772899171,0.5573443723610781
0.7559393077381789,0.707735583329361,0.17594113218169455,0.19776518773375054,0.820186151560535,0.5470872989952322,0.24288306807868937,0.16707706720406518,0.6155658546704869,0.8270392218145546,0.63704843600644,0.8144413509289287,0.3251656431859393,0.3046687790246511,0.6210067052572628,0.5796566910727922,0.34526956413866494,0.24860807017290662,0.6680894337723731,0.19704662339274465,0.7051727946253629,0.2568687265391407,0.7758207912853968,0.30999030083261114,0.5888028579050117,1.0,0.8586143739800327,0.06906966408754664,0.7979150637805253,0.7332422417607021,0.7101439478140024,0.7878861713252986,0.6822891222975795,0.6851686267027326,0.8687641330963395,0.6861322606889076,0.35895949138415306,0.2937106232133876,0.8209011275003826,0.5314758123250188,0.6734262463329918,0.8381509618033307,0.7976961333060699,0.7145276887456352,0.8568585737823511,0.6745417667662981,0.2387893356474898,0.387166593224982,0.503290175319888,0.2517044395265586,0.3294768478314898,0.7853185335435929,0.3292771278392542,0.6100007625233106,0.21320066539961297,0.7870584956883437,0.3011432890295208,0.8105406337268437,0.8308861666932174,0.687583390826944
0.7496811662612846,0.7978263439833785,0.28675656364614976,0.2228721252880442,0.9352551780546234,0.7001960039007241,0.4135996951151196,0.23196308713692798,0.6902482885355669,0.8698503248042699,0.7704424197928138,0.8593591848840536,0.48490744806736047,0.39583199932204827,0.7548582532641926,0.6876319822515655,0.4608552773691345,0.380753450266907,0.7300169997168308,0.27856199379306096,0.7887980906192746,0.3335210938846017,0.8004903053421909,0.4540602071863547,0.6648484183418126,0.8586143739800327,1.0,0.18229424536279554,0.8718276894106911,0.82106755836994,0.7811428468730904,0.8091680045892501,0.7457833957634683,0.7215220020756019,0.8773889498764135,0.6924869959550174,0.349341295174687,0.35510768758467853,0.885846354675898,0.6405942999844433,0.6509817937402772,0.9071380436987813,0.7722900604964202,0.7654413692525125,0.9496494219311451,0.7073975437493434,0.32687097800637377,0.4870391613635515,0.6220110431605845,0.3761981012102299,0.40143654944553164,0.806106292002888,0.3712819273699094,0.692377903559475,0.3623447902242295,0.8156796836734401,0.33789153021006224,0.8901247897156805,0.8907892008695789,0.7174111818566917
-0.023869841130196832,0.08650991249012355,0.7996636516189704,0.5078786395583585,0.1698635293618244,0.19417880166188697,0.4646176774541728,0.7459167269558649,-0.005870518938950723,0.12147431258405053,0.1735715928424166,0.08472674498195873,0.48842156419799165,0.6107336913827812,0.1218734470438343,0.11221066114318404,0.3868918602893093,0.5545715558123997,0.07849397698262581,0.5139080071075456,0.18305785623876494,0.6719584758960313,0.036310615718901616,0.4275644101846452,-0.013818753966486557,0.06906966408754664,0.18229424536279554,1.0,0.1008941526632005,0.12653261225075374,0.12380184370049092,0.10768342463910593,0.1162585802598783,0.052537919855721336,0.07945587541091043,0.027737196459985052,0.4380125571504176,0.5244965714067356,0.10923075961437165,-0.022385125058784906,-0.07465150852823217,0.13969037555199545,0.055342133889964874,0.07500033358188428,0.12756844649844687,0.0017927630464541517,0.4186841229580211,0.13941205848055413,-8.541286488383676E-4,0.3080036858511106,0.5067338112702706,0.17949432023942244,0.4377417214231488,0.19306378012261,0.4117796258098555,0.1429760114543687,0.4000358324411419,0.10339136511379983,0.15416185967299462,-0.00810243987004743
0.7453289574318898,0.7796751346169504,0.24623964593626418,0.07310618907243152,0.8916904117800142,0.6268915787027647,0.38374606679649753,0.1855092567631563,0.7373679899089379,0.7778752600810728,0.7836972854635624,0.8021994872945939,0.4205982162721405,0.24631009848505872,0.8361343936572695,0.7917383270597667,0.37990958628679905,0.29894755083416835,0.7353186002683414,0.2551629824814416,0.8206069935858853,0.20647108162627686,0.7773964677690421,0.35744119822254683,0.7593757091894264,0.7979150637805253,0.8718276894106911,0.1008941526632005,1.0,0.8742804575973679,0.8336678600154201,0.8296043255943788,0.7864676299507082,0.7656207948739493,0.7690499322910695,0.7517937239111115,0.3580217695575268,0.24672533401036914,0.8120908238650983,0.7372068878622711,0.6923144541401521,0.8699049768757485,0.6606876295265807,0.6763735836584879,0.8690127594179117,0.7642658256309219,0.37218626582946523,0.5776686899940139,0.6644461040312453,0.43168777753900683,0.36293631785447344,0.8322329812513656,0.2343143112349808,0.8004883910869645,0.31316284568945085,0.880935402222901,0.34210145125225305,0.8637692270881454,0.7650826262525504,0.6619021365952106
0.6282695769722398,0.729517554255215,0.24628974141005683,0.0679838200621597,0.8652424262646219,0.5620757339685843,0.4262729924563214,0.13881673830051502,0.6364396804214653,0.729048447567495,0.7515917660776982,0.7406008826504081,0.42982926746023287,0.26844460101711876,0.7670279295522564,0.7762464507763414,0.3735377333052702,0.2944765073279822,0.7438109479477243,0.2609192594540123,0.8744029918316066,0.16216576011587644,0.636665941954314,0.35178472267988165,0.7306548303394118,0.7332422417607021,0.82106755836994,0.12653261225075374,0.8742804575973679,1.0,0.9436231599853431,0.8685179905527874,0.767991508617383,0.6145956592380037,0.713393743832204,0.7796882597079463,0.2985385363655497,0.24701777837694347,0.757358409561554,0.7504586975887138,0.5926469420242761,0.8196109727311722,0.6240309103280711,0.6237213485750397,0.8113002362768361,0.6550743653780524,0.43778822678291396,0.6126392089585433,0.7141539050297816,0.4772105368081613,0.34051656424229804,0.7842241011060405,0.27001221778699214,0.7482069408375109,0.3632129077124707,0.8124642876046495,0.4821118491164807,0.8678252525487349,0.7467580986724508,0.5561461804006409
0.6171241446036995,0.7216768849979531,0.24247574655312465,0.1214413215912018,0.8559593293040695,0.5961459433513947,0.4127452185675272,0.10140384648282223,0.7034445338038431,0.7125859396831983,0.8138588669567218,0.6998435269440317,0.42172525290416035,0.2349928345616859,0.8268114561615342,0.8332313681247167,0.3509664722486812,0.2943083277860907,0.8087214294276354,0.28280386201124325,0.9007728840811311,0.166501279815717,0.6638550951749,0.3413589249990005,0.6726725317336014,0.7101439478140024,0.7811428468730904,0.12380184370049092,0.8336678600154201,0.9436231599853431,1.0,0.848496432296724,0.7607485689883571,0.6316990097547667,0.6922162063434272,0.7536684567976631,0.3176165493045012,0.24949385917468464,0.7314423576209921,0.6919188631028247,0.5536724703156312,0.7823004856875191,0.6610114319629578,0.61047268346143,0.8089668278647946,0.6358105604218472,0.4578989972924822,0.5425737789020277,0.6581928012025522,0.41513756917374633,0.35594836133233276,0.7662430572443811,0.27410348314105726,0.7335577033095655,0.3514010490780683,0.7558940056179189,0.4253553862453748,0.8621598870417184,0.8031371813944211,0.5586191782098645
0.7439325624645708,0.6097122287498097,0.16974821527373146,0.1301655697472498,0.7827119449320052,0.49755453428893615,0.40770644580571636,0.1007131847936735,0.551369303223334,0.6603184345478493,0.7080753129970109,0.7818102818783115,0.4405863146255836,0.2479933569267147,0.7119877760694522,0.6757607349299782,0.3551073515414039,0.3423728491978012,0.709902700761081,0.30096279156325656,0.7841974474750076,0.20442708006815208,0.7539800052400397,0.3267419997723696,0.6572822614937439,0.7878861713252986,0.8091680045892501,0.10768342463910593,0.8296043255943788,0.8685179905527874,0.848496432296724,1.0,0.7618193668270826,0.7422881370362424,0.7748658420676126,0.8540164912212926,0.3364425746842559,0.2639603061147374,0.848429358575365,0.6673253750151136,0.7143411282110435,0.8831965876243937,0.68665694508824,0.7107995944505079,0.7613857446953853,0.7091553476647865,0.4650345270076359,0.5679338543609987,0.6498498434374144,0.4124805013838535,0.3688562749562148,0.7520374257381011,0.26215597101635046,0.6867512795510315,0.4138898184010792,0.8932342004888664,0.4440598858131617,0.8083631327828048,0.7103954079177991,0.6775544209016823
0.5208906227082307,0.6671956516122778,0.17230782972583764,-0.01304883184391071,0.7826417905880876,0.5234831792631217,0.2613382545927963,0.10027155334840399,0.5765819372791939,0.6833670705401744,0.6631485703330375,0.7082765683799879,0.23812215970566603,0.12675932622346103,0.6870136554885633,0.6735225115122768,0.23430624576956868,0.2711144678100511,0.6958621369557909,0.17997692618349465,0.7487475835810624,0.08854465942797465,0.5977741967994091,0.24932411176050842,0.6086170518038955,0.6822891222975795,0.7457833957634683,0.1162585802598783,0.7864676299507082,0.767991508617383,0.7607485689883571,0.7618193668270826,1.0,0.6371922802113447,0.6673694630044792,0.6652191932823769,0.19990339818893815,0.2162258632751306,0.6777838243664581,0.5412291521524212,0.5218759732037898,0.7477767047235993,0.6032863224795666,0.579947237345071,0.7580321490543167,0.6160238487228734,0.3019695593169215,0.4082408598604461,0.6171099146823442,0.38194166450645706,0.23423430732731676,0.7643125426566584,0.16645215536406543,0.7487812388984747,0.3083137158312235,0.7003474768807683,0.23717665608826194,0.7895114402670875,0.6885778735905159,0.5369863266073891
0.8906210646889914,0.6274598049391716,0.17371234970461863,0.11653129224369992,0.7406407371074301,0.5577553273555874,0.27163925154098345,0.22332910774683903,0.6081483707515108,0.5974002249411986,0.5811502992689452,0.7122521536092438,0.3048622584941959,0.19783676166427486,0.7377537686555927,0.6739229350348107,0.21561198620760996,0.24055465927402486,0.6413337778267933,0.14483834931361664,0.6496001186162833,0.14184631752826166,0.9200680019004303,0.2462095691366109,0.5824269950407165,0.6851686267027326,0.7215220020756019,0.052537919855721336,0.7656207948739493,0.6145956592380037,0.6316990097547667,0.7422881370362424,0.6371922802113447,1.0,0.7689696403289037,0.6846883955357284,0.21808499586469346,0.24520968979374058,0.8268129482305662,0.5899550846765118,0.8854382260600493,0.7738797798454031,0.6885432537200056,0.7076515405220556,0.7010489628345317,0.8829603233713172,0.2730563192417035,0.5172223337608147,0.6289426584033972,0.4266221668251576,0.239459979342788,0.6406106478376603,0.219177992461376,0.6604290400153211,0.2310944939837746,0.7308192294560183,0.19479037785216063,0.717388943993192,0.6188500266944722,0.8579339880584342
0.7910662716037479,0.7296368223960457,0.15089694420843686,0.2863979284811154,0.8322826891540689,0.6402411717027008,0.31179957327040836,0.19352382337356255,0.670618241884495,0.8258923471966991,0.6739272128786129,0.9275017327019048,0.4400522384844803,0.3549208881258367,0.666346120085195,0.5872076100290033,0.4119344711728033,0.3483282793156889,0.6829064229120624,0.25013813445227395,0.675028292138512,0.30056829068617075,0.8344126342942431,0.42433241932726445,0.6303295453531553,0.8687641330963395,0.8773889498764135,0.07945587541091043,0.7690499322910695,0.713393743832204,0.6922162063434272,0.7748658420676126,0.6673694630044792,0.7689696403289037,1.0,0.7385186014004772,0.33275342491187854,0.3261508666541343,0.9193689493329262,0.4871261570566592,0.6792644899427593,0.8868061134648823,0.9123429524602248,0.7851159740403201,0.8716536285582652,0.7372753992270723,0.26646339599737817,0.3588321087137487,0.5134650870936726,0.24784779598672663,0.38214562959783765,0.7344789058175526,0.39411429201430526,0.5619523080928561,0.28534299553009607,0.735031925308708,0.29441589269645047,0.8234935016165112,0.8652832484960079,0.7744786120178109
