-0.14457,-0.10035,-0.085328,-0.19413,0.063125,-0.13147,0.036162,-0.0031029,0.016566,-0.024492,0.0083503,-0.024529,0.00034114,-0.0036432,0.027868,-0.042724,0.018707,-0.051365,0.048111,-0.039736,0.021431,-0.078575,0.014514,-0.051292,0.04102,-0.017228,-0.090666,0.11922,-0.012314,-0.055378,-0.092814,0.040813,0.12528,0.042925,0.032069,-0.073336,-0.13739,-0.10538,-0.11817,0.096298,0.055286,0.10879,0.10991,0.031724,0.12761,0.046537,0.11619,0.0073572,0.026713,0.057292,0.19829,0.043449,0.17946,0.031514,0.050263,0.032238,0.20427,0.011938,0.30069,0.70118
-0.14018,-0.088202,-0.034062,-0.0061805,0.055585,-0.085357,-0.24488,0.13901,-0.061481,0.1228,-0.14087,0.23741,0.16609,-0.042679,0.039628,0.2906,-0.033744,-0.14735,-0.12176,0.057415,0.077943,0.075159,0.14944,0.078051,0.053245,-0.067085,0.087872,0.16985,0.1021,0.086814,0.14252,-0.16302,0.13804,-0.18007,-0.11805,0.26292,-0.10548,0.17086,-0.23789,0.074966,0.15011,0.11077,-0.19993,-0.043848,0.015813,0.0068287,0.090285,0.086532,0.0046585,0.11016,0.034425,-0.077567,0.036519,0.028273,0.28563,0.011209,-0.12988,-0.1122,-0.13709,0.013307
-0.094427,0.24622,-0.012909,-0.051862,0.059558,0.068119,-0.11131,0.12166,0.063378,-0.23173,0.20562,-0.12275,-0.040313,0.2076,-0.231,0.059555,0.11868,-0.16946,-0.0727,-0.2181,-0.21264,-0.20307,0.28555,-0.14887,-0.061951,0.20763,0.24693,-0.096126,0.026499,0.10306,0.12621,0.20857,0.15794,-0.059393,0.081815,0.1463,-0.064892,-0.10938,-0.080702,-0.18464,-0.035802,-0.09831,0.030586,-0.02408,-0.055783,0.1387,-0.03855,0.16852,0.11366,0.062239,0.0076618,0.047667,0.00045756,0.0073138,0.029696,0.046671,-0.0081909,-0.037931,-0.0033682,2.2366e-11
-0.1031,0.18145,0.012532,0.036177,0.32795,-0.13646,-0.21328,0.15516,-0.083958,0.26347,0.042268,0.08386,0.036705,-0.021033,-0.042926,-0.26591,-0.023663,0.30241,-0.06736,0.14345,-0.23094,-0.029507,0.036739,-0.046384,0.00059099,-0.04833,0.027537,-0.003148,0.074386,-0.1343,-0.0049483,-0.21097,-0.27437,-0.087277,0.04856,-0.037068,0.01575,-0.12788,-0.31879,-0.010937,-0.27127,-0.0075698,0.077175,-0.049845,0.009396,-0.007108,-0.0073438,0.079926,0.11473,-0.081337,-0.058579,0.16594,0.028676,-0.062421,-0.013984,0.038353,0.032354,0.041313,-0.0068655,-6.7095e-12
-0.14779,-0.019597,-0.074702,0.12917,-0.021738,0.14626,-0.16401,-0.13218,0.12923,-0.012081,0.00029162,-0.016178,0.018417,-0.016598,-0.081407,-0.11951,0.072548,-0.14782,-0.16145,-0.031062,-0.023311,0.27379,-0.16322,-0.0093406,-0.0087553,-0.056504,-0.027328,-0.068134,-0.082847,0.26569,-0.22399,0.23592,-0.032711,-0.21755,0.044712,-0.14271,-0.25152,-0.088467,-0.11653,0.19166,-0.065626,0.030722,-0.19877,0.050018,-0.087524,-0.17808,-0.076751,0.13475,-0.16036,0.065811,0.039096,0.2433,-0.041578,-0.26432,0.002812,-0.18689,-0.0095233,0.037865,0.025003,-0.0046477
-0.13942,-0.052214,-0.029976,-0.15019,0.10574,0.19848,-0.14413,0.12503,0.068608,0.021211,-0.32991,0.01007,-0.042905,-0.050049,0.086585,-0.036706,-0.058793,0.035498,0.069337,0.013057,-0.079938,-0.044764,-0.28442,-0.24161,-0.3227,-0.24427,0.15058,-0.028637,0.097744,-0.090168,0.1669,0.023036,0.30339,0.0018657,0.0027826,0.16198,-0.12646,0.066388,0.041842,-0.08779,0.082241,-0.16636,-0.0081731,-0.14352,0.016321,-0.09903,-0.077218,-0.1247,-0.02784,-0.063071,-0.087877,0.075767,-0.015575,-0.0014785,-0.22986,-0.037551,0.11569,0.070184,0.14596,-0.047181
-0.12161,0.16714,-0.090029,-0.054784,-0.081658,0.064524,-0.031498,0.12742,-0.29447,-0.15486,0.052614,-0.029714,-0.10075,-0.17756,-0.039498,-0.23751,-0.11724,0.12722,0.13652,-0.16684,0.084482,0.40493,0.03694,0.11383,-0.029008,0.053872,-0.29454,0.11488,0.2015,0.1783,0.047219,0.18111,0.020051,-0.037758,-0.1068,0.30798,0.061051,0.019731,0.046991,-0.10376,-0.14296,0.0058485,0.032358,-0.11977,0.21156,0.07446,0.011323,-0.078247,0.036439,0.012418,0.084511,-0.0016758,-0.020639,-0.012554,0.010396,0.01912,-0.044088,0.03271,0.029443,-6.6858e-11
-0.10335,0.19254,0.011725,0.052222,0.28181,-0.051839,-0.29536,0.16611,0.060405,-0.058165,0.18718,-0.10747,0.13201,0.084491,-0.09718,0.19673,0.22264,-0.085737,0.1334,-0.026136,0.16326,0.072786,-0.098854,0.097847,-0.055616,-0.034727,-0.10322,-0.080757,0.062669,0.15395,0.085361,-0.25938,0.21531,0.059369,-0.032976,-0.29096,0.14231,-0.037003,0.1942,0.02157,-0.12519,0.24366,0.026406,-0.016262,0.024268,-0.052641,0.055181,-0.17868,-0.11546,-0.10464,0.056693,-0.093348,-0.036539,0.019393,-0.10095,-0.11124,0.01028,0.073155,0.0059805,-3.9693e-11
-0.15171,-0.063485,-0.0016502,-0.12699,0.090696,0.10359,-0.033703,-0.0225,-0.11379,-0.021307,-0.061587,0.089127,0.08261,0.01009,0.066865,0.11189,-0.073649,-0.065483,0.10554,0.034188,-0.083776,-0.10599,0.022324,-0.00052841,0.044489,-0.068142,-0.037615,-0.0026025,-0.1593,-0.17251,-0.061702,0.063739,-0.15039,-0.27428,-0.041508,-0.0092686,0.067237,-0.19384,0.30041,-0.13434,-0.10162,0.082576,0.088046,-0.19392,0.072595,0.053372,-0.4162,0.13207,-0.26925,0.022116,0.2577,0.061108,0.1297,0.21541,0.16427,-0.12714,0.010698,-0.0074993,-0.11261,-0.040818
-0.14206,-0.048862,-0.067784,0.14903,-0.10327,0.042473,-0.15755,-0.07336,0.066869,0.15865,-0.034524,-0.17729,-0.31765,-0.0082306,0.05744,-0.039259,-0.26367,-0.017144,-0.12559,0.18098,0.11189,0.027957,0.0036044,0.15961,0.044871,-0.024278,0.0028666,-0.079737,-0.2262,0.17273,0.18126,-0.14905,0.13736,-0.05771,-0.080607,0.010824,0.032365,-0.29115,0.022702,-0.2657,0.13665,0.031068,0.28569,0.0075318,-0.19985,-0.015312,0.073571,0.012513,0.069918,0.070114,0.14863,0.068556,-0.024035,-0.046348,-0.020228,0.21561,-0.066005,0.08735,-0.066997,0.047037
-0.14579,-0.040942,-0.036708,0.044967,0.052751,0.044786,-0.11454,-0.16739,-0.099901,0.019307,-0.19965,0.14366,-0.12378,-0.014349,-0.12277,0.18761,-0.23466,-0.27501,-0.19546,-0.23506,0.021461,0.21487,0.0008475,-0.19387,0.032939,0.017686,0.10693,-0.059952,0.31215,-0.081188,-0.10744,-0.12465,-0.21392,0.44374,0.079574,-0.087971,0.10604,-0.17451,0.049129,-0.012613,-0.049119,-0.050303,0.059858,0.053369,0.047154,0.081713,0.016075,0.069427,0.012287,-0.036737,0.054867,-0.016347,-0.029245,0.027657,-0.023366,-0.038848,0.0034589,-0.019848,-1.4003e-05,4.2802e-12
-0.12486,-0.066966,-0.11045,-0.14746,-0.36641,0.05473,0.044006,0.0012722,0.036961,0.11455,0.32378,-0.056495,0.13996,0.10839,-0.080995,0.069967,-0.1308,0.198,0.028532,0.001737,0.16116,0.05416,-0.10585,-0.18366,0.16134,-0.038635,0.11184,-0.263,0.30814,-0.20488,-0.0271,-0.034563,0.044833,-0.19396,0.087392,-0.049209,0.084974,-0.036836,-0.063763,-0.10193,0.077973,0.13115,0.042667,-0.22291,-0.048249,-0.11317,0.10163,-0.013352,0.032709,0.016844,-0.071917,0.052882,-0.12937,-0.0016363,0.13322,-0.15342,-0.081407,-0.032169,0.11952,0.0028587
-0.11597,0.20272,-0.032272,-0.04715,-0.13161,-0.025997,0.12657,-0.084692,-0.18451,0.17583,0.044902,0.14279,-0.0489,0.08919,0.31079,0.091465,-0.039573,-0.026854,0.004476,0.065826,-0.081855,-0.050117,0.19902,0.10524,-0.19941,-0.20427,-0.11236,-0.09819,0.039056,0.24862,0.14955,0.060588,0.049122,0.00016721,0.52671,-0.090062,-0.0031946,-0.094033,0.025821,0.11404,0.0058017,-0.01025,0.021402,-0.026328,0.11226,0.075225,0.12042,0.068546,-0.19689,-0.0058055,-0.20274,-0.00085143,0.020706,0.03751,-0.041826,-0.031638,0.033141,-0.04936,-0.037866,9.744e-11
-0.10933,0.18979,-0.068241,-0.045801,-0.15004,0.081369,-0.092707,0.12596,0.1681,-0.21211,-0.23612,0.059484,0.002999,0.31303,0.37916,-0.081556,-0.020688,0.22378,0.076824,-0.11042,0.10374,0.13737,0.16329,-0.023883,-0.043728,0.25613,-0.03472,0.23489,0.099617,-0.1246,0.092367,-0.074622,-0.11879,-0.026765,-0.12143,-0.2615,-0.083723,-0.11695,0.026948,0.023321,0.14945,0.046515,-0.075082,0.1042,-0.19708,-0.037902,-0.052093,0.077705,0.0059629,-0.0043996,-0.076171,0.0086543,0.010849,0.014424,-0.013875,-0.030448,0.048277,-0.036627,-0.028931,6.5072e-11
-0.14633,-0.064947,-0.031615,-0.13843,0.031583,0.13052,-0.10336,0.0087955,0.20493,-0.0093906,-0.067513,0.10828,0.13994,-0.2254,-0.01171,-0.011318,0.10532,-0.04699,0.035143,-0.19073,-0.048753,0.023933,-0.058804,0.083911,0.12316,-0.072288,-0.041094,0.075374,-0.092936,-0.10883,-0.016621,0.024056,-0.10878,-0.22649,0.26426,-0.028181,0.13384,-0.16613,0.1611,-0.02896,-0.1132,-0.03622,-0.17226,0.098008,-0.10715,0.11815,0.14071,-0.10458,0.10021,0.11777,-0.10964,-0.14108,-0.18332,0.03767,-0.03461,0.44646,-0.16876,-0.052219,0.21087,-0.015254
-0.1397,-0.072949,0.24403,-0.063556,0.055189,0.097021,0.051802,0.092984,-0.16955,-0.11351,0.069926,0.083803,0.02026,0.064919,-0.017728,-0.083964,-0.048896,-0.044997,0.039941,0.051572,0.11317,0.034082,-0.053464,-0.048706,-0.0075001,-0.085565,0.054476,-0.049148,0.018102,0.092126,0.066517,0.1017,-0.067801,0.061032,0.044393,-0.11545,-0.048163,0.088114,-0.057369,0.048593,-0.025397,0.017383,0.15647,0.016326,-0.28103,-0.078404,-0.0012347,0.043927,0.0051179,-0.071069,0.015441,-0.28904,0.46985,-0.16595,0.2785,0.18453,0.017185,0.15974,0.27647,-0.23431
-0.10541,0.23329,-0.060303,-0.071239,-0.045588,0.046061,0.051108,-0.069285,-0.085681,0.21999,-0.18114,0.070034,0.16388,0.010164,-0.25848,-0.28981,-0.041011,-0.013806,-0.099376,-0.09298,0.040612,-0.11151,0.097187,0.05938,0.021866,0.16857,0.14578,0.091856,-0.16692,-0.052072,-0.15849,0.024551,0.17251,0.070614,-0.18992,0.029345,0.1254,-0.033916,0.10487,0.13462,0.046611,0.0036506,0.04572,-0.2399,-0.12346,-0.048855,0.29899,-0.0089105,-0.40303,-0.10166,-0.11872,-0.068738,0.021711,0.0046585,-0.010655,0.029728,0.0036636,-0.026013,-0.014846,4.3797e-11
-0.078647,0.23629,-0.12778,0.062015,0.037968,0.15993,0.33146,0.21141,0.0056527,0.0031624,0.14786,0.2183,0.068057,-0.30288,0.073669,-0.03073,-0.14122,-0.0983,0.04761,0.18775,0.16841,0.026617,-0.066596,-0.35421,-0.0072869,0.24672,0.18337,0.049389,-0.20832,0.19345,-0.099881,-0.26703,0.051443,-0.0022617,0.061032,-0.052535,-0.08916,-0.045797,0.076589,-0.013902,-0.0016333,0.008372,-0.089754,0.039773,0.10377,0.034713,-0.080231,-0.010542,0.14697,0.047751,0.027661,0.019375,-0.0016825,0.0059281,0.0054674,-0.01163,-0.0029031,0.005585,0.0024148,-6.6819e-12
-0.14395,-0.068662,0.10039,0.0090144,-0.006383,0.088127,-0.026825,-0.090554,-0.061033,-0.10463,-0.11199,0.20335,-0.095521,0.029634,-0.1185,0.096908,0.25614,-0.080256,0.048939,0.58886,-0.043201,0.03683,0.23309,-0.0097982,0.0964,0.24163,-0.10059,0.056105,0.21283,-0.026071,-0.1397,0.069719,0.026523,-0.043813,0.05685,0.058421,0.14809,0.021403,0.050005,-0.17271,-0.021968,-0.088144,0.015518,0.027015,-0.071111,-0.19453,0.082316,-0.12782,-0.023842,0.10485,-0.062951,0.11665,-0.0061159,0.019093,-0.1481,-0.038814,0.03808,0.083392,0.11891,0.028078
-0.10046,0.25532,-0.0060761,-0.053023,-0.03284,0.057344,-0.0036889,0.10867,-0.013182,-0.055442,0.15585,0.026162,-0.012976,-0.12265,-0.055106,-0.1663,-0.093983,-0.064386,-0.23388,0.16602,-0.43747,0.060893,0.013383,0.098802,0.14078,-0.25934,-0.065074,-0.094182,0.1327,-0.15895,-0.0046523,-0.0034965,0.033024,0.034686,-0.16865,-0.18789,-0.13553,0.19253,0.25952,-0.022543,0.34225,0.060968,-0.035093,0.20201,0.020084,0.062839,0.020314,0.024385,0.02237,0.10213,0.053551,-0.11051,-0.01237,0.036344,-0.018211,-0.017831,0.022926,-0.042276,-0.013247,3.6558e-11
-0.15318,-0.010228,-0.045675,0.1137,0.01682,0.11216,-0.1199,-0.19201,-0.10751,-0.052213,0.0043448,0.0059356,-0.03426,0.0099096,0.072232,0.013877,-0.058393,0.015842,-0.0067342,-0.00065497,-0.030615,-0.050323,0.020702,0.032204,-0.088088,0.041634,0.0039506,-0.037803,-0.22101,-0.10907,0.050408,-0.009279,-0.077832,-0.14831,0.0084979,0.0086247,0.17899,0.13296,0.098693,0.11688,-0.06527,-0.094044,-0.12534,-0.20916,-0.043811,0.044681,0.21732,0.1683,0.39601,0.056388,0.086673,-0.3821,-0.038858,-0.13507,-0.11561,-0.36781,0.16788,0.14296,-0.015411,0.095996
-0.1019,0.25336,-0.040729,-0.067915,-0.090574,0.071655,0.019598,0.0015375,0.095335,0.0022524,-0.014257,0.055552,0.019392,0.27257,0.2168,0.068977,0.13744,-0.17989,-0.083317,-0.015537,0.1385,0.035349,0.0013094,0.095842,0.017012,-0.15983,-0.00081882,-0.10844,-0.15892,-0.11025,-0.24562,-0.077213,-0.11332,0.063827,-0.057475,0.054295,0.073663,0.38474,-0.071988,-0.10497,-0.02845,-0.092424,0.048797,-0.16665,0.12939,0.19057,0.022894,-0.051321,0.064216,-0.093119,0.14589,0.28933,0.0034482,-0.14,-0.0081943,0.2017,-0.11945,0.2285,0.063947,-1.8056e-10
-0.14429,-0.099231,-0.082142,-0.19451,0.06593,-0.13601,0.034316,0.0030324,0.021598,-0.026297,0.0045001,-0.029574,-0.0051766,-0.006018,0.024196,-0.069431,0.011921,-0.055229,0.044788,-0.018515,-0.019882,-0.12418,0.083084,-0.073154,0.031943,-0.066209,-0.085454,0.14501,-0.025286,0.02154,-0.12681,0.04589,0.036756,0.12047,-0.053859,-0.029688,-0.14338,-0.12988,-0.1207,0.085113,0.062889,0.073409,0.16835,-0.0071982,0.034971,0.059257,-0.068462,-0.047846,0.046088,0.21652,-0.21276,-0.14471,-0.18066,0.069464,-0.015877,-0.19513,-0.38274,0.56303,-0.083633,-0.12939
-0.14283,0.037729,0.0083164,0.058199,0.10202,0.029364,-0.052799,-0.11464,-0.31651,-0.07583,0.10057,-0.22213,-0.12718,-0.25606,0.18654,0.11549,0.10531,0.15819,0.0035779,-0.15494,0.036885,-0.02188,0.16315,-0.16037,0.28519,0.021643,0.019884,-0.035433,-0.058861,-0.18799,0.059846,-0.090895,0.087386,0.082664,0.13171,0.00033789,-0.2066,0.19738,0.050445,0.037666,-0.043515,-0.15821,-0.10775,-0.025357,-0.225,-0.23478,-0.060856,-0.038081,-0.18576,-0.08709,0.034287,0.052416,-0.041984,-0.061217,-0.036553,0.106,-0.15584,0.057922,-0.14421,0.15429
-0.14073,-0.062679,-0.00042041,-0.12916,0.0262,0.22501,-0.12733,0.049131,0.20912,0.076907,-0.19401,0.015349,-0.020893,-0.10478,0.041282,0.059616,0.02119,0.2522,0.19178,0.098068,-0.13857,-0.086103,-0.060464,0.11248,0.11783,0.33686,-0.069281,-0.36346,0.0048536,0.11933,-0.10034,0.10257,0.048113,0.23965,0.095343,0.0066711,-0.11939,0.14046,-0.075855,0.13659,0.017456,0.11076,0.15034,-0.020443,0.14841,0.11083,-0.015178,0.10947,-0.0084336,-0.091556,0.14503,-0.15516,-0.13664,-0.072718,0.13599,0.060999,-0.02327,-0.094428,-0.11201,-0.042727
-0.14374,-0.039975,-0.051228,0.12019,-0.090035,-0.030576,-0.1082,-0.22113,0.21234,-0.091211,0.023664,-0.2508,0.087299,-0.2463,0.054241,-0.0016792,-0.056863,0.012677,-0.051287,-0.029356,-0.14113,-0.019573,0.076063,-0.044471,-0.077194,0.072399,0.035234,0.16247,0.042443,0.099921,-0.024013,-0.064007,-0.058547,0.081417,0.066032,-0.0036498,0.067534,0.27076,0.067557,0.094569,-0.047099,0.33245,0.11046,-0.25194,-0.0052965,-0.022086,-0.032584,0.0069912,0.10822,0.17481,-0.20706,0.22822,0.29117,0.22861,-0.030082,0.10074,0.12077,-0.017865,0.024516,-0.12646
-0.14975,-0.03742,-0.076752,0.13354,-0.03741,0.056178,-0.10086,-0.21549,-0.0038448,-0.022513,0.13425,-0.11339,-0.028022,0.11737,0.014927,-0.095291,-0.06293,0.046128,-0.018468,0.15351,0.0017219,-0.028965,0.012457,-0.12225,-0.12856,0.01107,0.059409,0.021861,-0.037114,0.10741,0.037695,0.021594,-0.075083,-0.013216,-0.13104,-0.033353,0.070728,0.087083,-0.17814,-0.016517,0.017251,-0.03855,-0.24952,0.15397,0.23747,-0.069926,-0.04909,0.13141,-0.16796,-0.31114,0.074722,-0.21554,-0.13493,0.45206,-0.0034927,0.16637,-0.13674,0.081062,0.25422,0.0045307
-0.092948,0.24944,0.025836,-0.043659,-0.066013,0.10027,-0.076541,0.23639,0.058416,-0.082442,-0.043604,-0.26206,-0.29131,0.077684,-0.19911,0.092654,-0.021633,0.021269,0.031084,0.16707,0.13338,-0.13128,-0.095838,-0.045267,0.11683,-0.21691,-0.058591,0.19793,-0.11055,-0.031736,-0.10459,-0.0052817,-0.18627,0.10799,0.18527,0.26196,0.19692,-0.089145,-0.029833,0.369,0.15246,0.01276,-0.065003,0.016101,-0.046935,-0.069364,-0.10543,-0.045041,0.019431,-0.0048702,-0.032949,-0.0058073,-0.034519,0.03338,0.11853,-0.082534,0.018311,-0.14316,0.016775,-9.1905e-12
-0.14523,-0.10709,-0.025697,-0.070967,-0.045888,0.085679,-0.053447,-0.089635,0.14358,0.12814,0.25316,-0.048717,0.091608,0.019702,0.024623,0.018206,-0.096206,0.0053669,0.15529,-0.0010902,-0.0052065,-0.069313,0.023619,0.053577,0.21592,0.021546,0.044266,0.32704,0.075644,-0.067093,0.013508,-0.037109,0.05511,0.01658,0.07746,0.11235,-0.066578,-0.069681,-0.075216,0.020963,0.03903,-0.10448,-0.029176,0.17949,0.11072,0.1951,0.10968,-0.018925,-0.11536,-0.12117,0.26346,0.018787,0.28906,-0.18358,-0.40256,-0.11921,0.00014275,-0.042384,-0.042821,-0.27981
-0.1197,-0.06293,0.1759,0.26872,-0.0088167,-0.25532,-0.079043,0.2649,-0.016529,-0.078043,-0.008012,0.040332,-0.0050076,-0.21934,0.00086961,0.11542,-0.081219,0.20928,0.045767,-0.092899,0.057639,0.085302,0.13946,0.10761,-0.081989,-0.038847,0.20207,0.016172,-0.13243,-0.060838,-0.25676,0.21597,0.10914,0.026559,0.092518,-0.25054,0.23996,0.0096156,-0.16427,-0.12046,0.29601,-0.13422,-0.0013703,-0.094117,0.11944,0.058258,-0.096075,0.026729,-0.097253,0.10385,0.043256,7.1325e-05,-0.038222,-0.048712,-0.094572,-0.032219,0.014955,-0.022035,0.12791,-0.057136
-0.13857,-0.098565,0.23146,-0.06847,-0.0027496,-0.097158,0.086037,0.050707,-0.033184,-0.20697,-0.040777,0.030793,0.044984,-0.1213,-0.019245,0.066403,-0.1018,-0.061447,0.0033247,0.009789,-0.039748,-0.08533,-0.0043733,-0.0074564,-0.053097,-0.011104,-0.0016632,0.11676,-0.055925,-0.018676,0.077441,0.046693,-0.025544,-0.077442,-0.029794,0.044308,0.069721,-0.00071216,0.16946,-0.017509,0.052738,0.26969,0.11228,0.11993,0.086685,-0.095981,0.16167,0.31759,0.10707,-0.52207,-0.14859,0.25207,-0.1688,-0.23831,-0.025908,-0.030133,-0.16039,0.0064372,-0.0074878,0.044432
-0.11429,-0.15195,0.11244,0.15399,-0.019534,0.078806,0.2688,0.28647,0.1771,0.19157,-0.0062852,-0.016137,-0.14935,0.087137,-0.20798,0.05292,-0.011514,-0.058055,-0.22724,-0.071561,-0.040374,0.041025,0.087074,0.092427,-0.019732,0.16886,-0.22665,0.0036587,0.0052708,-0.15721,0.23443,0.031071,-0.076385,0.014537,0.096239,-0.088751,-0.16445,-0.039864,0.020141,0.023954,0.026751,0.079814,-0.26998,-0.33402,0.15256,-0.10055,-0.067601,-0.099388,0.017266,-0.12383,0.029056,-0.043878,0.11598,0.012388,-0.10995,0.085471,-0.03713,0.18119,-0.046982,0.040243
-0.13545,-0.062304,0.17706,0.1562,-0.10428,-0.052033,-0.0219,-0.12977,0.059733,-0.13978,0.065776,0.13794,-0.21931,-0.06313,-0.059808,-0.28671,0.15958,0.015063,0.096856,-0.079243,0.17422,-0.19281,0.052769,0.18656,-0.22949,-0.069954,0.0023723,-0.15183,0.21705,-0.10042,-0.29729,-0.37208,0.132,-0.051446,0.043683,0.16473,-0.19529,-0.12392,0.092999,0.011755,0.041791,0.031337,-0.15456,-0.014766,-0.021423,0.14067,-0.09764,0.083791,0.024177,-0.048045,-0.031522,-0.038494,0.074484,0.007181,0.065569,0.0092264,-0.015587,-0.036047,-0.061411,-0.0022284
-0.1402,-0.10954,-0.10133,-0.19789,0.060407,-0.15034,0.030404,-0.010816,0.020527,-0.026943,0.033635,-0.087,0.02562,0.020422,-0.0017197,-0.077722,0.024046,0.029206,0.030272,0.010346,0.0081523,-0.064552,0.074824,-0.083979,-0.11978,-0.037362,0.10332,-0.075788,-0.051885,0.20099,-0.0028673,-0.036181,-0.41405,0.11194,0.0023349,0.1541,0.033747,0.066052,0.011134,-0.36196,0.16402,0.25495,-0.24391,0.003716,-0.046823,-0.024649,-0.030907,-0.17381,-0.22177,0.069917,-0.024835,-0.16982,-0.069963,-0.31692,-0.073538,0.023072,0.18176,-0.017801,-0.11653,0.085371
-0.13483,-0.048153,-0.20297,0.12438,0.14809,-0.079506,0.2828,0.033668,-0.058525,-0.18428,-0.14119,0.017996,-0.06428,0.022539,8.869e-05,-0.036126,0.067283,0.03528,0.0037474,-0.063754,0.02679,-0.17207,0.050841,-0.068899,-0.051638,-0.05514,-0.16349,-0.20691,-0.021403,-0.092565,0.19171,-0.089901,-0.029207,0.020641,-0.099841,0.02597,0.05733,0.0056108,-0.092525,0.12131,-0.034107,0.1455,0.0035743,0.038453,-0.0049356,-0.066636,0.21252,0.1178,-0.11351,0.31142,0.28486,0.15365,-0.066073,-0.031465,-0.10324,-0.045904,-0.15357,-0.20127,0.27171,-0.27705
-0.11596,-0.05631,0.13034,0.2153,-0.35778,-0.23487,-0.14575,0.21189,-0.028262,0.1135,-0.010886,-0.019132,0.084021,0.088437,0.033207,-0.094414,0.0062181,-0.036237,-0.036867,0.041991,-0.079431,-0.13646,-0.25885,-0.12608,-0.0053728,0.18598,0.010133,0.049553,0.071791,0.012731,0.17387,-0.04998,-0.014316,0.055375,0.030452,0.0927,0.10819,0.15558,0.2383,0.087447,-0.22997,-0.11278,0.015966,0.16643,0.027902,0.12009,-0.11012,0.13689,-0.21531,0.25046,0.01567,-0.0084459,-0.04406,-0.16146,0.018714,0.029065,-0.07858,0.13834,0.04423,0.1597
-0.10437,0.22742,-0.029978,-0.059698,-0.089142,-0.037656,0.056264,-0.013312,-0.099137,-0.062032,-0.057503,-0.30902,0.19477,-0.27677,-0.061405,0.2497,-0.097038,-0.16219,0.011803,0.16205,0.13077,-0.14886,-0.1817,0.28418,-0.30944,0.1684,-0.061588,-0.025915,0.13199,-0.18122,0.014634,0.049609,-0.22119,-0.05746,-0.080834,-0.10187,-0.24117,-0.071356,-0.18291,-0.068135,-0.048462,-0.18075,0.010395,0.027122,-0.082924,0.082918,0.073892,-0.0097364,-0.055038,0.011863,-0.033884,-0.018753,-0.0009624,0.0072343,-0.0018064,-0.0012048,0.00025073,-0.0053798,-0.0027972,8.5821e-12
-0.12104,0.16245,0.015075,0.0042681,0.22865,0.0080964,-0.0035593,-0.24182,-0.06374,0.29631,-0.092617,0.029997,0.027611,0.079383,-0.24384,-0.1126,0.0014861,0.071889,0.090397,-0.069445,0.41955,-0.10622,-0.028353,0.079639,0.064358,0.038918,0.013573,0.035422,0.049243,-0.058232,0.19014,0.19991,-0.00082419,-0.0223,0.11404,-0.093479,-0.038917,0.21514,0.13827,-0.10822,0.1856,0.054997,-0.019334,0.22202,0.15486,-0.047981,-0.20838,0.13666,0.1944,0.17313,-0.090887,0.11414,0.0082162,-0.0076019,-0.0030688,0.0097736,0.0020919,0.002268,-0.0003813,-3.1396e-13
-0.13174,-0.028131,-0.16319,0.055451,-0.11652,-0.37275,-0.1548,0.13299,-0.14603,0.010797,-0.13739,0.048198,0.038121,0.0039981,0.066488,-0.10625,0.13692,-0.17829,0.032575,-0.10348,0.019606,-0.12311,-0.10723,-0.053001,0.2737,0.11284,-0.035284,-0.24173,-0.040938,0.17383,-0.024163,0.062917,-0.18676,-0.13791,0.0096848,0.034,-0.13702,-0.052329,0.098309,0.049738,0.21952,-0.14588,0.063966,-0.030577,0.030854,-0.081731,0.059709,-0.19435,0.20062,-0.23538,-0.028336,0.034527,0.14055,0.2228,-0.11587,-0.056108,0.066404,-0.057826,0.018301,-0.13517
-0.12532,-0.071885,0.26376,-0.041449,-0.0018291,0.15613,0.047901,0.11994,-0.12396,0.31066,-0.0099629,-0.21577,-0.24625,0.007265,0.11432,0.051362,0.28316,-0.073511,-0.089059,-0.16552,-0.024164,0.14306,-0.060669,-0.13129,-0.031198,0.102,-0.066135,0.080628,-0.15431,-0.06149,-0.15415,-0.089347,-0.032578,-0.12969,-0.059215,0.0082521,-0.092076,0.092638,-0.063043,-0.22559,-0.023076,0.12064,0.14992,0.17532,0.058238,0.13684,0.16464,0.039273,-0.061493,0.062163,-0.17872,-0.074535,-0.026401,0.14033,0.042309,-0.20945,0.07454,-0.18252,0.11886,-0.10365
-0.1323,-0.12561,-0.075221,-0.1618,0.034275,-0.18431,0.053874,-0.041151,0.01287,0.004232,0.096519,-0.11819,0.085593,0.063083,-0.023894,-0.20812,0.091924,-0.22562,0.16335,0.11955,-0.092617,0.48348,0.048351,0.1539,-0.171,0.1558,0.17967,-0.10691,-0.23223,-0.29598,0.18396,-0.11811,0.064795,0.12137,0.17399,0.10883,0.067006,-0.0051971,-0.022434,0.16137,0.090409,-0.072398,0.052418,0.065729,-0.012611,-0.053831,-0.13599,-0.013789,0.028577,-0.016944,-0.0081974,0.048767,-0.031884,0.021074,0.096431,-0.043659,-0.039684,-0.085288,-0.019096,-0.038438
-0.12383,-0.13319,-0.14938,-0.083018,0.1063,-0.053324,0.20452,0.20578,0.11487,0.15623,-0.12116,-0.23713,-0.20864,0.0036546,0.061594,-0.010073,-0.21472,-0.10416,0.13011,0.0021746,0.036998,-0.020376,0.28503,0.12703,0.041362,-0.08106,0.25298,-0.12544,0.22769,0.10239,-0.14102,0.057633,0.043221,-0.21078,-0.16186,-0.11326,0.12741,0.16256,0.13081,0.1555,-0.31267,-0.090556,-0.086416,0.18398,-0.056636,0.010498,-0.018548,-0.049209,0.03557,-0.055554,-0.06783,0.0097989,0.027721,-0.0029352,0.0080996,-0.020234,0.034389,0.015182,-0.035668,0.035064
-0.12592,-0.043863,-0.19844,0.17349,0.15196,0.027964,0.29402,-0.024035,-0.1524,-0.12269,-0.070602,-0.074323,-0.059818,0.18888,0.037058,0.0088419,0.18462,0.082956,-0.0019184,0.0042646,-0.19549,0.012831,-0.40842,0.29914,0.1695,0.022166,0.3385,0.28751,0.18592,0.12992,-0.0397,-0.060549,0.015537,-0.0084276,0.13756,-0.04377,-0.009316,-0.0094544,0.012688,-0.11996,0.050354,0.0046789,0.039937,-0.16083,0.021326,0.0059413,0.029398,0.072178,0.015966,-0.0099447,0.0089479,-0.048948,-0.067338,0.011368,0.094226,0.025998,-0.038711,0.00090711,-0.040958,0.029113
-0.12122,-0.068027,-0.15967,0.33409,0.056063,-0.0034011,-0.0027945,0.14266,-0.012677,0.15735,0.079868,-0.048237,0.24234,0.16952,0.071847,0.053504,-0.015276,0.091637,0.10121,0.095725,0.0065059,0.025193,0.046141,-0.080519,-0.18823,-0.1435,-0.075377,0.042022,-0.061774,-0.14276,-0.24862,0.30268,0.047235,0.28355,0.016325,0.16964,-0.18531,-0.10247,0.23053,-0.13011,-0.11034,0.078403,-0.065581,0.10423,-0.14573,-0.067295,0.20631,-0.015033,0.17182,-0.023822,0.04732,0.019561,0.028984,0.093751,0.12439,0.045733,-0.053403,-0.074114,-0.12469,-0.0094519
-0.13338,-0.05402,-0.14342,0.296,0.055886,0.087815,0.12383,0.00093824,-0.0010507,0.023982,0.10833,0.070725,0.17581,0.06034,-0.022238,0.11587,-0.0093409,-0.081242,0.036655,-0.028896,0.029458,0.039953,0.12207,0.021288,0.11686,-0.071284,-0.15604,-0.0068556,0.028175,-0.028104,0.0046778,-0.048631,-0.01302,-0.060485,-0.14318,0.17625,-0.089254,0.023621,-0.081941,0.14166,0.057376,-0.0010742,0.31385,-0.029614,-0.13168,0.12238,-0.32917,0.066029,-0.072776,-0.091079,-0.25492,-0.14902,-0.26743,-0.11094,-0.18782,0.13465,0.31881,-0.045325,0.15685,0.025577
-0.12977,-0.091463,-0.098347,-0.23109,-0.038802,-0.052803,0.05921,-0.0080172,-0.028271,-0.047114,0.076553,0.11324,0.013438,0.028453,-0.18377,0.29493,0.13074,0.498,-0.38601,-0.015779,0.065697,0.12369,0.0093371,0.119,-0.15909,0.01264,0.11861,-0.065,-0.13528,0.13818,-0.015867,-0.077547,-0.066054,0.0099679,-0.098949,0.11816,-0.086861,-0.026658,0.22827,0.15135,-0.043107,-0.13368,0.072101,0.16547,-0.020938,0.070468,-0.040251,-0.0051946,0.029644,0.0015965,-0.028101,0.070989,0.12425,0.094151,-0.11083,-0.020072,-0.0045593,0.070531,0.071886,0.0084721
-0.10299,0.16538,0.2849,0.047365,0.14302,-0.15725,0.19394,-0.21012,0.042755,0.12289,-0.095672,-0.11593,0.11716,-0.036296,0.19507,-0.015376,0.041451,0.065072,-0.22356,0.040313,-0.028457,0.05191,-0.046713,-0.14208,-0.021165,0.10251,-0.0065992,-0.041895,0.1785,0.047989,0.018668,0.16489,0.11973,-0.094374,0.0058742,0.14335,0.16733,-0.1052,-0.015492,0.13089,0.10597,0.15491,-0.092982,0.0076401,-0.26201,0.30097,-0.14027,-0.26833,0.084521,-0.12962,0.25013,0.0034542,-0.082068,0.0087931,0.034889,-0.066019,-0.052806,0.044327,0.046704,-1.1086e-10
-0.14534,-0.081803,0.13023,-0.055126,0.02204,0.13736,-0.01543,0.00081508,-0.026972,0.0019403,0.11594,0.050223,0.17091,0.091894,0.11308,-0.087308,-0.25121,-0.042459,-0.19055,-0.18712,-0.1028,-0.2631,0.047663,0.26662,-0.058042,0.11962,-0.11584,0.1016,-0.044494,0.12128,-0.084722,-0.13795,0.046436,0.11579,0.056218,0.02672,0.052132,0.070346,-0.0288,-0.078803,-0.054798,-0.1516,0.042052,0.088464,0.011385,-0.35124,-0.1593,-0.31973,0.11304,0.02263,0.047491,0.074849,-0.15746,-0.02092,0.14828,-0.18722,-0.030412,-0.16428,0.17804,-0.016788
-0.14109,-0.08658,0.2366,-0.038406,0.0074781,0.12758,0.037087,0.04804,-0.075049,-0.050328,0.083408,0.11294,0.042288,0.12208,-0.039955,-0.089641,-0.04603,-0.049466,0.095377,0.036048,0.045838,0.02587,-0.10531,-0.016244,-0.064477,-0.081063,0.051989,-0.057946,-0.017232,0.12899,0.01071,0.080458,-0.12902,0.024312,-0.11623,-0.096489,0.01818,0.10391,-0.12432,0.083755,-0.027262,0.0098496,0.099274,-0.12512,-0.17497,0.067514,-0.051631,-0.036737,0.069933,0.10669,-0.045473,-0.024176,0.065527,0.16547,-0.40326,0.023826,-0.38683,-0.35406,-0.25239,0.28257
-0.14007,-0.10129,0.23049,-0.056399,-0.01201,0.024301,0.040156,0.076181,0.0021822,-0.092921,0.12523,0.16965,-0.02887,-0.0064283,-0.082811,-0.072451,-0.075583,-0.0056972,0.099285,-0.058787,0.08732,-0.013125,-0.063457,0.049456,0.045895,-0.05667,0.068687,0.04591,-0.032938,0.033087,0.12906,0.050914,-0.074984,0.044901,0.046864,-0.039869,-0.078749,0.10816,-0.078767,0.073103,-0.045004,-0.015562,-0.023399,0.043309,-0.19077,0.086251,0.23434,-0.032387,-0.071954,0.058249,0.17644,0.24274,-0.32255,0.33535,0.061343,0.024621,0.44711,0.2284,-0.21969,-0.086553
-0.10356,0.20599,0.0047432,-0.072065,-0.20736,-0.14058,0.10682,-0.0053903,0.30576,0.13882,0.03235,0.16647,-0.069676,-0.26769,0.11944,-0.019264,0.32163,-0.057742,-0.06857,-0.04829,0.082659,-0.0019609,0.020261,0.090629,0.04003,-0.18062,0.12707,0.091365,0.05938,-0.0029481,0.12279,0.14917,-0.022783,0.17327,-0.10025,0.057307,0.033397,-0.044198,-0.076536,-0.1173,-0.22458,0.010398,0.13363,-0.032957,-0.057101,-0.34229,-0.119,0.17226,0.060647,-0.056456,0.17479,-0.20527,-0.038496,0.066588,-0.05704,-0.10183,0.039427,-0.067965,-0.018319,5.0298e-11
-0.15224,-0.03934,0.027457,0.13298,-0.07018,0.00044506,-0.067388,-0.1674,0.055173,-0.072379,0.026712,0.071583,-0.12207,-0.037744,-0.037321,-0.024875,0.092925,0.051886,0.05397,0.13297,0.036926,-0.0488,0.11762,-0.072016,0.062325,-0.12863,0.16688,0.10596,-0.094556,-0.02719,0.27614,0.11167,-0.078404,0.088956,-0.20388,-0.19983,-0.19378,-0.070697,0.081708,0.04926,-0.1471,-0.09124,0.029725,-0.14341,0.21421,0.26983,0.045763,-0.37793,0.0013405,-0.050332,-0.12446,0.062541,-0.09401,-0.17632,0.2869,-0.10351,-0.051773,-0.21642,0.085214,-0.019431
-0.11982,0.14367,0.0074818,-0.0027101,0.17695,-0.1682,0.01622,-0.15435,0.12851,0.10846,0.3078,0.2629,-0.34695,0.036609,0.11929,0.24955,-0.13101,-0.017031,0.22926,-0.1314,-0.18537,-0.0098687,-0.26394,0.0009991,-0.093341,0.19044,-0.070532,-0.028968,-0.0057433,-0.078795,-0.042378,0.12457,-0.022249,-0.049401,-0.25564,0.1056,0.089881,-0.030737,0.018267,0.1,0.10065,-0.050413,-0.066668,-0.0031134,-0.017633,-0.15482,0.072815,-0.056055,-0.071601,0.084118,-0.17177,0.052185,0.091086,-0.0551,0.077543,0.1199,-0.0072862,0.013812,-0.0098047,2.3737e-11
-0.134,-0.053055,0.26706,-0.037921,-0.0028214,0.17651,0.078624,-0.020258,-0.11026,0.036038,0.018624,-0.22858,0.25042,0.008886,0.17923,-0.0050875,0.18814,-0.00092139,0.014638,-0.0050213,0.0037367,-0.0091054,0.037759,-0.026976,0.080285,-0.085246,0.052267,-0.13174,0.073942,0.088184,0.019634,-0.046535,-0.0081866,0.093905,-0.28644,0.017024,0.15138,-0.33832,0.015918,0.15249,0.11615,-0.1619,-0.11267,-0.027732,0.32664,-0.16937,0.053589,0.11695,0.11519,0.19253,-0.074908,0.076062,0.039294,-0.076173,0.016001,0.20723,0.15687,0.058191,-0.14853,-0.02645
-0.096997,0.15847,0.26177,0.02902,0.157,-0.24427,0.10258,-0.099548,0.27497,-0.27684,-0.13522,-0.073844,0.093142,0.16771,0.017803,0.0055229,-0.29099,0.062818,-0.10954,0.076216,0.094622,0.15707,-0.067029,-0.030377,0.2679,-0.055113,-0.029519,-0.12087,-0.10287,-0.046935,-0.050766,-0.038711,0.084199,-0.076318,0.10698,0.16494,-0.18573,0.0049739,0.0054712,-0.14415,-0.21092,-0.084017,0.031689,-0.0038163,0.19908,-0.085334,0.12195,0.019467,-0.1165,0.10198,-0.15347,-0.18774,0.04971,0.070598,-0.041834,-0.043764,0.046445,-0.070991,-0.053851,1.3874e-10
-0.14209,-0.10377,-0.12137,-0.13208,0.027256,-0.17295,0.022319,-0.052587,0.02561,-0.04873,0.052087,-0.049659,-0.061312,0.06698,-0.075429,-0.055705,0.064934,-0.0089716,-0.20814,0.046055,0.070205,-0.030763,-0.035588,-0.29096,-0.22406,0.017871,-0.23333,0.20545,0.086389,-0.020511,-0.13516,0.0073688,0.1156,-0.18394,0.072757,-0.21965,0.067251,0.11701,0.010005,0.065921,0.015319,-0.18951,0.2084,-0.05152,0.10641,-0.076468,0.0055388,-0.010842,0.043667,-0.027667,0.15955,-0.14441,-0.10645,-0.128,0.089186,0.2588,0.091625,-0.18845,-0.35289,-0.14061
-0.11058,0.15449,0.13337,0.024195,-0.25936,-0.11023,0.16196,-0.16205,-0.021042,0.12891,-0.24313,-0.045156,0.086441,0.08579,-0.34118,0.19201,-0.017511,0.10051,0.4128,-0.1255,-0.31732,0.10666,0.091407,-0.1142,-0.035746,-0.14287,-0.092575,0.067566,-0.095376,0.17374,-0.041986,-0.2431,0.020763,-0.057066,-0.035256,-0.094583,-0.090062,0.0368,-0.042818,-0.067556,-0.00020494,-0.068414,-0.037023,0.03525,-0.077889,-0.085007,-0.050521,-0.038936,0.13179,-0.011599,0.15399,-0.0026674,-0.012638,-0.031399,0.033654,0.033202,-0.026313,0.042123,0.029096,-7.5756e-11
-0.13391,-0.029451,-0.14587,0.22976,0.047517,0.20812,0.12873,0.0074173,0.24369,-0.10297,-0.056021,0.043429,0.11667,-0.14041,-0.074577,-0.060843,0.1161,0.055117,0.0020517,-0.1301,-0.02553,-0.0087792,-0.022608,-0.062952,-0.022985,-0.07842,-0.15828,-0.10767,0.017979,-0.0047799,0.14469,-0.038887,-0.061924,-0.070128,0.042736,0.046054,0.2991,0.052738,-0.14893,-0.12076,0.13086,-0.20997,0.13587,0.24468,-0.014535,0.050502,0.092137,-0.09521,-0.13498,-0.10659,-0.11669,0.045854,0.25463,0.052344,0.21639,-0.20508,-0.069368,0.12567,-0.2512,0.18852
-0.14365,0.04294,-0.1114,0.016352,-0.24911,0.036779,0.0049638,-0.027972,-0.25944,-0.13233,-0.10689,0.1089,-0.052542,0.047887,-0.038115,0.050594,-0.014035,-0.00074461,-0.092644,-0.026481,-0.054246,-0.082715,-0.12102,0.049326,0.054938,0.0024193,0.068165,-0.089234,-0.15962,-0.21699,-0.018375,0.093828,0.24839,-0.010975,-0.024384,-0.055925,0.11841,-0.064421,-0.28144,-0.0022793,-0.23153,0.37154,-0.1098,0.27201,0.10686,-0.016954,-0.14596,-0.23198,0.08636,-0.015403,-0.10172,-0.046342,0.11385,-0.040399,-0.10005,0.10604,0.14058,0.031409,-0.20703,-0.051778
-0.14235,-0.098303,-0.1007,-0.2021,0.017753,-0.13672,0.04616,0.011009,-0.00099087,0.0077182,0.023786,-0.024652,-0.00089615,-0.018107,-0.012483,-0.017846,0.00042578,0.0019006,-0.033249,0.089443,0.014323,-0.032624,-0.1192,0.010821,0.17826,-0.031546,-0.32447,0.0061922,-0.092448,0.10324,0.025259,-0.02329,0.23041,0.26665,-0.10175,-0.13039,0.14299,-0.01034,-0.073685,-0.20063,-0.08636,-0.17814,-0.35198,-0.13047,-0.23086,0.24533,-0.12533,0.27119,0.067032,-0.075484,-0.21229,0.11901,0.049314,0.028213,0.06573,-0.081096,0.070618,-0.13305,0.045105,-0.061015
