-0.14012,0.071839,-0.078406,-0.269,0.061306,-0.018348,0.044006,-0.010819,0.067707,-0.11126,0.084401,-0.039946,0.011274,-0.10773,0.030181,-0.12722,0.019457,-0.03392,0.023311,-0.094323,0.08116,-0.024216,0.031453,0.062835,-0.042428,0.040607,0.049653,0.017823,-0.008692,-0.043022,-0.024396,0.060516,0.035778,0.031257,-0.070992,-0.059183,-0.0041385,-0.062985,-0.1906,0.08955,0.013332,0.011111,0.015566,0.12294,0.019667,0.0043484,0.26656,-0.0098312,-0.09928,-0.044939,-0.16366,-0.32941,-0.02292,-0.087882,-0.32691,0.2744,0.43127,0.21281,0.087102,0.27883
-0.13625,0.087274,-0.106,0.21197,-0.023585,0.06134,-0.017255,0.031566,0.10339,-0.11236,-0.037709,-0.1116,-0.011957,-0.10268,-0.13767,-0.19212,-0.097833,-0.055499,-0.01882,0.0036476,0.018127,0.26541,-0.09358,0.083522,-0.0094034,-0.19919,0.19254,0.3759,-0.05282,-0.098136,0.15844,-0.030721,0.014865,-0.0021045,-0.15467,0.018594,0.013193,-0.03422,0.41711,0.13221,0.23278,0.096357,-0.02548,-0.29119,0.10644,0.088275,0.091736,-0.020222,-0.022158,0.10937,0.061328,-0.068461,-0.070454,-0.026425,-0.13361,-0.041966,-0.0020617,-0.057874,0.086082,-0.032739
-0.095183,-0.23738,-0.096779,-0.069198,0.3409,-0.028999,-0.2307,-0.16738,-0.10365,-0.025078,0.051938,0.036492,0.057901,0.067129,0.23903,-0.035295,-0.24889,0.17212,-0.2869,0.084646,0.12647,0.0058841,0.26155,-0.13883,0.38649,0.044721,0.063273,0.16133,0.09639,-0.073172,0.13733,-0.088497,0.080215,0.060749,0.069055,-0.019197,0.021456,-0.00056294,0.035676,0.088701,-0.11713,0.031324,0.11521,0.0058192,0.082639,-0.15984,-0.11543,-0.021494,0.10825,0.0034394,0.031466,-0.070399,-0.089821,-0.037217,-0.069079,-0.0059476,0.00032025,-0.031687,-0.01297,-0.029243
-0.10894,-0.19487,-0.077888,0.080123,0.15185,0.17705,0.12626,0.30094,-0.076756,-0.32448,0.018904,-0.063053,-0.027994,0.30479,-0.33437,-0.10592,0.0052409,-0.22599,-0.020839,-0.063947,-0.19369,-0.12634,0.063697,-0.23738,-0.021132,-0.0073262,0.024052,0.016986,0.082098,0.12197,-0.12879,0.12757,0.17582,-0.047338,0.081602,-0.039281,0.22804,0.18449,0.070858,0.13044,-0.075328,0.069085,0.082844,0.10208,-0.061961,-0.16218,0.038334,0.0045341,-0.020343,-0.01596,-0.018941,0.024063,0.04037,0.045575,-0.015182,-0.045701,0.041196,-0.032305,0.0052719,0.00096352
-0.14017,0.0869,-0.11365,0.16708,0.067989,-0.066367,-0.045797,-0.062797,0.11171,-0.047424,0.13052,-0.019838,-0.15504,0.017049,0.023349,0.15982,-0.042554,0.0022557,-0.0010508,-0.11485,-0.09837,0.0065962,-0.041843,0.18823,-0.019732,-0.01055,-0.035386,0.13072,-0.0035685,-0.15366,0.05835,0.097383,-0.046159,-0.026459,-0.085237,-0.086273,0.13749,-0.090887,-0.026952,-0.047784,-0.1136,0.20154,0.0099999,0.19229,-0.13977,-0.04987,0.07292,0.15755,-0.072772,-0.24629,0.02191,-0.31029,-0.064608,-0.12382,0.293,-0.12229,-0.20126,-0.15715,-0.32601,0.26848
-0.13129,0.046091,-0.078956,0.17351,-0.1176,0.29649,-0.095579,-0.15862,0.016848,-0.27621,-0.13473,-0.026674,0.10812,-0.13031,0.3142,0.080634,-0.053135,-0.21601,0.024569,-0.063357,-0.12061,-0.056608,-0.055646,-0.049637,0.0065269,0.09249,0.13655,-0.053019,0.044775,-0.014623,0.0045152,-0.016791,-0.013665,0.12546,-0.12092,-0.23829,0.094946,-0.035403,-0.134,0.048692,-0.15943,-0.22789,-0.27684,-0.23142,-0.0098814,-0.14459,-0.054375,-0.0098126,-0.17078,-0.17789,-0.068131,0.15342,-0.098618,0.015461,0.070235,0.070707,-0.0034031,0.049334,0.075006,-0.049496
-0.12389,-0.12168,-0.0081485,-0.035385,-0.25563,-0.025087,-0.33682,0.029604,-0.17735,-0.31119,0.07304,0.0023361,0.082498,0.0020036,-0.063089,-0.032662,-0.16924,0.17311,-0.21036,-0.0056293,-0.0080162,-0.18793,0.15472,-0.034726,-0.49016,-0.036691,-0.1989,-0.0092797,0.17508,-0.017946,0.19187,-0.089264,-0.22512,-0.081092,-0.038074,0.081869,-0.0791,0.04508,-0.0031771,0.00022582,0.016002,0.011134,-0.035295,-0.0015428,-0.0010627,0.19345,0.0098865,0.050147,-0.014727,0.04569,0.01167,-0.004923,0.010941,0.035515,0.013355,0.0063407,-0.018278,0.016488,-0.012391,0.046028
-0.10119,-0.24874,-0.11668,0.036387,0.31906,0.14019,-0.032352,0.088395,-0.019699,0.13114,-0.089563,0.0097576,0.13958,0.069405,0.067867,-0.029135,-0.15214,0.10078,0.14915,0.095056,0.010833,0.097101,-0.070661,-0.043916,0.020631,-0.035406,-0.1138,0.0036113,-0.016689,-0.088505,0.0072339,0.071071,-0.08112,0.12427,0.063958,0.015647,0.14306,-0.17081,-0.034762,-0.14325,0.26825,-0.19201,-0.16937,0.10207,-0.090735,0.21204,0.27246,0.2879,-0.20643,0.087586,-0.026687,0.085087,0.2384,0.15204,0.10432,-0.005529,-0.046164,0.085662,0.045295,0.040889
-0.1362,0.039009,-0.039073,0.063949,-0.13237,0.34698,0.037092,0.039911,-0.13241,-0.093483,-0.24279,0.095671,-0.1243,-0.02577,0.052004,-0.035483,0.13,-0.051416,-0.11282,0.036084,0.033386,0.25706,0.037079,-0.027985,0.095222,0.083045,-0.023486,-0.10234,0.057245,-0.14239,0.095044,0.098055,-0.047829,-0.13295,0.051935,-0.096807,-0.16681,0.18319,-0.11155,-0.19492,0.33288,1.3169e-05,0.13174,0.21362,0.16223,-0.028949,0.011433,0.018521,0.24003,-0.0031051,-0.19531,-0.15668,-0.069304,-0.031323,0.0042941,-0.003825,-0.15505,0.16765,-0.1184,-0.096291
-0.13436,0.082005,-0.13187,0.184,-0.10414,-0.1108,-0.13362,0.083246,0.22912,0.041138,-0.10564,0.0016921,-0.16729,0.23085,0.17136,0.17346,-0.028925,0.010629,-0.027022,-0.022371,-0.0090082,0.013991,-0.036186,-0.072186,0.0058243,-0.016836,-0.13979,-0.069613,0.025044,0.0524,0.063952,0.049487,0.033344,0.070226,0.079881,-0.022511,-0.047675,-0.014261,-0.09153,0.08731,0.1074,0.068981,-0.055858,-0.049578,0.13669,-0.023082,-0.027608,0.014685,0.14033,-0.014127,-0.20477,0.16468,0.41636,-0.18328,-0.2755,-0.027562,0.16982,-0.3809,-0.015159,0.078867
-0.12175,0.073764,-0.089272,0.28337,-0.049974,0.1262,0.02128,-0.17043,0.30768,0.060445,0.18804,-0.14692,0.026983,-0.07665,0.075892,-0.58394,0.18937,0.28154,-0.17994,0.16475,-0.035204,-0.10633,-0.0066604,-0.068302,-0.0006506,0.10369,-0.066727,-0.2208,-0.068222,0.079493,-0.06718,0.075407,0.038513,-0.014672,0.090637,0.12014,0.053303,0.018648,0.0070394,-0.025985,-0.066728,0.10599,-0.01814,0.032734,-0.011426,-0.012601,0.0019088,0.034789,-0.031392,-0.018461,-0.0063809,0.0085382,0.026067,0.011215,0.077227,0.0049228,-0.0065561,0.025867,0.029893,-0.034825
-0.13052,0.081567,-0.13105,-0.1597,-0.12331,-0.14734,-0.0020451,0.25023,0.058907,0.1321,-0.28392,-0.038153,-0.01776,0.275,0.12603,-0.11725,-0.030312,-0.046288,0.16936,0.1138,0.045747,-0.17994,0.14465,0.090959,0.0023766,0.22833,0.11941,-0.079536,-0.10294,-0.17262,0.089307,0.0093711,-0.099875,-0.0035246,0.053199,0.057251,0.15653,-0.0058537,0.20825,-0.017894,-0.15213,0.028684,-0.031201,-0.09986,0.10061,0.096152,-0.12515,0.013315,-0.028255,0.085689,-0.29762,-0.13658,-0.21544,0.24966,0.11921,0.026106,0.0087891,-0.045043,-0.01751,0.010998
-0.12299,-0.19756,-0.017014,0.007979,-0.21761,-0.0021148,0.048965,0.11455,-0.029137,0.020122,0.020822,0.098915,-0.12344,-0.090645,-0.16045,-0.088308,0.030392,0.13125,0.074783,-0.24136,-0.11286,0.15361,0.010115,0.031245,0.22608,0.15987,0.079026,0.10281,-0.03739,-0.01454,0.26287,-0.076027,0.10674,-0.12982,0.31718,-0.042303,-0.28023,-0.062341,-0.011735,-0.0031503,-0.30611,-0.010014,-0.36379,0.098568,-0.18913,0.099415,0.029339,0.050908,-0.048787,0.038876,0.012154,0.078261,0.0043465,2.9946e-05,-0.11648,-0.048502,-0.0035885,0.009246,0.0077361,0.017863
-0.11387,-0.20972,-0.10048,-0.008918,0.19035,-0.044426,0.016957,-0.18752,0.21766,-0.02419,-0.29716,0.066856,0.034002,-0.096038,-0.26255,0.066007,0.084517,0.010364,-0.015417,-0.1188,-0.07221,-0.088983,0.023851,0.047121,-0.13986,0.060576,-0.15723,-0.16887,-0.16622,0.026924,-0.056405,-0.048269,-0.037698,-0.039382,-0.060563,-0.25908,-0.20702,-0.22532,0.028362,0.055535,-0.14648,0.0029963,0.071695,-0.17428,0.23951,-0.18236,0.048412,0.13873,0.18633,0.18793,0.11463,-0.17059,0.068616,0.11925,0.022988,-0.086555,-0.052978,0.048154,0.045441,-0.0086094
-0.13784,0.043865,-0.045333,-0.026685,-0.041554,0.2205,-0.0011089,0.062451,-0.11112,0.052162,-0.1897,-0.25391,0.1616,-0.306,0.045846,0.23046,0.043111,-0.26553,-0.13605,0.13839,0.01312,-0.06766,0.012597,-0.020302,0.0942,0.16405,-0.17714,-0.093126,-0.16814,-0.037815,0.14787,-0.0039311,0.13971,-0.058302,0.00067715,0.3036,0.068459,-0.090379,0.059965,0.11838,-0.091455,0.12537,0.11861,0.060883,-0.22503,0.15537,-0.063821,-0.019772,-0.0034868,0.11777,0.17596,-0.11185,0.15477,-0.1158,0.024731,-0.088455,0.11457,-0.052879,0.055422,0.0019082
-0.13425,0.044229,0.25302,-0.067107,0.022863,0.16032,-0.068327,0.025419,0.035219,-0.084517,-0.001253,0.1573,-0.023706,0.055487,0.083686,-0.051304,0.13114,0.082661,0.04036,-0.095918,0.0014804,0.098958,0.015988,-0.089487,-0.031172,0.10721,0.016665,0.085823,-0.16822,-0.017768,-0.15299,-0.15969,-0.23568,0.34218,0.12922,-0.25199,-0.048519,0.0021732,0.10947,0.080991,-0.01421,0.15715,0.34354,-0.13134,-0.43597,0.15068,-0.037545,0.026554,0.08373,0.04831,-0.064452,0.052053,0.065263,-0.032533,0.045873,0.086895,0.0065861,-0.030407,0.010166,0.044246
-0.11561,-0.2003,-0.0016205,0.0026376,-0.31819,-0.075125,0.032646,-0.0084937,-0.011174,-0.19721,0.052988,0.033661,-0.080467,0.010488,-0.21217,-0.039235,-0.053262,-0.077912,-0.067953,-0.053034,0.11698,-0.19662,-0.068823,0.067354,0.53732,-0.10029,-0.11106,-0.11785,-0.027123,-0.099217,-0.26377,-0.089545,-0.3049,0.15188,-0.16669,0.17916,0.059067,-0.18008,-0.0033826,-0.11289,0.11581,0.00033611,-0.05112,-0.036214,0.015377,0.0010095,0.018954,-0.067887,0.017636,-0.039045,0.0026155,-0.022346,0.034654,-0.0082027,0.0074705,0.013846,-0.00059765,-0.014991,0.0023865,-0.0067534
-0.11028,-0.22695,-0.063849,0.0091508,-0.16478,0.017606,-0.112,0.29136,-0.098811,0.2611,0.10245,0.042154,0.083396,-0.12678,0.15475,-0.024789,0.018147,-0.0011608,-0.084023,-0.12015,-0.1111,0.012811,-0.26885,0.20257,-0.09682,0.096289,0.066309,0.10424,0.033793,0.11503,0.021934,-0.046752,-0.016309,0.13256,-0.06397,0.17275,0.07883,0.067683,0.025171,-0.17095,-0.12005,-0.023569,0.24583,-0.068669,0.065979,-0.42037,0.23777,0.1236,0.12697,0.089447,-0.031156,0.10258,-0.024158,-0.046634,0.019269,0.055524,0.042378,0.026327,-0.030924,-0.014004
-0.1421,0.070299,0.065931,0.042203,-0.0073859,-0.022536,-0.056005,-0.17725,-0.19584,0.14812,-0.031276,-0.16388,-0.084831,-0.002214,-0.12263,-0.10069,-0.01791,-0.056435,0.19675,0.15156,0.031942,0.056271,-0.0091915,-0.17617,-0.001666,-0.10875,-0.069754,0.19097,0.019957,-0.029237,0.075929,-0.11725,-0.13333,-0.22725,-0.228,-0.053042,-0.094678,-0.16094,0.10194,-0.019024,-0.2043,0.0709,0.098961,0.16203,-0.043786,-0.21992,-0.049266,-0.05057,-0.0044818,-0.17954,-0.29245,0.17011,0.30728,0.12582,0.12394,0.037875,0.14781,0.17923,-0.0052948,-0.05498
-0.1104,-0.23259,0.015598,0.0057607,-0.15351,-0.083207,-0.2104,0.11663,-0.14846,0.20197,0.14611,0.03822,0.048228,-0.16834,0.16151,-0.1038,-0.095318,-0.038187,0.14426,0.091088,-0.063264,-0.067151,-0.21345,0.070274,0.069132,-0.076044,-0.15611,-0.072179,-0.029995,-0.074927,-0.22319,0.15219,0.13576,-0.13776,-0.00503,-0.43081,-0.014685,0.18905,0.062199,0.29051,0.091158,0.063666,-0.0024513,0.04203,0.044133,0.12062,-0.12275,-0.14367,-0.02786,-0.035886,0.052928,-0.17026,0.054002,0.10595,-0.015002,-0.093055,-0.02152,-0.010537,0.049211,-0.012011
-0.14289,0.066092,0.044227,0.056232,-0.058715,0.058358,-0.060071,-0.25414,-0.10775,0.13146,0.0072431,-0.03771,-0.039349,0.15613,-0.17518,-0.07364,-0.11099,-0.0076411,0.093492,0.030036,-0.014471,0.033195,-0.0035049,0.10932,-0.028268,0.082311,-0.22759,0.10213,-0.11031,0.0079968,0.0089477,0.1345,0.11033,0.11817,-0.17079,-0.0078368,0.17388,0.036649,-0.2201,-0.14539,-0.079292,-0.15006,0.10802,-0.051044,-0.15134,0.066731,-0.08876,0.077939,0.069122,0.070288,-0.034601,0.093165,-0.27394,0.076113,-0.43652,-0.36419,-0.0083323,0.019376,-0.03376,0.032081
-0.10497,-0.24186,-0.088866,-0.041989,0.04673,-0.10362,-0.042371,-0.21679,0.24718,0.15546,-0.28233,0.1568,0.038761,-0.05695,-0.17155,0.08569,0.17751,0.042446,-0.088042,-0.084708,0.056816,0.071632,-0.012629,0.09456,0.048936,0.10534,0.034535,0.014519,0.16748,0.059934,0.046509,-0.088328,-0.090356,-0.1465,-0.20649,0.06722,0.19086,0.49446,-0.008641,0.10975,0.047066,0.043511,0.032906,0.0080704,-0.13023,0.13516,0.0060132,-0.058161,-0.19406,-0.13145,-0.050227,0.14996,-0.0019497,-0.034267,0.039227,0.077116,0.058084,0.0076092,0.0057847,0.0053598
-0.13783,0.066846,-0.048308,-0.2494,0.12935,-0.023554,0.0258,0.087311,-0.045032,-0.097788,0.099589,-0.072553,-0.22514,-0.20124,0.045297,-0.14628,0.085319,-0.10002,0.054503,-0.042124,0.15139,-0.043091,0.015602,-0.0066484,0.012082,0.0018448,0.086971,-0.0060315,-0.017403,-0.037592,0.030811,-0.022165,-0.048993,0.086948,-0.099036,0.064799,-0.14691,0.063069,-0.3076,0.25645,0.011296,0.12423,0.093423,-0.017071,0.17828,-0.034177,0.010328,0.078692,-0.33932,0.26617,-0.088488,0.25288,0.050563,0.019283,0.035087,-0.23578,-0.26715,-0.085859,-0.12818,-0.024363
-0.13744,-0.020517,-0.029516,0.010419,-0.048298,0.25943,0.054277,0.13816,-0.017723,0.23181,-0.034595,-0.0092928,-0.039626,-0.087751,-0.019287,0.16242,0.2459,0.20999,-0.045145,-0.043423,-0.0011372,-0.25734,0.46375,0.17456,-0.0079923,-0.52001,-0.019343,0.034864,-0.071816,-0.049192,0.018179,0.0115,0.11742,0.11849,0.0069577,-0.11712,0.029509,-0.014793,0.037516,-0.060116,0.027122,0.033177,-0.04542,-0.0095335,-0.0065189,-0.067794,0.0040304,-0.084457,-0.09643,-0.060104,-0.034486,0.10623,-0.06444,0.011317,-0.032658,0.0011215,0.042739,0.015263,0.0015092,-0.0076103
-0.13974,0.045502,0.045033,0.018714,-0.038046,0.14555,-0.098417,-0.22905,0.13179,0.13281,0.055393,-0.047558,0.05436,-0.027039,0.02184,0.06476,-0.19061,-0.12662,0.32066,-0.11783,-0.085638,-0.37938,-0.051071,-0.1782,0.063141,-0.091254,0.27155,0.011894,0.045728,0.21734,0.060708,-0.302,-0.04094,-0.16576,0.1957,0.0094736,0.041872,0.079802,-0.066532,-0.15768,0.16747,0.18451,0.065573,0.091561,0.053786,0.075526,0.10579,0.034889,0.086475,0.14453,0.023594,-0.083989,-0.070271,-0.0079184,-0.068522,-0.017103,-0.09294,-0.026641,0.031064,0.020556
-0.14327,0.078926,-0.085091,-0.036733,0.092193,-0.11712,0.010843,-0.13793,-0.1457,-0.031257,0.066363,-0.097822,-0.17163,0.0093023,0.020014,0.1149,0.042602,0.06661,-0.091065,-0.11749,-0.014364,-0.069418,-0.04447,0.12431,-0.012936,0.074553,-0.0025539,-0.042236,0.024805,0.16037,-0.0079297,0.089465,0.030305,0.047222,0.0031926,0.042341,-0.11895,-0.0057231,0.1449,0.085139,0.18791,-0.11055,-0.05297,0.15721,-0.1828,-0.095837,0.089096,-0.052138,0.094059,0.013607,-0.24947,-0.0096637,-0.14218,0.015696,0.19636,-0.1398,-0.098956,-0.11897,0.63356,0.017282
-0.13903,0.077496,-0.068531,0.039454,0.10924,-0.017788,0.038982,0.059475,-0.25509,0.045876,0.021026,0.04302,-0.40311,0.044836,0.084198,0.090284,0.1228,0.063179,-0.070558,0.11177,0.022337,-0.11993,-0.077258,-0.0053446,0.045599,0.049969,0.19027,-0.043708,0.077084,0.23155,0.024534,0.073153,-0.070812,0.0059777,-0.12972,-0.00021991,0.0046838,0.032123,-0.058264,0.021465,-0.036799,0.17991,-0.10442,-0.23823,0.01862,0.23304,0.057864,0.26696,0.19209,-0.19898,0.29299,-0.031563,0.051582,0.19672,-0.024361,-0.0063374,0.16502,0.18302,-0.0067526,-0.11285
-0.091634,-0.25923,-0.081412,0.072012,0.39306,0.015134,-0.18942,0.1413,-0.045132,0.012388,-0.029468,0.053925,-0.14103,-0.071995,0.0044759,-0.15036,0.070442,-0.16287,0.11392,0.053687,-0.067608,0.027478,-0.081591,0.07594,-0.1866,-0.065682,0.043956,-0.097068,-0.1633,0.083115,-0.06366,-0.0761,-0.10963,-0.069751,-0.014656,0.17957,-0.12118,-0.18692,-0.089673,-0.14569,0.041798,0.023907,-0.098615,-0.0096576,-0.058271,0.10996,-0.23128,-0.30425,0.072967,-0.16086,-0.082039,0.044564,-0.24334,-0.2495,-0.062626,0.073703,0.040043,-0.096984,-0.066822,-0.034853
-0.14518,0.072543,-0.050777,-0.17023,-0.012609,0.011333,0.011374,-0.028977,0.098907,-0.014459,0.058648,-0.053765,0.044621,-0.038181,-0.06844,0.13665,-0.019134,0.094285,0.035014,-0.027638,0.089535,0.062841,-0.12649,-0.030922,-0.084607,0.084158,-0.16449,-0.016477,0.10648,-0.063452,-0.061208,-0.039529,-0.031786,0.031092,0.15259,-0.082537,0.11071,-0.1793,0.075173,0.13908,0.13003,0.17158,-0.096588,0.19255,0.0015182,-0.11263,0.067216,0.093326,-0.026193,-0.077192,0.033205,0.11643,-0.3142,0.010598,-0.018252,0.0058374,0.25169,-0.1193,-0.16885,-0.5904
-0.13175,0.092547,0.17268,0.21348,0.11648,-0.13408,-0.065093,0.065063,0.045385,-0.068426,0.01043,-0.11496,0.16354,-0.10815,-0.018981,0.064473,-0.023995,-0.080609,0.052396,-0.042045,-0.21508,-0.0143,0.16647,0.16214,0.058678,0.063858,0.016041,0.11892,-0.070651,-0.025703,-0.23422,-0.066378,-0.037431,0.1964,0.050939,0.16791,-0.27551,0.22452,0.084539,0.013877,-0.074422,-0.13187,0.081976,0.25324,0.29374,0.1729,-0.11644,0.30211,-0.041233,-0.22319,-0.019511,0.026846,0.00044238,0.057301,-0.070631,0.014292,0.062502,0.036418,0.038106,-0.098868
-0.13959,0.080514,0.1631,0.023776,0.05498,-0.079533,0.0397,-0.0052896,-0.19036,-0.015183,-0.15735,-0.11178,0.11883,-0.074642,0.10358,-0.026342,0.15827,-0.0034469,-0.070172,0.056509,-0.056794,0.12463,0.072767,0.030042,0.057426,0.08396,-0.090907,-0.046883,0.21217,0.16047,-0.19812,-0.071464,-0.030279,-0.15371,-0.025306,-0.054298,0.020672,-0.14302,0.12426,-0.032319,0.064941,0.14165,-0.11643,0.074326,0.00066178,-0.076949,0.1155,-0.029096,-0.0092356,0.060652,0.11248,0.18416,-0.16027,0.28428,-0.23217,0.2231,-0.17565,-0.27301,-0.12586,0.35539
-0.13032,0.10417,0.12207,0.10483,0.091249,-0.26135,0.099364,0.11075,-0.12549,-0.053859,-0.012394,0.12294,0.33248,-0.15752,0.024696,-0.12482,0.0069061,-0.11084,0.0089692,-0.12048,0.22769,0.053859,0.15293,-0.10388,0.059489,-0.068194,-0.015613,-0.047855,0.0012359,0.05911,0.043524,0.18697,-0.1306,-0.13371,0.045683,-0.17538,0.049243,0.10237,-0.080471,-0.33073,-0.054585,0.15325,-0.049999,-0.16394,0.015887,0.013077,0.089674,0.063516,0.013458,0.0090582,-0.031849,0.031798,-0.029556,-0.17205,0.15854,-0.28654,0.24555,-0.13397,0.10561,-0.028995
-0.13,0.080234,0.20117,0.044873,0.065551,-0.12336,0.0059227,-0.021813,-0.19951,0.13094,-0.15192,-0.15352,0.074193,0.083032,-0.11449,0.0096826,-0.079857,0.19042,-0.27775,-0.21097,-0.20059,0.057189,-0.28862,-0.14759,-0.038298,-0.23409,0.33495,-0.35595,-0.088767,-0.34314,0.040674,-0.030228,-0.0028808,0.03265,-0.022984,0.012166,0.089129,-0.005877,-0.11222,0.059021,-0.044408,0.021369,0.011013,0.045518,-0.0044874,0.011107,-0.072409,0.019419,-0.058847,0.038896,-0.027404,-0.018656,-0.013562,-0.016042,-0.061893,0.035616,0.013588,-0.020932,0.012616,-0.011509
-0.13969,0.075189,-0.086027,-0.24863,0.0046465,0.041795,0.054488,0.026545,0.08382,-0.047494,0.071189,-0.0058752,0.10679,-0.055064,-0.083008,0.054958,-0.01253,0.063119,-0.0067802,0.17458,-0.15601,0.11963,-0.076434,-0.03616,0.027498,-0.058084,-0.048175,0.016779,0.041138,-0.13299,-0.051367,-0.12364,0.087751,0.015546,0.13266,0.017416,0.11238,-0.023704,-0.10237,0.042877,-0.19727,-0.017258,0.080955,-0.11247,0.23993,0.28744,0.33601,-0.25345,0.32179,-0.27379,-0.065776,0.22595,-0.038991,-0.00067878,0.13322,-0.14699,-0.11418,0.017684,0.071318,0.12899
-0.14336,0.079991,-0.12278,-0.022804,-0.015599,-0.03004,0.12129,0.010073,-0.15673,0.084845,-0.051726,-0.026147,0.12845,-0.035263,-0.12725,-0.017888,0.0045082,0.071529,0.025574,0.083423,0.03925,0.092446,-0.00064981,0.026119,-0.030087,-0.086365,-0.043267,0.11938,0.19237,0.20981,-0.11912,-0.028845,-0.027879,0.075277,0.078085,0.014444,0.075296,-0.0087333,-0.19347,-0.028614,-0.20386,-0.035913,-0.0086641,-0.16292,-0.038302,0.062077,-0.057674,0.015721,-0.085525,-0.033698,-0.1549,-0.39691,0.17156,-0.12616,-0.1223,0.25053,-0.37417,-0.16803,0.083359,-0.32361
-0.12814,0.098516,0.12836,0.19475,0.022979,-0.29593,-0.155,0.21078,0.1663,-0.047674,-0.10306,-0.045138,-0.047652,0.16597,0.15652,0.13899,0.025004,0.019691,-0.017379,0.073317,-0.057358,0.0089842,0.068452,-0.087101,0.061773,0.0059627,-0.13307,-0.027911,0.017226,0.02316,-0.096699,-0.1115,0.1047,-0.086648,-0.073614,0.0076829,-0.046414,-0.040827,-0.014811,0.0048605,-0.022417,0.078154,-0.028893,-0.036312,-0.1428,-0.046897,0.27315,-0.16501,-0.14646,0.12979,0.030509,-0.017899,-0.090363,-0.19523,-0.091427,-0.077339,-0.20647,0.50049,0.021154,-0.15643
-0.12093,-0.17408,0.012067,-0.018251,-0.21863,-0.065136,-0.25023,-0.10133,-0.06446,-0.20927,0.084842,-0.015923,0.099955,0.055788,-0.032723,0.16608,0.17408,0.19716,0.20441,0.041522,0.17817,0.26941,0.16021,0.0018791,-0.049122,0.051979,0.34821,-0.081823,-0.27773,0.14584,-0.1824,0.068873,0.29455,-0.1349,-0.051578,0.10596,0.17144,-0.15633,-0.04906,0.0022968,0.066875,0.014545,0.072643,0.013354,0.077748,0.0079949,-0.047095,0.11333,0.00030143,0.002305,-0.030593,0.012451,0.066271,-0.016976,0.087281,0.0076743,-0.014666,-0.010464,-0.012933,-0.00067097
-0.10895,-0.20768,-0.076434,0.011883,0.041599,0.12986,0.13779,-0.076477,0.042467,0.015008,0.29132,-0.29776,0.30759,0.40383,0.11512,0.18062,0.28876,-0.074066,0.066836,-0.022045,0.23414,0.027377,-0.16361,0.035642,-0.02529,-0.03997,0.018194,-0.0345,0.10741,-0.14901,0.05652,0.036178,-0.10147,0.0041034,-0.086965,0.0080851,-0.33728,0.10975,0.037765,-0.045913,-0.11007,0.096522,-0.056145,-0.073093,-0.0062551,0.057705,-0.022518,-0.042262,0.021518,0.037598,0.03305,-0.03042,-0.04381,0.031811,-0.066724,-0.027034,-0.035169,0.02068,3.4183e-05,0.022034
-0.14108,0.090618,-0.13374,0.063297,0.047129,-0.14086,-0.0060439,-0.0018271,0.078173,-0.083861,0.020624,-0.15482,0.02087,-0.037368,0.016325,-0.016929,-0.059744,-0.0039078,0.018676,-0.11169,-0.1177,0.12244,0.046976,0.14906,0.04437,-0.14369,-0.030193,0.078315,0.17008,0.0090047,-0.11052,-0.1015,0.16586,0.011083,0.062932,0.09253,-0.076226,0.087209,-0.28317,-0.013044,0.1188,-0.11814,-0.020706,-0.13667,-0.23547,-0.0034428,-0.15141,-0.15048,0.22038,0.29262,-0.023334,-0.052754,0.047919,0.33066,0.29649,0.053466,0.25363,0.045261,-0.21926,-0.024399
-0.12905,0.062321,0.25725,-0.017179,0.068976,0.10839,-0.10935,0.086466,0.18478,-0.045171,0.13149,0.1074,-0.017103,0.020607,-0.049622,-0.036154,-0.14035,-0.094068,0.16204,0.0035327,0.058933,0.20481,0.053889,0.24632,0.11648,-0.16696,-0.0029417,-0.46859,0.27166,0.22885,0.34864,0.088335,-0.0070962,0.072044,-0.099807,0.0092326,0.040601,-0.079109,0.13723,0.091009,-0.14728,-0.11265,0.15271,0.072419,-0.00013721,0.025576,-0.0084325,-0.024887,0.0070688,-0.0014022,0.038375,-0.035375,0.021426,0.076182,0.0057476,0.032509,-0.017235,-0.0033991,0.0098838,-0.045409
-0.13661,0.074649,-0.035758,-0.21303,0.13676,-0.043578,-0.03284,-0.02821,0.038152,-0.17067,0.22985,-0.017983,-0.26861,-0.13851,0.059209,0.098288,0.10765,-0.00096413,-0.017321,-0.0090963,-0.015845,0.0030935,-0.10784,-0.083917,0.0016048,-0.024323,-0.1557,-0.11947,-0.052074,-0.18424,-0.045842,-0.18488,0.18461,-0.14279,-0.0019204,-0.076538,0.12827,0.21328,0.32491,-0.45682,-0.087997,-0.20448,-0.005623,-0.1006,0.011468,0.014911,-0.095835,0.093248,-0.10203,0.10763,-0.018498,-0.011198,0.11223,-0.0043584,-0.10456,0.092016,-0.012208,-0.064159,-0.0093817,-0.046341
-0.14468,0.08132,-0.1022,-0.066202,-0.0043119,0.0028434,0.077838,0.073455,-0.040043,0.067847,-0.0071061,-0.050586,0.068228,-0.061035,-0.1316,0.042428,-0.011363,0.10003,0.076747,0.054048,0.1085,0.079395,-0.083633,0.0082236,-0.049661,0.036645,-0.027572,-0.075789,0.24862,0.088571,-0.0794,-0.17619,-0.056305,0.13412,0.22867,-0.0062158,0.11695,-0.024223,0.12363,0.084566,0.12961,0.016126,-0.13382,-0.070862,0.070829,-0.16643,-0.43773,0.13728,0.0071534,-0.042461,0.013395,0.028574,0.0024807,-0.26173,0.0092238,-0.19458,0.00039294,0.35691,-0.0080231,0.344
-0.12511,0.087658,-0.14341,-0.0033617,-0.037408,-0.037913,0.19032,-0.18819,-0.20528,0.013548,0.081083,0.57771,0.16677,0.18175,0.12898,-0.1187,0.023978,-0.15085,0.063562,0.018308,-0.18702,0.021902,0.050002,0.014159,-0.056225,-0.092171,-0.1168,-0.13421,-0.047398,-0.10903,0.011979,-0.24935,0.25156,0.027173,-0.10916,0.22519,-0.11859,-0.020289,0.07568,0.12692,0.084575,0.14787,-0.046193,-0.033524,-0.037845,-0.060247,0.026864,0.11119,-0.066833,-0.036866,-0.00032866,-0.025961,0.019199,-0.011063,0.018521,-0.015137,0.01853,-0.01206,-0.007654,-0.016715
-0.12262,0.1113,-0.13576,0.27477,0.02633,-0.053344,0.092251,0.25723,0.059876,0.061024,0.17042,0.2092,0.099247,-0.17216,-0.22691,0.14963,0.001869,0.13469,0.035569,0.27192,0.19461,-0.15265,-0.0028558,-0.23634,-0.027727,0.20786,0.19938,-0.039214,0.027903,-0.11156,0.069776,-0.15412,0.026323,0.067971,-0.25729,-0.12898,-0.10625,-0.0074184,-0.057792,0.043045,0.042267,-0.26664,0.03958,0.14076,-0.11426,-0.030577,0.0074898,-0.083341,0.083095,0.048703,0.02864,-0.015079,-0.074652,0.065785,-0.047711,0.031587,-0.0070848,-0.14525,-0.038533,0.058074
-0.13511,0.096407,-0.1335,0.22366,0.042793,-0.054974,0.022285,-0.0049472,0.046527,-0.025856,0.15647,0.2261,-0.023054,-0.028745,0.0015365,0.1432,-0.0092712,-0.10305,0.0004979,-0.1156,0.13937,0.032257,-0.035785,0.064933,-0.044659,-0.039985,-0.088083,0.091068,-0.1282,-0.19632,0.060463,0.19728,-0.19359,-0.17898,0.29609,0.091719,0.20429,-0.056912,-0.14576,0.046694,-0.062496,0.093412,0.16911,0.034348,0.080362,-0.049883,-0.17792,-0.076809,-0.023788,0.048415,0.14994,0.17541,-0.0061105,0.22911,-0.091469,0.28208,-0.11493,0.16803,0.26471,0.025606
-0.13037,0.076485,-0.099547,-0.29186,-0.057638,-0.042492,-0.0020928,0.010602,0.14279,-0.069843,0.062391,0.09562,0.14774,0.053458,-0.017718,0.12955,0.0198,0.080041,-0.088305,0.37796,-0.47437,0.062832,-0.069055,-0.064335,0.14082,-0.12508,0.084775,0.093779,-0.16454,0.21024,0.093089,0.27,-0.27607,-0.077805,-0.046964,-0.046752,-0.12869,0.024557,-0.032421,-0.08604,0.051984,-0.0014212,-0.0035724,0.035893,-0.05301,-0.10194,-0.14992,0.027611,-0.1321,0.12526,0.060018,0.018609,-0.052799,-0.028717,-0.0089714,-0.0054184,0.05501,-0.006141,0.0028003,0.022102
-0.11464,-0.17042,0.22728,0.038036,-0.014395,-0.092465,0.35069,0.069602,-0.0031156,0.0064504,0.13363,-0.10423,0.0034,0.032397,0.16751,-0.023887,0.16225,0.11107,0.05059,-0.20571,-0.22016,-0.063507,0.050789,-0.10872,0.058049,0.11987,-0.18742,0.14184,-0.010831,0.075938,0.27211,-0.092274,-0.0014189,-0.15896,-0.18212,-0.056774,0.19886,-0.19239,-0.091683,0.13641,0.19327,-0.20099,0.14131,-0.076209,0.16951,0.15781,-0.17227,0.046466,0.043818,-0.0055528,-0.033827,-0.013364,-0.068017,-0.13656,0.086161,0.09254,0.00065883,-0.00089075,0.00084462,-0.031985
-0.13607,0.043882,0.18969,-0.091572,0.021297,0.17152,0.01499,0.063178,0.15072,0.080097,-0.0087255,0.13692,0.046234,0.068405,-0.11981,0.033496,-0.2512,0.014169,-0.24065,-0.045785,0.073788,-0.18094,-0.12819,0.10969,-0.00017153,0.17117,0.055842,0.13824,0.18266,-0.0031482,-0.15107,0.20408,0.35858,-0.11874,-0.12274,-0.029982,-0.21486,-0.21944,-0.012338,-0.1968,0.049311,0.17931,0.063459,-0.11414,0.036205,0.15082,-0.16915,0.025703,-0.1279,-0.014692,-0.1279,0.1547,0.021589,-0.038975,0.12182,0.13157,-0.018929,0.042096,0.035373,0.018231
-0.1335,0.054989,0.2683,-0.06949,0.044682,0.15467,-0.062252,-0.012572,0.062179,0.069186,0.022885,0.15598,-0.049423,0.064747,0.032708,-0.033886,0.065118,-0.039453,-0.01266,0.013013,0.046537,0.04003,0.0066401,-0.015067,-0.076353,-0.017019,-0.010316,0.19349,-0.016737,-0.058067,-0.13262,0.033787,-0.068629,0.083589,-0.22657,0.058163,0.20475,0.099599,-0.022288,0.072152,-0.19439,0.033623,-0.45145,0.27306,0.15506,0.016495,-0.050697,-0.033477,0.28907,0.37172,0.084638,-0.045204,0.06284,-0.14939,0.12631,0.059052,0.0014632,-0.010931,0.087582,-0.010646
-0.13358,0.047993,0.26648,-0.079879,0.054823,0.13983,-0.057693,0.011392,0.09291,0.10036,0.040153,0.11063,-0.022327,0.0069187,0.036167,0.010675,0.044424,-0.012539,-0.042281,0.00038592,0.075685,-0.082136,0.0384,-0.041403,-0.019852,-0.041573,0.061194,0.054005,0.046047,-0.12726,-0.20026,0.11934,-0.16066,-0.40463,0.17215,0.26646,-0.06784,-0.015094,0.036546,0.25547,0.040699,-0.37869,-0.038593,-0.25821,-0.14146,-0.1684,0.10997,0.11835,0.044768,-0.12971,-0.043143,-0.12826,0.016968,0.0039501,-0.065281,-0.17336,0.00055232,-0.078952,-0.11629,0.0090125
-0.11363,-0.20961,0.069805,-0.027915,-0.13804,-0.22497,-0.036134,-0.18404,0.088457,0.14443,0.0057342,0.033605,-0.13561,-0.16063,0.0013058,0.00038039,0.19188,-0.25721,0.051253,0.036954,-0.12638,0.030012,0.13223,-0.36879,-0.13468,-0.0024726,0.11102,0.04165,0.34296,-0.17629,0.02669,0.32316,0.083791,0.32933,0.097193,0.10979,-0.024122,-0.14098,0.082875,-0.10303,0.044944,-0.013683,0.044696,-0.014172,-0.0031659,0.03151,-0.0080066,-0.057877,-0.0090338,-0.0036661,0.055756,-0.065944,-0.023426,0.04181,-0.00070679,-0.015253,-0.030711,0.020679,-0.0017766,0.0047688
-0.14273,0.062367,0.076754,0.04627,-0.007392,-0.0232,-0.1018,-0.12698,-0.19031,0.12224,0.026881,-0.13497,-0.096547,0.10436,-0.24722,-0.00072221,-0.10592,-0.023926,0.16602,0.12511,0.035144,-0.029656,0.059616,-0.03254,0.078062,0.079062,-0.1828,-0.082238,-0.15929,-0.041274,0.10579,0.1367,0.066529,0.086963,0.12005,-0.019081,-0.14126,0.21545,-0.023657,0.088382,0.071607,-0.073906,-0.040607,-0.23741,0.077453,-0.093275,0.17399,0.04785,-0.032017,0.050928,0.12372,0.10448,-0.16139,-0.28305,0.25072,0.4248,0.024588,-0.054954,-0.08708,0.10045
-0.1147,-0.17724,-0.04339,0.0068828,-0.097091,0.070681,0.40478,-0.011987,0.086192,0.15128,0.12405,-0.10697,-0.17484,-0.066228,0.12678,0.1194,-0.50768,0.011653,-0.043191,-0.038429,-0.01721,0.27694,0.29241,-0.1081,-0.1859,0.071041,0.039916,-0.16925,-0.12914,0.055459,-0.22274,-0.0057519,-0.14633,-0.041767,-0.11091,0.042172,-0.053325,0.11146,0.049265,-0.021906,-0.043526,0.091223,-0.028334,-0.035131,-0.026035,-0.020606,0.020259,-0.080937,-0.025453,-0.0067329,0.019251,0.0099867,-0.01411,0.0098496,-0.023804,-0.0060971,-0.0034314,0.004013,0.010948,0.0087035
-0.13586,0.055792,0.25664,-0.084747,0.065846,0.065486,-0.083571,0.060662,0.01302,0.030284,0.051255,0.0085199,0.038484,0.062968,-0.095633,0.025523,0.020977,0.082232,0.00019174,-0.072227,-0.011227,0.046057,-0.0049933,-0.025274,-0.042249,0.25083,-0.06838,0.064682,-0.17509,0.043248,0.17436,-0.094966,0.020147,0.1841,0.031792,0.090332,0.019791,0.093065,-0.092411,-0.13887,0.21089,0.10608,-0.16523,-0.097921,0.14134,-0.23599,-0.018279,-0.37241,-0.18967,-0.25728,0.15093,-0.2256,0.19147,0.2917,0.010147,-0.1321,-0.0066442,-0.038894,0.04061,-0.014822
-0.10438,-0.18141,0.22056,0.05792,0.028877,-0.062835,0.32117,-0.073376,0.0023267,-0.34785,-0.28705,0.045411,-0.052543,-0.12902,0.17441,0.029948,-0.11927,0.31868,0.28421,0.22735,0.10719,-0.18938,-0.23978,0.096767,-0.069028,-0.12659,-0.015078,0.075084,0.014767,-0.062497,0.077925,0.14415,0.10725,0.075238,0.071263,0.15904,-0.045085,0.13689,0.021354,-0.015249,-0.074797,0.077834,0.044868,0.042952,-0.054934,-0.12033,-0.0034001,-0.065793,0.055545,-0.011589,0.0059914,0.0035354,0.00037368,-0.0072842,-0.053343,-0.0035732,0.012168,-0.028974,-0.02604,0.020169
-0.13874,0.085077,-0.1196,-0.14734,0.023714,-0.10471,0.077224,-0.076323,-0.076631,-0.029244,-0.030073,-0.090187,0.082882,0.088484,0.022616,-0.19211,-0.036456,-0.019504,0.090941,-0.05378,-0.09437,-0.15438,0.1905,0.34046,-0.06438,0.21149,0.24352,-0.022725,0.073971,-0.18761,-0.0068858,0.092425,-0.063194,-0.055896,-0.021818,-0.13732,0.035878,-0.04247,0.070075,-0.06432,0.12674,-0.12309,0.037647,0.097474,-0.12001,-0.055085,0.02238,-0.16541,0.1363,-0.044202,0.3296,0.17579,0.3221,-0.2245,-0.096092,-0.0041582,-0.10853,0.02542,-0.054349,-0.16025
-0.11243,-0.18371,0.22097,0.029856,-0.089532,-0.16538,0.15619,-0.087174,0.068472,0.008812,0.038545,-0.036845,-0.081345,0.096726,-0.017015,-0.035636,0.010979,-0.36334,-0.36253,0.38224,0.1572,-0.0011238,-0.031883,0.2388,-0.13372,-0.090334,0.12021,0.058498,-0.13806,0.072265,0.10837,-0.26107,0.067087,0.024376,0.24708,-0.21118,0.074337,-0.031618,-0.11099,-0.0085381,0.058547,-0.097486,-0.043053,0.08532,-0.027699,-0.015929,0.037972,0.10175,-0.034861,-0.020963,-0.039028,0.0067085,0.019647,0.02947,0.03676,-0.0074079,0.016837,-0.0060578,-0.0078779,-0.0075493
-0.14196,0.081667,-0.095041,0.023471,0.039304,-0.074487,0.08482,-0.14946,-0.1256,0.012861,0.023815,0.099782,0.10439,-0.032115,0.034936,0.063896,-0.01902,-0.029882,-0.18023,-0.22234,0.14513,-0.12795,-0.1305,-0.078438,-0.01828,-0.022178,0.015803,0.020108,-0.22457,0.34464,0.031071,0.2063,-0.013845,0.12505,0.091023,0.013431,0.0057629,0.0027132,0.2939,0.071749,-0.03282,-0.19178,-0.049791,0.095723,0.078822,0.1578,0.065786,-0.24766,0.011282,0.052142,-0.17951,0.041353,0.070017,0.038592,-0.013739,-0.0043114,-0.068766,0.1715,-0.43079,-0.0061949
-0.14251,0.062391,-0.097196,0.072918,-0.10714,0.10745,0.016624,-0.039507,-0.088278,0.043523,-0.19086,0.068935,-0.16344,0.21854,0.089859,-0.05186,0.036316,0.083928,-0.00012158,-0.023415,0.076161,0.088635,-0.095556,-0.033881,-0.029869,-0.043575,0.00096431,0.092,0.12856,0.090162,-0.16243,-0.11254,-0.03975,-0.040853,0.091971,-0.021701,-0.083591,-0.093304,-0.0022129,-0.069631,-0.15318,-0.25468,0.25662,0.15285,0.19592,0.095764,0.031152,-0.19549,-0.34111,0.096321,0.34601,-0.085909,-0.070278,-0.088531,0.15868,-0.1287,0.24519,-0.13483,0.0798,0.057714
-0.13217,0.063184,-0.10137,-0.25992,-0.11051,-0.10268,-0.034385,0.16123,0.2026,0.02462,-0.19127,-0.078578,0.055064,0.056758,0.10103,-0.20528,-0.074297,-0.086184,-0.017014,-0.18139,0.24315,0.02523,-0.070059,-0.25524,-0.028956,-0.24144,-0.095769,0.066716,-0.17502,0.10468,0.050969,-0.0042892,0.14049,0.026461,-0.13338,0.02116,-0.11204,0.050698,-0.055479,-0.023697,0.029949,-0.12262,-0.0073796,0.13668,-0.1431,-0.05982,-0.10599,0.17717,0.16144,-0.2858,0.28419,0.049181,-0.077979,0.058345,0.034668,0.10672,-0.19026,-0.016455,0.070026,0.040981
