-0.13408,0.0909,-0.11383,-0.24012,0.019951,-0.0051277,0.050861,-0.084225,0.062538,-0.049994,0.053709,-0.0099942,-0.018472,-0.011711,-0.074728,0.040804,-0.0098727,0.048818,-0.02341,0.025807,-0.051179,0.034617,-0.066524,0.052158,-0.022248,-0.049678,0.15586,0.15284,-0.2192,-0.045698,-0.059194,-0.16958,0.02168,0.15223,0.00064293,0.08983,0.046957,0.050767,0.019592,0.25299,0.14614,0.05524,0.03567,0.12321,0.06847,0.050517,0.0074677,0.155,0.32226,0.16963,0.46988,0.098063,0.23524,0.11338,0.35208,0,0,0,0,0
-0.13083,0.097314,-0.074822,0.2457,-0.011109,-0.0098246,0.040427,-0.23751,0.13659,0.13545,-0.061442,0.24413,-0.011972,-0.0083229,-0.039615,0.097326,-0.12945,0.00063372,0.059484,0.14116,-0.0072664,0.10839,0.21189,-0.13753,0.0096334,-0.16184,-0.070009,0.038064,0.067452,0.1308,0.12057,-0.085555,0.05044,-0.065018,0.0023147,0.049406,-0.27821,-0.087705,0.1636,-0.0078207,-0.03345,-0.22165,0.19221,0.15562,-0.12426,0.10661,-0.41879,0.032887,0.067994,0.020233,-0.036317,0.20263,0.078052,0.14241,-0.075494,-0.084797,0.11929,-0.092576,0.015319,0.0050173
-0.10793,-0.20768,-0.13742,-0.095697,-0.36561,-0.040061,-0.26069,0.0063319,0.0047336,0.029753,0.21756,-0.11376,-0.1397,0.10573,-0.040301,0.32193,-0.13199,0.31431,0.2616,0.0083043,0.078515,-0.083668,-0.013218,-0.059834,0.063829,0.016926,-0.32819,0.10479,-0.024708,-0.19565,-0.017417,0.25027,0.23268,0.14338,-0.010639,-0.058056,-0.073436,0.031297,-0.0078281,0.043552,-0.026512,-0.047058,-0.00056171,-0.021729,-0.017093,-0.0050842,-0.00081928,0.0032433,-0.0026776,-0.0015964,0.0016172,0.0030795,-0.00024467,-5.7534e-05,9.4321e-08,-1.9091e-07,6.8355e-08,1.3363e-09,1.0403e-08,-6.5489e-08
-0.12078,-0.16625,-0.1041,-0.016841,-0.20753,-0.065814,0.077956,-0.06695,-0.3251,0.062547,-0.24075,0.039022,-0.40297,-0.29379,-0.037231,-0.3175,-0.17894,0.20487,-0.12741,-0.0019103,-0.11801,-0.07181,0.072842,0.074296,-0.0047095,-0.11837,0.23934,0.08142,0.077256,0.12038,-0.057616,0.1589,0.079059,0.017996,0.15007,0.018363,0.059387,0.11819,-0.17788,-0.10534,-0.028083,-0.16418,0.032216,0.019766,0.032117,0.010305,0.014005,0.00041985,0.036226,0.0054118,-0.0083705,-0.0032279,-0.00098812,-0.0001702,-1.7536e-06,2.8035e-06,4.6307e-08,-4.1389e-07,3.0851e-07,-2.6602e-07
-0.13792,0.060429,-0.060964,0.17909,-0.031216,-0.062445,0.021104,0.005578,0.080703,-0.17881,0.086374,-0.087962,0.076849,-0.08074,-0.29446,-0.03716,0.028948,0.075468,0.093854,-0.0036828,0.094951,-0.032339,-0.036805,0.025232,0.044553,0.012402,0.089065,-0.014397,0.19394,0.16819,-0.19828,-0.032062,0.037059,0.0095067,0.048099,0.064816,-0.1051,0.00083037,0.060822,0.075852,-0.12537,0.13198,0.033405,0.022592,0.21687,-0.11049,0.052693,0.099424,-0.034245,-0.16028,-0.082183,-0.12511,-0.1883,0.24674,0.17079,-0.33619,0.18755,0.37799,0.058025,0.18358
-0.13706,0.058216,-0.046267,0.19067,0.03664,-0.1668,0.025471,0.088795,0.027901,0.039922,0.031804,0.041116,-0.091066,0.11717,0.055089,0.23694,-0.26002,-0.11158,-0.14821,0.022636,-0.11051,-0.096573,0.20418,-0.16165,-0.092842,-0.069196,0.02997,-0.057023,-0.065564,0.020461,-0.32044,-0.12873,0.0046378,0.13195,-0.072375,0.159,0.045035,-0.051814,-0.053171,-0.12932,-0.071534,0.019159,-0.137,-0.0066918,-0.096006,0.12072,0.34926,0.0021638,-0.050794,-0.3018,-0.0056349,0.078681,0.28891,0.068657,-0.066429,0.0421,-0.12712,0.10886,-0.13183,0.0025897
-0.12747,-0.073407,0.022271,-0.00049931,0.23213,-0.14848,-0.41993,-0.16916,0.025304,0.25285,-0.025277,-0.014381,0.10099,-0.19736,-0.043311,0.23298,0.24569,0.10157,-0.22734,0.087889,-0.070092,-0.074544,0.086474,0.039048,0.0088411,-0.14185,0.1289,-0.0077557,-0.041001,-0.018273,0.034565,0.28898,-0.19367,-0.093805,0.1264,0.087032,0.012674,0.25322,0.215,-0.04836,-0.077514,0.23683,-0.076255,0.00072754,-0.031676,0.0082277,0.0092027,0.0067003,0.033277,0.0089799,-0.0083392,-0.0050444,-0.0011238,-0.00032888,-2.7336e-06,4.1745e-06,5.2643e-07,-8.1185e-07,6.204e-07,-8.9156e-07
-0.11176,-0.23209,-0.14837,-0.024997,-0.28162,-0.10977,-0.056546,-0.020242,-0.12932,0.16814,-0.0036348,-0.024059,0.072542,0.22983,0.044351,-0.053278,0.0036114,0.20611,0.11643,-0.13685,0.0054699,-0.041865,-0.010856,-0.087532,0.007111,0.074897,0.12701,0.050436,-0.070026,0.2485,0.088329,-0.33346,-0.25396,-0.42229,-0.12143,0.090579,0.21652,-0.16007,0.18718,0.088248,-0.04836,0.095678,-0.10892,-0.049212,-0.06437,-0.005815,-0.016398,-0.010094,-0.04007,-0.0096965,0.00852,0.0050482,0.00056707,0.0001993,9.5841e-07,-1.5458e-06,6.1452e-08,1.8497e-07,-1.5659e-07,6.2559e-08
-0.13692,0.051927,-0.03539,0.15203,0.025916,-0.18639,0.0064179,0.17904,-0.13207,0.022188,-0.20627,-0.032166,-0.021506,-0.022402,-0.010731,0.079361,-0.11087,-0.34929,0.095596,-0.15941,0.14734,-0.087348,0.14147,-0.083836,0.052647,0.1455,0.069148,0.27659,-0.21767,-0.029843,0.098114,0.16462,0.072764,-0.087811,0.050487,-0.023959,-0.10569,-0.076381,-0.10479,0.24483,-0.065223,0.22954,0.108,0.20594,-0.136,0.12637,0.015963,-0.028218,0.097569,-0.029132,0.064642,-0.1755,-0.20414,-0.18064,-0.024801,-0.052425,-0.024547,-0.050224,0.15865,0.021228
-0.13943,0.064361,-0.068695,0.16979,0.013412,-0.062493,0.052304,0.029471,0.021288,-0.063785,0.059488,-0.053718,0.098241,0.022735,-0.0047949,-0.042215,-0.017503,0.082515,0.050762,-0.0022133,0.0025449,0.032803,0.20895,-0.084088,-0.025345,-0.11403,-0.032707,-0.11534,0.10155,0.29774,-0.1926,0.022643,0.10973,0.11192,0.017146,-0.12625,0.0099684,0.038612,0.010319,0.011922,0.055332,0.20408,-0.046308,-0.2936,0.079439,-0.16294,-0.14093,-0.037754,0.036572,0.36518,0.17374,-0.057824,0.1563,-0.37358,-0.19233,0.03328,-0.15806,0.043884,0.24311,-0.0010093
-0.12652,0.071083,-0.049534,0.32851,-0.027357,-0.079991,0.14466,-0.26188,0.15451,-0.062265,0.15256,-0.0084175,-0.18133,0.14964,0.1053,0.17569,-0.07372,0.053529,-0.14497,0.17363,-0.097035,-0.1419,-0.2065,0.17646,-0.023512,0.43105,0.19938,-0.12995,-0.04752,0.078852,0.24089,0.10557,-0.013712,0.0016635,0.1175,-0.30971,0.14277,0.019179,-0.052115,0.045675,0.066757,0.010742,-0.0079367,-0.0046125,-0.0025771,-0.0046338,6.9428e-05,0.00039526,3.503e-05,3.1595e-05,-0.0004221,0.00013341,2.2414e-06,-1.5389e-07,-1.2831e-08,2.1518e-08,-1.7403e-09,-2.3433e-09,1.572e-09,3.3783e-10
-0.13276,0.10857,-0.13644,-0.13246,0.042273,0.073239,0.071997,0.005485,-0.12833,0.13489,-0.0076742,-0.10643,-0.049758,0.10634,0.014712,-0.16447,0.12454,-0.21193,0.17129,0.48556,0.14803,-0.27599,-0.0058704,-0.16503,0.094436,-0.071081,-0.059746,-0.02759,0.08492,0.063111,0.077333,0.073738,-0.020954,-0.093146,-0.0078239,-0.12535,-0.071672,0.062333,0.10297,-0.042563,-0.024277,-0.063858,0.011538,-0.23451,0.12117,0.18072,0.15227,0.16925,-0.077797,-0.14198,0.26682,0.0065904,-0.077778,0.090289,-0.058321,0.07997,-0.028743,-0.086807,0.0041372,0.089672
-0.12671,-0.19017,-0.020515,0.024269,0.16184,0.058433,0.20514,0.051965,0.019033,-0.057701,-0.164,0.078121,-0.068594,0.084949,-0.1135,-0.0025886,0.10391,0.071074,-0.050635,-0.016739,-0.032754,0.073155,-0.18832,-0.19036,-0.022995,0.042535,-0.29627,0.3471,-0.024499,0.067949,0.11151,-0.10451,-0.17355,0.34345,0.39966,-0.054016,0.12784,-0.067219,0.15919,-0.16969,-0.26035,0.096871,-0.066931,-0.057555,-0.063143,-0.0051392,-0.00060529,0.0078819,0.0065332,0.0027181,-0.0028442,0.0091726,-0.0010446,-0.00034556,-1.5047e-06,2.1285e-06,6.6874e-07,-5.7016e-07,4.5787e-07,-8.9722e-07
-0.11807,-0.19014,-0.10019,-0.00038419,-0.16289,-0.073828,0.19229,0.21756,0.35476,0.18314,0.0039623,-0.028522,0.1433,-0.084191,0.069067,0.052983,0.2997,-0.027722,-0.40727,0.067814,0.16638,0.10808,-0.16678,-0.15504,-0.092972,-0.0059185,-0.0091097,0.2118,0.037653,0.13869,-0.1243,0.15846,0.17206,-0.14753,-0.13672,-0.0051159,0.031018,-0.014449,-0.191,0.050045,0.066756,-0.2129,0.023234,0.0013363,0.018923,0.0024237,-0.00019683,-0.0074089,-0.0052281,-0.0051194,0.0020814,0.00042341,-4.1657e-05,8.656e-05,7.0026e-07,-1.0249e-06,-2.3925e-07,2.479e-07,-1.9114e-07,3.3633e-07
-0.13956,0.047016,-0.043615,0.13729,0.025122,-0.13723,0.022055,0.16035,-0.09678,-0.071095,-0.096126,-0.098059,0.048808,0.011817,0.084762,-0.086037,0.03224,-0.026904,0.13399,0.064621,0.056698,0.14343,-0.088613,0.17859,-0.065714,-0.035035,-0.12151,-0.05083,0.047074,0.02514,0.07808,0.060915,0.026447,0.037485,-0.14325,0.080434,0.17192,0.23713,-0.072257,0.20395,-0.1515,0.11446,0.040258,-0.074515,-0.10692,-0.085471,0.11628,0.028731,0.18723,0.051416,-0.2389,0.5729,-0.0064526,0.16723,-0.041865,0.14475,0.076264,-0.067041,0.088558,0.09315
-0.13167,0.037441,0.24424,-0.113,-0.054944,-0.15249,0.057459,-0.046065,-0.0099196,-0.071944,0.021659,-0.13573,-0.035299,0.046585,0.065969,0.0053357,-0.028828,-0.053377,-0.05247,-0.073472,0.044917,-0.058142,-0.027268,-0.03515,-0.043012,0.024243,0.021468,0.0019094,-0.0029456,0.038628,0.0068939,0.01252,0.014889,0.075246,-0.068083,0.062447,-0.027019,0.033323,0.18374,0.017834,-0.1527,-0.098279,-0.22838,0.14959,0.51078,0.24663,-0.043522,-0.078395,-0.039685,0.069089,-0.22229,-0.017605,0.12582,0.10402,0.0065068,-0.09251,-0.074265,-0.29274,0.34816,-0.17321
-0.1248,-0.19227,0.0063777,0.021568,0.27817,0.063766,0.016074,-0.026644,0.092231,-0.0014749,-0.016968,-0.089191,-0.10161,-0.16106,-0.024601,-0.045118,-0.096448,0.016821,-0.050133,0.054755,0.036465,-0.074613,0.091028,0.39174,0.20941,-0.098637,-0.073032,0.17819,-0.053193,-0.028223,-0.081263,0.020718,0.096628,0.0028571,-0.43762,-0.23877,0.18102,-0.4048,0.22788,-0.092175,-0.075779,0.036914,0.039449,-0.0015152,-0.003689,-0.0077846,0.0012522,0.0082536,0.0012545,0.0021527,-0.0010923,0.0084097,0.0011549,0.00071629,6.0922e-07,-6.2957e-07,-7.1811e-07,3.2631e-07,-3.3409e-07,8.6375e-07
-0.11242,-0.23588,-0.075441,0.030373,0.20548,-0.013457,-0.084682,-0.20094,-0.20229,-0.01412,-0.26787,-0.20142,0.32882,0.17555,-0.078277,0.050893,-0.16441,-0.043243,-0.040078,0.063302,0.15136,0.083973,-0.0006365,-0.0084135,-0.068944,0.073167,-0.015615,-0.16247,0.085204,-0.058933,-0.064476,0.11415,0.066062,0.11909,0.16901,0.1912,0.28203,-0.169,-0.012826,0.14346,0.26301,-0.24001,0.14909,0.042045,0.093265,-0.015945,-0.054324,-0.029566,-0.15891,-0.038921,0.044677,-0.0031989,0.00068513,5.91e-05,4.318e-06,-6.8756e-06,-2.0542e-07,1.1095e-06,-7.9363e-07,7.2768e-07
-0.13767,0.047977,0.08057,0.11963,0.016934,-0.009735,-0.15217,0.14355,0.0648,-0.11807,0.039119,0.0074395,-0.2603,0.23846,0.24975,-0.094698,0.14544,0.084901,-0.056481,0.019645,0.065846,0.066481,0.16238,-0.0099804,-0.045446,-0.23657,-0.040717,-0.018785,0.025089,0.095888,0.032937,-0.062058,-0.057701,0.20708,-0.10278,0.019711,0.22238,0.14206,-0.036074,0.093768,0.13594,0.087295,0.11754,0.15361,-0.0081264,0.0073562,-0.23193,-0.026406,-0.10825,-0.076839,0.040258,-0.28787,-0.26216,0.25155,0.069867,0.14995,-0.17203,-0.028918,-0.095136,-0.012855
-0.11385,-0.24025,0.01865,0.0059489,0.21552,0.070744,-0.24522,-0.17779,-0.072581,-0.041212,-0.046388,-0.13803,0.10219,0.32899,-0.020065,-0.038588,0.026765,0.03115,-0.05003,-0.065576,0.05635,-0.016094,-0.016279,0.010515,0.016889,0.012414,0.11207,0.13538,0.043828,0.11366,0.035181,-0.20612,-0.039147,0.068159,-0.18584,-0.1956,-0.3857,0.14238,-0.43551,-0.19686,-0.087055,-0.06933,0.0025341,0.024441,0.012269,0.025243,0.067742,0.026913,0.18612,0.044435,-0.051678,-0.00098052,-0.00069217,-3.8866e-05,-2.5497e-06,3.9719e-06,3.115e-07,-7.3176e-07,5.3222e-07,-6.3177e-07
-0.13647,0.073863,0.031801,0.072337,0.075307,-0.047293,-0.19349,0.17579,0.07377,0.21126,-0.04605,0.30434,-0.09553,0.0674,-0.14223,-0.067655,0.032374,0.039597,0.041151,-0.044822,-0.040353,-0.058745,-0.1116,0.10205,-0.018174,0.11353,0.028161,0.024478,-0.010263,-0.11621,0.013942,-0.12711,0.032735,0.14723,-0.060839,0.14558,0.039884,-0.036004,0.020712,0.05011,0.19937,-0.169,-0.1851,-0.088656,0.20029,0.12439,0.014591,0.015899,0.17049,0.043021,0.033567,-0.084543,-0.13581,-0.073412,-0.35658,0.21387,0.36761,0.18053,0.081979,0.031156
-0.10581,-0.26296,-0.10953,-0.00045128,-0.032671,-0.0092656,0.094093,0.1319,0.34997,0.26236,0.098052,-0.18385,0.070063,-0.26141,0.15971,-0.20891,-0.30773,-0.025742,0.098857,-0.027402,0.18811,-0.0099171,0.075887,-0.026365,-0.014805,0.069486,0.062336,-0.20725,0.048928,-0.15981,0.1625,-0.081531,-0.34252,0.24091,0.037447,0.028726,-0.13292,0.064955,-0.011813,-0.073882,0.087274,0.1371,0.067395,0.056679,0.051326,0.0043237,0.0064687,0.0066056,0.017951,0.009235,-0.005556,-0.0047595,0.00020537,-7.3498e-05,-2.8444e-07,4.5952e-07,-2.9006e-08,-4.9709e-08,4.5924e-08,-6.7489e-09
-0.13253,0.084817,-0.064242,-0.24215,-0.04128,0.027841,-0.070725,-0.08335,0.1523,-0.3074,-0.13191,0.087588,-0.0090875,-0.075537,0.056615,0.074324,-0.056728,-0.031721,0.019397,0.025082,0.16433,-0.051578,-0.0047142,-0.095775,0.10801,-0.068847,0.063644,0.017403,-0.07778,0.094451,0.077627,-0.025843,-0.12713,-0.015785,-0.051281,-0.0893,0.064236,0.15997,0.068656,0.045871,-0.078003,-0.15889,0.1178,0.20125,-0.021585,-0.37484,0.17024,-0.013073,-0.10336,-0.1154,0.059445,0.031612,0.042875,-0.075532,-0.28067,0.051811,0.12022,0.18346,0.10754,-0.39706
-0.13613,-0.017797,-0.032878,0.046181,0.036696,-0.22143,0.11119,0.020452,-0.16361,-0.09286,-0.2143,-0.094057,-0.016992,-0.32368,0.22618,0.24301,0.46285,0.18921,0.12525,-0.0074654,-0.07088,-0.14292,0.083792,-0.091384,0.0016694,0.069674,0.0069288,-0.18392,0.069322,-0.24345,0.015974,-0.33659,0.041009,0.078755,-0.0095583,-0.10764,-0.12072,-0.18443,-0.087935,0.033818,0.038193,-0.06289,0.042514,0.0067713,0.015988,-0.014076,-0.01096,-0.00081381,-0.034376,-0.0023003,0.0046174,0.0039678,0.0077759,0.0031465,-0.001077,0.0093661,0.0091796,0.0033109,-0.00088492,0.0067095
-0.13992,0.042157,0.043614,0.013934,0.049597,-0.19801,0.0035642,0.070064,0.087852,-0.11388,0.12316,-0.084123,-0.13123,0.22277,0.010637,-0.18424,0.10154,0.049272,0.023412,-0.057809,0.020046,-0.065557,-0.18032,0.19932,0.08112,-0.068056,0.075885,0.16647,0.18669,-0.25653,-0.26084,0.037707,-0.13456,-0.18875,0.24561,0.10949,-0.17962,-0.09674,0.038021,-0.079885,0.23083,0.067216,0.20906,-0.069131,-0.16384,0.044994,-0.10548,0.076812,-0.06443,-0.14318,-0.03211,0.12747,0.14065,-0.087054,-0.0498,-0.0009708,-0.045832,-0.052242,0.15923,-0.21934
-0.13673,0.089439,-0.092116,-0.0015943,-0.017922,0.11452,-0.13506,0.14042,0.092935,-0.17897,-0.038084,0.12537,0.19387,-0.10879,-0.0069235,0.056618,-0.14492,0.092123,-0.081208,0.042523,-0.19724,-0.10846,-0.020048,0.043944,-0.03693,0.0059283,-0.023038,0.05273,0.30673,-0.05105,0.28078,-0.095211,0.067267,-0.027591,-0.076514,0.18714,0.12159,0.0013027,-0.048255,-0.045212,-0.0098108,-0.046921,0.044755,-0.2116,-0.031951,0.15523,0.070201,-0.03164,0.21535,-0.096056,0.065961,-0.0081212,-0.22678,-0.09712,0.036029,-0.31284,-0.30652,-0.11053,0.029533,-0.22401
-0.13305,0.098773,-0.094839,-0.050649,-0.081761,0.22373,-0.16048,0.10007,-0.054644,-0.20951,-0.2352,0.014657,-0.037983,-0.13488,0.10282,0.11806,-0.070675,-0.078824,0.046648,0.056974,0.27013,0.15521,-0.04704,0.048798,-0.14164,0.1511,0.11305,0.21474,0.12038,-0.038731,-0.0089529,-0.038208,-0.036043,-0.080141,-0.016717,-0.13405,-0.029484,0.1297,0.18648,-0.068598,0.24889,0.053056,-0.16443,-0.092436,-0.015613,0.0966,-0.1236,0.06739,0.014448,0.016656,-0.24436,-0.12858,0.32551,0.02649,-0.024146,-0.00078201,-0.095896,0.068549,-0.15476,0.22274
-0.096421,-0.25378,-0.098152,-0.0019762,-0.42975,0.0078616,-0.20753,-0.13569,0.12913,-0.13882,-0.20505,0.038511,0.0087517,0.063909,-0.059335,-0.17061,0.16862,-0.47538,-0.11609,0.046389,-0.36751,0.034974,-0.0077715,0.1233,0.001129,0.012783,-0.11751,-0.18284,-0.029149,-0.057229,-0.07254,-0.053392,0.04691,0.12536,-0.009229,-0.056807,-0.11489,-0.042375,0.13103,0.036741,0.0056061,0.13351,-0.0020359,-0.002502,-0.0115,-0.0056278,-0.0042796,0.0041089,-0.010599,0.00029858,0.0024189,0.00072312,0.00047097,3.3992e-05,6.466e-07,-1.056e-06,2.2709e-08,1.3974e-07,-9.8307e-08,5.4939e-08
-0.13705,0.082486,-0.059481,-0.15169,0.081473,-0.089553,0.060676,-0.054662,0.11343,-0.0029301,0.037362,0.10835,0.20441,0.067052,0.09158,-0.2111,0.045083,0.082518,0.03501,-0.2195,-0.22133,-0.12307,0.12794,0.042658,0.15739,0.050472,-0.052466,0.11532,0.020644,-0.020306,0.23371,0.15891,0.10937,-0.022865,0.073693,0.06086,-0.060592,-0.059228,-0.031134,0.046329,0.067117,-0.069854,-0.015187,0.082658,-0.043201,-0.16425,0.17426,0.014614,-0.094648,0.084538,-0.034598,-0.12464,0.21234,0.32287,-0.23691,0.0050546,-0.23393,0.015236,0.045763,0.36535
-0.12775,0.066861,0.21525,0.19425,-0.14421,0.11079,-0.0051257,-0.13713,0.0109,-0.038464,0.077692,-0.12771,0.050035,-0.11729,-0.29594,-0.17166,0.18534,-0.015064,0.085406,-0.021779,0.11012,-0.050165,0.069308,-0.016279,-0.078978,0.21013,-0.048067,0.016678,-0.067422,-0.20566,0.012798,0.049925,-0.11091,-0.043733,-0.14737,0.16695,0.18433,0.06149,-0.13424,-0.11117,-0.2755,-0.11011,0.0023884,0.074935,0.0032552,-0.041103,-0.25957,-0.0025067,0.1092,-0.1943,0.18909,-0.020936,0.19246,-0.083842,-0.10606,0.14238,-0.22934,0.082683,-0.053406,0.055103
-0.13418,0.062354,0.19696,0.050655,-0.075482,0.11399,-0.054562,0.13553,-0.10302,-0.030559,0.037612,-0.13226,0.14147,-0.00032332,0.16056,-0.075927,-0.032229,0.069256,-0.086953,0.02443,-0.11892,-0.037455,0.05813,0.0047463,-0.19276,0.0020408,-0.058244,0.031308,0.094787,0.12346,0.32643,0.09911,0.17496,-0.038664,0.010474,0.087692,-0.11671,-0.149,0.078649,-0.14585,-0.029681,0.098423,0.15469,0.030276,-0.019649,0.058122,0.08395,-0.052131,-0.068031,-0.045298,0.053333,-0.073987,0.22168,-0.06095,0.30191,0.32077,0.32558,0.24063,0.089082,-0.11726
-0.13091,0.10312,0.14296,-0.037274,-0.073579,0.30902,-0.083656,0.055728,-0.13191,0.16417,0.025268,-0.026877,0.13823,-0.048478,0.11905,-0.065269,0.0069036,0.086215,-0.078268,-0.18552,0.011685,-0.15039,-0.22244,-0.076413,-0.055027,-0.15759,-0.032638,-0.19404,-0.12147,0.12826,-0.085907,0.025831,0.08996,0.094759,0.1044,-0.28122,0.064155,-0.13172,-0.0098571,-0.0044639,0.15153,0.12944,-0.079103,0.20562,-0.08782,-0.0069278,-0.11176,0.11663,0.1807,-0.34109,0.024883,0.16397,0.0012633,0.0052749,-0.16788,-0.20425,0.003105,-0.049486,0.12776,0.076852
-0.13213,0.058592,0.21685,0.071422,-0.071547,0.054958,-0.080868,0.15952,-0.10364,0.026312,0.0041655,-0.084723,0.083665,-0.020502,0.069809,-0.031805,-0.086731,0.095459,-0.088142,0.22506,-0.19054,0.4021,-0.053871,-0.23997,0.6775,0.17344,0.13298,-0.00016477,-0.038237,-0.075909,-0.065291,-0.013961,-0.011728,0.030869,-0.018111,0.00075958,0.002059,0.0068568,0.0037964,-0.0020042,-0.006359,0.0016089,0.0043468,0.0075338,-0.0038921,0.0018827,-0.00084884,0.029657,-0.010536,0.017815,0.0011025,0.00076709,-7.875e-05,-2.6817e-05,3.7987e-06,9.7861e-06,1.1157e-06,4.766e-06,4.0924e-06,8.032e-06
-0.1319,0.096508,-0.12599,-0.24042,0.051069,-0.0096909,0.10097,-0.091327,-0.033603,0.11894,0.074942,-0.066142,-0.12935,0.046333,-0.096882,0.011703,0.098932,-0.011876,0.0079842,-0.010725,-0.0029627,0.33372,0.16032,0.064822,-0.016692,0.05261,-0.010004,-0.029806,0.0068425,0.043477,0.06782,0.020889,-0.0027748,0.0034505,0.04106,-0.074264,-0.091169,-0.065106,0.012049,0.06121,0.087507,0.055531,0.014927,-0.16597,0.087074,-0.077508,0.016766,-0.6256,0.2239,-0.37945,-0.023361,-0.014111,0.00283,0.0024082,-0.0030926,-0.00038456,-0.0025788,-0.0014977,0.0010772,-0.00072264
-0.13553,0.10188,-0.14146,-0.018433,0.032405,0.14533,-0.0006743,0.10484,-0.13574,0.12694,0.0031961,-0.05096,0.026517,0.0051154,0.048683,-0.054205,0.072427,0.038083,0.031342,-0.038679,-0.01362,0.20584,0.034249,0.15835,-0.19543,0.21927,-0.039273,-0.086436,-0.1991,-0.031941,-0.13328,0.080692,-0.020153,-0.01276,-0.019558,-0.046002,-0.078318,0.028702,0.012748,-0.13696,-0.10143,-0.052235,-0.025158,0.0016024,-0.18246,0.22715,0.011032,-0.076942,-0.22003,0.27528,0.17269,0.024817,-0.080244,0.32384,-0.13599,-0.2272,-0.071769,0.2361,0.085077,-0.31406
-0.12705,0.09602,0.17737,0.15972,-0.14889,0.23448,0.016422,-0.26728,0.03537,0.058849,0.087951,-0.043623,0.016769,-0.031315,-0.042341,-0.07625,0.041965,0.036485,-0.03779,0.046543,-0.017739,0.073871,0.31476,-0.146,-0.20004,-0.078181,-0.0031395,0.29084,-0.1446,-0.26409,-0.029866,-0.10726,-0.062286,-0.049494,0.040063,-0.09396,0.12556,-0.02106,-0.05814,0.031094,0.22848,0.046884,0.086471,-0.14674,0.071096,-0.10099,0.3279,0.0803,-0.079605,0.10785,-0.16625,0.060725,-0.15829,0.015418,-0.00060101,-0.10107,0.1257,-0.13117,0.10456,-0.016298
-0.12459,-0.17171,0.033359,0.013301,0.25226,0.020241,-0.15203,-0.073455,0.037347,-0.043344,0.25779,-0.030474,-0.13893,-0.23394,0.12996,-0.0047567,-0.0051511,-0.23601,0.41463,-0.072147,-0.35593,0.15197,-0.25765,-0.29031,-0.20743,-0.012093,0.12957,0.11859,0.083186,0.12755,-0.062046,0.11424,-0.010719,-0.053372,-0.082797,-0.0029633,0.09185,-0.059833,-0.058926,0.065886,0.034135,-0.10951,-0.0030548,-0.017799,-0.0045888,-0.011665,-0.029869,-0.014709,-0.082052,-0.021647,0.022363,0.0056242,-0.00018973,3.187e-05,3.2075e-06,-4.7853e-06,-1.0075e-06,1.1393e-06,-8.1986e-07,1.4255e-06
-0.11334,-0.18795,-0.096709,0.014462,-0.026368,-0.16241,-0.013845,-0.055038,-0.38465,-0.14886,0.52373,0.44483,0.17079,-0.096887,0.099334,-0.095638,0.037457,-0.16309,-0.16963,0.02844,0.29129,0.090921,-0.0030674,0.0026742,0.012136,-0.02603,0.061974,-0.015794,0.0014447,-0.13624,0.064597,-0.062452,0.077686,0.085286,0.028644,-0.045223,0.026106,-0.030634,0.047826,-0.071772,-0.057364,0.029309,0.01857,0.0043736,0.0031629,-0.0020247,0.0024325,0.0052705,0.0068812,0.0026731,-0.0011072,-0.0012469,-1.0638e-05,1.9568e-05,-1.3563e-07,2.3704e-07,-3.8248e-08,-2.0178e-08,1.036e-08,2.5174e-08
-0.13728,0.0989,-0.12465,0.021683,0.0073632,0.13351,-0.033651,0.059463,0.016448,-0.014484,0.038532,0.043715,0.1826,-0.075467,-0.068016,-0.047224,-0.016485,0.16308,0.028241,-0.087896,-0.051768,-0.036361,-0.017786,0.071386,-0.09906,0.24248,0.12929,0.065575,-0.0049846,0.13767,-0.25462,-0.039075,0.13182,0.057749,0.056627,0.0062039,-0.20001,0.019172,0.18597,0.022428,-0.10755,0.07656,0.16539,0.12918,0.15983,-0.057116,0.076168,-0.014376,-0.13949,-0.038675,0.013958,0.08143,-0.19872,-0.054732,-0.060908,0.32145,-0.060663,-0.39953,-0.35229,-0.053466
-0.12839,0.067689,0.23886,-0.15366,-0.026376,-0.11008,-0.043071,-0.092452,0.048301,0.20047,-0.11792,0.22263,0.0041471,-0.055038,-0.12297,0.026323,-0.093165,-0.027133,0.070946,-0.016613,0.12779,-0.020249,-0.10865,-0.073925,-0.053115,0.1622,-0.043846,-0.1891,0.11139,0.05565,-0.21161,-0.029344,0.0037675,0.0082467,-0.025769,-0.12449,0.037197,-0.049534,0.046013,-0.049477,-0.050008,-0.078689,0.15995,-0.14752,-0.28995,-0.12382,0.10939,0.063869,0.19654,0.076816,-0.14572,-0.24489,-0.055377,0.19546,0.26472,0.22049,-0.15623,-0.075783,0.24234,-0.052984
-0.13181,0.08661,-0.058643,-0.25362,-0.043137,0.044636,-0.084932,-0.071081,0.18721,-0.30814,-0.0421,0.085337,-0.039667,-0.062929,-0.0073436,0.1248,-0.084065,0.038266,-0.076528,-0.053224,0.086526,0.056091,0.050603,-0.054682,0.028355,-0.0090549,0.066771,-0.1309,-0.061779,0.016506,-0.039722,0.096196,-0.13012,-0.093815,0.059945,0.091069,0.078684,-0.27126,-0.33798,-0.20873,-0.10591,0.1745,-0.065736,-0.12288,-0.0021368,0.19626,-0.12557,-0.015229,-0.16657,0.044189,0.10907,0.15357,-0.16311,0.077438,-0.010099,0.16691,0.1841,-0.13444,0.153,0.26136
-0.13707,0.098164,-0.10415,-0.037694,0.050904,-0.0024601,0.067572,-0.054127,0.036471,0.027246,-0.057418,0.10666,0.18083,0.12274,0.34322,-0.11212,-0.12536,0.008695,0.010939,-0.033996,-0.14435,-0.046383,0.13694,0.011484,-0.016427,0.014718,-0.18023,0.047141,0.2194,-0.26606,-0.28863,0.090301,-0.13735,-0.19086,0.073768,-0.24469,0.11491,0.12924,-0.024293,0.076408,-0.226,-0.12743,-0.21276,0.13804,0.076967,-0.0057866,-0.11252,-0.070476,0.1277,0.0018323,0.052079,-0.043575,-0.087924,-0.13054,0.20742,0.01464,0.17732,0.096973,-0.07943,0.039574
-0.12932,0.11433,-0.15942,-0.047257,0.024361,0.19168,-0.0085102,0.14766,-0.15166,0.16326,0.13253,-0.14895,-0.16897,0.035602,-0.15259,0.21314,-0.017166,-0.28575,-0.25314,-0.40047,-0.069235,-0.18989,0.027017,-0.10348,0.16325,0.016213,-0.0061396,-0.037562,0.20137,-0.083837,0.062289,-0.076048,-0.071954,-0.018579,-0.017569,-0.06578,0.11985,0.079506,-0.0012329,0.012869,-0.056324,-0.062007,0.24283,-0.15107,0.11158,-0.13147,-0.16287,0.027366,-0.068893,0.16326,-0.055782,0.081357,0.072527,0.11744,0.029504,0.028416,0.092468,-0.0030693,-0.059474,-0.017998
-0.12188,0.12767,-0.13071,0.19182,-0.057041,0.22103,0.14786,-0.38698,-0.037264,0.15143,-0.11962,0.039731,-0.08196,0.00085021,0.3086,0.08092,0.028367,-0.040958,0.035477,-0.18729,0.15631,0.088581,-0.36122,0.075694,0.16262,-0.18352,-0.058825,-0.013833,0.010461,-0.064562,-0.0090333,0.042357,0.054088,0.025487,-0.12238,0.36509,-0.12135,-0.011851,-0.00022647,-0.04482,-0.074751,0.12342,-0.046266,-0.071955,0.071494,-0.062005,0.12853,-0.021832,-0.025745,0.029391,0.042917,-0.12812,-0.0614,-0.085439,0.034203,0.049841,-0.078029,0.042396,0.0081696,-0.0054567
-0.13663,0.071492,-0.072678,0.19406,-0.034168,-0.013789,0.035243,-0.060119,0.071445,-0.12354,0.053884,-0.063449,0.11609,-0.11322,-0.30127,-0.097497,0.097604,-0.0098931,0.11552,-0.20949,0.1019,-0.059991,-0.031604,-0.036589,0.24417,-0.23094,-0.046142,-0.097168,0.054361,0.088941,0.074425,0.045634,-0.043369,0.013062,0.04963,-0.1635,0.063747,0.053437,-0.0277,0.051889,0.19321,-0.12825,-0.29771,0.086235,-0.23643,0.31874,0.17284,-0.18908,-0.057617,0.10345,-0.04876,-0.025504,0.043762,0.0057808,0.15309,0.13181,0.072813,-0.088633,-0.17257,-0.17228
-0.13016,0.098902,-0.13181,-0.25344,0.051113,0.010072,0.11042,-0.084069,-0.035329,0.11484,0.13589,-0.10917,-0.16105,0.065064,-0.13088,0.032285,0.12087,-0.014263,-0.038342,0.025046,-0.039405,0.27773,0.17479,0.074252,-0.059073,0.11523,-0.051042,-0.099177,0.28233,0.066208,0.10147,-0.010987,0.043124,0.063975,-0.060754,0.10171,0.034906,-0.055672,-0.021989,0.0044577,-0.0012311,0.038239,-0.18589,0.31589,-0.16933,0.020418,0.078507,0.44988,-0.046892,-0.033096,-0.13916,-0.049586,-0.075493,-0.2992,-0.020644,-0.0089139,0.00015459,-0.023923,0.036979,-0.010064
-0.11771,-0.18809,0.20603,-0.034313,0.0057107,0.23044,0.23439,0.061473,-0.13109,-0.1026,-0.023341,0.17603,-0.012688,0.079777,-0.092574,0.076888,-0.019106,0.1209,-0.11421,0.031215,-0.056696,-0.11349,0.029956,-0.032831,-0.085297,-0.0092964,0.12119,-0.04008,0.09909,-0.063458,-0.0021005,0.24464,-0.29902,0.13533,-0.23967,0.048721,-0.29436,-0.052281,0.036342,0.46334,-0.010509,0.00439,-0.15979,-0.14704,-0.15626,-0.042483,-0.053545,-0.015011,-0.13589,-0.029421,0.031569,0.027525,-0.00026713,7.6088e-06,3.2157e-06,-5.416e-06,5.0189e-07,5.696e-07,-3.7815e-07,-1.5228e-07
-0.13323,0.050379,0.174,-0.11416,-0.0133,-0.21995,0.098315,-0.065807,-0.024707,0.20425,-0.084496,0.066868,0.12979,-0.074554,-0.18051,0.059656,-0.20979,-0.026114,0.0085089,0.055743,-0.084237,0.046116,-0.18564,0.12863,-0.05347,-0.10127,-0.08019,0.13624,0.070927,-0.098646,0.095295,-0.25545,0.18047,-0.023929,-0.09901,-0.14696,0.018455,0.267,-0.16795,0.009221,0.056389,0.22915,-0.099084,-0.015941,-0.011639,-0.053844,-0.17668,-0.060983,-0.47393,-0.1212,0.13581,0.010709,-0.00076906,-0.00048506,1.5071e-05,-2.3017e-05,-3.6784e-06,5.6215e-06,-4.0741e-06,5.7954e-06
-0.13158,0.038685,0.24542,-0.11208,-0.053244,-0.15714,0.051511,-0.043019,-0.0093001,-0.053935,0.012788,-0.11973,-0.045554,0.044164,0.045812,0.028042,-0.050417,-0.096255,-0.062887,-0.10777,0.04647,-0.087524,0.018072,-0.075481,-0.020134,0.02513,0.050055,0.052437,-0.051784,0.033539,0.042915,0.013392,0.029789,0.03204,-0.015552,0.039709,-0.1224,0.01127,0.26811,-0.23212,0.19706,-0.19444,-0.13161,0.026373,-0.045687,-0.085422,-0.029324,-0.086245,0.018938,0.12881,0.061408,0.36202,-0.40045,-0.13541,0.11105,0.041296,-0.23477,0.30424,-0.11894,0.18258
-0.13165,0.036344,0.24303,-0.1146,-0.056347,-0.14709,0.063252,-0.049711,-0.0097187,-0.089431,0.029865,-0.14928,-0.023371,0.047782,0.086842,-0.021221,-0.0038805,-0.00018631,-0.036263,-0.029795,0.042905,-0.020769,-0.084506,0.018964,-0.070525,0.016664,-0.016654,-0.063535,0.061759,0.040607,-0.057366,-0.013148,-0.00077688,0.078872,-0.11736,0.1034,0.074008,0.14276,0.13692,-0.078844,-0.082956,-0.046215,0.2131,-0.034561,-0.26428,0.081069,0.097413,-0.13837,0.071728,0.13146,0.14059,-0.1995,0.058066,-0.098135,-0.20688,-0.34016,0.37677,-0.24507,-0.2424,0.22097
-0.11693,-0.22407,0.068663,-0.0058311,0.24903,0.18323,-0.035843,0.010999,0.19176,-0.088002,0.0040211,-0.060896,-0.22544,0.027089,0.0044598,-0.15704,-0.05529,0.047583,-0.10718,-0.04906,0.1302,-0.0043498,0.056069,-0.14143,-0.0081974,0.024262,0.047216,-0.23083,-0.10386,-0.1821,0.052473,-0.19906,0.47949,-0.27767,0.20031,0.06924,-0.04701,0.13244,0.11827,0.20018,-0.17403,0.020669,-0.15949,-0.10526,-0.12097,-0.01238,-0.0068455,-0.0013612,-0.013995,-0.006094,0.0043369,0.0021442,-3.6101e-05,-7.7562e-05,-2.4982e-06,3.6986e-06,8.2814e-07,-8.9983e-07,6.5765e-07,-1.1602e-06
-0.13477,0.073509,0.073939,0.058183,0.052919,0.011258,-0.26151,0.16553,0.082292,0.14059,-0.11906,0.32198,-0.19057,0.098776,-0.024062,-0.12221,0.13235,0.02784,0.096993,-0.028495,0.15278,0.033111,-0.0005051,0.029716,0.014716,0.073142,-0.061613,-0.13338,-0.03469,0.047081,0.078313,0.05897,-0.067599,0.014954,-0.011683,-0.041716,0.0054848,-0.095798,-0.093614,0.014289,-0.042066,-0.084729,0.097399,0.073831,0.16149,-0.09681,0.16565,-0.084639,-0.26724,0.055549,0.057287,0.19452,0.20272,-0.26408,0.31265,-0.31197,-0.070271,-0.071189,-0.084117,0.10712
-0.12428,-0.19039,-0.062351,0.022858,0.11358,0.03585,0.29537,0.083273,-0.054992,-0.13075,-0.10145,0.19525,-0.02775,0.11852,-0.19333,0.063331,0.0051874,0.10211,0.072975,-0.025646,-0.1371,0.030866,-0.049458,-0.19853,-0.031234,-0.006913,-0.11317,-0.21651,-0.099069,-0.13719,0.0072085,0.1665,0.0030547,-0.25947,-0.225,-0.019056,0.027352,0.20395,0.066209,-0.30987,0.25379,0.22858,0.18391,0.20601,0.18855,0.045119,0.05244,0.016842,0.13345,0.033342,-0.031625,-0.033131,0.00088384,7.2023e-05,-2.5954e-06,4.5043e-06,-6.7936e-07,-3.5857e-07,2.1143e-07,4.1914e-07
-0.13172,0.047342,0.24789,-0.11133,-0.047268,-0.14852,0.0076408,-0.043705,0.0073196,0.038167,-0.033471,-0.0028959,-0.028614,0.015103,-0.024548,-0.0022971,-0.076419,-0.035295,0.0076117,0.04429,0.062205,0.085314,-0.058738,-0.02095,-0.064655,-0.15206,-0.069703,-0.076315,0.049055,-0.00070522,0.08513,0.087896,-0.017583,-0.14271,0.14501,-0.086399,-0.028203,-0.30206,-0.17019,0.14452,-0.088179,0.1863,0.029925,-0.049758,0.22656,0.026526,0.011513,0.13747,0.18272,0.18864,-0.07921,-0.014243,0.027598,0.096035,-0.19499,-0.011515,-0.10282,0.16203,-0.52235,-0.23508
-0.11287,-0.20671,0.19457,-0.042934,-0.12517,0.21249,0.21085,0.14884,0.087556,0.10483,0.00083273,0.11006,0.12383,0.15244,0.035641,0.30099,0.13563,-0.1407,0.3448,0.0098804,-0.010556,0.01676,0.17133,0.30782,0.087469,-0.18066,0.39217,-0.0035717,0.036852,0.016851,0.0026312,0.014697,0.11818,0.032405,0.23169,0.011665,0.14432,0.074762,-0.03851,-0.14704,-0.11447,-0.075157,0.012585,0.0072555,0.012157,0.0058695,0.010568,0.0035263,0.029222,0.0050912,-0.0062765,-0.0032702,-0.00092139,-0.00014502,-2.1175e-06,3.3478e-06,1.7102e-07,-5.4949e-07,4.0127e-07,-4.364e-07
-0.13479,0.10761,-0.13916,-0.087645,0.018617,0.13114,-0.011443,0.084524,-0.043441,0.05316,0.09213,-0.055775,0.0079769,0.04478,-0.091468,-0.044304,-0.0063449,-0.043009,0.0086739,0.43413,-0.053501,-0.30192,-0.15065,-0.065856,-0.041524,-0.076699,0.082866,0.015546,-0.074801,-0.080084,-0.067684,-0.095585,0.027103,0.031894,0.0099753,0.1985,0.032949,-0.14378,-0.12805,-0.045088,-0.017004,0.095797,-0.093457,0.26922,-0.13095,-0.1974,-0.11274,-0.33683,0.01536,0.27949,-0.3113,-0.060053,0.0072387,-0.041956,0.026218,-0.03652,-0.014675,0.0093583,-0.0062075,0.017404
-0.12685,-0.15762,0.18879,-0.025861,0.057901,0.14398,0.035879,-0.010937,-0.073071,-0.04453,0.13947,0.047826,-0.060373,-0.21832,0.097983,0.1231,-0.017616,-0.094863,-0.015859,0.084381,-0.014971,-0.1324,0.10878,0.25389,0.15434,0.1857,-0.47226,0.017377,-0.085576,0.33396,-0.13148,-0.14719,-0.13356,-0.19858,0.17159,0.21021,-0.061048,0.14219,-0.16829,0.088114,0.20994,-0.038045,0.0036451,0.03989,0.048286,0.021691,0.011573,-0.0098251,0.026391,0.0033164,-0.0072895,-0.011015,0.0006086,-0.00022708,4.0265e-07,-6.8805e-07,3.1915e-08,1.1221e-07,-4.6589e-08,4.0219e-09
-0.14023,0.065304,-0.068671,0.063059,-0.014073,-0.0095012,-0.012581,0.16124,-0.046124,-0.067787,0.08686,-0.12579,0.027228,-0.032424,-0.11446,0.10548,-0.12296,0.053471,-0.095823,0.053034,-0.12161,0.20125,-0.18998,0.18371,-0.14227,-0.3335,-0.060402,-0.13295,-0.25019,-0.075706,0.068258,-0.11659,-0.20342,-0.14832,0.1098,-0.12828,-0.12219,-0.0021546,0.056827,0.10129,-0.15974,-0.3164,0.16647,0.01715,0.051062,0.057663,0.1087,0.053076,-0.030527,0.01172,-0.050879,-0.18699,-0.051931,-0.16967,-0.035729,0.11275,-0.15477,0.021316,0.11556,0.272
-0.13994,0.052039,-0.058518,0.12688,0.027879,-0.13102,0.0089354,0.17721,-0.063839,-0.052049,-0.029249,-0.081562,0.025943,0.015839,-0.013133,0.0080167,-0.051055,-0.081915,0.029651,-0.01422,-0.018588,0.063993,0.034315,0.078229,-0.054226,-0.02885,-0.038667,-0.049342,-0.21876,-0.0060731,0.093938,0.11326,-0.021168,-0.052531,0.0045943,0.085639,-0.11412,-0.07436,-0.030859,-0.22274,0.083076,-0.13314,-0.36403,-0.17377,-0.007641,-0.48567,-0.127,0.19253,0.06591,-0.080999,0.090493,-0.13295,-0.022438,0.13467,0.13565,-0.093519,0.16072,-0.3154,-0.094438,-0.14492
-0.13562,0.085076,-0.099954,-0.19561,0.063457,-0.071051,0.09724,-0.088277,0.055206,0.000361,0.011016,0.041755,0.13604,0.022377,0.068924,-0.12456,0.051764,0.042926,0.069637,-0.060714,-0.089753,-0.11959,0.049797,-0.024232,0.077888,0.026845,0.028335,-0.020751,-0.44155,0.075838,-0.0091866,0.05856,0.05516,0.1645,-0.081211,0.060576,0.05178,0.11914,-0.04685,0.038446,-0.016285,-0.055958,0.15077,-0.3216,-0.018129,0.18217,-0.22673,0.17892,-0.070412,-0.13824,-0.39968,-0.047763,0.014997,-0.19852,0.13961,-0.064886,0.043992,0.1427,-0.13536,-0.086096
