-0.14032,0.071413,-0.07762,-0.27108,0.016889,-0.049423,0.023596,-0.0037976,0.064989,-0.013873,-0.068363,0.10655,-0.12623,0.069448,-0.0021629,0.020385,-0.019506,0.08982,-0.048383,0.0028264,-0.028347,0.012225,-0.10303,0.041099,0.085972,-0.057668,0.047797,0.014539,0.071837,-0.0020243,-0.001565,-0.084894,0.068476,0.066198,1.8514e-05,0.0035723,0.08099,0.0088844,-0.059566,-0.073749,-0.14133,-0.23934,-0.059132,0.17405,0.024245,0.14338,0.19061,0.13789,0.18849,0.025802,0.069542,0.010033,0.24401,0.2586,-0.04656,-0.20657,-0.0076213,-0.27713,-0.47594,-0.27043
-0.13709,0.092185,-0.11034,0.19909,4.3173e-05,0.073862,-0.017259,0.0069855,0.1042,0.094185,-0.017385,0.083959,-0.14964,0.032325,0.19966,0.16023,0.046125,0.10858,-0.02339,-0.094074,-0.048106,0.19219,0.12743,-0.060958,0.063542,0.047232,0.27657,0.21166,0.15178,-0.071979,-0.020813,0.16046,0.090025,0.016885,0.17783,0.10175,0.19176,-0.0070454,0.13423,0.08192,0.20143,0.20975,-0.28968,-0.23422,-0.16485,0.20689,0.0085439,-0.15145,0.054192,-0.13239,0.041166,0.18498,0.035474,0.052469,-0.1354,-0.13443,0.0048662,-0.075321,0.041003,0.046278
-0.10144,-0.22196,-0.10728,-0.11006,0.35836,-0.036409,-0.23547,-0.17959,-0.075715,0.028325,-0.015673,0.084778,0.1592,-0.0092288,-0.11889,0.10391,0.1644,-0.044943,-0.075249,0.25787,0.11401,-0.32922,0.29858,-0.025466,0.20518,-0.052173,0.24221,-0.18491,0.18594,-0.047304,-0.12928,0.086404,-0.16204,0.090668,-0.019442,0.01202,0.020189,0.052278,0.0081679,-0.018844,0.084223,0.024352,-0.072667,0.090874,-0.067518,-0.16433,-0.053364,0.037363,-0.057603,0.0070591,0.036654,0.13425,0.034915,0.021373,0.022451,-0.011021,-0.021363,-0.034832,-0.0056942,0.04071
-0.11582,-0.18592,-0.084747,0.019531,0.16602,0.20563,-0.046186,0.24227,-0.13997,0.015222,-0.1734,0.0081573,-0.044952,-0.27535,0.34741,0.33412,0.022415,0.023544,0.10052,-0.10257,0.23387,-0.12494,-0.053177,0.27883,-0.11866,0.082073,-0.075252,0.12165,-0.076484,0.11021,-0.017244,-0.19494,0.12059,0.15503,-0.17627,0.003251,-0.03307,0.017977,0.27094,-0.030519,-0.007324,-0.066477,-0.0041457,0.042981,0.036206,-0.02321,-0.0068681,0.094673,-0.091893,-0.05314,0.028246,-0.049309,-0.01782,0.016709,0.028528,-0.031481,0.05876,0.0053956,0.017609,0.014819
-0.13976,0.091489,-0.12009,0.1634,0.066377,-0.081174,-0.027266,-0.039809,0.15076,-0.071564,-0.094948,-0.0083908,-0.06047,-0.005484,-0.010507,-0.038486,0.06586,-0.12101,0.11323,0.14608,0.088906,0.15778,-0.041556,-0.16239,-0.034546,0.0035298,0.06255,0.04084,0.15609,0.098589,0.091056,0.018662,0.069278,0.12868,-0.05053,0.10725,-0.056889,-0.1516,0.091974,-0.11609,0.099594,-0.18262,0.083198,0.050985,0.10771,0.11924,0.060157,0.058781,-0.057426,0.24819,0.18161,0.0066594,0.36271,-0.14961,0.17811,0.23965,-0.076543,-0.052073,0.3645,-0.24534
-0.13071,0.055892,-0.078361,0.17166,-0.049628,0.29971,-0.009833,-0.21381,0.038516,0.30364,-0.10315,0.23457,-0.062387,0.034508,-0.13859,-0.17428,0.2177,0.049154,0.10021,-0.041453,0.095385,0.045614,-0.093088,0.15701,0.037499,-0.1361,-0.037232,0.054761,-0.014303,0.070172,-0.16661,0.057158,0.020056,-0.039713,-0.12747,-0.058897,0.092332,-0.048835,-0.06107,-0.23354,-0.29981,0.16797,-0.047744,-0.25153,0.14249,-0.16246,-0.061645,0.23206,0.13515,0.067969,0.030169,0.056158,-0.026043,-0.012952,0.061599,0.070599,-0.028635,0.079101,-0.045479,0.030796
-0.1257,-0.10727,-0.0087208,-0.005197,-0.25782,0.035947,-0.37687,-0.13694,-0.10005,0.16313,-0.13826,0.15421,0.039833,0.099785,0.2265,0.09333,-0.030188,-0.052175,-0.1384,0.36059,-0.12668,0.067328,-0.27061,0.013778,-0.056708,0.31281,-0.043281,-0.23013,-0.24148,0.055604,0.013765,0.16303,-0.04555,0.011427,0.069131,0.13253,-0.01039,0.052905,0.031303,-0.0048759,-0.057481,-0.066497,0.092294,-0.04744,-0.065082,0.049886,-0.012916,-0.17837,0.087301,0.021451,-0.017929,-0.019618,-0.038103,0.025342,0.012389,-0.0053536,-0.049977,-0.0042233,0.017651,-0.050299
-0.10812,-0.24914,-0.11955,-0.015554,0.27334,0.13452,-0.08649,0.066549,-0.025611,-0.0036041,0.13813,-0.049933,0.15359,-0.033138,-0.054595,-0.09159,0.061062,0.12711,0.038186,-0.052398,-0.17312,0.079399,0.15398,-0.046386,0.00091634,0.042978,-0.037946,-0.027441,-0.0012103,0.028781,0.022255,0.062519,-0.0018215,0.071524,-0.10782,0.015611,0.038602,-0.05931,-0.1503,-0.076433,-0.15995,0.11834,0.069259,-0.11639,0.16111,0.42151,0.32633,-0.20605,-0.015028,0.07871,0.037263,-0.37174,-0.11134,-0.002105,-0.07242,-0.080702,-0.0022794,0.1346,0.024552,-0.058035
-0.13498,0.047247,-0.042467,0.060295,-0.090697,0.36537,0.090891,-0.031897,-0.14265,0.23316,-0.099304,-0.11612,-0.080466,-0.02638,0.00093046,-0.016071,-0.080237,-0.041735,-0.15124,-0.14661,0.10702,0.080084,0.17091,-0.05045,0.1199,-0.12329,-0.017691,-0.18325,-0.075883,0.051827,0.095909,0.10001,0.051187,0.16112,0.095519,-0.025598,0.19189,0.0061716,-0.184,0.40513,0.075442,-0.13404,0.17862,0.13976,-0.078542,-0.085126,0.19134,0.018058,-0.16191,0.082985,-0.11947,0.0041949,0.18596,0.059578,0.047656,0.046183,-0.069608,0.16105,-0.028959,0.064336
-0.13417,0.089903,-0.13495,0.19656,-0.093444,-0.087467,-0.12384,0.077537,0.22132,0.11081,-0.025109,-0.17022,0.056625,-0.22163,-0.14078,-0.078221,0.068377,-0.1351,0.031395,0.061615,0.035303,0.036399,0.07144,0.027432,0.063918,0.072623,-0.14301,-0.08249,-0.0048364,0.01018,-0.10373,-0.01745,0.0142,0.027339,-0.05917,-0.016587,-0.046567,0.040919,-0.077797,0.047426,-0.037779,-0.073608,-0.093559,-0.04102,-0.18025,-0.082564,-0.076026,0.11603,-0.059886,0.056802,-0.27195,-0.28975,0.024519,0.079739,-0.32017,-0.19124,0.24558,-0.36614,0.16808,0.013232
-0.12293,0.077209,-0.092682,0.26493,0.011474,0.12401,0.090104,-0.13223,0.35381,-0.19527,0.060912,0.16414,-0.021991,0.076991,-0.22881,0.40063,-0.19137,0.27612,-0.3693,0.022138,-0.016744,-0.19268,0.059583,-0.07077,-0.15948,-0.042492,-0.19157,-0.12533,-0.11238,-0.097099,0.025549,-0.093711,0.020664,0.024193,-0.067231,0.027188,-0.082223,0.040825,0.037553,-0.014941,0.035601,-0.051277,-0.002107,-0.072336,0.054662,-0.017723,0.035312,-0.0016769,0.030984,0.023492,0.025341,-0.035646,-0.025233,-0.02195,0.013487,0.039712,0.01516,0.031032,-0.021565,0.031275
-0.13109,0.087671,-0.12835,-0.12367,-0.16369,-0.095866,-0.077767,0.23546,-0.012551,0.16659,0.18397,-0.17137,0.10893,-0.29941,-0.1877,0.13094,0.041465,0.011503,0.056236,-0.099758,-0.14693,-0.12075,-0.22504,-0.012349,-0.068587,-0.23178,0.11629,-0.13394,0.0014474,-0.10989,0.12807,0.12323,-0.015944,0.056814,-0.07464,0.087168,0.010374,0.014548,0.10261,-0.038229,0.084066,0.11563,-0.061596,-0.14638,0.11636,-0.17256,0.11314,-0.1587,0.12988,-0.055574,-0.062026,0.0057266,0.059868,0.25243,0.30744,0.075056,-0.11359,-0.050687,0.051699,0.0054789
-0.12515,-0.19946,-0.016256,0.037078,-0.18248,0.035329,0.12175,0.10539,-0.027135,-0.067728,-0.086767,-0.14007,-0.05672,0.0967,0.10464,0.097641,-0.11128,0.14426,0.15589,0.011469,0.055695,0.16223,0.059188,-0.071838,0.041374,-0.13502,-0.016932,-0.1468,0.17692,-0.19276,-0.15331,0.16537,-0.20699,0.20406,0.12961,-0.43735,-0.2386,0.044572,0.035125,-0.27353,-0.054529,-0.12682,0.21461,-0.13856,-0.013336,-0.02298,-0.068651,-0.095619,0.019069,0.013205,-0.010978,0.11046,0.0029705,0.085901,-0.055121,-0.080589,0.046961,0.025129,0.031309,-0.010476
-0.1204,-0.18171,-0.096343,-0.049335,0.20431,-0.065871,0.18872,-0.11325,0.19577,0.23935,0.16499,-0.11442,0.10404,0.17752,0.12217,0.012025,-0.16663,-0.14933,0.014563,0.073793,0.0073285,0.089898,-0.2472,-0.021224,0.059254,0.061214,-0.20267,-0.11584,-0.0045162,0.032662,0.051631,0.046124,0.1123,-0.18419,0.069688,-0.30871,0.21564,0.031703,0.13203,-0.099334,0.13401,0.027479,-0.28292,0.085168,0.14378,-0.16425,0.1389,0.0085333,-0.19219,-0.10774,0.048608,-0.037445,0.06121,-0.064139,0.01184,-0.04051,0.036472,0.031932,-0.00067701,0.032132
-0.13759,0.045555,-0.031039,-0.032956,-0.028941,0.22974,0.012844,0.057375,-0.085938,0.13073,0.31487,0.098837,-0.2082,0.14873,0.039472,-0.25472,0.16936,-0.16346,-0.040705,-0.17035,0.22668,-0.19076,-0.040278,-0.035867,-0.099862,-0.0099836,-0.13928,-0.19553,0.058025,-0.26773,0.098386,-0.087126,-0.066815,0.10667,0.068803,0.16465,-0.13706,-0.015299,0.08816,-0.098376,0.083961,-0.050081,-0.084724,0.12224,0.022082,0.099555,-0.18382,-0.271,0.031526,-0.046948,0.13133,-0.05902,0.0056928,-0.12956,-0.10352,0.04322,0.12894,-0.10861,-0.050707,-0.00037
-0.13455,0.046961,0.24795,-0.076759,0.030016,0.14808,-0.034237,-0.015315,0.045861,0.06907,-0.20512,-0.023883,0.063367,-0.024031,-0.089753,-0.015076,-0.21436,0.065831,0.0099384,-0.0092004,0.019556,0.079377,0.024953,0.088025,-0.058141,-0.00035631,0.12413,-0.043402,0.076264,-0.089149,0.092297,0.081813,-0.093722,-0.18895,-0.38348,-0.13093,0.16962,-0.032748,0.020942,0.0073049,0.21025,-0.021789,-0.09033,0.1628,0.20644,0.23154,-0.45341,-0.11825,0.022207,0.16647,-0.16059,-0.053307,-0.033189,0.082236,-0.028832,0.0023078,-0.090835,-0.026796,-0.0057348,-0.042636
-0.12086,-0.19863,0.0034729,0.041305,-0.29012,-0.050142,5.9743e-05,-0.042116,-0.011196,0.029646,-0.14398,-0.023578,-0.034959,0.020819,0.21867,0.10092,-0.026652,0.0013366,0.044383,0.00012947,0.035954,-0.35894,0.021938,-0.053581,0.092422,-0.19601,-0.24618,0.16795,0.34355,0.095719,0.21854,0.15384,-0.10616,-0.36591,-0.030197,0.19028,-0.11264,-0.068195,-0.25757,0.0030029,0.018937,0.026904,-0.044742,-0.035885,0.058551,0.076364,0.078344,0.055395,-0.05693,-0.056902,-0.020716,-0.057227,0.042792,-0.037809,-0.010266,-0.0092228,0.02788,-0.00084669,-0.0065224,0.0039892
-0.11195,-0.23445,-0.056114,0.034033,-0.19732,0.072636,-0.16545,0.23577,-0.074256,-0.11969,0.07517,-0.080303,0.023218,0.14987,-0.15198,-0.18275,0.099903,0.22393,-0.13327,0.10556,0.11349,0.20903,-0.061372,-0.09397,-0.19626,-0.028027,0.072396,0.083312,0.03096,-0.05291,-0.18147,0.036723,-0.059507,-0.12235,0.026243,0.17149,-0.029951,0.14294,0.18304,0.11848,0.091917,0.032338,-0.084456,0.18168,0.26851,-0.0040228,0.1233,0.32747,-0.19658,-0.027401,-0.040577,0.098953,-0.067045,0.084234,-0.099289,0.06894,0.039466,0.0051186,-0.022987,0.032431
-0.1413,0.0732,0.076995,0.052578,0.0038099,-0.021106,-0.02376,-0.22652,-0.15482,-0.092208,0.20947,-0.11087,-0.10995,0.0047514,-0.0038922,0.13647,0.016893,-0.051596,0.038202,-0.14992,-0.12313,0.022492,0.12158,0.10051,-0.061126,0.20172,0.079941,-0.023262,0.14237,0.038766,0.053739,0.21305,0.042041,-0.050834,0.26875,0.093759,0.012543,-0.10422,0.21685,-0.22128,0.11942,-0.0393,0.085354,0.041244,-0.031201,-0.061881,-0.096342,0.31036,0.048349,0.1439,-0.18111,-0.35452,-0.049654,0.057926,0.13593,0.021376,0.089226,0.15982,-0.19443,0.015498
-0.11299,-0.23569,0.03016,0.039728,-0.19453,-0.041263,-0.25103,0.028758,-0.10942,-0.14738,0.049781,-0.035026,0.010351,0.18865,-0.20756,-0.08032,0.16475,0.18282,0.01791,-0.04758,-0.094343,-0.052886,0.077808,-0.073555,-0.04788,-0.00028182,-0.16663,0.09649,0.10701,0.19948,0.21094,-0.15685,0.21158,0.10372,-0.09011,-0.27815,0.31351,-0.13395,0.14972,0.083792,-0.043679,-0.039482,-0.00010257,-0.0062425,-0.22277,-0.10785,-0.16265,-0.11662,0.11215,-0.10751,0.044324,-0.019428,0.11844,-0.094124,0.10394,-0.062337,0.016215,-0.029138,0.0037031,0.021952
-0.14236,0.071058,0.04442,0.058819,-0.028469,0.035413,0.019784,-0.28988,-0.061053,-0.11854,0.14167,-0.13615,0.06628,-0.068475,0.10147,0.069771,0.063251,0.018321,0.076311,-0.0085378,-0.063873,0.11038,-0.03525,-0.035098,-0.048668,0.095866,0.020771,-0.12871,0.18609,-0.01051,-0.057445,-0.29482,0.14318,-0.045935,-0.05634,0.17084,0.0019028,-0.087845,-0.15516,0.033621,-0.17402,0.048746,0.063073,0.11333,0.2277,-0.084331,-0.046739,-0.16153,-0.099901,0.032378,-0.059278,0.33688,-0.01922,0.17882,0.10231,-0.33931,0.28332,0.1075,0.13019,-0.016898
-0.10773,-0.24614,-0.098344,-0.035592,0.054396,-0.14997,0.099896,-0.11297,0.2233,0.19863,0.15736,-0.18665,0.21296,0.11536,0.13486,-0.084312,-0.20631,-0.069514,-0.11615,-0.13758,0.15402,0.03325,0.038314,-0.0071784,-0.075096,-0.19252,0.096043,0.068258,-0.007132,0.15345,-0.10731,-0.031652,-0.024948,-0.036697,-0.023325,0.23348,-0.026746,-0.043179,0.25346,0.20565,-0.23419,-0.082188,0.22758,-0.08064,-0.14404,0.085278,-0.19323,0.0061694,0.25278,0.065494,-0.020831,0.060146,-0.083042,0.028881,0.01236,0.058005,-0.028166,-0.016862,-0.02564,-0.017071
-0.1387,0.069913,-0.048407,-0.25891,0.068148,-0.057035,-0.034666,0.034951,-0.023849,-0.043645,-0.12201,0.004997,-0.31645,0.11402,-0.085622,0.049886,-0.045631,-0.023701,-0.07635,-0.067,-0.057484,-0.031869,-0.078957,0.054816,0.089471,-0.075735,0.026917,0.037836,0.064524,-0.0067355,-0.060522,0.023139,0.0018219,-0.065066,0.040397,-0.0028807,0.12015,0.17589,-0.029211,0.054981,-0.13672,-0.2202,-0.12954,0.10997,-0.037258,-0.034834,0.022552,0.020948,0.23875,-0.024317,0.16994,-0.13767,-0.23244,0.17339,-0.071931,0.061932,0.17893,0.2611,0.49771,0.062005
-0.13747,-0.02605,-0.026162,0.0078275,-0.037439,0.2783,0.055245,0.13629,-0.0072621,-0.11002,0.10675,-0.14535,-0.021284,0.055328,-0.08885,-0.033457,-0.32653,-0.16101,0.15959,0.13835,0.060384,-0.29977,-0.20224,-0.37052,0.21659,0.31464,0.11818,0.22623,-0.04934,-0.033781,-0.074515,-0.084031,0.0023686,0.15409,-0.051682,0.019168,0.11709,-0.035128,-0.12247,-0.018827,0.032763,0.12439,0.057174,-0.10039,-0.027088,0.01398,-0.043452,0.164,0.12268,0.034461,-0.01032,0.039695,-0.081806,0.035375,0.029359,0.011931,0.027442,0.0058715,-0.039271,0.0024217
-0.14089,0.047841,0.05521,0.03208,-0.0089347,0.074558,0.016974,-0.24302,0.13914,-0.12212,0.11178,-0.04123,0.044677,0.043288,-0.088282,-0.044616,0.11449,0.091499,0.37446,0.038559,-0.072356,-0.22231,-0.14743,0.32703,-0.050663,-0.018293,-0.049933,0.22457,-0.18202,-0.009054,-0.22353,0.17045,-0.21916,0.059998,0.079915,-0.061044,-0.036401,-0.21496,0.063985,0.29768,0.15676,-0.19683,0.011491,0.089386,0.020194,0.05224,0.13009,-0.13393,-0.017988,-0.076228,-0.0024465,0.045923,0.01642,0.032255,-0.068479,-0.031056,-0.060308,0.0066261,0.041183,-0.0090336
-0.050076,0.018265,-0.12774,0.054495,0.077431,-0.27622,0.082432,-0.19584,-0.026628,-0.031165,-0.22379,-0.28052,-0.20912,-0.16196,0.23234,-0.33853,-0.0099468,0.37485,-0.011624,-0.0091918,0.087184,-0.24758,0.052329,-0.12963,-0.22632,0.09023,0.023363,-0.078763,-0.22111,-0.11812,0.074489,0.089716,-0.039136,0.11125,0.015834,0.028453,0.24194,0.045728,-0.047061,-0.079077,-0.013354,0.049094,-0.025947,-0.019685,0.10649,-0.066884,-0.016884,0.020938,0.038907,0.0066129,0.0067153,0.004107,-0.017737,-0.043418,-0.0084123,0.0010596,-0.0074646,-0.030027,-0.013591,0.018122
-0.13861,0.081481,-0.073472,0.037207,0.092543,-0.019908,-0.0064533,0.020107,-0.24448,-0.054557,-0.14061,-0.25075,-0.20192,-0.034575,-0.22731,0.035782,-0.014424,-0.26054,-0.084107,0.14089,0.014978,-0.032793,0.019172,-0.048967,-0.14596,-0.16374,-0.035785,0.069868,-0.062333,0.1254,-0.26065,0.028186,0.14227,-0.19181,0.04857,-0.024355,-0.029141,0.070824,0.037386,-0.037674,-0.03587,-0.23578,-0.14031,-0.21687,0.013374,0.16097,0.022416,-0.22787,-0.090442,0.074673,-0.096961,0.11739,-0.11551,-0.25721,0.16973,-0.088184,-0.0036189,-0.02618,-0.22162,0.048314
-0.097058,-0.24839,-0.088495,0.030002,0.40724,0.024146,-0.23628,0.053415,-0.011153,-0.00654,-0.063345,-0.1138,-0.14095,0.066518,-0.09048,0.058894,-0.0051585,0.067856,-3.411e-05,-0.25023,-0.1084,0.19548,-0.18516,0.034388,-0.017526,0.053455,-0.075239,0.089261,-0.1665,-0.1731,0.16416,-0.012559,-0.027404,-0.15784,0.1276,0.046624,-0.2295,-0.17154,-0.34323,0.012668,0.062613,-0.0017178,0.0081421,-0.01482,-0.11622,-0.1363,-0.13978,0.056557,0.079225,0.042394,-0.095322,0.19423,0.081745,0.0080597,0.011048,0.10951,-0.019696,-0.1008,-0.011873,0.0080484
-0.14427,0.075378,-0.054863,-0.17738,-0.038732,-0.020917,0.026872,-0.0063001,0.11498,-0.038309,0.0089007,0.051239,-0.021691,0.026479,0.0836,-0.13296,-0.021521,-0.052967,0.020848,0.065432,-0.0977,0.093522,0.10107,0.039109,-0.10689,0.034993,-0.070151,-0.089543,-0.0019118,0.13863,0.1251,-0.025069,-0.11048,0.12649,-0.21465,-0.015304,-0.067026,-0.19277,-0.039237,-0.11807,0.081955,-0.055755,-0.086756,-0.019724,-0.21669,0.19419,0.13566,0.15003,-0.10895,0.073104,0.054996,0.20273,-0.14734,0.1616,0.16147,0.14327,0.11784,-0.093789,-0.061996,0.58029
-0.13121,0.09427,0.17755,0.21204,0.13503,-0.10206,-0.10914,0.075984,0.061415,0.044077,0.092818,0.18667,-0.038605,0.068425,0.069222,-0.018363,0.087535,0.085591,0.19419,-0.061016,0.19043,-0.035228,-0.14138,-0.10636,-0.04103,-0.0038951,0.14418,0.03827,0.035521,-0.073516,0.11981,-0.077714,-0.11426,-0.27125,-0.084117,-0.11966,0.070776,0.36513,0.04588,0.044491,0.0092488,-0.02946,0.23818,0.048836,-0.21706,-0.066391,0.28226,-0.088699,0.010886,0.31344,-0.06418,-0.022204,-0.096684,-0.043596,0.13177,-0.13126,0.028036,-0.040395,-0.049993,0.10517
-0.13874,0.082946,0.1655,0.024397,0.058868,-0.06481,0.014955,0.018817,-0.20441,0.14898,0.14841,0.12588,-0.070334,0.0077623,-0.07873,-0.055996,-0.11303,0.097232,-0.079281,-0.073343,0.16912,-0.080036,0.07604,-0.093648,-0.046447,-0.0058385,-0.018635,-0.11343,-0.1517,0.25906,0.0075039,-0.041616,-0.030961,-0.10484,0.075015,-0.085792,-0.099756,-0.22468,-0.0045851,-0.1396,0.08277,-0.0064958,0.0285,-0.033303,-0.089573,0.1212,0.055154,0.17888,-0.10829,-0.20542,-0.019996,0.094896,-0.18701,0.16811,0.037325,-0.26649,-0.30361,-0.13786,0.30262,-0.23977
-0.13322,0.10513,0.12583,0.083444,0.081218,-0.20792,0.016036,0.15563,-0.22863,0.035767,0.034225,0.18902,0.1223,0.13392,0.07404,-0.089231,-0.14206,0.14744,-0.10961,-0.084665,-0.037947,-0.10171,0.022354,0.12408,0.24813,0.050926,0.037448,-0.040824,-0.0093443,0.085281,-0.051377,0.16851,0.23189,0.060261,-0.035137,-0.078099,-0.088672,-0.10836,0.0024105,0.15759,0.089817,-0.064055,0.077674,-0.17436,0.32234,-0.063454,0.06677,-0.030847,0.091824,0.064457,-0.037384,0.079516,-0.032023,-0.092436,-0.013053,0.19702,0.39437,-0.21737,0.0041875,0.010998
-0.13145,0.083886,0.20422,0.054105,0.068869,-0.097784,-0.020083,0.0018492,-0.17844,0.017304,0.2604,-0.034665,0.032818,-0.058754,0.078356,0.10763,-0.049983,-0.045123,-0.10574,0.33229,0.12393,0.24576,0.16982,0.039421,0.086622,-0.2132,-0.27041,0.3959,-0.16562,-0.21868,0.16877,0.070803,-0.16075,0.17107,-0.053062,0.11956,0.19615,-0.012511,-0.062766,-0.11161,-0.079351,-0.053598,-0.018986,0.019875,0.060133,-0.12914,-0.016466,-0.0093292,0.06856,0.022012,0.039964,0.0049036,-0.029721,0.023667,-0.021765,-0.0365,-0.014674,-0.023993,0.0042254,0.020185
-0.14056,0.074146,-0.084753,-0.25261,-0.027605,0.018706,0.039611,0.037911,0.071645,-0.03299,-0.0014033,0.13458,0.03972,0.046211,0.073678,0.034209,0.049117,-0.029974,0.061447,-0.047126,0.015462,0.051304,0.18947,-0.07817,-0.097811,0.10392,-0.041449,0.01556,-0.022884,0.044238,0.035578,-0.082403,-0.19719,0.037,-0.037029,-0.028796,0.013103,0.033403,0.020242,-0.048127,-0.040141,0.018391,-0.12147,0.052607,0.032587,-0.028969,0.18066,0.00086201,0.24004,-0.15296,-0.63377,0.16152,0.031809,-0.31255,0.020802,0.12,0.048004,0.11074,0.079584,-0.18509
-0.14294,0.083394,-0.12211,-0.016706,-0.020596,-0.02063,0.091639,0.048284,-0.19297,-0.034117,0.15723,0.035363,0.030068,0.045776,0.10492,-0.017854,-0.063977,0.069609,-0.033976,-0.024007,-0.091849,-0.0025986,0.085597,-0.031245,-0.029642,0.14389,0.10169,0.069215,-0.026235,0.15674,-0.13283,-0.075513,-0.032702,-0.1319,-0.083396,-0.015836,-0.20368,0.080205,-0.056931,-0.01275,-0.051841,-0.066182,-0.083137,0.023138,0.14423,-0.18122,-0.066385,-0.079438,0.17159,0.083063,0.043822,-0.13423,0.41164,-0.051346,-0.19203,-0.14483,-0.37553,0.01994,0.076979,0.40618
-0.12751,0.10476,0.12418,0.21299,0.016645,-0.25597,-0.22482,0.22139,0.14319,0.16579,-0.027776,-0.033991,0.041686,-0.19006,-0.11271,-0.017201,-0.0061864,-0.095131,0.063706,-0.005856,0.083082,-0.060093,0.071394,-0.016043,0.032722,0.095222,-0.087455,-0.11034,-0.030953,0.075226,0.031892,-0.11273,-0.081271,-0.034511,0.13548,-0.071346,0.0010166,-0.065373,0.0020943,-0.019905,0.019995,-0.050194,0.0075046,0.031214,0.10085,0.1716,-0.025043,0.060975,0.14926,-0.11455,0.14533,0.19462,0.13477,0.052023,-0.21958,0.037603,0.060354,0.51327,-0.21984,0.048497
-0.12391,-0.1753,0.025123,0.021292,-0.23474,-0.059226,-0.19631,-0.17718,-0.008944,-0.01888,-0.098008,0.17112,0.015992,-0.055216,0.042277,-0.10424,-0.30661,-0.12831,0.14001,-0.071465,-0.071992,-0.010295,0.17892,0.0078075,0.048953,-0.24476,0.27584,0.038208,-0.23271,-0.26952,0.038761,-0.37853,0.12009,-0.02444,0.13068,-0.048885,-0.087142,-0.14382,0.063208,-0.048563,0.0056788,-0.016194,-0.19931,-0.0073006,0.04513,-0.072395,0.1433,-0.013515,-0.10023,0.10001,0.0074598,-0.14429,-0.044795,-0.036211,-0.021448,0.04919,-0.0033764,0.025903,0.0055449,-0.0032551
-0.11228,-0.20205,-0.082408,0.00028375,0.054803,0.10524,0.046278,-0.051667,0.054265,-0.3107,0.1136,0.38148,-0.007911,-0.51412,0.0017202,-0.32434,-0.17784,-0.1228,-0.087541,-0.0073343,-0.089063,0.065703,-0.07121,0.04759,-0.032378,-0.05618,-0.090795,0.024571,0.10081,0.11785,0.048597,0.14702,0.029129,-0.040719,0.15589,-0.0322,0.091732,0.22631,-0.017357,-3.6773e-05,0.10712,-0.083086,0.11818,-0.048218,0.0052873,-0.02704,-0.10756,-0.019757,0.04426,-0.071562,-0.0083274,0.11335,0.012009,0.015586,0.0002094,-0.049205,-0.0015203,-0.0027979,0.010763,-0.014296
-0.14105,0.094842,-0.13519,0.060733,0.028663,-0.13003,-0.021208,0.013145,0.073473,0.024728,0.064139,0.13116,-0.1014,-0.013033,0.065618,0.04025,0.032971,0.13469,0.085546,0.029671,0.069255,0.10869,0.022095,-0.12799,0.15509,0.06899,0.051752,0.089694,0.0072045,0.13721,-0.096129,-0.16124,-0.1732,-0.0042071,0.12892,-0.060197,-0.012899,0.084406,-0.14217,0.1303,-0.17685,-0.052972,-0.015201,0.035776,0.10634,0.036868,-0.28229,-0.15889,-0.29999,-0.298,-0.061678,-0.25832,-0.061054,0.15862,0.30641,0.30004,-0.021634,-0.053304,-0.13805,0.0094387
-0.12966,0.065166,0.25642,-0.052099,0.061179,0.091524,-0.11363,0.034065,0.16597,-0.11232,-0.13849,-0.064399,0.056928,-0.0036471,0.13567,-0.059089,0.076747,0.111,0.09063,-0.17484,-0.16859,0.014456,0.027985,-0.26618,0.36649,-0.20562,-0.26174,-0.072957,-0.20512,0.10846,-0.27006,0.089772,0.16067,0.020716,-0.0036856,0.23376,-0.058344,0.10563,0.16995,-0.20036,0.076296,0.089451,-0.0089497,0.21915,-0.062992,-0.037732,-0.042232,-0.064124,-0.0018576,-0.0088573,-0.015637,0.010278,0.0039765,-0.036985,0.06368,-0.015758,-0.073663,-0.0046,-0.017379,0.05959
-0.13692,0.076354,-0.041042,-0.23248,0.087972,-0.10232,-0.053221,-0.039315,0.053863,-0.077493,-0.23645,0.038692,-0.2645,0.10735,-0.1099,0.0057649,-0.030542,-0.18639,-0.012825,0.033186,0.030551,0.066716,0.015853,0.024492,0.011728,-0.028632,-0.17882,0.0069916,0.056884,0.06302,0.055196,-0.14989,-0.17414,0.035489,0.080168,0.019973,0.010093,-0.083351,0.23599,0.16816,0.11479,0.44756,0.34748,-0.17107,0.23417,-0.11004,0.039216,-0.069108,-0.049281,0.034459,0.0082567,-0.085953,0.016068,0.05833,-0.11917,-0.13092,-0.051228,-0.083368,-0.036932,0.071548
-0.14416,0.084772,-0.1018,-0.081993,-0.025142,0.00068006,0.053797,0.10167,-0.054927,-0.052446,0.096807,0.0063426,-0.027168,0.055506,0.10736,-0.085128,-0.054722,0.038861,-0.015297,-0.019076,-0.17245,0.020279,0.094099,0.011527,-0.076439,-0.021173,-0.0039897,0.0022173,-0.12626,0.18459,-0.051848,0.031254,-0.22281,-0.051939,-0.25615,0.015404,-0.10161,0.03566,-0.023901,0.05831,0.10596,0.11602,-0.16251,-0.15757,-0.26235,-0.25102,-0.086763,-0.040365,-0.21323,0.22447,0.21467,0.0029861,0.051228,0.050821,-0.056511,-0.0010133,0.19816,0.24112,-0.12732,-0.42946
-0.12519,0.098466,-0.14851,-0.0052599,-0.010876,-0.029973,0.19864,-0.11179,-0.316,-0.074937,-0.28355,0.034508,0.51984,0.023316,-0.16653,0.014306,0.044302,0.07189,0.042263,-0.19179,0.085494,0.069863,-0.13576,-0.03134,0.11291,0.088226,-0.18257,-0.010498,-0.0018197,-0.080383,0.10164,-0.17679,-0.23578,-0.0068489,0.20736,0.12043,0.081785,0.12509,0.098139,-0.015934,0.069018,-0.072025,-0.12878,-0.12872,-0.088251,0.12387,-0.039438,0.041532,0.0045969,0.082926,0.099652,-0.0062534,-0.013304,0.020817,0.0058612,-0.0036871,0.016396,-0.020216,0.033438,0.016349
-0.12246,0.11702,-0.13549,0.26501,0.042079,-0.0033469,0.026303,0.33203,0.011207,-0.18893,-0.0861,0.027897,0.15561,0.27317,0.15031,-0.025341,-0.02043,-0.26607,-0.058922,-0.049601,-0.25997,-0.16746,0.04056,0.22563,-0.15203,-0.14584,0.096101,-0.084197,-0.059998,-0.052821,-0.055409,0.030017,-0.10191,-0.040893,0.12402,0.014027,0.32346,-0.058643,-0.10579,-0.15383,-0.16974,0.10367,0.14104,0.19489,0.0060342,0.010407,-0.07464,0.042814,-0.088128,-0.05889,-0.017934,0.04883,0.014903,0.015955,0.035485,-0.023639,-0.061854,-0.088043,0.062679,-0.015803
-0.13612,0.10288,-0.13959,0.20776,0.055705,-0.068187,0.017677,0.026161,0.053812,-0.095151,-0.17627,0.01093,0.083415,0.090738,0.032451,-0.14529,0.019506,-0.11161,0.0028556,5.518e-05,0.008187,0.10876,-0.061519,-0.020458,0.059726,0.037665,0.046482,-0.0025229,0.18499,-0.044345,0.22506,0.13992,0.11787,0.22932,-0.18358,0.0281,-0.27619,-0.058007,0.010958,0.15632,-0.001817,-0.08862,-0.12085,0.12205,0.048456,-0.22648,0.02758,-0.0019524,0.08616,-0.14535,0.018661,-0.06952,-0.41802,-0.072413,0.027399,-0.20729,-0.27479,0.13447,-0.16002,-0.053842
-0.13156,0.077383,-0.10015,-0.2906,-0.07389,-0.03722,0.0023869,0.035792,0.080483,0.0063918,-0.04905,0.17485,0.21939,-0.0088872,-0.016159,0.1578,0.12049,-0.11507,0.19456,-0.080194,0.1817,0.0099225,0.2521,-0.24958,-0.31953,0.11431,-0.077901,0.098387,-0.15977,-0.16364,-0.064001,0.28318,0.3368,-0.14974,0.058644,-0.092522,0.011776,-0.043119,-0.14609,0.072678,-0.028666,0.010394,0.12981,0.036049,0.037527,-0.072659,-0.090939,0.0082638,-0.023305,0.01707,0.19831,0.0025644,-0.07062,0.066727,-0.023142,-0.00018663,0.023659,-0.031209,-0.020864,-0.0048731
-0.11758,-0.1795,0.21709,0.046477,0.006896,-0.11064,0.26998,0.18374,-0.044673,-0.077585,-0.048355,0.12492,-0.09582,-0.10042,-0.13442,0.054776,-0.12659,0.1083,0.1574,0.15031,0.1698,0.074533,-0.03978,0.093964,-0.083401,0.087597,-0.082736,-0.24233,0.15517,0.019628,-0.16244,0.047979,0.058005,0.019908,0.14251,0.18338,0.085615,-0.23704,-0.057637,0.098475,-0.20327,0.22204,-0.23968,0.14089,-0.19328,-0.10328,0.064821,-0.1567,0.079267,0.20635,-0.018449,-0.04704,-0.024902,-0.015473,-0.0089215,0.14388,-0.10828,-0.028493,-0.039319,0.0092528
-0.13596,0.047304,0.16442,-0.11536,0.025482,0.14193,0.076249,0.091241,0.16374,-0.020321,-0.021138,-0.13408,0.16869,0.0091027,0.21678,-0.077425,0.30355,0.073723,-0.18975,0.25226,0.034527,-0.045546,-0.056563,0.063885,-0.10272,-0.13825,0.078695,0.041881,0.064738,0.13769,-0.0038676,-0.29189,0.14648,0.026109,0.31364,-0.12774,-0.046803,-0.013652,-0.23182,-0.017268,0.29111,0.0050199,-0.014306,-0.13967,0.022358,-0.055549,-0.052505,-0.016218,0.16788,0.16724,-0.040491,-0.1165,-0.15103,0.07841,-0.023036,0.093043,-0.077773,0.036247,-0.0045367,-0.043081
-0.13348,0.059771,0.26613,-0.080825,0.049756,0.12765,-0.00081791,-0.046075,0.072894,-0.039371,-0.1117,-0.12199,0.094848,-0.012592,-0.10395,-0.042767,-0.05239,0.011698,-0.072176,-0.081281,0.03866,0.025428,-0.020418,0.017699,-0.08088,0.13665,0.2032,0.060504,0.13491,0.049521,0.08673,0.0058802,0.0040298,-0.08178,-0.069096,0.17201,0.08859,-0.04324,0.036729,-0.26583,-0.1139,-0.21,0.15532,-0.16203,-0.080731,-0.27499,0.19055,-0.21182,-0.22357,-0.30244,0.046636,0.00030436,0.012499,0.024043,-0.32105,0.24534,-0.027347,-0.060669,-0.052637,0.0028071
-0.13389,0.052751,0.26201,-0.094678,0.054837,0.1019,-0.0088606,-0.00088993,0.10957,-0.059461,-0.045581,-0.09249,0.066467,0.027611,-0.071233,-0.062233,-0.014136,-0.015829,-0.076976,0.026012,0.028237,-0.13994,-0.01443,0.068304,-0.044854,0.021774,0.11426,0.10375,-0.10371,0.086736,0.34814,0.19354,0.030259,0.13342,0.22833,-0.11972,-0.28215,0.21114,0.11348,0.08992,-0.42294,0.19216,-0.2147,0.0033261,0.024241,0.11428,-0.073008,0.041615,-0.17274,0.071538,-0.019776,0.059391,0.18281,0.0024293,0.075931,-0.093355,0.079924,-0.0077891,0.075391,0.022193
-0.11703,-0.21247,0.073905,0.013606,-0.19042,-0.24183,0.051344,-0.10687,0.065059,-0.040589,0.027731,-0.042797,-0.037592,0.16755,-0.16454,0.091305,-0.00070518,-0.13344,0.025893,-0.20326,0.21731,0.062526,0.0098113,0.28286,0.0025152,0.060656,0.099575,0.022271,-0.13252,0.18129,-0.047912,0.020382,0.085232,0.27778,-0.10372,0.1272,0.019756,0.36357,-0.34159,-0.17785,0.25114,0.13565,0.0080293,0.017858,0.034703,0.068159,0.0043849,-0.0529,-0.011412,-0.056927,0.029282,0.0028391,0.028017,-0.048439,0.052239,-0.038657,-0.02426,0.0083453,0.001275,-0.0067955
-0.1419,0.065049,0.080815,0.055287,7.6785e-05,-0.024767,-0.08639,-0.18918,-0.1409,-0.14527,0.18432,-0.15029,-0.062222,-0.037014,0.13968,0.12797,0.058594,-0.1263,0.13789,-0.065933,-0.14788,-0.0069884,0.035143,0.0047545,-0.00054739,-0.017208,-0.13842,-0.20932,0.089557,-0.064426,0.013176,-0.079856,0.092891,0.0029955,-0.11554,-0.15208,0.024771,0.2681,0.00081388,0.19769,-0.11926,0.090213,-0.058529,-0.10753,0.018901,0.13285,0.024313,0.19059,0.02298,0.020793,0.06907,0.14702,-0.11948,0.029537,-0.2566,0.38455,-0.29443,-0.16946,-0.01824,-0.12122
-0.12124,-0.18534,-0.049718,0.018835,-0.083791,0.022911,0.3751,0.1066,0.058124,-0.1472,0.018952,-0.0427,-0.13461,-0.013358,-0.060659,0.027685,0.31529,-0.02126,0.08988,0.19447,-0.010441,0.053502,0.13962,0.089294,0.33891,0.069123,0.17067,-0.19318,-0.34189,-0.06862,0.27019,-0.017172,0.053404,-0.3037,-0.091517,0.083047,0.0020065,-0.027245,0.12141,0.025289,-0.017643,-0.090525,0.10573,-0.10523,0.033782,0.037999,-0.068928,0.042323,0.058332,-0.089837,0.021161,0.03789,-0.0099106,-0.00036708,-0.0037012,-0.033794,0.014487,0.0070324,0.00011026,-0.011319
-0.13543,0.058524,0.25893,-0.09859,0.056453,0.055952,-0.082596,0.030938,0.046968,-0.080679,-0.013459,-0.059889,0.052268,-0.023824,0.0934,-0.023123,-0.078886,0.020685,0.024394,0.031218,0.023196,0.1298,-0.028396,0.048639,-0.10233,-0.04421,0.050521,-0.22874,0.069117,-0.20387,-0.15151,-0.026126,-0.099999,-0.038797,-0.079321,0.056721,0.024696,-0.003649,-0.12276,0.20516,0.018148,-0.0020175,-0.0060738,-0.23696,-0.071349,0.025151,0.0021372,0.27829,0.098402,-0.34953,0.21384,-0.2026,0.17946,-0.33125,0.27315,-0.18294,0.085822,-0.020546,0.01961,0.03125
-0.10743,-0.19104,0.20918,0.066974,0.091908,-0.074353,0.29931,0.034609,-0.048589,0.41832,-0.12352,0.15002,-0.069373,0.025465,-0.11575,0.0032993,0.067975,-0.01792,0.12024,0.098096,-0.5081,-0.087312,0.0762,-0.14067,-0.22644,0.039991,-0.045565,0.12059,0.071026,-0.088235,-0.015758,-0.12513,0.030197,0.18101,0.0014801,0.12858,-0.065126,0.19204,0.030047,0.060486,0.069202,-0.10636,0.086048,0.011032,0.014759,-0.0088534,-0.072708,0.10122,-0.064053,-0.061659,-0.018718,0.017881,0.0036338,0.009088,-0.00030518,-0.031878,0.020526,-0.02055,0.020131,-0.0079144
-0.1387,0.086383,-0.11862,-0.14018,1.0198e-05,-0.10735,0.043808,-0.04747,-0.099376,0.017478,0.10267,0.10178,0.0030416,-0.085972,-0.034303,0.20131,0.039976,0.15471,0.065331,0.066865,-0.033255,0.028694,-0.37662,-0.131,0.0022327,-0.33297,0.22123,-0.058121,-0.044246,0.10906,0.099562,0.040516,0.062072,0.13103,-0.0073476,0.0086096,0.051616,-0.11758,-0.079913,-0.02667,-0.025902,0.066309,0.13295,0.11218,-0.083002,0.10542,-0.16609,0.11378,-0.18948,-0.0076575,-0.063522,-0.035402,-0.060362,-0.35913,-0.34364,-0.043684,0.076998,0.094425,-0.03758,0.10565
-0.11725,-0.1729,0.20991,0.048622,-0.094501,-0.15631,0.12577,-0.074698,0.00238,-0.073952,-0.047515,0.058926,-0.021888,-0.17748,0.075461,0.067444,0.3256,-0.24692,-0.44323,-0.27066,-0.024141,-0.017726,-0.18511,-0.21174,0.043502,0.11056,0.086118,0.12548,-0.056203,-0.11371,-0.19229,0.046173,-0.19807,0.048226,-0.14588,-0.21508,0.029716,-0.22617,0.008996,0.058809,-0.072719,0.031622,-0.054571,0.052259,0.016235,0.028756,0.071316,0.0022594,-0.029585,0.07444,0.0098549,-0.044792,0.01827,0.0084888,0.024745,0.011061,-0.0026649,0.0030129,0.00037133,0.0069353
-0.14206,0.085902,-0.088929,0.015911,0.064245,-0.11239,0.085079,-0.087215,-0.1513,-0.031196,-0.042832,0.023031,0.044693,0.055951,-0.0022936,-0.17737,-0.017602,0.024301,-0.13517,0.1806,0.07857,-0.057555,-0.10839,0.13482,0.026045,-0.028997,-0.07684,0.11452,0.051702,-0.30969,-0.11808,-0.019067,0.32497,-0.07875,-0.179,-0.064834,-0.17254,0.023501,0.055008,-0.042822,0.047453,0.21546,0.15121,0.041484,-0.31182,0.16897,0.033908,-0.023737,-0.053079,-0.19393,-0.21536,-0.062548,0.22994,0.21219,0.0282,0.12157,-0.0038271,0.23555,0.03438,-0.019335
-0.14142,0.06898,-0.097345,0.081099,-0.087112,0.12368,0.061889,-0.10428,-0.086861,0.14811,-0.055194,-0.17896,0.032927,-0.20374,-0.09789,0.028331,-0.071343,0.05319,-0.085862,0.07461,-0.097362,0.087177,0.10745,0.064931,-0.0069389,0.054541,0.085151,0.11297,-0.0065115,0.11368,0.0040961,-0.04772,-0.094416,-0.15256,0.039171,-0.16754,-0.16007,0.037504,0.010918,-0.059451,0.038522,0.27319,0.12564,0.44327,-0.076489,-0.00084989,0.11556,-0.069448,0.25111,-0.13994,0.28803,0.01074,-0.10891,-0.19593,0.056441,0.11925,0.16649,-0.20681,-0.024972,-0.051873
-0.1343,0.065367,-0.095002,-0.2337,-0.15656,-0.082464,-0.063988,0.13386,0.17398,0.15975,0.097464,-0.05496,-0.025863,-0.11153,-0.034403,-0.047646,-0.027682,0.18148,-0.1569,-0.065486,-0.097744,-0.061827,0.060384,0.28351,0.23984,0.26399,-0.092038,0.10698,0.15388,-0.23595,-0.079109,-0.068455,0.064251,-0.013905,0.077089,0.012567,0.061018,-0.0033508,-0.0023397,-0.034152,-0.075413,-0.055397,0.12048,-0.016429,-0.037645,0.021216,-0.04256,0.039146,-0.26133,0.21255,0.059234,0.15078,-0.13161,-0.31297,0.093592,-0.071261,-0.24549,0.035947,0.048281,-0.040285
