1.0,0.7773834343801393,0.06416398988896584,0.15903194123451145,0.7946051872159422,0.6160912352219556,0.32940420187812797,0.07432119447574599,0.696522391324317,0.66525444830498,0.5390238210274922,0.8171558330131112,0.35654924771413754,0.2119847316562767,0.7953076678941257,0.6870795156917389,0.18609282028776547,0.23499063573629336,0.8033255902819703,0.20239261244699894,0.7581218205619935,0.22725342084485806,0.967950484242138,0.6580034785298273,0.7512859104147986,0.9027814899373221,0.7849726015684353,0.0250669065497042,0.9417057134665923,0.6187383168730508,0.7577845463229519,0.6375696909285586,0.7004337301367095,0.9254390565967245,0.8339107222847378,0.6037213388716985,0.29120022413885666,0.23746314809052063,0.8301729674558853,0.6165475216200248,0.9283183964857097,0.8423745167615492,0.6950727504795219,0.5901468977455744,0.6723881027848384,0.8091004361180882,0.3017658341927512,0.7152343062012534,0.706123455004035,0.7541501161176799,0.2905432367044639,0.7746504010487935,0.28404204665344884,0.7393367165887296,0.2160218105576301,0.921672087616779,0.11498158186177813,0.796806528450743,0.7634106613020648,0.8754950269558833
0.7773834343801393,1.0,-0.08431224222236786,0.18365019958457135,0.9217740332500501,0.7814171936055511,0.23282082308147692,0.07562274951468892,0.7824838476165409,0.8575247941229855,0.7548869824018445,0.7174537643125751,0.30342986625711704,0.13803361256049332,0.7802797018151809,0.642162581770085,0.10783964019936551,0.19322267144348104,0.8346465017792684,0.1402715761654273,0.8235882142003426,0.11914239302608003,0.7649166905239143,0.6304389825483756,0.8077928735104379,0.8058110396095162,0.8093070058122265,0.026397516993025377,0.8027088751853677,0.7254071654330045,0.743437079901038,0.6859203967499484,0.6578397489976359,0.7891415092361992,0.826358059628235,0.6926248200460108,0.19389427543241053,0.15019509827914776,0.8902775140944238,0.6532900291226493,0.7186675675836867,0.7897017168466564,0.6933168188208361,0.7490124195470551,0.8492215612048435,0.6363128575408941,0.1806474548862229,0.6307148908335061,0.6662586609150549,0.6683039789936793,0.15891122771530425,0.7502273620229192,0.2242192670013739,0.6180474731633743,0.11081047764831706,0.7783494243271571,0.05181783022431363,0.783690977505772,0.8299721128908122,0.7105465921344291
0.06416398988896584,-0.08431224222236786,1.0,0.48133280196792966,-0.008571331005865124,0.05616260760955847,0.5888725383574649,0.7677182073747197,0.061204645205491605,-0.029085049608060916,-0.16540871040945038,-0.04257926661216954,0.5535436370945912,0.6963067870613241,-0.014758474888615846,0.005135748376188976,0.4545955653048389,0.6042577050440504,-0.0021928172768435395,0.6487417733832764,0.03134630993391821,0.758374747761805,0.06751862117503435,0.22146434485851696,-0.02610418553648235,0.09242860697742858,0.040393164297317485,0.7615833602703465,0.03320337406179035,-0.17688072617529288,-0.06230052652758032,-0.18966333712362923,-0.104431995929128,0.04324309873683757,-0.03370213760365955,-0.11457627742672585,0.6217295439603024,0.5287828192992421,-0.009152363091332976,-0.08358359921564515,0.07972037924508434,-0.04606455145656068,-0.06771642754316415,-0.23761770525925124,-0.09970378029625229,-0.018538574958625764,0.33149872803571123,0.02308654728782903,-0.028461654301460027,-0.05612040499226277,0.5759329893636925,0.06645964338643365,0.4402992699382489,0.019817439488422423,0.32507498043210636,0.047380962180335995,0.3953512329785292,-0.04702051327067659,0.02362001922842135,0.056950341909637235
0.15903194123451145,0.18365019958457135,0.48133280196792966,1.0,0.18590551408445938,0.2193818128188793,0.5022509265020635,0.7142932903315483,0.29188641261573317,0.13163489142002432,0.13432630414413826,0.08377626457316367,0.6108488375857615,0.6519543541580018,0.19014475448149737,0.14193808301668326,0.5963051250681597,0.6405037701927646,0.09947155038971742,0.5230492175731094,0.13768195945535253,0.5737960703277546,0.1768954561941737,0.4635593530294787,0.10413227482801464,0.16218174725739018,0.20284981652575226,0.6904665618186017,0.15811985802893033,0.05151895202573623,0.08189795318739686,0.01099980192491109,0.02856436694367311,0.18055808584917182,0.14875990237835218,0.033545143020608605,0.3582446851467332,0.7712774836358721,0.17018789133385742,0.13018738788136722,0.12404842051155396,0.1370197016080384,0.0563337723532394,0.08950353118647988,0.12751475094702708,0.029226044167118166,0.6431177382341474,0.18991297365133777,0.10800615857924385,0.0781001900998967,0.4583145487790694,0.17436314866082517,0.5595668419406472,0.1513210920060855,0.4478906088321062,0.14324482643938166,0.40428147273600484,0.054640518068445096,0.16926966539691812,0.12195769708324466
0.7946051872159422,0.9217740332500501,-0.008571331005865124,0.18590551408445938,1.0,0.7691996156107027,0.272946058123842,0.07896897314984612,0.7154067438602466,0.9052752414421071,0.7135491718962103,0.72738776219125,0.30053046563194563,0.19031749262887684,0.7281481405452903,0.6338387594265845,0.12693458467689847,0.18000970701060032,0.8103424928134453,0.14555491819653057,0.8226095718580348,0.15869032371177572,0.7760390251529926,0.6199014158352141,0.8091978557261139,0.8903067196651666,0.8580878140097254,0.05261010870191346,0.8427224055264834,0.7340760888781699,0.7363398686285295,0.6562565091438135,0.6484646383753153,0.8097089086121768,0.8000959753516332,0.7576363582202726,0.22873434414834395,0.19006941619335221,0.9112114882560333,0.6523664716859495,0.8081508521334706,0.788530999102383,0.7339845138202348,0.7766226074679233,0.8964650016272367,0.6856803408266638,0.2170727892001157,0.6473250437344026,0.6612478411991408,0.6765425441388653,0.21060557559073084,0.7696775902311557,0.23426612406899708,0.6329941525282945,0.14219508722376092,0.8254374571473667,0.0686210529435489,0.7934554334890145,0.8214074002562108,0.6590768871339561
0.6160912352219556,0.7814171936055511,0.05616260760955847,0.2193818128188793,0.7691996156107027,1.0,0.3684566806839399,0.16251166505093748,0.813915402167477,0.7250899804890322,0.7069866160383055,0.5241284849040148,0.3483115602621763,0.19048570350273492,0.7495067618436535,0.6353635336869187,0.1962070346170252,0.29026750817652924,0.6734211771010739,0.2667829543539872,0.7592312357935407,0.1987406142566735,0.5794664279052755,0.6816962076233348,0.8114439086877934,0.6349326153497922,0.6421420671718513,0.10324602878223374,0.6530186856472806,0.5862114451590215,0.6174563997527776,0.4599383613078773,0.46308776100283244,0.6465216326413933,0.6324869648671754,0.5201768001661576,0.27742422150821555,0.2929244792112017,0.706190922009567,0.6060781347673435,0.5768907793763933,0.6046715143740925,0.5943077398550614,0.5472749945233776,0.7044851788462418,0.5038855755001179,0.22780635666368684,0.5553723400093475,0.6256616312229302,0.5924426911308086,0.1793176110592189,0.6247537196758047,0.2600142305443837,0.5450466315251988,0.18393709581660753,0.6331948173347173,-7.44001457530867E-4,0.6065206039786701,0.6887015835655651,0.5043088116185765
0.32940420187812797,0.23282082308147692,0.5888725383574649,0.5022509265020635,0.272946058123842,0.3684566806839399,1.0,0.42882709389860124,0.38647859659253536,0.33265572604748833,0.144709034870345,0.3399833322616202,0.8183798328505546,0.5802340333030458,0.33172699036079173,0.33466680941284904,0.7001413653805997,0.7970301162374231,0.35098691424772094,0.8397911844348585,0.3975552302609552,0.6550518153487574,0.3015209554393061,0.5547403961830129,0.33055004510957925,0.337270217497415,0.2718779804710112,0.5232299972497312,0.38570031782123076,0.17036382181974094,0.28762062101373964,0.1320418187043217,0.21488200900084978,0.37242003976528915,0.304573370109848,0.2626312450438143,0.7283732566780105,0.5649338959975369,0.3011911761541136,0.24198838933108963,0.3101177422023396,0.3008217426403063,0.2338001025758772,0.10420380395561302,0.1943794310086029,0.32337828622462106,0.5722655552056504,0.359147848152457,0.3015691436333208,0.27963271951365937,0.6329896063817406,0.42025208138926573,0.45371424202454325,0.3574149558614126,0.4029341192172938,0.3493214330109742,0.39464983659458946,0.21426761313278248,0.37682408720424765,0.39305285919687794
0.07432119447574599,0.07562274951468892,0.7677182073747197,0.7142932903315483,0.07896897314984612,0.16251166505093748,0.42882709389860124,1.0,0.1994115435692882,0.030530218658209058,-0.03619199743891969,-0.00976533603685592,0.5185946257389119,0.7146067888000739,0.10748579956711353,0.03262043025461829,0.35952675524414046,0.5878422999615163,0.01769706405953874,0.5716291644010069,0.07112684367268785,0.6607955063787921,0.0774865143777315,0.3592198975513498,0.019072229161296323,0.07143388049374762,0.09014890524177159,0.785055659464416,0.08088786775457228,-0.09722200914189513,-0.04135965180536792,-0.13310909568501622,-0.08641077794154811,0.09719263651320742,0.06253768564219098,-0.11229601219097358,0.4907908227107322,0.6161009008383602,0.060096602209321594,-0.007689284351519837,0.023765805211458633,0.040842639580026666,-0.02542015650273597,-0.04433060380932009,0.022978332176868087,-0.050297376367026136,0.3708458658281188,0.0628831709578308,-6.711660367070271E-4,-0.03357328330496844,0.432028717410044,0.0928584313963536,0.5298783829940147,0.0378919459255782,0.3815395796141507,0.04999715549804671,0.25919427075465284,-0.02842890416868089,0.08792078854062002,0.037536952205233245
0.696522391324317,0.7824838476165409,0.061204645205491605,0.29188641261573317,0.7154067438602466,0.813915402167477,0.38647859659253536,0.1994115435692882,1.0,0.6879704558857241,0.6585566779467248,0.659552447728766,0.4819573079378083,0.18991373342033052,0.8200717778059016,0.7823976453708936,0.2701348234886139,0.3898299928135951,0.7818799441959345,0.32562386817269007,0.8471925832689238,0.2638841817535244,0.702656379272262,0.8383709479630136,0.7501501673731543,0.7024558954234552,0.7961596234133441,0.11500209495760698,0.7350858432069044,0.5661522671589303,0.7323349384427997,0.46588888114091304,0.5959625036188636,0.744698527786231,0.7442859762118015,0.5106315578704017,0.34419873430126235,0.3152406452642715,0.6504467737935143,0.6430628001952056,0.6534714611876172,0.7207835808063555,0.6604812540576875,0.577868510540595,0.6739932344447173,0.5848735806147155,0.34353061461860535,0.7055604956690129,0.7758574252006567,0.738481124731859,0.24527941922255336,0.7448264573249965,0.3725013955118527,0.6995124294486957,0.2511645119223548,0.6965889006344893,0.13670125663638913,0.6523835400885706,0.8070715228783714,0.6032657187403391
0.66525444830498,0.8575247941229855,-0.029085049608060916,0.13163489142002432,0.9052752414421071,0.7250899804890322,0.33265572604748833,0.030530218658209058,0.6879704558857241,1.0,0.6614947366462509,0.7936463006203625,0.3644879560056591,0.1844302972665434,0.647737170496596,0.5749556059354248,0.19537287127450953,0.2560416514641604,0.725303749551059,0.22056520098236695,0.7673441803680847,0.20533862465382122,0.6453357299696895,0.5903085697698731,0.7375405554732413,0.7544967554530821,0.7733728583555177,0.06160377250606641,0.7451742456605818,0.6285194344225593,0.6454896287474254,0.5522098699994687,0.5442971974223643,0.7079248162966144,0.7179768479741736,0.804701178694961,0.2868831683915099,0.13914595180525335,0.8830325394272499,0.5874253125342046,0.6677737859328201,0.7071080930353679,0.6663814233915328,0.7099736915252185,0.8298098977560363,0.6526497380166028,0.14459456393385833,0.5638869208523012,0.5985736826842556,0.5873408969070802,0.23428520430452204,0.680070196636334,0.18797862625526288,0.5403918194442401,0.07048818287306129,0.7049055606004508,0.08885612608283158,0.6917638724366189,0.8913134487895977,0.7073061094649362
0.5390238210274922,0.7548869824018445,-0.16540871040945038,0.13432630414413826,0.7135491718962103,0.7069866160383055,0.144709034870345,-0.03619199743891969,0.6585566779467248,0.6614947366462509,1.0,0.4362674657814665,0.19807092446423644,0.045907927280556635,0.5143708019418315,0.5397144361986703,0.10639203401653266,0.07418413202519754,0.6060449752593637,0.051760350795770696,0.7036916695753223,0.04361155674903074,0.4966369045835246,0.5063259891870138,0.6904218939249146,0.5572929704221663,0.5574432624929624,-0.08697587246948504,0.559799232894091,0.5255223657257602,0.5097852373626194,0.44832296565637214,0.4666795602863546,0.5431877586826157,0.5661678826046935,0.46832152865075294,0.1145242251453212,0.17325548128625948,0.6513324398124152,0.5492468538707652,0.47660103364011785,0.520475200337736,0.49832210732041055,0.5497611158043606,0.6449538329418403,0.3982857774692004,0.17699638358511607,0.4685727571749263,0.5419200138406575,0.5133002163445346,0.04708408839087945,0.5725834025120504,0.18905999464939358,0.4684288239288749,0.08861334006206326,0.5359303775537466,0.032616599512013476,0.5640517316010799,0.6067267941963753,0.4562103397787043
0.8171558330131112,0.7174537643125751,-0.04257926661216954,0.08377626457316367,0.72738776219125,0.5241284849040148,0.3399833322616202,-0.00976533603685592,0.659552447728766,0.7936463006203625,0.4362674657814665,1.0,0.3821260044775653,0.14600990935257846,0.7518673665910102,0.5623639495874061,0.19600865452729394,0.28919525627477966,0.7413391017762642,0.23070262835116367,0.6941339261551689,0.2011228453607587,0.8012802612072744,0.610388772208273,0.6586942439695904,0.7937051277664239,0.7519595125773585,-0.00976919609877741,0.8329457253123888,0.5560641739447778,0.6859416946142106,0.5342195297913096,0.5967680537936036,0.7998662928066275,0.7838501440421687,0.7084660696878634,0.2790602608518101,0.1297955618992209,0.8104685983596204,0.49593971416668403,0.7438200098915957,0.8039647472431742,0.659301944653963,0.6193252688516597,0.6318706215281048,0.8074899341424919,0.1768303196330435,0.6278677033813392,0.5848108053229273,0.6317319069517495,0.2583323377041766,0.7306573081778488,0.19110831843381093,0.6238846784797516,0.0902295179672666,0.8734577277334143,0.09260009258004212,0.6616577055284795,0.8613283217722358,0.8672113563513516
0.35654924771413754,0.30342986625711704,0.5535436370945912,0.6108488375857615,0.30053046563194563,0.3483115602621763,0.8183798328505546,0.5185946257389119,0.4819573079378083,0.3644879560056591,0.19807092446423644,0.3821260044775653,1.0,0.7089157496668507,0.3627525920626661,0.33858576700217846,0.8182898481932377,0.8886049483408309,0.34123598526474075,0.8629047276071565,0.3971752901306496,0.7960949451458397,0.34805450210201383,0.6461723025083389,0.3287481083405911,0.3446059481809269,0.3495902947489191,0.5980911651490225,0.38722160923570276,0.15285589649692716,0.27238744379189894,0.13896234581695924,0.22225484306883375,0.39126986984149503,0.3578773415116711,0.23267469200390578,0.7425111169840461,0.6326955543662145,0.31902618554501083,0.246096292516639,0.30942394036217497,0.3458957358452999,0.2627991448612388,0.17881382590387615,0.24339900241739634,0.3236726993539024,0.6802502134617302,0.3544949337641787,0.30445406775387596,0.2717524497366055,0.727765841959956,0.4144402722894295,0.641553016935289,0.34331282054485024,0.513667616814862,0.3350068893234523,0.5069266809940083,0.2583867545882869,0.4298753073426541,0.43426186094341646
0.2119847316562767,0.13803361256049332,0.6963067870613241,0.6519543541580018,0.19031749262887684,0.19048570350273492,0.5802340333030458,0.7146067888000739,0.18991373342033052,0.1844302972665434,0.045907927280556635,0.14600990935257846,0.7089157496668507,1.0,0.1556935368810283,0.08634618698274779,0.5985589543066293,0.6270463383392701,0.1131627308509153,0.6447526679507598,0.15613449599472054,0.9212403727168587,0.17159519231143508,0.370019080031911,0.15102938413015138,0.20557883296979443,0.10294719510232238,0.811996686320442,0.21584998718740733,0.036135253118791434,0.05679031540897021,-0.010877152412258348,0.028543184298815905,0.21700792502185856,0.1456982707395811,0.09046183902291641,0.6724059737802839,0.5723778527746017,0.21193874004069366,0.07050652792278939,0.16139062710492952,0.1265363322069309,0.04994963817426055,0.011195813028096774,0.09055471815466268,0.15330373237537934,0.4535655051425767,0.1600506458698021,0.056163269934917694,0.06337835063228796,0.7305702079840292,0.1948294310784187,0.4680070345267498,0.1326640051608708,0.47347050559797327,0.18569779547247228,0.521609237866145,0.09492407444893355,0.1568503043265285,0.2378815587909971
0.7953076678941257,0.7802797018151809,-0.014758474888615846,0.19014475448149737,0.7281481405452903,0.7495067618436535,0.33172699036079173,0.10748579956711353,0.8200717778059016,0.647737170496596,0.5143708019418315,0.7518673665910102,0.3627525920626661,0.1556935368810283,1.0,0.6534766536096519,0.17617178041355092,0.2994147709236413,0.8083214919387329,0.23885769780269203,0.7564882570172611,0.16924243058843141,0.7984959264326872,0.7136247900808097,0.7694139432187246,0.7953070298692996,0.7588738446954454,0.01824944029598825,0.8428694837351731,0.6439829231960387,0.7646831655147799,0.5493952375421829,0.6532210672811761,0.8487341827404334,0.814129937801801,0.5796057016474498,0.22504383515281035,0.2252612627396954,0.7392586213522192,0.5743404505723981,0.7570737490707324,0.8123124973262694,0.6083461040249631,0.6330856008271493,0.6355080226831278,0.6928496831696267,0.26274045051984696,0.7047643373198709,0.6686705119624292,0.7176036872850999,0.21707481906131912,0.7877998180472169,0.2677588611194931,0.6976006683798845,0.2117519338873251,0.7852732907958792,0.09861064909491564,0.696500367337796,0.7609771821235218,0.7042876029912767
0.6870795156917389,0.642162581770085,0.005135748376188976,0.14193808301668326,0.6338387594265845,0.6353635336869187,0.33466680941284904,0.03262043025461829,0.7823976453708936,0.5749556059354248,0.5397144361986703,0.5623639495874061,0.33858576700217846,0.08634618698274779,0.6534766536096519,1.0,0.17600856097402207,0.22953458215393815,0.7864158217632251,0.2568664728510622,0.8390138567174044,0.16063002021106748,0.6965544824621834,0.6832590679350656,0.7602625357890219,0.6681816546065205,0.7175933999987271,0.016631364776351708,0.7300903556052651,0.7294302006442095,0.8541355023640715,0.6100961503844892,0.7625254195788529,0.7022085088562838,0.6052579214630625,0.6789754664623094,0.3158287315410292,0.19237129142728432,0.5545377952933507,0.8617999762149171,0.6983692980460836,0.615042683029378,0.5833268648105536,0.44730983354349396,0.5689378371359274,0.5664718786099446,0.4729900467024038,0.8286117602786875,0.9927450475809778,0.9426132877358384,0.23886206930046994,0.7734314189235066,0.18185732571988472,0.9373823101384401,0.34799385789687654,0.6305697341483923,0.28996195466665503,0.60171195695661,0.6832838115864069,0.5552804548581594
0.18609282028776547,0.10783964019936551,0.4545955653048389,0.5963051250681597,0.12693458467689847,0.1962070346170252,0.7001413653805997,0.35952675524414046,0.2701348234886139,0.19537287127450953,0.10639203401653266,0.19600865452729394,0.8182898481932377,0.5985589543066293,0.17617178041355092,0.17600856097402207,1.0,0.6944745629788344,0.1823172670716382,0.6992752462589236,0.24544218920215805,0.6819675096114425,0.15869868014136088,0.43871388780722026,0.19666574885041288,0.17858477122472846,0.13971993158945306,0.43726534241098786,0.22615701503826263,0.04100618116225557,0.11178092047961408,0.05231237487480428,0.05853182447605139,0.21936000992195562,0.2057775477012429,0.08242255776021631,0.5703856285440018,0.6569875433972472,0.15320496489851892,0.09333931491510146,0.14646457347263633,0.1850255250135459,0.17130808825264926,0.0462050203264465,0.13150924288558657,0.16647080896572222,0.6844210149078014,0.21228700411377308,0.14200975523035803,0.11131941328024664,0.6600717068119045,0.2530703382345413,0.5973609888257391,0.179473848246016,0.5153996666499415,0.17950925580222404,0.6024451556817944,0.16335583253414052,0.24948883106570988,0.27518534621558133
0.23499063573629336,0.19322267144348104,0.6042577050440504,0.6405037701927646,0.18000970701060032,0.29026750817652924,0.7970301162374231,0.5878422999615163,0.3898299928135951,0.2560416514641604,0.07418413202519754,0.28919525627477966,0.8886049483408309,0.6270463383392701,0.2994147709236413,0.22953458215393815,0.6944745629788344,1.0,0.1972186458089779,0.8578225013334337,0.25059780055212,0.7163855209728225,0.2374327300622611,0.552323727706229,0.19261633792287977,0.22409786379243868,0.2570590711347568,0.6732498444706138,0.2569029315204497,0.043486976035701064,0.1586384463563945,0.03011325849977777,0.1164879672498524,0.269287888301002,0.2444027493547388,0.1357372937078424,0.6708001941573598,0.6605162057040901,0.20466919978970405,0.14080703485060767,0.18656142016464627,0.2338762453899219,0.13689832635341062,0.08978857236372181,0.1274504467894762,0.20656193010700216,0.5729154919135141,0.26009046591314455,0.1959577927668983,0.16518609507382837,0.6046472099430319,0.2756411987900219,0.5246379960746478,0.23917792871813942,0.4020100477358083,0.21269697415242111,0.40423014380628447,0.13205938778626664,0.32650050178142653,0.32470825594856007
0.8033255902819703,0.8346465017792684,-0.0021928172768435395,0.09947155038971742,0.8103424928134453,0.6734211771010739,0.35098691424772094,0.01769706405953874,0.7818799441959345,0.725303749551059,0.6060449752593637,0.7413391017762642,0.34123598526474075,0.1131627308509153,0.8083214919387329,0.7864158217632251,0.1823172670716382,0.1972186458089779,1.0,0.26589325834306654,0.9320602022287444,0.15261248779212422,0.8263099535093424,0.6352011157175862,0.8353193305764313,0.8825351765244698,0.8505012474935271,-0.00825815529222712,0.8599873417256905,0.7629398918811356,0.889779220082089,0.6779377398693491,0.795212193586604,0.8295772851136812,0.8342812746808258,0.720293579220918,0.31302498654279787,0.191034484960537,0.7821409299176716,0.6819780949812071,0.8182028798441072,0.8131564576259833,0.697223910640335,0.629649119530755,0.712233193296669,0.6760695979869561,0.3395484295975936,0.734935729383458,0.8095962704313664,0.8374197349507714,0.34138557479740805,0.9346080704096913,0.24738313086562652,0.7931837692756943,0.26652480919672605,0.8315212399336233,0.22540464040186428,0.7702003975290277,0.8176061012546143,0.6945611742938493
0.20239261244699894,0.1402715761654273,0.6487417733832764,0.5230492175731094,0.14555491819653057,0.2667829543539872,0.8397911844348585,0.5716291644010069,0.32562386817269007,0.22056520098236695,0.051760350795770696,0.23070262835116367,0.8629047276071565,0.6447526679507598,0.23885769780269203,0.2568664728510622,0.6992752462589236,0.8578225013334337,0.26589325834306654,1.0,0.2993426437481159,0.7356552777238539,0.21378725433022328,0.4822660394367443,0.22893561162249648,0.20626645185330758,0.2129827477131987,0.6833953400179194,0.24213178537297586,0.0695294583163116,0.18338154561622438,0.05395802991616938,0.1395335364103512,0.234089248097284,0.1943971144045943,0.160155160943331,0.7925696935724569,0.5931189701240076,0.1680891668113092,0.1739394698378708,0.1903854255169161,0.1855927312942894,0.10611254128092358,0.0163187839526605,0.08255478754618135,0.17434523330454904,0.5960391359173115,0.23823116712798226,0.22365856857941052,0.19187758891595905,0.7284680206157694,0.33989623310895034,0.490249248883117,0.2631031226171885,0.5286493988480261,0.18215147728881176,0.45255042671737683,0.09598150856091105,0.2775826355167085,0.287395133424676
0.7581218205619935,0.8235882142003426,0.03134630993391821,0.13768195945535253,0.8226095718580348,0.7592312357935407,0.3975552302609552,0.07112684367268785,0.8471925832689238,0.7673441803680847,0.7036916695753223,0.6941339261551689,0.3971752901306496,0.15613449599472054,0.7564882570172611,0.8390138567174044,0.24544218920215805,0.25059780055212,0.9320602022287444,0.2993426437481159,1.0,0.2282375398460244,0.7295953920275251,0.695500963484053,0.862210582137821,0.8276852139242663,0.8182226220108143,-0.004667096577122998,0.8364641763840819,0.7081946265178393,0.8366355657685904,0.5993508695021368,0.7462276172788953,0.7986651835656415,0.7958925078552054,0.6634169576713026,0.36479043081718654,0.26807016910276626,0.7442820526190322,0.7103635157553833,0.745985529604428,0.7662659136540205,0.7591431882002531,0.5907462328351089,0.7513242164051566,0.6583771494296479,0.34246404736277075,0.7536965145536245,0.8501571130572557,0.8210169871597317,0.3050970778212861,0.88738016212125,0.29572778223504415,0.7814187997937778,0.2571461083262285,0.796102872051194,0.2332327688288765,0.776336597036441,0.8583916722593361,0.6466357693419337
0.22725342084485806,0.11914239302608003,0.758374747761805,0.5737960703277546,0.15869032371177572,0.1987406142566735,0.6550518153487574,0.6607955063787921,0.2638841817535244,0.20533862465382122,0.04361155674903074,0.2011228453607587,0.7960949451458397,0.9212403727168587,0.16924243058843141,0.16063002021106748,0.6819675096114425,0.7163855209728225,0.15261248779212422,0.7356552777238539,0.2282375398460244,1.0,0.18171673110566883,0.4327758206560217,0.17871438692937047,0.21731150322494247,0.14353856707186202,0.7382880391328108,0.24338001732992334,-0.011617755681786945,0.09676901756119982,-0.031243447044468797,0.055692575149650446,0.2417348237713705,0.17641912740521143,0.07521242360937785,0.7687838901394463,0.6470505929584811,0.18771132988032424,0.0735381200223429,0.1819081355349127,0.16177122056885546,0.11662027919752141,-0.029875962708544933,0.0785510969208926,0.19581813992292946,0.508001592220856,0.19686714241042225,0.1260358503196767,0.10205086242190373,0.778182632985384,0.22802968689524422,0.5228391880970451,0.17662128366619897,0.5110240470577487,0.2040864822566824,0.5885139706488712,0.12941337342311607,0.2487261783193277,0.2914593682582646
0.967950484242138,0.7649166905239143,0.06751862117503435,0.1768954561941737,0.7760390251529926,0.5794664279052755,0.3015209554393061,0.0774865143777315,0.702656379272262,0.6453357299696895,0.4966369045835246,0.8012802612072744,0.34805450210201383,0.17159519231143508,0.7984959264326872,0.6965544824621834,0.15869868014136088,0.2374327300622611,0.8263099535093424,0.21378725433022328,0.7295953920275251,0.18171673110566883,1.0,0.6661886423702302,0.7223856531203509,0.9045527495454451,0.8486066208831888,0.08053894460927594,0.9036980824200722,0.628697734246317,0.7677459465903302,0.6333687111815804,0.7025989394625615,0.9010284318379377,0.8223060675275905,0.6161034712247547,0.26803207529919754,0.2018459529352335,0.8049144324407637,0.6265343063301969,0.946428886731247,0.8356711265092542,0.6525816045170453,0.601959877601781,0.6611333057787776,0.7661505427279152,0.30575778266072023,0.6836573234346928,0.7160158307206206,0.7639047683303476,0.28874308410611,0.8001436169338296,0.2648493561672762,0.749295079194047,0.21998646556871387,0.879745501473532,0.11338507432079661,0.7618243412492025,0.7558092743500485,0.830833966825673
0.6580034785298273,0.6304389825483756,0.22146434485851696,0.4635593530294787,0.6199014158352141,0.6816962076233348,0.5547403961830129,0.3592198975513498,0.8383709479630136,0.5903085697698731,0.5063259891870138,0.610388772208273,0.6461723025083389,0.370019080031911,0.7136247900808097,0.6832590679350656,0.43871388780722026,0.552323727706229,0.6352011157175862,0.4822660394367443,0.695500963484053,0.4327758206560217,0.6661886423702302,1.0,0.6314747953262108,0.6555172933135047,0.7028566301253301,0.27507799455583376,0.6883815320044261,0.48958127073667057,0.6084879311392848,0.40448408822507104,0.5172266921190721,0.7008982556244268,0.6812017984931314,0.4659698701791162,0.5013667985485611,0.4691684915416972,0.604626922422244,0.5778873528343687,0.6186722661148086,0.667485128661811,0.5764008686381387,0.5266434077944596,0.571422876590618,0.5499608451975424,0.5174314853845317,0.5891227776054071,0.6482888661558361,0.6099314981067638,0.33701879465961493,0.705537974479441,0.46303859210951737,0.6765692503832387,0.34900448299354697,0.644060967096435,0.15015695037645888,0.5510662176873191,0.7088449898686968,0.5654828943206759
0.7512859104147986,0.8077928735104379,-0.02610418553648235,0.10413227482801464,0.8091978557261139,0.8114439086877934,0.33055004510957925,0.019072229161296323,0.7501501673731543,0.7375405554732413,0.6904218939249146,0.6586942439695904,0.3287481083405911,0.15102938413015138,0.7694139432187246,0.7602625357890219,0.19666574885041288,0.19261633792287977,0.8353193305764313,0.22893561162249648,0.862210582137821,0.17871438692937047,0.7223856531203509,0.6314747953262108,1.0,0.7663467167122505,0.7006451329931825,-0.034229868136346736,0.8179286141607875,0.7498318606566923,0.7323700307628314,0.6106807744080496,0.6771519939852295,0.7868599085276309,0.7223915751022313,0.6862434312875016,0.27288895171652405,0.19911595983921754,0.772316075697616,0.8278891092821974,0.7399254885603138,0.7430824482226777,0.6233092716893943,0.6182015337957204,0.7104276741658099,0.6435330985464136,0.273575782028067,0.777139338624462,0.7754365998153283,0.8087913190620568,0.29678817359962406,0.8262244956492196,0.30184419165425563,0.7494626726576253,0.288014666598944,0.7493554973758588,0.22312378410773256,0.6860263845735532,0.7261466823291891,0.6455827876241852
0.9027814899373221,0.8058110396095162,0.09242860697742858,0.16218174725739018,0.8903067196651666,0.6349326153497922,0.337270217497415,0.07143388049374762,0.7024558954234552,0.7544967554530821,0.5572929704221663,0.7937051277664239,0.3446059481809269,0.20557883296979443,0.7953070298692996,0.6681816546065205,0.17858477122472846,0.22409786379243868,0.8825351765244698,0.20626645185330758,0.8276852139242663,0.21731150322494247,0.9045527495454451,0.6555172933135047,0.7663467167122505,1.0,0.9036056778074748,0.050817034853873386,0.9145292675702195,0.7013530602184178,0.8228036138800681,0.6497135350454677,0.747233083334115,0.8922163194205066,0.8666267998546138,0.7095774151559264,0.2948952759989476,0.24074711126161513,0.8734602482629505,0.6027229037062786,0.9307198567266008,0.8580809314784533,0.7557507920917069,0.6751604443251888,0.7631757842401219,0.76600219845389,0.31502183562784897,0.6932737638170823,0.6915096225140795,0.7382003399058952,0.302284166806538,0.867759233792731,0.2731178288161615,0.7321964562032245,0.22733546939384747,0.9250403714181333,0.15029860857787888,0.8369769142390393,0.8290738399186551,0.7417227468090373
0.7849726015684353,0.8093070058122265,0.040393164297317485,0.20284981652575226,0.8580878140097254,0.6421420671718513,0.2718779804710112,0.09014890524177159,0.7961596234133441,0.7733728583555177,0.5574432624929624,0.7519595125773585,0.3495902947489191,0.10294719510232238,0.7588738446954454,0.7175933999987271,0.13971993158945306,0.2570590711347568,0.8505012474935271,0.2129827477131987,0.8182226220108143,0.14353856707186202,0.8486066208831888,0.7028566301253301,0.7006451329931825,0.9036056778074748,1.0,0.09682549382163677,0.803376549011864,0.6458336961225927,0.8111930271670179,0.5935967962737334,0.6976200741251639,0.7889883186193553,0.8157855268796977,0.6730284674851895,0.23532914266862243,0.18741380391577755,0.7632651756742632,0.6066241476746784,0.8381516492625922,0.7990304781205877,0.743190192598003,0.690976147089898,0.7848207346075087,0.65490479613137,0.28915396803297755,0.659150179707148,0.7444539288373162,0.7361059327395977,0.22735595638633238,0.7962408010455839,0.26791362988807527,0.6838484685711366,0.22629482603716458,0.8047835421437327,0.12038819439792814,0.7875684798206952,0.8701644014214654,0.6398863753150399
0.0250669065497042,0.026397516993025377,0.7615833602703465,0.6904665618186017,0.05261010870191346,0.10324602878223374,0.5232299972497312,0.785055659464416,0.11500209495760698,0.06160377250606641,-0.08697587246948504,-0.00976919609877741,0.5980911651490225,0.811996686320442,0.01824944029598825,0.016631364776351708,0.43726534241098786,0.6732498444706138,-0.00825815529222712,0.6833953400179194,-0.004667096577122998,0.7382880391328108,0.08053894460927594,0.27507799455583376,-0.034229868136346736,0.050817034853873386,0.09682549382163677,1.0,-0.013519672551518558,-0.07892669245007022,-0.05758591467743183,-0.11841823667521811,-0.10281002749968912,0.007986711089985398,-0.028001335968543668,-0.009144386796785564,0.5852921947428301,0.5175999730867492,0.045651241158221334,0.018612278897436906,0.036339417972970176,-0.04145911568178683,-0.10117179751707166,-0.09196064280659441,-0.014445719178670168,-0.06764352661331956,0.3517631825036803,-0.008188733939643977,-0.016727633937342546,-0.05023078744128588,0.5657690625757528,0.06324811405102175,0.3729189123095777,0.02118956229759043,0.3541786460472709,-0.01366619070068712,0.40804029823208354,-0.09148575485054053,0.04309042054364604,0.03736170588996223
0.9417057134665923,0.8027088751853677,0.03320337406179035,0.15811985802893033,0.8427224055264834,0.6530186856472806,0.38570031782123076,0.08088786775457228,0.7350858432069044,0.7451742456605818,0.559799232894091,0.8329457253123888,0.38722160923570276,0.21584998718740733,0.8428694837351731,0.7300903556052651,0.22615701503826263,0.2569029315204497,0.8599873417256905,0.24213178537297586,0.8364641763840819,0.24338001732992334,0.9036980824200722,0.6883815320044261,0.8179286141607875,0.9145292675702195,0.803376549011864,-0.013519672551518558,1.0,0.6743229058349808,0.8053113504006261,0.6249985982197592,0.7172627002419601,0.977321441138128,0.8706932480459632,0.6792303125602119,0.33385169939245724,0.2720641164306033,0.8394667555784974,0.6638595958715132,0.9180076801731039,0.8975063855778307,0.7283298093199169,0.6692852602128899,0.7286930473723243,0.8472929003292297,0.3200716726190594,0.788702174197953,0.7527286147086426,0.7996206089230793,0.3131277233297836,0.8432408525496955,0.30577468700452004,0.7878378439825487,0.23313519547676456,0.9066434936393979,0.15175320733662293,0.7922742861023221,0.8247555166690622,0.830250070097508
0.6187383168730508,0.7254071654330045,-0.17688072617529288,0.05151895202573623,0.7340760888781699,0.5862114451590215,0.17036382181974094,-0.09722200914189513,0.5661522671589303,0.6285194344225593,0.5255223657257602,0.5560641739447778,0.15285589649692716,0.036135253118791434,0.6439829231960387,0.7294302006442095,0.04100618116225557,0.043486976035701064,0.7629398918811356,0.0695294583163116,0.7081946265178393,-0.011617755681786945,0.628697734246317,0.48958127073667057,0.7498318606566923,0.7013530602184178,0.6458336961225927,-0.07892669245007022,0.6743229058349808,1.0,0.8305732219444533,0.8452399389901789,0.7765101920282709,0.6341276838480379,0.6500080391702048,0.8344532947953276,0.1259794245994656,-6.393354469299173E-4,0.7230101308179779,0.7729394740339897,0.6313215508670262,0.645304371619615,0.5517589117939996,0.7150959557574816,0.6910949377906395,0.4999119455927731,0.32974531067803775,0.700179033929788,0.7452903053180605,0.7944991117917759,0.16888713012039971,0.7570015645136347,0.041476690804955064,0.7830540690651144,0.25098378873894733,0.6482000849046385,0.18045872434990254,0.6487308514736126,0.5794160299277731,0.48702997197383535
0.7577845463229519,0.743437079901038,-0.06230052652758032,0.08189795318739686,0.7363398686285295,0.6174563997527776,0.28762062101373964,-0.04135965180536792,0.7323349384427997,0.6454896287474254,0.5097852373626194,0.6859416946142106,0.27238744379189894,0.05679031540897021,0.7646831655147799,0.8541355023640715,0.11178092047961408,0.1586384463563945,0.889779220082089,0.18338154561622438,0.8366355657685904,0.09676901756119982,0.7677459465903302,0.6084879311392848,0.7323700307628314,0.8228036138800681,0.8111930271670179,-0.05758591467743183,0.8053113504006261,0.8305732219444533,1.0,0.7745031241042948,0.8615705506242659,0.7690258824816876,0.7694025146711052,0.8016837604082087,0.2531367492141264,0.11987170573362742,0.7210885531955176,0.7414579429789179,0.7658725241512168,0.743628722579184,0.6542478889689228,0.5885319364673439,0.639022774443697,0.6381024438513835,0.4361101556009898,0.7912476365513547,0.8769795035589567,0.8958051164123297,0.2747554447236283,0.8146254374770139,0.16108729392013613,0.8533505659609645,0.3652361927404622,0.7800451842138774,0.25454071445379844,0.7198293400168224,0.7577364020429104,0.6261060561895018
0.6375696909285586,0.6859203967499484,-0.18966333712362923,0.01099980192491109,0.6562565091438135,0.4599383613078773,0.1320418187043217,-0.13310909568501622,0.46588888114091304,0.5522098699994687,0.44832296565637214,0.5342195297913096,0.13896234581695924,-0.010877152412258348,0.5493952375421829,0.6100961503844892,0.05231237487480428,0.03011325849977777,0.6779377398693491,0.05395802991616938,0.5993508695021368,-0.031243447044468797,0.6333687111815804,0.40448408822507104,0.6106807744080496,0.6497135350454677,0.5935967962737334,-0.11841823667521811,0.6249985982197592,0.8452399389901789,0.7745031241042948,1.0,0.7687847200744151,0.5677070010453276,0.7351989863839342,0.7527334765240473,0.06748166177195193,-0.03974247175247475,0.6828432390695534,0.646606035618649,0.5843437491370989,0.6978880660280309,0.5974603053899316,0.7145343549367382,0.7167521253100237,0.44908840001922845,0.31084055279116724,0.612864710490286,0.631663115366204,0.678930089998701,0.15388826733779426,0.6512970647691139,0.026221138932609266,0.6718450104426521,0.2240233560446412,0.6171452632244414,0.11815471800902486,0.765544071099673,0.5267192413455435,0.57394461299535
0.7004337301367095,0.6578397489976359,-0.104431995929128,0.02856436694367311,0.6484646383753153,0.46308776100283244,0.21488200900084978,-0.08641077794154811,0.5959625036188636,0.5442971974223643,0.4666795602863546,0.5967680537936036,0.22225484306883375,0.028543184298815905,0.6532210672811761,0.7625254195788529,0.05853182447605139,0.1164879672498524,0.795212193586604,0.1395335364103512,0.7462276172788953,0.055692575149650446,0.7025989394625615,0.5172266921190721,0.6771519939852295,0.747233083334115,0.6976200741251639,-0.10281002749968912,0.7172627002419601,0.7765101920282709,0.8615705506242659,0.7687847200744151,1.0,0.6827561180575591,0.689561308658402,0.7479493211285553,0.1742149348921819,0.054469352130998204,0.6488685990640561,0.6913724984204902,0.6750158021818049,0.6499951030966709,0.5081054505185818,0.5171804258592387,0.5300372997840707,0.5407581463479956,0.3977623046219297,0.7415800368863277,0.7817036526412211,0.8300668170882357,0.2407552269438631,0.7985050114730698,0.11268199118566194,0.8214138829922722,0.3060418895847993,0.6755715282203972,0.2511121851844243,0.6756774941015229,0.6224319038349634,0.6094132742622502
0.9254390565967245,0.7891415092361992,0.04324309873683757,0.18055808584917182,0.8097089086121768,0.6465216326413933,0.37242003976528915,0.09719263651320742,0.744698527786231,0.7079248162966144,0.5431877586826157,0.7998662928066275,0.39126986984149503,0.21700792502185856,0.8487341827404334,0.7022085088562838,0.21936000992195562,0.269287888301002,0.8295772851136812,0.234089248097284,0.7986651835656415,0.2417348237713705,0.9010284318379377,0.7008982556244268,0.7868599085276309,0.8922163194205066,0.7889883186193553,0.007986711089985398,0.977321441138128,0.6341276838480379,0.7690258824816876,0.5677070010453276,0.6827561180575591,1.0,0.8654160169831322,0.6214336677362293,0.317921716971536,0.2720630501922624,0.8287953420088033,0.6328045718652683,0.9140225947281777,0.887496814548634,0.729971203838776,0.6471485274668154,0.6996814790928846,0.8715860370875109,0.2985050681167133,0.7624742134140894,0.7222151316901151,0.7699642131434933,0.29560446345503255,0.8083149822824686,0.3126754919610996,0.7555469574320594,0.21227646151246912,0.8727331600554781,0.12457337923038447,0.7640173042131713,0.8066861126189087,0.8077449109469226
