1.0,0.6206,0.19865,0.2162,0.6436,0.5939,0.20125,0.15075,0.61945,0.6588499999999999,0.5107999999999999,0.7072,0.2096,0.24125000000000002,0.5951,0.61955,0.15914999999999999,0.0968,0.6968,0.09375,0.60185,0.15475,0.8122,0.29205000000000003,0.7246,0.7821,0.7268,0.08425,0.8127000000000001,0.6142000000000001,0.6692,0.65445,0.6005,0.7698,0.8018000000000001,0.5690000000000001,0.19405,0.19890000000000002,0.7361,0.58205,0.7156,0.7603,0.6504,0.5939,0.6413,0.7495499999999999,0.15035,0.48205,0.6743,0.3099,0.12840000000000001,0.6369,0.2091,0.614,0.11339999999999999,0.7920499999999999,0.17545,0.7804,0.6754,0.7925500000000001
0.6206,1.0,0.09995000000000001,0.20455,0.8411,0.7686499999999999,0.10475000000000001,0.15855,0.79245,0.8468,0.78705,0.6888,0.22915000000000002,0.1626,0.6696,0.6317999999999999,0.17875000000000002,0.1176,0.725,0.09965,0.68755,0.15994999999999998,0.72465,0.2555,0.6292,0.7738,0.7628,0.12190000000000001,0.7213,0.7026,0.7168,0.6526,0.65605,0.6229,0.7941,0.68685,0.12344999999999999,0.1488,0.8471500000000001,0.508,0.48250000000000004,0.8285,0.65515,0.81735,0.86075,0.48434999999999995,0.05945,0.2984,0.53245,0.16595,0.12335,0.7455,0.21155,0.6005,0.0944,0.6376000000000001,0.08255,0.7746999999999999,0.8509499999999999,0.7119
0.19865,0.09995000000000001,1.0,0.6844,0.11904999999999999,0.13774999999999998,0.59965,0.8151999999999999,0.13265,0.1273,0.1192,0.0818,0.54945,0.77265,0.149,0.13,0.58965,0.6063,0.19890000000000002,0.6205,0.0886,0.7056,0.19290000000000002,0.46175,0.20554999999999998,0.1785,0.13294999999999998,0.78255,0.16605,0.0605,0.1096,0.06955,0.053849999999999995,0.17985,0.16055,0.057199999999999994,0.6263,0.68435,0.16995,0.0963,0.18,0.1251,0.1908,0.10124999999999999,0.0974,0.17915,0.52515,0.33555,0.10315,0.37,0.5624,0.14730000000000001,0.5453,0.12290000000000001,0.5266,0.18605,0.6072,0.1888,0.13915,0.1176
0.2162,0.20455,0.6844,1.0,0.13465,0.21030000000000001,0.5843499999999999,0.77175,0.22949999999999998,0.17415,0.153,0.1183,0.6618999999999999,0.72785,0.1389,0.14415,0.67725,0.64595,0.17725,0.6508,0.03955,0.66605,0.1889,0.61575,0.21295000000000003,0.13705,0.1755,0.70555,0.10129999999999999,0.052349999999999994,0.09605,0.0388,0.0337,0.11095,0.205,0.04465,0.65895,0.7416,0.17075,0.08165,0.07930000000000001,0.1534,0.19895000000000002,0.18375,0.16875,0.1467,0.5495,0.38980000000000004,0.0707,0.4281,0.64085,0.15405,0.6336,0.0925,0.5223,0.0984,0.62935,0.14615,0.18945,0.17915
0.6436,0.8411,0.11904999999999999,0.13465,1.0,0.67445,0.12335,0.12244999999999999,0.6964,0.83515,0.73415,0.68765,0.21915,0.1275,0.75595,0.67775,0.14684999999999998,0.11939999999999999,0.67745,0.1125,0.7793,0.16325,0.7537,0.24559999999999998,0.6204,0.8048500000000001,0.7926,0.1012,0.7946500000000001,0.77,0.7652,0.7421,0.732,0.6934,0.77435,0.7783,0.0978,0.0984,0.88405,0.60965,0.6294500000000001,0.8385,0.6142000000000001,0.7765,0.86825,0.5176499999999999,0.14404999999999998,0.4085,0.6207499999999999,0.2624,0.1393,0.7459,0.20625,0.67005,0.1486,0.7121999999999999,0.066,0.8051999999999999,0.7960499999999999,0.68505
0.5939,0.7686499999999999,0.13774999999999998,0.21030000000000001,0.67445,1.0,0.1567,0.17485,0.8037000000000001,0.7437,0.7288,0.65595,0.24830000000000002,0.21525,0.64915,0.6458,0.1792,0.13085,0.66855,0.1213,0.67195,0.14175,0.60625,0.31455,0.7150000000000001,0.64095,0.69345,0.1305,0.6651,0.6048,0.6790499999999999,0.57055,0.57245,0.61395,0.7215499999999999,0.58365,0.13165,0.17835,0.71085,0.5193,0.48955000000000004,0.76,0.6747,0.5993999999999999,0.69335,0.5279,0.09705,0.2999,0.54305,0.23595000000000002,0.11979999999999999,0.7129,0.2395,0.6106,0.14450000000000002,0.64065,0.09559999999999999,0.6966,0.8088,0.6529
0.20125,0.10475000000000001,0.59965,0.5843499999999999,0.12335,0.1567,1.0,0.56715,0.11835,0.10355,0.1099,0.13915,0.6875,0.63385,0.16935,0.07744999999999999,0.79565,0.73925,0.16955,0.76275,0.11904999999999999,0.6346499999999999,0.12895,0.67655,0.2424,0.0831,0.10395000000000001,0.54665,0.1776,0.11240000000000001,0.0898,0.10645,0.01135,0.1349,0.12669999999999998,0.09519999999999999,0.82925,0.6187,0.1867,0.1662,0.21230000000000002,0.1289,0.08725000000000001,0.08005,0.0862,0.2085,0.5819,0.49494999999999995,0.1482,0.5159,0.71485,0.12215000000000001,0.5800500000000001,0.0417,0.51905,0.1792,0.708,0.15860000000000002,0.12084999999999999,0.12044999999999999
0.15075,0.15855,0.8151999999999999,0.77175,0.12244999999999999,0.17485,0.56715,1.0,0.1526,0.1525,0.1251,0.11445000000000001,0.67675,0.8208,0.10625,0.08864999999999999,0.64245,0.70255,0.1702,0.70975,0.0583,0.73125,0.1552,0.5446,0.1497,0.10400000000000001,0.14335,0.89535,0.081,0.041999999999999996,0.0743,0.02865,0.03225,0.11435,0.17695,0.028000000000000004,0.61005,0.7917,0.15265,0.05,0.061950000000000005,0.1439,0.18214999999999998,0.12179999999999999,0.15745,0.13355,0.59395,0.32120000000000004,0.05739999999999999,0.37085,0.6455,0.16455,0.68755,0.0837,0.5908,0.0905,0.64625,0.11180000000000001,0.14535,0.1668
0.61945,0.79245,0.13265,0.22949999999999998,0.6964,0.8037000000000001,0.11835,0.1526,1.0,0.7613000000000001,0.6904,0.6996,0.2792,0.1675,0.70735,0.72445,0.1888,0.1367,0.7393500000000001,0.10575000000000001,0.6937,0.16635,0.7187,0.32599999999999996,0.6906,0.73065,0.7344,0.1289,0.7357,0.57565,0.7206,0.57945,0.6184499999999999,0.6515,0.7532,0.5569,0.15994999999999998,0.12885,0.7291000000000001,0.513,0.48095,0.77945,0.7128,0.63145,0.71835,0.4951,0.10124999999999999,0.3095,0.56615,0.21545,0.1139,0.73405,0.2475,0.66035,0.1424,0.6389,0.1075,0.73295,0.8773500000000001,0.6627500000000001
0.6588499999999999,0.8468,0.1273,0.17415,0.83515,0.7437,0.10355,0.1525,0.7613000000000001,1.0,0.7059,0.7805500000000001,0.2232,0.19595,0.64525,0.63605,0.1609,0.12210000000000001,0.71575,0.10805000000000001,0.6636,0.19195,0.71785,0.2544,0.6783,0.8388,0.7883,0.09559999999999999,0.75215,0.68135,0.6851,0.62105,0.67035,0.6462,0.8299,0.74985,0.13485,0.15389999999999998,0.8397,0.50245,0.5147999999999999,0.7961,0.70365,0.7924,0.8674,0.55915,0.0626,0.27240000000000003,0.5247499999999999,0.16935,0.13620000000000002,0.7625,0.2163,0.6103500000000001,0.07055,0.6616,0.08605,0.8087500000000001,0.86425,0.776
0.5107999999999999,0.78705,0.1192,0.153,0.73415,0.7288,0.1099,0.1251,0.6904,0.7059,1.0,0.55845,0.20445000000000002,0.13879999999999998,0.6029,0.5783,0.16140000000000002,0.1602,0.65915,0.15045,0.7174,0.1787,0.6035999999999999,0.24489999999999998,0.57975,0.6067,0.5991500000000001,0.11850000000000001,0.6752,0.58275,0.6751,0.5991500000000001,0.5786,0.5991500000000001,0.6243000000000001,0.6275999999999999,0.1254,0.15375,0.69185,0.48355,0.4626,0.7389,0.5993,0.6645,0.6908000000000001,0.43555,0.11145000000000001,0.2833,0.45644999999999997,0.20249999999999999,0.1535,0.6808500000000001,0.20659999999999998,0.58655,0.10855,0.583,0.11745000000000001,0.6303,0.7544,0.5433
0.7072,0.6888,0.0818,0.1183,0.68765,0.65595,0.13915,0.11445000000000001,0.6996,0.7805500000000001,0.55845,1.0,0.23955,0.15265,0.6244500000000001,0.5887,0.17504999999999998,0.14005,0.6565000000000001,0.1086,0.59715,0.1597,0.73155,0.29075,0.68735,0.72645,0.7969,0.1002,0.76425,0.58485,0.6121000000000001,0.59785,0.5963,0.7021499999999999,0.8010999999999999,0.6331,0.12975,0.1129,0.7994,0.49995,0.58665,0.81165,0.6321,0.6633,0.70835,0.6283000000000001,0.05,0.341,0.5871500000000001,0.1641,0.1214,0.6877,0.20779999999999998,0.5735,0.05885,0.75615,0.0869,0.74785,0.76585,0.8236000000000001
0.2096,0.22915000000000002,0.54945,0.6618999999999999,0.21915,0.24830000000000002,0.6875,0.67675,0.2792,0.2232,0.20445000000000002,0.23955,1.0,0.69185,0.21395,0.16995,0.83705,0.83675,0.22185000000000002,0.82105,0.13715,0.7363999999999999,0.1726,0.76315,0.27090000000000003,0.1478,0.1847,0.6389,0.17665,0.11145000000000001,0.1417,0.0939,0.057550000000000004,0.15360000000000001,0.21739999999999998,0.0839,0.77385,0.6761999999999999,0.25245,0.1076,0.12125,0.23264999999999997,0.20525000000000002,0.15595,0.2185,0.15955,0.7392000000000001,0.44400000000000006,0.11964999999999999,0.4869,0.81005,0.21625,0.8544,0.10375000000000001,0.6782,0.1716,0.71425,0.18585000000000002,0.26395,0.18765
0.24125000000000002,0.1626,0.77265,0.72785,0.1275,0.21525,0.63385,0.8208,0.1675,0.19595,0.13879999999999998,0.15265,0.69185,1.0,0.13795,0.11625,0.70995,0.6527999999999999,0.20535,0.6643,0.0428,0.85315,0.1602,0.58575,0.25070000000000003,0.18145,0.15914999999999999,0.7821,0.15055000000000002,0.08145,0.0889,0.0469,0.01775,0.1508,0.23610000000000003,0.034100000000000005,0.6954,0.74905,0.2028,0.0756,0.10605,0.14925,0.2343,0.1377,0.1598,0.1988,0.58055,0.3277,0.10885,0.38184999999999997,0.7133499999999999,0.14015,0.6778,0.0641,0.6003499999999999,0.16924999999999998,0.6952499999999999,0.21055000000000001,0.17905,0.19975
0.5951,0.6696,0.149,0.1389,0.75595,0.64915,0.16935,0.10625,0.70735,0.64525,0.6029,0.6244500000000001,0.21395,0.13795,1.0,0.6492,0.1552,0.1601,0.64955,0.12885,0.7255499999999999,0.1626,0.7094,0.28815,0.6113000000000001,0.6814,0.657,0.10269999999999999,0.76425,0.65755,0.7344999999999999,0.65625,0.6578,0.6959,0.6796,0.5971,0.1516,0.07365000000000001,0.7572,0.5608500000000001,0.5763499999999999,0.7422,0.5185500000000001,0.6002,0.6422,0.45759999999999995,0.1658,0.43495,0.60615,0.2671,0.11385,0.64515,0.1881,0.63785,0.15794999999999998,0.6524,0.07315,0.7382,0.71155,0.6219
0.61955,0.6317999999999999,0.13,0.14415,0.67775,0.6458,0.07744999999999999,0.08864999999999999,0.72445,0.63605,0.5783,0.5887,0.16995,0.11625,0.6492,1.0,0.0671,0.040400000000000005,0.65925,0.039,0.7121000000000001,0.0727,0.7182999999999999,0.2125,0.6594,0.6548499999999999,0.6302,0.07395,0.72675,0.64385,0.74465,0.6604,0.7341,0.7079,0.64775,0.6496999999999999,0.071,0.0658,0.6348,0.63905,0.58145,0.7110000000000001,0.6031500000000001,0.53085,0.6035999999999999,0.50295,0.20739999999999997,0.39544999999999997,0.7625,0.40004999999999996,0.0618,0.67565,0.1459,0.8571500000000001,0.29064999999999996,0.63895,0.09525,0.6516,0.7,0.6355000000000001
0.15914999999999999,0.17875000000000002,0.58965,0.67725,0.14684999999999998,0.1792,0.79565,0.64245,0.1888,0.1609,0.16140000000000002,0.17504999999999998,0.83705,0.70995,0.1552,0.0671,1.0,0.8322499999999999,0.16885,0.85335,0.09695000000000001,0.7867,0.1272,0.64995,0.20485000000000003,0.1089,0.12905,0.62035,0.1395,0.06495,0.06375,0.046700000000000005,0.0060999999999999995,0.081,0.1424,0.041299999999999996,0.8609,0.70565,0.19745,0.07815,0.0913,0.15109999999999998,0.12825,0.12575,0.15455000000000002,0.13720000000000002,0.647,0.38595,0.07355,0.39825,0.8560000000000001,0.1412,0.74405,0.0063,0.59805,0.10149999999999999,0.7831,0.15025,0.1916,0.13879999999999998
0.0968,0.1176,0.6063,0.64595,0.11939999999999999,0.13085,0.73925,0.70255,0.1367,0.12210000000000001,0.1602,0.14005,0.83675,0.6527999999999999,0.1601,0.040400000000000005,0.8322499999999999,1.0,0.07395,0.92075,0.06,0.7703,0.0805,0.6461,0.14450000000000002,0.05525,0.08575,0.696,0.1041,0.007000000000000001,0.024149999999999998,0.0059499999999999996,0.0107,0.0705,0.10705,0.0098,0.79355,0.68965,0.14584999999999998,0.013750000000000002,0.06255,0.1268,0.06434999999999999,0.1167,0.11405000000000001,0.10149999999999999,0.6256,0.3379,0.0196,0.37695,0.8223499999999999,0.0945,0.7398,0.01365,0.5627500000000001,0.06595,0.71505,0.09835,0.14750000000000002,0.0785
0.6968,0.725,0.19890000000000002,0.17725,0.67745,0.66855,0.16955,0.1702,0.7393500000000001,0.71575,0.65915,0.6565000000000001,0.22185000000000002,0.20535,0.64955,0.65925,0.16885,0.07395,1.0,0.12664999999999998,0.76075,0.1442,0.7504500000000001,0.29035,0.77535,0.7461,0.6959500000000001,0.1406,0.74425,0.64015,0.77785,0.6759999999999999,0.64835,0.6819,0.7331000000000001,0.6184999999999999,0.21280000000000002,0.1994,0.7102999999999999,0.5309999999999999,0.56005,0.7397,0.6959500000000001,0.5873,0.66615,0.54855,0.17915,0.3822,0.64745,0.28985,0.16695,0.8144500000000001,0.20245000000000002,0.6543,0.11935,0.6748000000000001,0.22845,0.75285,0.7962,0.716
0.09375,0.09965,0.6205,0.6508,0.1125,0.1213,0.76275,0.70975,0.10575000000000001,0.10805000000000001,0.15045,0.1086,0.82105,0.6643,0.12885,0.039,0.85335,0.92075,0.12664999999999998,1.0,0.0857,0.75535,0.07485,0.6155999999999999,0.15765,0.05125,0.07955,0.69115,0.08185,0.0422,0.060950000000000004,0.04185,0.006750000000000001,0.045200000000000004,0.09190000000000001,0.04235,0.8138,0.69545,0.1323,0.050749999999999997,0.06055000000000001,0.10385,0.07744999999999999,0.0856,0.11240000000000001,0.0985,0.66045,0.3399,0.02295,0.37615,0.8772500000000001,0.1477,0.7198,0.00485,0.5671,0.035949999999999996,0.7577499999999999,0.0727,0.11379999999999998,0.08995
0.60185,0.68755,0.0886,0.03955,0.7793,0.67195,0.11904999999999999,0.0583,0.6937,0.6636,0.7174,0.59715,0.13715,0.0428,0.7255499999999999,0.7121000000000001,0.09695000000000001,0.06,0.76075,0.0857,1.0,0.05995,0.71045,0.1403,0.61005,0.68995,0.67615,0.045950000000000005,0.80575,0.72615,0.82675,0.7786,0.7302500000000001,0.73995,0.6761999999999999,0.70865,0.0735,0.0534,0.7182999999999999,0.6689499999999999,0.6435500000000001,0.7787,0.6304000000000001,0.5879,0.6764,0.5392,0.1875,0.41645000000000004,0.65515,0.2677,0.0871,0.7805500000000001,0.1343,0.74455,0.13855,0.67865,0.10825,0.7077,0.76775,0.6117
0.15475,0.15994999999999998,0.7056,0.66605,0.16325,0.14175,0.6346499999999999,0.73125,0.16635,0.19195,0.1787,0.1597,0.7363999999999999,0.85315,0.1626,0.0727,0.7867,0.7703,0.1442,0.75535,0.05995,1.0,0.13315,0.5519499999999999,0.20115,0.1587,0.11015,0.7071500000000001,0.15925,0.028599999999999997,0.0451,0.013750000000000002,0.00685,0.11225,0.16745000000000002,0.01185,0.7626999999999999,0.6838,0.20125,0.0283,0.04585,0.137,0.16555,0.1411,0.1643,0.1117,0.53185,0.30155,0.047799999999999995,0.29569999999999996,0.7937000000000001,0.09609999999999999,0.67085,0.0171,0.57515,0.12395,0.6681,0.1888,0.19290000000000002,0.14045000000000002
0.8122,0.72465,0.19290000000000002,0.1889,0.7537,0.60625,0.12895,0.1552,0.7187,0.71785,0.6035999999999999,0.73155,0.1726,0.1602,0.7094,0.7182999999999999,0.1272,0.0805,0.7504500000000001,0.07485,0.71045,0.13315,1.0,0.25075,0.6877,0.8215999999999999,0.8181499999999999,0.15814999999999999,0.86075,0.6537,0.7563500000000001,0.6993,0.6808,0.7828,0.78365,0.6247,0.12645,0.11435,0.8180999999999999,0.6386999999999999,0.73405,0.84235,0.6671,0.65385,0.73775,0.6695,0.1069,0.4157,0.66345,0.2414,0.1095,0.7188,0.16325,0.6945,0.10540000000000001,0.74785,0.11095,0.8003500000000001,0.76395,0.8086499999999999
0.29205000000000003,0.2555,0.46175,0.61575,0.24559999999999998,0.31455,0.67655,0.5446,0.32599999999999996,0.2544,0.24489999999999998,0.29075,0.76315,0.58575,0.28815,0.2125,0.64995,0.6461,0.29035,0.6155999999999999,0.1403,0.5519499999999999,0.25075,1.0,0.42225,0.1789,0.2581,0.46719999999999995,0.23984999999999998,0.15489999999999998,0.1709,0.12315000000000001,0.0892,0.2016,0.28959999999999997,0.11215,0.6494,0.5780000000000001,0.3081,0.205,0.23485,0.2915,0.20595,0.1898,0.2433,0.25285,0.56035,0.5992,0.2385,0.67225,0.59895,0.24315000000000003,0.70985,0.1347,0.5147,0.25605,0.58795,0.2662,0.29225,0.2487
0.7246,0.6292,0.20554999999999998,0.21295000000000003,0.6204,0.7150000000000001,0.2424,0.1497,0.6906,0.6783,0.57975,0.68735,0.27090000000000003,0.25070000000000003,0.6113000000000001,0.6594,0.20485000000000003,0.14450000000000002,0.77535,0.15765,0.61005,0.20115,0.6877,0.42225,1.0,0.6881999999999999,0.67625,0.11299999999999999,0.74115,0.62235,0.6552,0.5768500000000001,0.5659500000000001,0.6779499999999999,0.71915,0.57475,0.25985,0.1963,0.6950000000000001,0.6127,0.6206,0.716,0.5782499999999999,0.5225500000000001,0.6014,0.62,0.1729,0.4744,0.6734,0.36635,0.1766,0.72105,0.2325,0.6134999999999999,0.13345,0.73515,0.2192,0.74825,0.712,0.6672
0.7821,0.7738,0.1785,0.13705,0.8048500000000001,0.64095,0.0831,0.10400000000000001,0.73065,0.8388,0.6067,0.72645,0.1478,0.18145,0.6814,0.6548499999999999,0.1089,0.05525,0.7461,0.05125,0.68995,0.1587,0.8215999999999999,0.1789,0.6881999999999999,1.0,0.8454499999999999,0.0629,0.84565,0.71045,0.7565500000000001,0.7051000000000001,0.7508,0.6937,0.87845,0.6807000000000001,0.1318,0.0987,0.8472500000000001,0.55445,0.6428,0.8140499999999999,0.7116,0.7466999999999999,0.8212999999999999,0.64195,0.052149999999999995,0.311,0.5965,0.16015,0.0922,0.77005,0.13935,0.6418,0.058050000000000004,0.7415,0.086,0.90585,0.8247,0.7449
0.7268,0.7628,0.13294999999999998,0.1755,0.7926,0.69345,0.10395000000000001,0.14335,0.7344,0.7883,0.5991500000000001,0.7969,0.1847,0.15914999999999999,0.657,0.6302,0.12905,0.08575,0.6959500000000001,0.07955,0.67615,0.11015,0.8181499999999999,0.2581,0.67625,0.8454499999999999,1.0,0.1535,0.7751,0.7076,0.71565,0.70025,0.7072499999999999,0.65035,0.8775499999999999,0.68365,0.0837,0.0886,0.86425,0.58135,0.6549,0.8451000000000001,0.6900000000000001,0.77125,0.84055,0.64195,0.057199999999999994,0.3445,0.63695,0.20329999999999998,0.10874999999999999,0.74935,0.16040000000000001,0.60445,0.06755,0.72195,0.0806,0.84335,0.8067500000000001,0.7465499999999999
0.08425,0.12190000000000001,0.78255,0.70555,0.1012,0.1305,0.54665,0.89535,0.1289,0.09559999999999999,0.11850000000000001,0.1002,0.6389,0.7821,0.10269999999999999,0.07395,0.62035,0.696,0.1406,0.69115,0.045950000000000005,0.7071500000000001,0.15814999999999999,0.46719999999999995,0.11299999999999999,0.0629,0.1535,1.0,0.0626,0.03295,0.0622,0.0183,0.01395,0.07725,0.10965,0.020499999999999997,0.5897,0.7024,0.13755,0.028199999999999996,0.0606,0.12455000000000001,0.1143,0.09035,0.1199,0.0615,0.546,0.25265,0.0443,0.28895,0.62905,0.1391,0.6062000000000001,0.07235,0.5562,0.08295,0.6205499999999999,0.08259999999999999,0.11445000000000001,0.09245
0.8127000000000001,0.7213,0.16605,0.10129999999999999,0.7946500000000001,0.6651,0.1776,0.081,0.7357,0.75215,0.6752,0.76425,0.17665,0.15055000000000002,0.76425,0.72675,0.1395,0.1041,0.74425,0.08185,0.80575,0.15925,0.86075,0.23984999999999998,0.74115,0.84565,0.7751,0.0626,1.0,0.7295,0.79945,0.7727,0.7482,0.8558,0.8060499999999999,0.73155,0.16755,0.0982,0.8371999999999999,0.7039,0.7741,0.89885,0.6456999999999999,0.68565,0.7415,0.7256,0.15375,0.48605,0.7072,0.26225,0.0886,0.76285,0.16455,0.7523500000000001,0.1285,0.8337999999999999,0.12575,0.8625,0.79355,0.7478
0.6142000000000001,0.7026,0.0605,0.052349999999999994,0.77,0.6048,0.11240000000000001,0.041999999999999996,0.57565,0.68135,0.58275,0.58485,0.11145000000000001,0.08145,0.65755,0.64385,0.06495,0.007000000000000001,0.64015,0.0422,0.72615,0.028599999999999997,0.6537,0.15489999999999998,0.62235,0.71045,0.7076,0.03295,0.7295,1.0,0.8469,0.79445,0.71095,0.61745,0.6961999999999999,0.86995,0.0608,0.0149,0.73465,0.72105,0.6184499999999999,0.7401500000000001,0.4824,0.6794,0.7309,0.5179,0.23625,0.46025,0.655,0.2905,0.06995,0.7121500000000001,0.0828,0.70275,0.1402,0.68745,0.1528,0.73205,0.6488,0.59005
0.6692,0.7168,0.1096,0.09605,0.7652,0.6790499999999999,0.0898,0.0743,0.7206,0.6851,0.6751,0.6121000000000001,0.1417,0.0889,0.7344999999999999,0.74465,0.06375,0.024149999999999998,0.77785,0.060950000000000004,0.82675,0.0451,0.7563500000000001,0.1709,0.6552,0.7565500000000001,0.71565,0.0622,0.79945,0.8469,1.0,0.8550000000000001,0.74825,0.73155,0.71855,0.8188000000000001,0.07495,0.05125,0.7409,0.71845,0.6382,0.8126,0.63755,0.60885,0.6791,0.54985,0.274,0.4593,0.6507,0.2988,0.0867,0.79585,0.12695,0.8050499999999999,0.18005,0.7394499999999999,0.17155,0.75395,0.7594000000000001,0.6622
0.65445,0.6526,0.06955,0.0388,0.7421,0.57055,0.10645,0.02865,0.57945,0.62105,0.5991500000000001,0.59785,0.0939,0.0469,0.65625,0.6604,0.046700000000000005,0.0059499999999999996,0.6759999999999999,0.04185,0.7786,0.013750000000000002,0.6993,0.12315000000000001,0.5768500000000001,0.7051000000000001,0.70025,0.0183,0.7727,0.79445,0.8550000000000001,1.0,0.7674000000000001,0.6919,0.69915,0.7945,0.0528,0.00465,0.7342500000000001,0.6992,0.6599999999999999,0.76585,0.6132,0.6582,0.68875,0.5694,0.21355,0.44315,0.67435,0.31015000000000004,0.05815,0.7144999999999999,0.073,0.6889000000000001,0.18505,0.7247,0.11810000000000001,0.7538,0.654,0.6355500000000001
0.6005,0.65605,0.053849999999999995,0.0337,0.732,0.57245,0.01135,0.03225,0.6184499999999999,0.67035,0.5786,0.5963,0.057550000000000004,0.01775,0.6578,0.7341,0.0060999999999999995,0.0107,0.64835,0.006750000000000001,0.7302500000000001,0.00685,0.6808,0.0892,0.5659500000000001,0.7508,0.7072499999999999,0.01395,0.7482,0.71095,0.74825,0.7674000000000001,1.0,0.67205,0.70985,0.72085,0.0081,0.00745,0.70465,0.6042,0.6089,0.7505,0.5203,0.6014999999999999,0.67335,0.5428499999999999,0.11595,0.35305,0.701,0.2945,0.010150000000000001,0.7439,0.07335,0.75995,0.1982,0.67095,0.0411,0.726,0.6876,0.6029
0.7698,0.6229,0.17985,0.11095,0.6934,0.61395,0.1349,0.11435,0.6515,0.6462,0.5991500000000001,0.7021499999999999,0.15360000000000001,0.1508,0.6959,0.7079,0.081,0.0705,0.6819,0.045200000000000004,0.73995,0.11225,0.7828,0.2016,0.6779499999999999,0.6937,0.65035,0.07725,0.8558,0.61745,0.73155,0.6919,0.67205,1.0,0.73905,0.63815,0.11055,0.13495,0.72265,0.61205,0.7342,0.79995,0.6374500000000001,0.5772,0.6013499999999999,0.7105,0.19245,0.4321,0.6572,0.2739,0.046400000000000004,0.7034,0.18365,0.7471,0.17845,0.8291499999999999,0.1002,0.74285,0.6820999999999999,0.7162
0.8018000000000001,0.7941,0.16055,0.205,0.77435,0.7215499999999999,0.12669999999999998,0.17695,0.7532,0.8299,0.6243000000000001,0.8010999999999999,0.21739999999999998,0.23610000000000003,0.6796,0.64775,0.1424,0.10705,0.7331000000000001,0.09190000000000001,0.6761999999999999,0.16745000000000002,0.78365,0.28959999999999997,0.71915,0.87845,0.8775499999999999,0.10965,0.8060499999999999,0.6961999999999999,0.71855,0.69915,0.70985,0.73905,1.0,0.64595,0.1187,0.1599,0.86905,0.5685,0.6221,0.8587,0.7542,0.7925,0.8343999999999999,0.7058,0.0737,0.35035,0.60625,0.21815,0.11695,0.77635,0.2111,0.6249,0.08315,0.76265,0.10364999999999999,0.87045,0.83715,0.79245
0.5690000000000001,0.68685,0.057199999999999994,0.04465,0.7783,0.58365,0.09519999999999999,0.028000000000000004,0.5569,0.74985,0.6275999999999999,0.6331,0.0839,0.034100000000000005,0.5971,0.6496999999999999,0.041299999999999996,0.0098,0.6184999999999999,0.04235,0.70865,0.01185,0.6247,0.11215,0.57475,0.6807000000000001,0.68365,0.020499999999999997,0.73155,0.86995,0.8188000000000001,0.7945,0.72085,0.63815,0.64595,1.0,0.04555,0.00245,0.7161,0.6902,0.61505,0.7293499999999999,0.496,0.6957,0.7050500000000001,0.52125,0.23879999999999998,0.41289999999999993,0.59905,0.28565,0.05655,0.7246,0.06815,0.73885,0.16085,0.6744,0.1421,0.6811499999999999,0.63715,0.6173
0.19405,0.12344999999999999,0.6263,0.65895,0.0978,0.13165,0.82925,0.61005,0.15994999999999998,0.13485,0.1254,0.12975,0.77385,0.6954,0.1516,0.071,0.8609,0.79355,0.21280000000000002,0.8138,0.0735,0.7626999999999999,0.12645,0.6494,0.25985,0.1318,0.0837,0.5897,0.16755,0.0608,0.07495,0.0528,0.0081,0.11055,0.1187,0.04555,1.0,0.7212500000000001,0.15855,0.062150000000000004,0.12295,0.09559999999999999,0.11535,0.0892,0.0979,0.1718,0.62015,0.39895,0.094,0.4255,0.8022,0.13745000000000002,0.6548,0.0158,0.56315,0.12905,0.77695,0.1769,0.1609,0.1048
0.19890000000000002,0.1488,0.68435,0.7416,0.0984,0.17835,0.6187,0.7917,0.12885,0.15389999999999998,0.15375,0.1129,0.6761999999999999,0.74905,0.07365000000000001,0.0658,0.70565,0.68965,0.1994,0.69545,0.0534,0.6838,0.11435,0.5780000000000001,0.1963,0.0987,0.0886,0.7024,0.0982,0.0149,0.05125,0.00465,0.00745,0.13495,0.1599,0.00245,0.7212500000000001,1.0,0.1283,0.006900000000000001,0.06344999999999999,0.1248,0.18445,0.1121,0.14025,0.1474,0.6244500000000001,0.31325,0.074,0.3794,0.67935,0.16365000000000002,0.6992,0.0586,0.53645,0.10815,0.72195,0.1272,0.14315,0.16285
0.7361,0.8471500000000001,0.16995,0.17075,0.88405,0.71085,0.1867,0.15265,0.7291000000000001,0.8397,0.69185,0.7994,0.25245,0.2028,0.7572,0.6348,0.19745,0.14584999999999998,0.7102999999999999,0.1323,0.7182999999999999,0.20125,0.8180999999999999,0.3081,0.6950000000000001,0.8472500000000001,0.86425,0.13755,0.8371999999999999,0.73465,0.7409,0.7342500000000001,0.70465,0.72265,0.86905,0.7161,0.15855,0.1283,1.0,0.5926,0.6431,0.8917999999999999,0.6628999999999999,0.7652,0.84385,0.60685,0.1008,0.39775,0.61345,0.23820000000000002,0.15855,0.7491,0.22325,0.6125499999999999,0.10245,0.77325,0.1038,0.86425,0.82955,0.78345
0.58205,0.508,0.0963,0.08165,0.60965,0.5193,0.1662,0.05,0.513,0.50245,0.48355,0.49995,0.1076,0.0756,0.5608500000000001,0.63905,0.07815,0.013750000000000002,0.5309999999999999,0.050749999999999997,0.6689499999999999,0.0283,0.6386999999999999,0.205,0.6127,0.55445,0.58135,0.028199999999999996,0.7039,0.72105,0.71845,0.6992,0.6042,0.61205,0.5685,0.6902,0.062150000000000004,0.006900000000000001,0.5926,1.0,0.66635,0.6491,0.41235,0.44475,0.5056499999999999,0.5745,0.24889999999999998,0.6024499999999999,0.69115,0.3397,0.0645,0.60935,0.0757,0.68415,0.14945,0.6053,0.16135,0.5788,0.52755,0.53235
0.7156,0.48250000000000004,0.18,0.07930000000000001,0.6294500000000001,0.48955000000000004,0.21230000000000002,0.061950000000000005,0.48095,0.5147999999999999,0.4626,0.58665,0.12125,0.10605,0.5763499999999999,0.58145,0.0913,0.06255,0.56005,0.06055000000000001,0.6435500000000001,0.04585,0.73405,0.23485,0.6206,0.6428,0.6549,0.0606,0.7741,0.6184499999999999,0.6382,0.6599999999999999,0.6089,0.7342,0.6221,0.61505,0.12295,0.06344999999999999,0.6431,0.66635,1.0,0.6871,0.46704999999999997,0.4821,0.5309,0.7837,0.1925,0.45599999999999996,0.6795,0.3792,0.058550000000000005,0.56745,0.11979999999999999,0.6218,0.18565,0.73465,0.13425,0.6657,0.5382,0.6087
0.7603,0.8285,0.1251,0.1534,0.8385,0.76,0.1289,0.1439,0.77945,0.7961,0.7389,0.81165,0.23264999999999997,0.14925,0.7422,0.7110000000000001,0.15109999999999998,0.1268,0.7397,0.10385,0.7787,0.137,0.84235,0.2915,0.716,0.8140499999999999,0.8451000000000001,0.12455000000000001,0.89885,0.7401500000000001,0.8126,0.76585,0.7505,0.79995,0.8587,0.7293499999999999,0.09559999999999999,0.1248,0.8917999999999999,0.6491,0.6871,1.0,0.67595,0.75585,0.80335,0.65245,0.13455,0.44370000000000004,0.663,0.26325,0.11220000000000001,0.81125,0.22549999999999998,0.7365999999999999,0.13245,0.82535,0.1061,0.8314,0.83855,0.7902
0.6504,0.65515,0.1908,0.19895000000000002,0.6142000000000001,0.6747,0.08725000000000001,0.18214999999999998,0.7128,0.70365,0.5993,0.6321,0.20525000000000002,0.2343,0.5185500000000001,0.6031500000000001,0.12825,0.06434999999999999,0.6959500000000001,0.07744999999999999,0.6304000000000001,0.16555,0.6671,0.20595,0.5782499999999999,0.7116,0.6900000000000001,0.1143,0.6456999999999999,0.4824,0.63755,0.6132,0.5203,0.6374500000000001,0.7542,0.496,0.11535,0.18445,0.6628999999999999,0.41235,0.46704999999999997,0.67595,1.0,0.6684,0.7213,0.5730999999999999,0.09335,0.1985,0.47220000000000006,0.14504999999999998,0.12535000000000002,0.65195,0.21739999999999998,0.55715,0.10049999999999999,0.5974,0.10435000000000001,0.7173499999999999,0.778,0.67855
0.5939,0.81735,0.10124999999999999,0.18375,0.7765,0.5993999999999999,0.08005,0.12179999999999999,0.63145,0.7924,0.6645,0.6633,0.15595,0.1377,0.6002,0.53085,0.12575,0.1167,0.5873,0.0856,0.5879,0.1411,0.65385,0.1898,0.5225500000000001,0.7466999999999999,0.77125,0.09035,0.68565,0.6794,0.60885,0.6582,0.6014999999999999,0.5772,0.7925,0.6957,0.0892,0.1121,0.7652,0.44475,0.4821,0.75585,0.6684,1.0,0.8743000000000001,0.49665,0.02565,0.25195,0.4699,0.11944999999999999,0.09815,0.64425,0.1474,0.512,0.0327,0.5861,0.0639,0.76075,0.7155,0.6243000000000001
0.6413,0.86075,0.0974,0.16875,0.86825,0.69335,0.0862,0.15745,0.71835,0.8674,0.6908000000000001,0.70835,0.2185,0.1598,0.6422,0.6035999999999999,0.15455000000000002,0.11405000000000001,0.66615,0.11240000000000001,0.6764,0.1643,0.73775,0.2433,0.6014,0.8212999999999999,0.84055,0.1199,0.7415,0.7309,0.6791,0.68875,0.67335,0.6013499999999999,0.8343999999999999,0.7050500000000001,0.0979,0.14025,0.84385,0.5056499999999999,0.5309,0.80335,0.7213,0.8743000000000001,1.0,0.52815,0.058050000000000004,0.2924,0.53735,0.17270000000000002,0.1456,0.7404,0.20975000000000002,0.5703,0.06885,0.6186499999999999,0.0721,0.8292999999999999,0.8196,0.7066
0.7495499999999999,0.48434999999999995,0.17915,0.1467,0.5176499999999999,0.5279,0.2085,0.13355,0.4951,0.55915,0.43555,0.6283000000000001,0.15955,0.1988,0.45759999999999995,0.50295,0.13720000000000002,0.10149999999999999,0.54855,0.0985,0.5392,0.1117,0.6695,0.25285,0.62,0.64195,0.64195,0.0615,0.7256,0.5179,0.54985,0.5694,0.5428499999999999,0.7105,0.7058,0.52125,0.1718,0.1474,0.60685,0.5745,0.7837,0.65245,0.5730999999999999,0.49665,0.52815,1.0,0.14415,0.34815,0.5760500000000001,0.2871,0.0991,0.56165,0.18505,0.5431,0.1385,0.6927,0.17545,0.64995,0.5490999999999999,0.66025
0.15035,0.05945,0.52515,0.5495,0.14404999999999998,0.09705,0.5819,0.59395,0.10124999999999999,0.0626,0.11145000000000001,0.05,0.7392000000000001,0.58055,0.1658,0.20739999999999997,0.647,0.6256,0.17915,0.66045,0.1875,0.53185,0.1069,0.56035,0.1729,0.052149999999999995,0.057199999999999994,0.546,0.15375,0.23625,0.274,0.21355,0.11595,0.19245,0.0737,0.23879999999999998,0.62015,0.6244500000000001,0.1008,0.24889999999999998,0.1925,0.13455,0.09335,0.02565,0.058050000000000004,0.14415,1.0,0.50765,0.1599,0.54955,0.6668999999999999,0.18935,0.7453000000000001,0.2644,0.76555,0.1794,0.7761,0.09555,0.08175,0.0546
0.48205,0.2984,0.33555,0.38980000000000004,0.4085,0.2999,0.49494999999999995,0.32120000000000004,0.3095,0.27240000000000003,0.2833,0.341,0.44400000000000006,0.3277,0.43495,0.39544999999999997,0.38595,0.3379,0.3822,0.3399,0.41645000000000004,0.30155,0.4157,0.5992,0.4744,0.311,0.3445,0.25265,0.48605,0.46025,0.4593,0.44315,0.35305,0.4321,0.35035,0.41289999999999993,0.39895,0.31325,0.39775,0.6024499999999999,0.45599999999999996,0.44370000000000004,0.1985,0.25195,0.2924,0.34815,0.50765,1.0,0.5248,0.69695,0.3403,0.3836,0.41305,0.44305000000000005,0.38865,0.45415,0.46064999999999995,0.40085,0.32385,0.35205000000000003
0.6743,0.53245,0.10315,0.0707,0.6207499999999999,0.54305,0.1482,0.05739999999999999,0.56615,0.5247499999999999,0.45644999999999997,0.5871500000000001,0.11964999999999999,0.10885,0.60615,0.7625,0.07355,0.0196,0.64745,0.02295,0.65515,0.047799999999999995,0.66345,0.2385,0.6734,0.5965,0.63695,0.0443,0.7072,0.655,0.6507,0.67435,0.701,0.6572,0.60625,0.59905,0.094,0.074,0.61345,0.69115,0.6795,0.663,0.47220000000000006,0.4699,0.53735,0.5760500000000001,0.1599,0.5248,1.0,0.45594999999999997,0.05134999999999999,0.5944499999999999,0.10335000000000001,0.7273,0.24159999999999998,0.6557000000000001,0.12635000000000002,0.65755,0.5844,0.63805
0.3099,0.16595,0.37,0.4281,0.2624,0.23595000000000002,0.5159,0.37085,0.21545,0.16935,0.20249999999999999,0.1641,0.4869,0.38184999999999997,0.2671,0.40004999999999996,0.39825,0.37695,0.28985,0.37615,0.2677,0.29569999999999996,0.2414,0.67225,0.36635,0.16015,0.20329999999999998,0.28895,0.26225,0.2905,0.2988,0.31015000000000004,0.2945,0.2739,0.21815,0.28565,0.4255,0.3794,0.23820000000000002,0.3397,0.3792,0.26325,0.14504999999999998,0.11944999999999999,0.17270000000000002,0.2871,0.54955,0.69695,0.45594999999999997,1.0,0.38305,0.2662,0.4814,0.3689,0.5822499999999999,0.3174,0.4965,0.23335,0.19245,0.2048
0.12840000000000001,0.12335,0.5624,0.64085,0.1393,0.11979999999999999,0.71485,0.6455,0.1139,0.13620000000000002,0.1535,0.1214,0.81005,0.7133499999999999,0.11385,0.0618,0.8560000000000001,0.8223499999999999,0.16695,0.8772500000000001,0.0871,0.7937000000000001,0.1095,0.59895,0.1766,0.0922,0.10874999999999999,0.62905,0.0886,0.06995,0.0867,0.05815,0.010150000000000001,0.046400000000000004,0.11695,0.05655,0.8022,0.67935,0.15855,0.0645,0.058550000000000005,0.11220000000000001,0.12535000000000002,0.09815,0.1456,0.0991,0.6668999999999999,0.3403,0.05134999999999999,0.38305,1.0,0.1572,0.7393,0.01475,0.5769,0.04,0.78435,0.09575,0.13415,0.13040000000000002
0.6369,0.7455,0.14730000000000001,0.15405,0.7459,0.7129,0.12215000000000001,0.16455,0.73405,0.7625,0.6808500000000001,0.6877,0.21625,0.14015,0.64515,0.67565,0.1412,0.0945,0.8144500000000001,0.1477,0.7805500000000001,0.09609999999999999,0.7188,0.24315000000000003,0.72105,0.77005,0.74935,0.1391,0.76285,0.7121500000000001,0.79585,0.7144999999999999,0.7439,0.7034,0.77635,0.7246,0.13745000000000002,0.16365000000000002,0.7491,0.60935,0.56745,0.81125,0.65195,0.64425,0.7404,0.56165,0.18935,0.3836,0.5944499999999999,0.2662,0.1572,1.0,0.21325,0.74315,0.1306,0.7011499999999999,0.18925,0.7434999999999999,0.77945,0.68135
0.2091,0.21155,0.5453,0.6336,0.20625,0.2395,0.5800500000000001,0.68755,0.2475,0.2163,0.20659999999999998,0.20779999999999998,0.8544,0.6778,0.1881,0.1459,0.74405,0.7398,0.20245000000000002,0.7198,0.1343,0.67085,0.16325,0.70985,0.2325,0.13935,0.16040000000000001,0.6062000000000001,0.16455,0.0828,0.12695,0.073,0.07335,0.18365,0.2111,0.06815,0.6548,0.6992,0.22325,0.0757,0.11979999999999999,0.22549999999999998,0.21739999999999998,0.1474,0.20975000000000002,0.18505,0.7453000000000001,0.41305,0.10335000000000001,0.4814,0.7393,0.21325,1.0,0.12455000000000001,0.67265,0.1703,0.71075,0.17265,0.23335,0.18525
0.614,0.6005,0.12290000000000001,0.0925,0.67005,0.6106,0.0417,0.0837,0.66035,0.6103500000000001,0.58655,0.5735,0.10375000000000001,0.0641,0.63785,0.8571500000000001,0.0063,0.01365,0.6543,0.00485,0.74455,0.0171,0.6945,0.1347,0.6134999999999999,0.6418,0.60445,0.07235,0.7523500000000001,0.70275,0.8050499999999999,0.6889000000000001,0.75995,0.7471,0.6249,0.73885,0.0158,0.0586,0.6125499999999999,0.68415,0.6218,0.7365999999999999,0.55715,0.512,0.5703,0.5431,0.2644,0.44305000000000005,0.7273,0.3689,0.01475,0.74315,0.12455000000000001,1.0,0.2504,0.6767000000000001,0.12969999999999998,0.63995,0.64635,0.61305
0.11339999999999999,0.0944,0.5266,0.5223,0.1486,0.14450000000000002,0.51905,0.5908,0.1424,0.07055,0.10855,0.05885,0.6782,0.6003499999999999,0.15794999999999998,0.29064999999999996,0.59805,0.5627500000000001,0.11935,0.5671,0.13855,0.57515,0.10540000000000001,0.5147,0.13345,0.058050000000000004,0.06755,0.5562,0.1285,0.1402,0.18005,0.18505,0.1982,0.17845,0.08315,0.16085,0.56315,0.53645,0.10245,0.14945,0.18565,0.13245,0.10049999999999999,0.0327,0.06885,0.1385,0.76555,0.38865,0.24159999999999998,0.5822499999999999,0.5769,0.1306,0.67265,0.2504,1.0,0.1759,0.61635,0.09104999999999999,0.11299999999999999,0.0621
0.7920499999999999,0.6376000000000001,0.18605,0.0984,0.7121999999999999,0.64065,0.1792,0.0905,0.6389,0.6616,0.583,0.75615,0.1716,0.16924999999999998,0.6524,0.63895,0.10149999999999999,0.06595,0.6748000000000001,0.035949999999999996,0.67865,0.12395,0.74785,0.25605,0.73515,0.7415,0.72195,0.08295,0.8337999999999999,0.68745,0.7394499999999999,0.7247,0.67095,0.8291499999999999,0.76265,0.6744,0.12905,0.10815,0.77325,0.6053,0.73465,0.82535,0.5974,0.5861,0.6186499999999999,0.6927,0.1794,0.45415,0.6557000000000001,0.3174,0.04,0.7011499999999999,0.1703,0.6767000000000001,0.1759,1.0,0.1224,0.7985,0.6968,0.6798
0.17545,0.08255,0.6072,0.62935,0.066,0.09559999999999999,0.708,0.64625,0.1075,0.08605,0.11745000000000001,0.0869,0.71425,0.6952499999999999,0.07315,0.09525,0.7831,0.71505,0.22845,0.7577499999999999,0.10825,0.6681,0.11095,0.58795,0.2192,0.086,0.0806,0.6205499999999999,0.12575,0.1528,0.17155,0.11810000000000001,0.0411,0.1002,0.10364999999999999,0.1421,0.77695,0.72195,0.1038,0.16135,0.13425,0.1061,0.10435000000000001,0.0639,0.0721,0.17545,0.7761,0.46064999999999995,0.12635000000000002,0.4965,0.78435,0.18925,0.71075,0.12969999999999998,0.61635,0.1224,1.0,0.1143,0.09305,0.08625000000000001
0.7804,0.7746999999999999,0.1888,0.14615,0.8051999999999999,0.6966,0.15860000000000002,0.11180000000000001,0.73295,0.8087500000000001,0.6303,0.74785,0.18585000000000002,0.21055000000000001,0.7382,0.6516,0.15025,0.09835,0.75285,0.0727,0.7077,0.1888,0.8003500000000001,0.2662,0.74825,0.90585,0.84335,0.08259999999999999,0.8625,0.73205,0.75395,0.7538,0.726,0.74285,0.87045,0.6811499999999999,0.1769,0.1272,0.86425,0.5788,0.6657,0.8314,0.7173499999999999,0.76075,0.8292999999999999,0.64995,0.09555,0.40085,0.65755,0.23335,0.09575,0.7434999999999999,0.17265,0.63995,0.09104999999999999,0.7985,0.1143,1.0,0.8301999999999999,0.7419
0.6754,0.8509499999999999,0.13915,0.18945,0.7960499999999999,0.8088,0.12084999999999999,0.14535,0.8773500000000001,0.86425,0.7544,0.76585,0.26395,0.17905,0.71155,0.7,0.1916,0.14750000000000002,0.7962,0.11379999999999998,0.76775,0.19290000000000002,0.76395,0.29225,0.712,0.8247,0.8067500000000001,0.11445000000000001,0.79355,0.6488,0.7594000000000001,0.654,0.6876,0.6820999999999999,0.83715,0.63715,0.1609,0.14315,0.82955,0.52755,0.5382,0.83855,0.778,0.7155,0.8196,0.5490999999999999,0.08175,0.32385,0.5844,0.19245,0.13415,0.77945,0.23335,0.64635,0.11299999999999999,0.6968,0.09305,0.8301999999999999,1.0,0.7402
0.7925500000000001,0.7119,0.1176,0.17915,0.68505,0.6529,0.12044999999999999,0.1668,0.6627500000000001,0.776,0.5433,0.8236000000000001,0.18765,0.19975,0.6219,0.6355000000000001,0.13879999999999998,0.0785,0.716,0.08995,0.6117,0.14045000000000002,0.8086499999999999,0.2487,0.6672,0.7449,0.7465499999999999,0.09245,0.7478,0.59005,0.6622,0.6355500000000001,0.6029,0.7162,0.79245,0.6173,0.1048,0.16285,0.78345,0.53235,0.6087,0.7902,0.67855,0.6243000000000001,0.7066,0.66025,0.0546,0.35205000000000003,0.63805,0.2048,0.13040000000000002,0.68135,0.18525,0.61305,0.0621,0.6798,0.08625000000000001,0.7419,0.7402,1.0
