0.14034,0.15443,-0.15041,-0.11172,0.15084,0.10539,-0.073598,-0.13455,0.10747,0.13285,0.1214,0.13646,-0.08776,-0.12893,0.13369,0.12272,-0.10768,-0.10788,0.14886,-0.1147,0.13627,-0.13114,0.14,0.052996,0.13839,0.14533,0.14202,-0.15127,0.14472,0.15345,0.15099,0.14965,0.14353,0.13967,0.14835,0.13979,-0.08644,-0.10555,0.1455,0.12449,0.1427,0.15115,0.14342,0.1535,0.15235,0.13167,-0.065202,0.11436,0.13286,0.14109,-0.092531,0.12816,-0.076213,0.12421,-0.072144,0.14475,-0.08812,0.15416,0.13371,0.1137
0.13631,0.062671,0.18064,0.1105,0.067293,0.085805,0.21718,0.15197,0.11216,0.10507,-0.00028048,0.17818,0.23182,0.17312,0.12373,-0.074578,0.16955,0.23607,0.041267,0.19642,0.053078,0.20878,0.12184,0.16902,0.0088125,0.11097,0.086326,0.13748,0.12934,-0.15794,-0.060073,-0.14148,-0.097479,0.14996,0.12657,-0.091043,0.18549,0.17085,0.10216,-0.13615,0.10954,0.1304,0.11046,0.011782,0.048232,0.17097,-0.024324,-0.048732,-0.084307,-0.09316,0.11625,0.053817,0.1366,-0.061469,-0.072934,0.14368,-0.080903,0.068471,0.1569,0.17531
0.028151,-0.092921,0.038661,0.017593,-0.099075,-0.036543,0.14653,-0.038909,0.063552,-0.10552,-0.064742,-0.014666,0.12833,0.018751,0.036675,0.25159,0.13217,0.094963,0.098034,0.16062,0.090567,0.075788,0.040064,0.079622,0.081144,-0.00081831,-0.0032901,-0.0059491,0.045878,0.087999,0.16725,0.024154,0.18474,0.034006,-0.067722,0.082339,0.14367,0.082334,-0.099147,0.19363,0.051763,-0.050731,-0.099396,-0.16548,-0.17299,0.01993,0.29424,0.21138,0.24327,0.24763,0.17805,0.12006,0.084753,0.25342,0.27639,-0.0064406,0.27585,-0.086684,-0.030785,0.01628
-0.15757,0.14178,-0.08072,0.21658,0.08203,0.34744,0.022001,0.13678,0.2884,0.085227,0.33417,-0.17415,0.058971,-0.071646,0.054748,0.13542,0.043403,0.092077,0.0054626,0.034885,0.14449,-0.072206,-0.14998,0.23361,0.12794,-0.10759,0.048818,0.032188,-0.10172,0.030213,-0.024403,-0.086925,-0.08687,-0.091176,-0.038206,-0.083937,-0.025772,0.16824,-0.042861,0.13911,-0.15777,-0.062124,0.036572,0.080868,0.13943,-0.21206,0.077907,-0.0052825,0.10456,0.0038434,-0.18131,0.0093216,0.12356,0.0028795,0.0062878,-0.12556,-0.11696,-0.045806,0.056637,-0.22683
0.10478,-0.054506,-0.16083,0.1949,-0.065575,-0.11352,-0.16948,-0.015202,0.0076629,-0.22211,-0.0088438,-0.053208,-0.034479,-0.13256,0.060774,-0.083813,0.15608,-0.095344,-0.023023,-0.19207,-0.046266,-0.11416,0.086809,0.033964,-0.063499,0.052987,0.028854,-0.24258,0.070851,-0.11167,-0.011416,0.0096558,-0.013466,0.09441,0.14267,-0.27392,-0.22422,0.2493,-0.081802,-0.14992,0.062962,0.13606,0.12579,0.033828,-0.0003178,0.010476,0.26112,0.055467,-0.066275,-0.026404,-0.077206,-0.058358,0.37763,-0.076033,0.24404,0.08401,0.07487,0.142,-0.056053,-0.0076787
-0.14353,0.041936,-0.25195,-0.086726,0.03801,-0.036015,0.1515,-0.33741,-0.095673,0.19981,0.091083,0.071927,0.20449,-0.037007,-0.10806,-0.12794,0.35843,0.092348,0.0042279,0.12593,0.017952,0.021575,-0.17803,-0.074044,0.011004,-0.060571,-0.069194,-0.18484,-0.07282,0.10552,-0.0050794,0.20453,0.012591,-0.11625,0.07448,0.19755,0.071687,-0.033145,0.084528,-0.074547,-0.16709,0.031876,0.091655,0.19497,0.15385,-0.044534,0.14453,-0.07659,-0.11478,-0.10416,0.16408,-0.015739,0.036484,-0.13187,0.095845,-0.063323,0.18431,0.10583,0.078381,0.045462
-0.022525,0.044852,0.081384,0.30006,0.076039,-0.11298,-0.031089,0.25885,-0.097041,-0.066298,-0.19969,-0.091386,0.0079489,0.15348,0.0083747,-0.056567,-0.076543,0.069418,0.02423,0.044964,-0.11619,0.0045516,0.068035,0.064373,-0.15619,0.10425,0.12823,0.29237,-0.04788,0.25404,0.11619,0.34233,0.16344,-0.061953,0.1223,0.1484,-0.048298,0.034437,0.071052,-0.012324,0.032221,0.1012,-0.009314,0.27272,0.14605,-0.21632,0.1868,-0.078683,-0.067355,-0.033661,0.035889,0.087232,-0.098031,0.067378,0.08894,-0.0095295,-0.088512,0.10429,-0.10271,-0.13384
0.052056,0.1756,0.030897,0.1119,0.22682,0.094673,-0.21982,0.087182,-0.087667,0.17903,0.24856,-0.028593,-0.11101,0.27321,-0.028268,-0.12194,-0.044623,-0.23265,0.052316,-0.18094,0.026512,0.14823,0.025499,-0.1821,0.18994,0.098924,-0.00043031,0.109,0.041355,0.055826,-0.035556,-0.085191,-0.01573,0.020701,-0.10482,0.12464,-0.043512,0.08718,0.22464,0.064185,0.069971,-0.11642,-0.20657,-0.058439,-0.0031218,-0.03388,-0.018194,0.012169,-0.082527,-0.0036649,0.21906,-0.01149,0.19839,-0.12702,0.20449,0.043408,0.30653,-0.076781,-0.0058983,0.032049
-0.067214,-0.040213,0.25857,-0.30936,0.017268,0.01504,-0.052918,0.036266,0.027708,-0.08939,-0.017004,-0.22749,-0.072672,0.055391,-0.1174,0.056607,-0.044054,-0.18698,0.16991,0.026295,0.23975,0.16024,-0.077543,-0.10696,0.034961,0.095023,0.10525,-0.0045524,-0.037144,-0.037846,0.077048,0.019869,0.021048,-0.057464,0.1236,-0.1982,0.23784,-0.048018,-0.15329,-0.1127,0.0091645,0.05452,0.33023,-0.050331,0.17806,-0.11862,-0.12867,-0.093229,0.072881,0.013231,0.13698,0.07337,0.043019,-0.071309,0.10562,-0.0023402,0.12458,0.28305,0.022827,-0.24501
-0.13479,0.012977,-0.0054194,0.073925,0.020405,-0.21739,-0.17188,0.055844,0.13959,0.23302,-0.17114,0.24295,0.011162,-0.16558,-0.055072,0.060593,-0.079339,0.074534,0.052315,-0.043766,0.046503,-0.065924,-0.011183,0.013623,-0.25912,0.047677,0.3965,0.1154,-0.12035,-0.15982,0.13797,-0.1895,0.044185,-0.12647,-0.041914,0.16333,-0.081279,-0.094903,-0.042698,-0.13161,-0.054541,-0.091496,0.044823,-0.063712,-0.015694,-0.060566,-0.0039802,-0.0091998,0.10489,0.024908,-0.077124,-0.071469,0.12086,-0.092884,0.067532,-0.03608,0.20982,-0.051669,0.37442,0.0049454
-0.021447,0.091215,0.004458,-0.27275,-0.092562,0.13964,-0.010846,0.13187,0.12837,-0.073056,-0.0663,0.053595,0.046303,-0.091893,0.30739,-0.16858,-0.20471,0.06854,0.092475,0.17706,-0.050642,-0.092063,0.01597,0.036784,0.11593,-0.062646,-0.02143,-0.041175,-0.033644,0.032967,0.058688,0.082181,0.10889,-0.030201,0.10795,-0.03112,0.077454,-0.32615,0.025579,-0.10984,-0.13193,0.055564,-0.26161,0.077763,-0.14963,-0.14746,-0.10724,0.028727,-0.13368,0.0032147,0.024182,0.012693,0.34053,-0.14799,0.30206,-0.025996,-0.12445,-0.046957,-0.033227,0.09186
-0.037927,-0.0083671,-0.11503,0.031457,-0.076846,-0.029342,-0.18088,0.088658,0.14137,0.010612,-0.194,0.042944,0.092226,0.28516,0.07973,0.091229,0.039136,0.029083,-0.19015,-0.11605,-0.091869,0.23659,-0.079593,0.076235,0.073875,-0.19672,-0.085903,0.10081,0.027456,0.0066569,-0.090984,0.040176,-0.15379,0.064737,0.068552,-0.065059,-0.13343,-0.2251,-0.14005,0.16394,-0.1034,0.1391,0.13672,0.2281,0.14992,0.096855,-0.21346,0.31803,0.1124,0.11839,0.071202,-0.22429,0.014649,0.0019956,0.041426,-0.12066,0.17241,0.085324,0.0030788,0.072729
-0.015176,-0.12942,0.020608,-0.12466,0.13993,-0.020062,0.046255,0.021915,-0.15598,0.12046,-0.19795,-0.00013191,-0.0079645,-0.073066,-0.2017,0.0048935,-0.087095,-0.081212,-0.16686,0.014611,-0.12932,-0.075977,-0.0062451,0.11772,0.046753,0.047548,0.037573,-0.04183,0.075558,0.052529,-0.064285,-0.095458,-0.2507,0.079576,-0.10898,0.16444,0.33477,-0.065455,0.074393,0.23089,0.17378,0.016733,0.11582,0.15753,0.13111,0.18071,0.11091,-0.046665,0.0050119,0.0005815,-0.18703,-0.092515,0.30037,0.025024,0.25349,0.018164,-0.15846,-0.16052,-0.032223,-0.21241
0.22989,0.09448,-0.0019101,-0.071586,-0.026467,-0.011982,-0.10917,-0.022045,0.026908,0.009,0.30431,-0.057618,0.10191,0.10014,-0.2666,0.14456,-0.033262,-0.019682,-0.1809,-0.020009,-0.077934,0.13181,0.17196,0.13156,-0.17648,-0.067195,-0.012356,0.055396,-0.068516,-0.139,-0.010496,0.22531,0.10524,-0.080078,-0.014175,-0.055258,0.1428,-0.19261,0.076202,0.035056,0.022412,-0.11435,0.015387,-0.19117,0.0095803,-0.11191,0.1541,-0.12867,0.10625,-0.017977,-0.1542,-0.2387,0.020814,0.016118,0.16231,-0.042817,-0.16599,0.20458,0.035551,0.33401
-0.07345,-0.040997,-0.27991,-0.028622,-0.12068,-0.078588,-0.24947,0.048346,0.10511,-0.048681,0.082623,0.16776,-0.054188,0.23047,0.1185,-0.010002,-0.10624,-0.17365,0.012519,-0.14503,0.036595,0.22414,-0.13311,0.25491,-0.14135,-0.044846,-0.13311,-0.10194,0.024888,0.056506,0.10063,-0.08874,0.08922,0.041493,0.10531,0.052399,0.34461,0.12529,0.027513,-0.13909,-0.20233,0.045998,0.0095562,0.050062,-0.14425,0.14458,0.067384,-0.22836,-0.060739,-0.0573,-0.075102,0.14381,-0.1636,0.12346,0.069864,0.055067,-0.020582,-0.14191,0.060955,-0.10689
-0.0065887,-0.027542,0.053278,0.029876,0.049794,0.42697,0.14348,0.037364,0.0032206,0.065011,-0.23216,0.018422,-0.14198,0.048797,0.151,0.0072029,-0.064926,-0.0074721,-0.10096,-0.020873,-0.024541,0.046644,-0.15029,-0.085722,-0.059616,0.0029162,-0.066947,-0.088028,-0.014912,0.066142,0.24818,0.063553,-0.05013,-0.021294,-0.056804,0.090624,-0.12581,0.12182,0.075277,-0.19218,-0.081962,-0.13494,0.18298,-0.22263,-0.0077142,0.14156,0.12851,0.10962,0.019284,-0.00275,0.01212,-0.30569,-0.24323,-0.12598,0.29721,0.14715,-0.13294,0.075945,0.066975,0.0023741
-0.052482,0.030342,0.22949,0.018596,-0.01715,-0.15953,0.11862,0.37093,-0.13292,0.095296,-0.050927,0.086919,-0.067578,-0.03462,-0.17979,0.01293,-0.088577,-0.0057822,-0.036286,-0.094201,0.14116,0.042495,-0.24835,-0.085428,0.039151,-0.071863,-0.26687,-0.2204,0.081368,0.018347,-0.039737,0.13109,0.17094,-0.010687,0.055721,0.10568,0.027137,0.14272,0.10041,0.027844,-0.24793,0.041223,0.044895,-0.076318,0.013126,-0.085187,-0.0024337,0.2384,-0.0025217,-0.031599,-0.20909,0.068888,0.26468,0.10348,-0.1796,0.062642,-0.009635,0.06267,0.13084,0.17709
0.033159,0.07719,-0.22495,0.0091699,-0.05465,-0.03705,-0.14674,0.08843,-0.059723,0.04947,0.015328,0.018203,-0.12475,-0.2033,-0.081436,0.026309,-0.3164,0.14632,0.037633,0.24455,-0.0083536,-0.096298,0.044986,-0.24638,0.011623,-0.15987,-0.052791,0.050051,0.085096,-0.16758,-0.01475,0.072299,-0.092585,0.064038,0.11475,-0.014695,0.21775,0.45029,-0.018549,0.098685,0.0064257,0.17075,-0.021045,0.059115,0.063225,-0.037948,-0.062673,-0.030626,0.093666,0.11015,0.23672,-0.14617,-0.13741,-0.073662,0.10152,-0.17624,-0.019648,0.00032147,0.061374,0.11529
-0.074595,-0.018079,-0.077777,0.027882,0.16042,-0.2111,0.15865,0.05351,-0.022975,0.0075586,0.36822,-0.11886,0.1133,0.11206,-0.19284,-0.040091,-0.2541,0.083076,-0.012718,0.10174,0.078552,0.00528,-0.13995,-0.056165,-0.1595,0.05937,0.085277,-0.070188,0.091006,-0.063721,0.025807,-0.14972,0.19052,0.134,-0.016133,-0.035343,-0.12366,-0.14582,-0.10531,-0.21563,-0.024243,-0.04635,-0.027042,0.18375,-0.032197,0.2572,0.06904,0.31237,0.0069794,0.085222,0.16293,-0.059585,-0.03988,-0.061348,0.093158,0.015821,-0.21977,-0.034747,-0.092965,-0.14301
-0.028911,-0.13096,0.28389,-0.24601,0.073464,0.11104,-0.14383,-0.096486,0.078682,0.12506,-0.036813,-0.17412,0.013847,-0.107,0.1077,0.0097125,-0.0075267,0.13145,-0.20544,-0.21119,-0.15542,0.16818,-0.03015,0.20764,-0.088059,0.080802,0.075505,-0.25438,0.050822,-0.048681,-0.011814,-0.040161,0.15727,0.066061,0.0065255,0.15608,0.0065319,0.24452,0.030227,-0.1371,0.12288,-0.0064022,-0.26309,0.18425,0.01187,-0.10301,0.03722,0.018133,0.0065266,0.069704,0.1662,-0.12646,0.011514,0.068311,-0.16954,-0.2615,0.0033867,0.098719,-0.012274,-0.012939
-0.0021945,-0.20263,0.031321,-0.012767,-0.077,0.020019,-0.13611,0.15882,0.05848,0.055254,-0.055199,0.20564,-0.011968,-0.033403,-0.24886,0.053641,0.10683,-0.29571,0.074519,0.082573,0.050379,0.0092373,0.046984,0.22941,0.11087,-0.064868,0.029729,-0.14735,-0.067211,-0.021671,-0.075047,0.028269,-0.12958,-0.15967,-0.073057,0.050714,-0.23887,0.0122,-0.027184,0.0050618,-0.0066651,-0.034287,0.044727,0.058533,-0.024659,-0.12453,0.034479,-0.0092296,0.020172,0.037158,0.49788,0.12569,-0.013269,-0.0043122,0.027159,0.097932,-0.37849,-0.085073,0.023823,0.10665
-0.051147,0.21849,-0.10996,0.047212,0.036664,0.057797,-0.19136,0.11707,0.032222,0.041909,-0.25937,-0.23138,0.15413,-0.001825,-0.019876,0.053961,0.075453,-0.033296,0.1126,0.014311,0.069452,-0.0988,-0.017541,-0.053084,-0.062283,-0.10899,-0.059529,-0.0077972,-0.010058,0.067973,0.063153,0.081054,0.1537,0.15723,-0.0084969,0.010394,-0.044077,-0.083164,0.061261,-0.0003921,-0.025485,-0.14154,0.046221,-0.21377,0.013524,0.43667,0.065389,-0.24918,0.054019,-0.00046884,0.19662,0.00088241,0.25661,-0.026698,-0.24719,-0.28478,-0.13151,0.014382,-0.050092,-0.019272
0.081842,0.0088072,-0.026905,-0.053107,0.036269,0.074034,-0.15223,-0.20356,0.084964,-0.13666,-0.028876,0.16032,0.14515,-0.047229,-0.15821,-0.080494,-0.28958,0.31998,-0.12072,-0.10699,-0.041716,0.065134,0.006996,0.072878,0.11171,0.073999,0.050668,0.05931,-0.18597,0.10071,0.0061922,0.13117,0.20015,-0.2005,-0.054011,-0.074541,0.023791,0.17268,-0.0060202,0.164,-0.11048,-0.077107,0.18426,-0.063646,-0.046149,0.085281,-0.068306,0.040318,-0.075265,-0.019325,0.15398,-0.065353,0.1811,-0.079757,-0.18369,0.35671,0.049457,-0.074295,-0.14164,-0.14604
-0.080936,-0.123,-0.12171,-0.091267,0.03339,0.021832,-0.22706,0.071591,-0.20738,0.059011,-0.080691,-0.031392,0.04887,0.035504,0.048056,-0.071496,0.0052543,0.1542,-0.12387,0.21911,0.027583,0.11545,-0.083331,0.043462,0.29272,0.1195,0.083341,-0.014291,-0.018596,-0.16192,-0.24729,-0.12215,0.35285,0.0023567,-0.034245,0.0053861,-0.2405,0.031236,0.0058286,0.18001,0.060569,0.011524,0.10289,-0.14588,-0.018483,0.058101,0.0045029,-0.03956,-0.10235,-0.14934,-0.17528,0.20785,-0.17497,0.043468,0.24463,-0.13949,-0.065863,0.15043,0.092615,-0.0057324
-0.087108,-0.080892,-0.05424,0.2482,-0.10692,0.00010739,0.40811,-0.176,0.033909,0.018261,-0.040841,-0.1392,-0.16374,0.018447,-0.077754,-0.091963,-0.13323,-0.2178,-0.044841,-0.14823,-0.054467,-0.060384,-0.048126,0.31401,0.062494,0.00051552,0.018379,0.066209,-0.061629,-0.26394,0.068869,0.024262,0.24397,0.056849,0.23101,0.074129,0.024129,-0.049746,0.10164,0.23048,0.025324,0.1774,0.013475,-0.1562,-0.069735,-0.0055322,-0.16366,-0.03016,-0.072815,-0.015893,0.1668,-0.067437,0.043363,-0.15131,0.0069065,-0.11412,0.035275,0.0054307,0.092633,-0.032187
-0.13589,0.12806,0.35122,-0.083834,-0.12146,-0.1277,-0.15131,0.13703,0.013046,-0.10036,0.28208,-0.048322,0.094676,-0.20081,-0.030443,-0.054193,0.029775,0.10515,0.011343,0.038507,-0.10649,0.079523,-0.037829,0.064416,0.0095947,-0.0021433,0.0041607,-0.10718,-0.097865,0.0093894,0.21888,0.13262,-0.28136,0.067802,0.1767,0.038363,-0.20387,-0.078103,0.1796,0.21948,0.016114,0.22124,0.044468,-0.10689,-0.10405,0.22853,0.074141,-0.040063,-0.076554,-0.11183,0.026147,-0.041438,-0.17387,-0.013497,0.081459,-0.0085607,0.11569,-0.15733,0.084612,-0.11254
0.14752,0.31468,0.054187,-0.011675,0.10926,-0.16909,0.056316,0.18486,-0.00023116,-0.043318,-0.13797,-0.074476,-0.071298,-0.16414,-0.069646,-0.068646,0.21769,-0.057583,-0.019739,0.062483,0.020918,-0.071418,0.098537,0.29017,-0.00046566,-0.050078,0.076037,-0.20769,0.064795,0.13837,-0.071331,-0.019788,0.22091,0.090237,-0.12991,-0.21582,0.11498,0.05987,-0.0019131,0.097917,-0.12325,-0.25638,-0.025898,0.15568,0.014106,0.021239,-0.21728,0.0099649,-0.0031666,-0.047716,0.019664,-0.15047,-0.27579,-0.17951,0.13394,0.095908,0.15466,-0.096581,0.030975,0.0015578
-0.032707,0.067913,0.13253,0.00068851,0.15993,0.083255,0.037556,0.036422,0.081648,0.091173,-0.012723,0.13363,-0.12149,-0.083054,-0.03884,0.0071461,-0.00099754,-0.10917,-0.010235,-0.0011974,-0.044177,-0.077961,0.026658,0.09923,0.035077,-0.06864,0.099675,0.051595,-0.097345,-0.27358,-0.23339,0.21071,-0.03739,-0.23456,0.11597,0.036493,0.040578,0.029676,-0.18658,-0.12909,-0.18741,0.06777,-0.28757,-0.064575,0.21345,0.41837,0.085251,0.015357,-0.0037787,0.080855,-0.077508,0.15642,-0.081802,0.079287,0.086021,0.05401,0.15778,0.097885,-0.27963,-0.0086595
-0.015944,-0.10571,0.0069873,0.012455,-0.17219,-0.081964,0.1479,-0.0064346,-0.1518,-0.058617,0.11384,-0.052104,-0.12223,-0.065781,0.01945,0.01707,-0.28619,0.099557,0.056474,-0.020526,0.029139,-0.023436,0.057025,0.29175,0.090789,0.034005,-0.0065737,0.080886,-0.14576,0.38386,-0.19308,-0.037646,-0.23708,-0.01709,-0.045714,0.014895,-0.093672,0.076261,0.090243,-0.19444,-0.04162,-0.22676,0.11458,0.064375,-0.070993,0.20566,-0.045706,-0.083192,0.027922,0.10122,0.017576,0.088684,0.071972,-0.017502,0.069413,-0.19941,0.16399,0.2679,0.086234,0.19502
0.067718,-0.23039,-0.0040364,0.0093276,-0.067285,0.11886,-0.10364,0.17361,-0.18422,-0.040337,0.13352,0.1124,-0.14168,0.040751,-0.19947,0.072475,0.33285,0.305,-0.11299,-0.1445,0.023017,-0.26899,0.052539,-0.016124,0.12446,0.010364,-0.012801,0.090559,0.054529,0.12423,0.040151,-0.15295,0.11628,0.067563,0.24434,0.052413,0.054004,-0.12638,0.068791,-0.12568,-0.15797,0.10676,-0.1372,-0.087162,0.015001,0.025147,-0.15345,-0.15747,0.093773,0.2432,0.058742,-0.13202,-0.0039517,-0.033313,0.039857,0.074391,-0.029901,0.065094,0.028622,-0.18497
-0.065327,-0.1504,0.035091,-0.079092,-0.059157,0.051278,-0.24294,-0.12118,0.24414,-0.036485,0.077712,-0.1049,-0.23926,-0.094226,-0.080401,-0.092112,0.24627,-0.12962,-0.079826,0.29039,-0.021225,-0.11799,-0.05661,0.043964,-0.20294,0.088171,-0.070697,0.34353,-0.070493,0.066056,-0.05986,0.095397,0.086584,0.13694,0.033139,0.057376,0.094343,0.11116,0.21853,-0.083636,0.0069915,-0.092333,0.11061,-0.021639,-0.0048992,0.076746,-0.12383,0.39321,-0.11915,-0.032391,-0.055315,0.061076,0.073774,0.034121,-0.01128,-0.016264,-0.014562,-0.082935,-0.0063131,0.071752
0.13078,-0.1502,-0.16563,-0.29121,0.113,0.024226,0.088927,0.30556,-0.1839,0.010761,0.19499,0.048128,0.087915,0.06295,0.28979,-0.034941,-0.038208,-0.08473,-0.15609,0.11479,-0.023118,-0.24579,0.0085044,0.19896,-0.22826,0.027354,-0.094983,0.057823,0.11915,-0.18308,0.083221,0.12934,-0.025702,-0.019791,-0.0056808,0.13085,-0.14831,0.035199,-0.090057,0.072511,0.014455,-0.14603,0.20726,-0.084693,0.098459,-0.084139,-0.034026,-0.073332,0.018062,-0.0080163,0.1145,-0.0048511,0.066562,0.014951,-0.13737,0.020634,0.27258,-0.071073,-0.071536,-0.084913
0.059329,-0.023268,0.11124,0.11439,0.006569,0.019675,0.036322,0.10799,0.30464,0.068042,-0.01579,0.10453,0.10852,-0.070051,0.0068072,-0.017946,-0.13352,0.0023191,-0.019256,-0.026852,-0.10156,-0.11184,0.10653,-0.14764,-0.00081733,-0.067963,-0.19993,-0.17002,-0.21286,-0.026402,-0.31444,-0.18649,0.15798,0.13094,0.065091,0.051106,0.043626,-0.16685,0.26515,-0.12883,0.082488,0.016129,0.33689,-0.01304,0.083636,-0.1441,0.15307,-0.081791,-0.027639,0.17699,0.051847,0.035052,-0.15364,0.041796,0.054602,-0.071267,0.1809,-0.11374,-0.20621,-0.039331
0.045349,-0.19285,0.1004,0.36499,-0.023148,-0.17052,-0.11585,0.021262,0.10902,-0.039481,0.13359,0.022124,0.039002,0.0097944,0.33053,-0.063626,-0.0098396,-0.11904,-0.2819,0.18809,-0.018683,-0.13105,-0.032515,-0.17881,0.031361,0.12094,0.10693,-0.28125,-0.033434,0.10149,0.002725,0.027006,-0.049157,-0.15319,-0.076281,0.035531,0.28463,-0.10068,-0.027445,0.174,-0.047744,-0.097402,-0.071346,-0.10119,0.043498,0.09439,-0.080507,0.023982,-0.019637,-0.007873,0.12838,-0.036343,-0.0014274,-0.012111,-0.082019,0.0046591,-0.072909,0.2898,0.10536,-0.060559
-0.097041,0.099694,0.022584,-0.064018,0.06558,-0.08863,0.0041855,-0.13085,-0.16023,0.13406,0.035134,0.15441,0.08833,-0.075202,0.10586,0.041784,-0.08891,-0.19944,-0.11395,0.13411,-0.072972,0.055552,0.0097283,0.13907,-0.098366,-0.14808,0.0056794,0.087149,0.01456,0.4232,-0.15174,-0.11461,0.097709,0.078207,0.019024,-0.20844,-0.059457,0.044304,-0.050457,-0.098837,0.027891,0.31472,-0.12303,-0.4108,0.26132,-0.10782,0.066127,0.073476,0.037789,-0.0084737,0.063658,-0.10593,0.032111,-0.0032289,-0.033268,0.030997,-0.040384,-0.048967,0.059367,-0.11084
0.08661,-0.19728,0.1752,0.13846,-0.099695,0.2503,0.017307,-0.05683,-0.12477,-0.073556,0.0782,0.095612,0.096945,-0.17812,-0.035066,0.13509,-0.087984,-0.30875,-0.16192,0.24037,0.043313,0.17155,0.10599,-0.15226,0.083601,-0.16204,0.025358,0.099367,0.051539,-0.0055136,0.058329,0.041317,0.2457,0.08736,-0.01937,-0.042857,-0.1238,-0.014192,-0.010018,-0.091295,-0.11054,0.0095896,-0.0074542,0.36943,-0.054382,0.14369,0.010121,-0.20688,0.093129,-0.10678,-0.097968,-0.10135,0.088351,-0.0068843,-0.075598,0.0092652,0.17167,-0.11904,0.13251,-0.045759
0.021719,-0.22834,-0.20653,-0.25279,-0.095231,0.010336,0.28741,0.2562,0.40261,0.0043207,-0.012112,0.0031979,0.081165,0.031905,-0.1465,-0.038852,0.019284,-0.034033,-0.10614,-0.15837,0.046666,0.046105,0.098286,-0.25795,-0.16046,0.070351,0.045831,0.0050906,-0.047825,0.21355,-0.038831,0.068376,0.051397,-0.091419,-0.062026,-0.16078,-0.12493,0.14405,0.089769,0.16855,0.10809,0.068756,-0.23314,-0.0034089,0.10681,0.14794,-0.048808,-0.091031,-0.061991,-0.077978,-0.034183,0.068541,-0.021083,-0.034942,0.086408,-0.054048,0.032189,0.019944,0.16184,-0.039513
0.13531,-0.14039,-0.00488,0.14615,0.10997,-0.054819,-0.093082,-0.044552,0.16232,0.1403,-0.054462,-0.0030728,-0.2974,-0.020608,-0.060771,-0.060842,-0.048727,0.19562,0.013139,0.2647,0.38198,0.15792,-0.16537,0.17211,-0.13,-0.061269,-0.23493,-0.11302,0.12127,0.069682,0.043787,0.064345,-0.019199,-0.12396,-0.055706,-0.015213,-0.13329,-0.15282,-0.018676,0.0155,0.31058,0.1385,-0.10342,-0.011261,-0.029,0.0062546,-0.014321,-0.20199,-0.0075665,0.061861,-0.086877,-0.088967,0.051873,-0.13829,-0.027877,0.056979,0.13372,-0.0018444,-0.1554,-0.017047
-0.011242,-0.049461,0.0097918,0.091723,0.059976,-0.14016,0.11878,-0.049708,0.083088,0.043853,0.13843,0.12609,-0.2874,-0.093603,0.092987,-0.013116,0.077991,0.18794,-0.095002,-0.10188,-0.13657,0.30849,0.13894,-0.11677,0.079707,-0.15258,0.13723,-0.054798,0.17291,0.01859,0.032323,0.29984,0.018249,0.16619,-0.058385,0.028098,-0.037852,-0.021857,-0.1322,-0.11075,-0.044676,-0.18257,0.18787,-0.16724,0.1225,-0.042014,-0.20114,-0.094036,0.0062612,-0.015357,0.03581,0.18973,0.12377,0.053286,0.12971,-0.1852,-0.13781,-0.24294,-0.048074,-0.095806
0.042365,-0.074929,-0.070849,0.0068985,0.0015361,-0.13088,-0.00986,-0.095751,-0.18538,-0.10252,-0.094532,-0.15248,0.01291,-0.034065,0.21722,0.15504,-0.022932,0.095678,0.037795,-0.036122,0.22452,0.15542,0.1651,0.014252,-0.078593,-0.061571,-0.16846,-0.03608,-0.2136,-0.2337,-0.11941,0.068515,-0.060707,-0.076457,0.1056,-0.057986,-0.034387,-0.036859,0.41836,-0.046633,-0.019804,-0.17179,-0.19131,0.029724,0.28123,0.017228,-0.033398,0.12162,0.16394,-0.016237,0.053117,0.043322,0.020623,-0.0058195,0.047395,0.15479,-0.096339,-0.12505,0.19846,-0.22129
0.0769,0.33736,-0.065607,-0.1497,0.065641,-0.22024,0.16664,-0.025627,0.14682,-0.075483,-0.029346,0.081425,-0.28251,-0.08191,0.068303,0.091847,0.085655,-0.066241,-0.20869,0.16552,-0.12109,0.13023,-0.15923,-0.085993,0.065509,0.17409,-0.088873,0.15391,-0.053311,-0.068152,-0.0089664,-0.19859,-0.014317,-0.068246,0.048549,0.011856,-0.18539,0.020807,0.12261,0.039647,-0.12248,-0.020736,0.012057,0.098016,-0.11969,-0.013241,0.059502,-0.21326,0.044311,0.076797,0.12738,-0.14684,0.13258,0.31828,-0.0069901,0.061745,-0.090033,0.19004,-0.015664,-0.13183
-0.032637,0.12707,-0.24668,0.063754,0.043736,0.17182,0.033373,0.074775,-0.019942,-0.18201,-0.12221,-0.062103,0.056896,0.13145,-0.25061,0.075147,-0.077987,-0.041981,-0.21821,0.2439,0.043269,0.057789,0.030006,0.026282,0.052143,0.12959,0.32748,-0.30858,0.0047237,0.026704,-0.059012,0.12535,-0.1993,0.015816,0.18245,0.049466,-0.0040103,-0.032373,0.15845,-0.25476,0.064219,0.029966,-0.066935,-0.14799,-0.13289,-0.12292,-0.17428,0.079775,0.0013445,-0.028725,-0.056498,-0.010241,0.017623,0.19934,-0.11271,-0.048173,0.17362,-0.11725,-0.040765,-0.048491
0.076039,-0.0035406,0.063405,-0.010286,0.11515,-0.19644,0.013437,-0.058598,0.044404,-0.030399,-0.034548,0.065863,0.39887,-0.16136,0.097728,-0.052715,0.053591,-0.15308,-0.20074,-0.20175,0.41877,-0.047097,-0.1861,-0.018984,0.1001,-0.1395,0.083833,0.23323,0.04607,0.010963,-0.045428,0.12113,-0.077797,0.036018,0.079758,0.13327,-0.015829,0.16358,0.095952,-0.086557,0.0761,-0.022355,0.012764,-0.045147,-0.23322,-0.047981,-0.18796,-0.052451,0.01579,0.12171,-0.073544,-0.053171,-0.076949,-0.021343,0.17063,-0.064218,-0.13093,0.031565,-0.19739,-0.022115
0.082794,0.029071,0.28692,-0.080318,-0.052994,-0.11422,-0.033136,-0.32594,0.18219,-0.0043541,-0.082646,0.022513,0.019291,0.47672,-0.07148,0.031933,-0.13072,0.033334,-0.029281,0.15425,0.098974,-0.3213,0.09,-0.003649,-0.037013,0.007777,-0.02959,-0.11946,0.11956,0.015829,-0.036802,-0.0029223,-0.058402,0.16108,0.1204,0.087208,-0.22616,0.17711,-0.051818,0.093804,-0.26103,-0.084902,-0.054158,-0.0018088,0.11707,-0.045815,-0.023961,-0.15136,0.037388,-0.060071,-0.082787,0.029559,0.032269,-0.025989,0.12826,-0.046676,-0.035982,-0.085571,0.063171,-0.028698
0.0013823,-0.12033,-0.089913,0.067643,-0.11415,-0.12299,-0.035892,0.021734,0.18125,-0.15089,-0.012573,-0.0070826,0.25346,-0.15838,-0.1217,-0.059137,-0.063133,-0.086716,0.27923,0.093779,-0.20239,0.12244,-0.069132,0.10492,0.26146,0.23279,-0.15918,0.057737,0.28474,-0.064491,0.1342,-0.024155,-0.012488,0.022147,-0.086933,0.16967,-0.060114,0.021863,0.050232,-0.13982,-0.059889,-0.13797,-0.1243,-0.14071,0.37756,-0.040748,-0.098988,-0.053091,-0.042652,0.079844,-0.12964,-0.19831,-0.045681,0.0017233,-0.019753,0.026495,0.031195,0.062892,-0.049837,-0.040402
-0.2655,0.037416,0.014257,-0.11691,-0.13663,-0.064254,0.049535,0.067097,-0.047595,-0.13549,0.076593,0.29381,-0.10482,0.2345,0.075339,-0.084552,0.10026,-0.08308,0.14723,0.11995,-0.017598,0.073899,-0.043209,-0.029771,0.090841,-0.11678,0.17033,-0.080096,-0.22524,-0.030392,-0.063829,0.11606,0.097941,0.10535,0.1114,0.028796,0.00045765,0.1424,0.0078612,0.092184,0.31088,-0.22549,-0.03953,0.042651,0.016517,0.018185,0.11291,-0.017396,0.048272,0.28831,-0.19729,-0.23354,0.041232,-0.23033,-0.17243,0.0060892,-0.072956,0.032122,-0.058029,-0.066001
-0.29611,0.012823,0.0029746,0.069515,0.023474,0.16015,-0.03747,-0.034371,0.041546,-0.079515,-0.031079,0.098532,0.044866,-0.12616,-0.094818,0.0075297,-0.10142,0.068261,-0.063596,-0.064782,-0.043552,-0.056086,-0.23221,0.0064238,-0.17633,-0.098174,-0.043048,0.047598,0.15881,-0.066862,-0.17027,0.12563,-0.084088,0.43827,0.0041871,-0.096623,-0.00069533,-0.1299,-0.0286,0.10867,0.11019,-0.2407,-0.16341,0.0050893,-0.0073515,-0.10933,0.0066651,-0.13951,-0.0048315,-0.037651,0.14538,0.15727,-0.025452,0.11304,0.073508,0.32519,0.08982,0.26087,0.12999,-0.0098676
-0.08162,0.20375,0.047698,0.08774,-0.1442,0.06999,-0.025987,-0.027069,-0.046592,0.15181,0.0067715,-0.099204,0.13504,-0.059341,-0.03559,-0.04665,0.0093648,-0.052661,-0.16012,0.0040798,-0.10041,0.036532,0.047321,-0.056664,-0.080096,0.1658,-0.28187,-0.010484,0.088303,0.094825,-0.032485,-0.049147,0.049565,-0.30825,0.43322,0.0060193,-0.033969,0.036748,-0.29476,-0.021058,0.27787,-0.24811,0.035055,0.035737,-0.0019533,0.055909,-0.14857,-0.021302,0.0062276,0.20473,-0.035151,0.12268,0.017126,0.0086726,0.098877,0.068176,-0.051337,-0.17364,0.16491,0.019084
0.14831,0.013697,-0.00019588,0.069824,-0.22538,0.058976,-0.0070256,-0.019109,-0.10493,0.45543,0.011738,0.10098,0.12139,0.020596,-0.0056482,0.032926,0.025739,-0.041845,0.22782,0.050593,-0.10564,0.038608,0.0080015,0.013275,-0.1638,0.27074,-0.071162,-0.068499,-0.10635,-0.068087,-0.1089,0.26296,-0.035961,0.13741,-0.16796,-0.17182,-0.040754,0.054761,0.035011,0.021102,-0.10568,0.06042,-0.020857,0.0053475,-0.26152,-0.015829,-0.21362,0.031231,0.02419,0.15199,-0.070449,-0.053882,0.036918,0.073509,0.065102,-0.052032,-0.024819,0.11474,-0.060528,-0.34514
0.0097235,0.070663,0.029519,-0.078009,-0.21483,-0.050644,-0.021492,-0.025872,0.065773,0.090894,-0.032064,-0.09503,-0.062159,0.086795,0.025996,-0.13327,-0.040313,0.012848,-0.14144,-0.052381,-0.005745,-0.14211,-0.098249,0.029362,0.22478,-0.029069,0.10944,0.12468,0.4304,-0.080858,-0.14712,0.2317,-0.0096125,-0.1931,-0.15144,-0.2302,0.049558,-0.10176,0.19252,-0.14832,0.015596,0.017842,0.064915,0.011571,-0.078267,0.010266,0.33656,0.020535,0.0060456,0.20557,0.040818,0.027728,-0.08923,-0.066334,-0.13565,-0.0041896,0.039578,-0.1192,0.25456,-0.13506
0.078303,-0.11022,-0.021335,-0.0040615,0.31915,0.053236,-0.013391,-0.059522,-0.054333,-0.0047425,-0.10364,0.14186,0.045222,-0.073363,-0.11454,-0.18861,-0.036227,-0.067822,-0.097652,0.073897,-0.039555,0.16742,0.08403,0.017746,-0.061422,0.034401,-0.048772,0.015,0.017328,-0.006745,0.27581,-0.099335,-0.14263,0.06384,0.18252,-0.28064,-0.023574,-0.037907,0.12215,0.17165,-0.2565,-0.15162,-0.049023,-0.025114,-0.041292,-0.083439,0.15989,0.068496,-0.074969,0.35438,-0.087962,0.26391,-0.059068,-0.18129,-0.1072,-0.22944,-0.0020912,0.091753,-0.0012504,-0.0061733
-0.090873,0.080467,0.040367,0.039999,-0.08606,0.024841,-0.0061898,-0.0020129,-0.063524,-0.036443,-0.008759,0.35428,-0.046903,-0.016265,-0.015248,0.076687,-0.031147,0.031878,-0.16608,-0.11347,0.26138,-0.13751,-0.099233,0.042512,0.12444,0.45362,-0.15248,0.051053,-0.13261,-0.053237,0.14843,0.098104,0.012591,0.10273,-0.039895,-0.27541,0.082881,-0.079607,-0.059056,-0.057293,0.10583,-0.069684,-0.062262,0.06158,0.20093,-0.0058822,0.093255,0.036172,0.01033,-0.21807,0.1046,-0.081011,-0.041177,0.05456,0.025282,-0.31383,0.013421,-0.16831,-0.071481,0.095214
-0.12334,-0.049104,-0.10108,-0.062679,0.031337,-0.23089,-0.0086638,0.078176,0.13673,0.32886,-0.044742,-0.17799,0.00097711,0.02609,-0.016005,0.20185,-0.022856,-0.017258,-0.24896,0.066694,-0.10103,-0.054278,0.18785,0.025419,0.35448,-0.0071815,-0.15895,0.0485,-0.20969,-0.018124,0.23324,0.070998,-0.058188,0.22102,0.018074,-0.0053474,0.019574,0.045261,-0.10339,-0.19698,0.052394,-0.015468,-0.066818,-0.0029719,-0.12647,-0.047242,0.079584,0.0082574,0.098609,-0.12998,-0.060579,0.13269,-0.03482,-0.25852,-0.096891,0.2368,0.044351,0.092087,-0.054487,-0.026947
0.19079,-0.0071363,-0.085149,-0.043054,-0.27392,0.038361,0.0083694,0.060644,0.012786,0.12882,-0.028763,-0.13287,-0.08704,-0.16471,0.044445,-0.15034,-0.024504,-0.013495,-0.019197,-0.036416,0.28069,0.21483,0.08728,-0.049651,-0.013472,0.19233,0.16346,0.064488,0.01113,0.076116,-0.24432,-0.038806,-0.09233,0.23508,0.241,0.2283,0.017449,-0.11024,-0.23269,0.15011,-0.23183,-0.10514,-0.037535,-0.065451,0.030009,-0.068866,0.30307,0.052568,-0.049258,-0.075694,0.031276,-0.13771,-0.047818,-0.087073,-0.12225,0.085994,-0.02288,-0.069769,-0.085283,-0.012684
0.074105,-0.026227,-0.0030515,-0.01243,0.32255,0.0016362,-0.0031355,0.006224,0.11301,-0.17301,-0.0036659,0.20955,-0.019348,-0.025576,-0.042686,0.19324,-0.0028198,-0.0047922,0.18889,-0.032272,-0.063191,-0.01525,0.14357,0.020279,0.055578,0.011323,-0.22611,0.046424,0.1454,0.054971,-0.24577,0.10589,-0.016703,-0.079487,0.16918,0.13218,0.04343,-0.039745,-0.11784,-0.019349,0.072001,-0.064916,-0.0091575,-0.042565,-0.29698,-0.0039652,0.10764,0.169,-0.022428,-0.29587,0.018366,-0.12484,-0.039189,-0.15735,-0.047792,-0.22078,0.0021807,0.12166,0.22864,-0.30006
0.42073,-0.1627,-0.0048462,-0.0017106,0.21516,-0.057872,-0.0099711,0.0013508,0.018544,0.049949,-0.010366,-0.11921,0.0090192,0.044487,-0.0025639,-0.11065,-0.015198,-0.0015282,0.14921,-0.0025699,-0.12875,-0.074903,-0.37197,-0.0067737,0.18594,-0.096852,0.055678,0.023521,-0.34196,0.033656,0.0076421,0.12235,-0.026913,0.14076,0.1396,-0.13164,0.014225,-0.01423,-0.18992,-0.079561,0.092611,-0.064395,-0.059575,-0.0076418,0.046192,0.0083466,0.041124,-0.047469,-0.11606,0.053704,0.001696,-0.087833,-0.020876,0.2548,-0.019835,0.017664,0.01327,-0.18299,0.31913,0.056415
0.31428,0.066137,0.0049452,-0.0085256,-0.2502,-0.0069795,0.0028394,-0.0024288,-0.041338,0.061678,-0.0016985,0.08244,-0.014105,-0.014903,0.0031401,0.52823,-0.021015,0.0121,-0.0069599,0.001854,-0.12712,-0.0032601,-0.32153,-0.023819,-0.044223,-0.12986,0.16935,-0.001119,0.097824,0.020544,0.070587,-0.11082,0.0041759,-0.046009,0.13503,-0.016675,-5.8603e-05,0.0028314,0.1254,0.040107,0.10536,-0.13821,-0.040815,0.0081116,0.1059,-0.001109,0.0077275,0.084151,-0.33527,-0.090733,0.014709,0.19581,0.0012135,-0.24379,0.0019181,-0.045159,0.019227,0.046108,-0.17782,-0.061215
-0.15587,-0.24386,0.00062044,0.0027335,0.19661,-0.06856,0.0016259,1.6619e-06,0.019484,0.077054,0.0028616,-0.084176,0.0022246,-0.0084088,0.12908,0.18133,0.01407,-0.0052877,0.15004,-0.00045577,-0.19235,0.020529,-0.24349,-0.057125,-0.031353,0.25786,0.1296,-0.0023277,0.13311,0.086385,-0.18594,0.06211,0.010934,-0.083103,0.24311,-0.2054,-0.00067244,0.002345,0.15343,0.089986,-0.13533,-0.019001,0.039182,0.0091528,-0.11471,-0.00058179,-0.009809,-0.14263,0.38359,-0.099546,-0.007539,-0.07834,0.0022963,-0.15628,0.0012062,0.074389,-0.011071,-0.20653,-0.19225,0.26914
0.30932,0.14928,-0.00067821,0.0034386,-0.13768,0.071779,0.0013349,0.00019387,0.011021,-0.14847,0.0031705,0.085855,0.0045231,-0.0071115,-0.075953,-0.29732,0.018696,-0.0081127,-0.08166,-0.0020206,-0.15644,0.026793,-0.24128,0.012912,-0.041554,0.0074796,-0.026456,-0.0033469,-0.084348,0.001802,-0.0037266,-0.04679,-0.0059555,0.045636,-0.069689,0.15696,-0.0017255,0.0012704,-0.0042277,-0.061054,0.091218,0.077285,-0.052142,-0.0098176,0.046829,-0.00080344,-0.0094988,0.061247,0.619,-0.14896,-0.0097075,0.30072,0.0029102,-0.2456,0.00082597,-0.067269,-0.016522,0.049691,0.0055102,-0.098238
0,0.093905,-0.001508,0.0076455,0.12142,0.023188,0.0029682,0.00043107,-0.014125,-0.28113,0.0070495,-0.087163,0.010057,-0.015812,0.049777,0.28664,0.041569,-0.018038,-0.10805,-0.0044927,3.3927e-05,0.059573,-0.093017,-0.015824,-0.086493,0.29267,-0.080416,-0.0074418,-0.12209,-0.033003,-0.18316,0.13357,-0.0094413,0.12667,-0.26298,0.183,-0.0038365,0.0028248,-0.15224,-0.026732,-0.095769,0.26122,0.010797,-0.011339,0.01565,-0.0017551,-0.02112,-0.11986,-0.15918,0.36667,-0.021584,0.12082,0.0064706,-0.34641,0.0018365,0.036527,-0.036736,-0.15157,0.2082,0.10677
