0.1488,0.13816,-0.12095,-0.11682,0.15252,0.083018,-0.084018,-0.12513,0.13006,0.1396,0.10873,0.1309,-0.089012,-0.12964,0.12696,0.13692,-0.078616,-0.12534,0.11972,-0.12939,0.14016,-0.1397,0.16063,-0.092924,0.11556,0.14962,0.13968,-0.14092,0.15854,0.14356,0.14307,0.14334,0.15148,0.156,0.14319,0.16738,-0.11344,-0.11564,0.14583,0.13237,0.1654,0.14856,0.14348,0.14177,0.14816,0.15231,-0.081006,0.036738,0.13852,-0.0042492,-0.11681,0.11948,-0.10229,0.12987,-0.059652,0.12629,-0.086596,0.14955,0.12397,0.14504
-0.040349,0.13577,0.080362,0.18071,0.12579,0.096165,0.14233,0.03734,0.060379,0.15533,0.17298,0.13876,0.18216,0.18234,0.057572,-0.033294,0.23303,0.1971,0.11994,0.21823,0.087034,0.1957,0.014401,0.17626,0.042591,0.12835,0.13443,0.062583,0.053332,0.048631,0.070778,0.045311,0.043379,-0.051631,0.15575,0.023545,0.19786,0.17147,0.12304,-0.10304,-0.1211,0.1163,0.15032,0.13355,0.1631,-0.07916,0.081457,-0.10743,-0.13755,-0.14794,0.23836,0.1232,0.19059,-0.068423,0.033428,0.045898,0.099271,0.082877,0.21027,-0.012011
-0.008473,-0.057698,-0.031029,-0.19205,-0.010808,-0.037882,0.17237,-0.06375,0.019728,-0.10158,0.029424,-0.013222,0.16577,0.034661,0.10969,0.14733,0.10085,0.11443,0.092756,0.094748,0.097334,-0.06756,-0.09327,0.15104,0.17571,-0.087246,-0.021747,-0.05561,0.10102,0.18065,0.1524,0.10427,0.081563,-0.047911,-0.13189,-0.0032261,0.13125,0.029097,-0.08981,0.23307,0.00059134,-0.028643,-0.18609,-0.1761,-0.05359,0.028588,0.24108,0.32661,0.23285,0.30063,0.11209,0.074819,0.052285,0.13497,0.16897,0.13077,0.24063,0.046594,-0.082866,-0.076276
0.33404,-0.11095,-0.1553,0.029989,-0.092845,-0.10966,0.0072188,-0.032713,-0.078924,-0.11391,-0.18551,0.1157,0.13308,0.11646,-0.067059,-0.12253,0.075818,0.088205,-0.039878,-0.00020865,-0.21339,0.074186,0.20432,0.11815,0.064449,0.06842,-0.0040417,-0.1763,-0.050289,-0.13979,-0.17759,0.051495,-0.16472,0.21315,0.14624,-0.00038106,0.14895,0.038913,0.12735,-0.057775,0.29304,0.050613,0.063065,0.049731,-0.069947,0.23403,0.016965,0.13482,0.073263,0.081188,0.10565,-0.12904,0.15211,-0.15408,0.028783,0.10339,0.050567,-0.035492,-0.078205,0.27414
0.053329,0.10612,0.021863,0.0024883,0.0032251,0.31544,-0.11908,0.25751,0.36454,0.14744,-0.028456,0.058011,0.084997,0.074344,0.12022,0.20249,-0.084209,-0.0097527,0.093054,-0.051328,-0.072296,0.020582,0.090237,0.21485,0.027385,-0.073421,0.0015471,-0.020587,-0.036102,-0.13419,-0.078609,-0.25877,-0.068109,0.021978,-0.013267,-0.25351,-0.01979,0.068565,-0.13315,0.037003,-0.068425,-0.10852,0.067838,-0.21085,0.030742,0.052372,-0.036821,0.02808,0.1171,0.19861,-0.036238,-0.034962,0.15707,0.13855,0.01132,-0.19987,-0.20535,-0.014948,0.12965,0.19235
0.070656,0.011658,0.43015,-0.11608,0.12805,-0.10762,0.010143,0.33476,-0.1726,-0.024871,-0.044686,-0.049309,-0.029967,0.16385,0.10045,-0.054545,0.0065453,0.064029,-0.006351,0.021613,0.11231,0.28359,0.067368,-0.10231,-0.059005,0.07212,0.10211,0.36741,0.11756,0.032337,-0.028547,-0.0058019,0.057262,0.14848,-0.030663,-0.1157,0.0014855,-0.086204,0.031708,0.046578,0.15439,0.0048276,-0.13214,0.00025593,0.056358,0.11548,-0.2133,0.20675,0.057738,0.11078,0.025477,0.090389,-0.071546,0.004125,-0.22147,0.073709,-0.11271,0.039848,-0.057589,-0.0088852
-0.036804,-0.10007,0.14595,-0.030476,0.046198,-0.046862,-0.1999,0.17466,-0.15207,0.14235,-0.22246,0.12505,0.0020486,0.047354,-0.24012,-0.060148,-0.25924,-0.10794,-0.056364,-0.17988,-0.038437,-0.03186,-0.055949,0.036837,0.077075,0.12268,0.057466,0.23701,-0.023854,0.050041,-0.030681,0.095611,0.15766,-0.021679,0.076119,0.11131,-0.06863,0.22106,0.021347,-0.14036,0.012552,0.049306,0.10914,-0.043452,0.037326,-0.036564,0.25975,-0.13848,0.029152,0.15333,-0.14984,0.08432,0.1932,0.1804,0.35623,0.084301,0.12724,0.068583,-0.025998,0.046934
0.088756,0.026389,0.10214,0.26673,-0.02967,0.15023,0.27614,0.10192,0.084303,-0.18914,0.12794,-0.16607,0.036818,-0.083568,0.16201,0.20477,-0.08282,0.079504,-0.12807,0.09811,-0.0066659,-0.0065078,0.16221,-0.060997,-0.17438,-0.17117,-0.033734,0.19543,0.030869,-0.047439,0.049832,0.088658,-0.021671,0.20565,-0.062151,0.10646,-0.084566,0.031227,0.092811,-0.0047427,0.091349,0.08413,-0.059224,0.078211,-0.0802,0.15555,0.21193,-0.1498,-0.11276,-0.050632,-0.036877,-0.19041,-0.16507,0.15725,0.36964,0.066093,-0.074394,0.0021506,-0.010524,0.07232
0.04337,0.0020307,0.03829,-0.15268,-0.058038,0.11758,-0.28334,0.11047,0.13104,0.010001,-0.0011414,-0.11076,-0.14646,-0.064294,-0.034393,0.021034,0.0034787,0.082347,-0.047039,0.20935,0.034777,-0.076101,0.09918,-0.26404,-0.07542,0.086019,-0.10945,-0.08209,0.05819,-0.058732,-0.0092981,-0.00047969,-0.0009283,0.15308,-0.061752,0.019539,0.14931,0.40882,-0.098041,0.15181,0.14322,-0.060957,-0.046336,-0.0023869,-0.047972,0.061168,0.27214,-0.11665,-0.10752,-0.15579,0.10701,0.13271,0.022035,0.13966,-0.32672,0.007477,0.24272,-0.080826,-0.03995,0.016007
0.028863,0.013864,0.055203,-0.24633,0.047993,-0.19629,-0.14235,-0.12266,-0.070562,-0.1689,0.084522,0.0062311,-0.0011324,-0.10342,0.14179,0.027435,-0.19992,0.048518,0.42193,0.099773,0.057807,0.10075,0.014744,-0.088635,0.10488,-0.093056,-0.12419,0.0025009,-0.039168,-0.05127,0.11814,0.031929,0.21241,0.086806,-0.064881,-0.11622,0.11754,0.033244,-0.075125,-0.39017,-0.036221,-0.071436,-0.02317,-0.10551,-0.034558,0.073027,0.12773,-0.14438,0.12437,-0.1706,0.095086,-0.10441,0.043774,-0.17867,0.098707,-0.028145,-0.21992,0.063383,0.050109,0.10972
0.053455,-0.051769,0.033905,-0.19461,-0.08388,0.3356,-0.0062459,0.011022,-0.0012035,-0.014186,0.12442,0.082417,-0.041764,0.068439,-0.086992,-0.028587,0.10744,0.12916,-0.166,0.0033251,-0.2298,0.074924,-0.18143,0.071219,0.42532,-0.0069457,0.054197,-0.010897,0.12337,-0.067134,-0.16065,-0.066904,0.089654,-0.070542,0.008962,-0.020747,0.11391,-0.014965,-0.050698,-0.056322,0.10581,0.0018094,-0.1148,-0.07123,-0.024547,0.10546,-0.12798,-0.25789,0.1033,-0.20506,-0.071722,0.038479,-0.27452,0.059185,0.10476,0.26478,-0.099103,0.018766,-0.047224,-0.15456
-0.11445,-0.24396,-0.24882,-0.087835,-0.10739,0.075724,0.060396,0.012313,-0.062225,0.023102,-0.0086146,0.1506,-0.034304,-0.082169,-0.055251,-0.050857,0.0015272,0.29894,0.045009,0.29243,0.10024,-0.14593,0.021392,0.07712,-0.26213,-0.018722,-0.013806,0.077634,-0.051101,-0.13711,-0.12884,0.099434,0.28961,0.10803,0.061739,-0.01251,-0.087831,0.048729,0.0042681,-0.10425,0.0011552,0.059018,0.14514,0.00015814,-0.045327,-0.097946,-0.18942,0.049317,0.019612,0.20237,0.081634,0.29373,-0.14494,0.13702,0.038238,0.0067084,-0.21188,-0.19864,-0.04468,0.034894
-0.1029,0.26882,0.07646,-0.13247,0.062349,0.19467,0.13391,0.084586,-0.21083,0.072725,0.10452,-0.020606,0.13792,0.0061894,0.07547,-0.16462,-0.15127,0.054389,0.089292,-0.016135,0.12138,-0.25848,-0.075973,0.091719,0.28789,-0.27968,-0.087697,-0.03003,-0.064149,-0.042532,-0.10844,-0.10819,-0.079056,0.12361,-0.090377,0.21673,-0.13763,0.0853,0.10376,-0.072754,0.077054,0.045171,-0.10659,0.293,-0.025854,-0.053324,0.020073,-0.023692,-0.080866,0.13944,-0.05269,0.028271,0.15879,-0.11431,-0.16465,-0.036791,-0.0021863,-0.15529,-0.16147,0.099767
0.015602,0.21491,-0.057431,-0.21092,0.12016,0.057655,0.12495,-0.14279,-0.089821,0.0053309,0.032541,-0.05687,-0.19707,0.21001,-0.11334,-0.13591,0.10378,0.18058,0.0051065,0.0089468,0.0032234,-0.013281,0.021293,-0.095951,-0.22762,-0.038637,0.18314,-0.070299,-0.13139,0.020212,-0.062696,-0.095637,0.10071,-0.01737,0.016308,-0.23862,-0.27267,0.29629,-0.053333,0.075318,0.033568,-0.01592,-0.09081,0.11451,0.10882,0.11405,-0.070411,-0.019686,0.22502,-0.0041183,-0.089851,-0.16441,-0.06463,-0.092842,0.22521,-0.18665,0.20305,0.16859,0.061826,0.026144
-0.043568,0.22852,-0.13475,-0.18401,0.016037,-0.18163,-0.27342,0.024413,0.02206,0.028468,0.077429,-0.037161,0.030071,0.066049,-0.085278,0.24306,0.11134,0.0069212,-0.10409,0.083847,-0.31822,0.14131,0.080675,-0.032361,-0.081974,-0.10364,-0.017486,0.08963,0.035384,-0.035648,-0.097787,-0.021825,0.07861,-0.088325,-0.083699,0.2245,0.13917,-0.11396,0.068474,-0.08354,-0.14434,0.12339,-0.10149,0.34709,0.069179,-0.17405,-0.016954,0.0091215,0.15347,0.12677,0.1577,-0.18234,-0.013284,0.26797,-0.011404,-0.069375,-0.031576,0.022935,-0.09857,0.062579
-0.0064557,0.1865,-0.091719,0.24264,0.1301,-0.097542,0.19101,-0.10349,-0.087726,-0.039367,-0.13342,-0.11297,-0.21591,-0.15822,0.12631,0.010755,-0.044148,-0.010542,-0.15546,-0.062478,-0.098404,-0.10236,0.023801,-0.028481,0.084371,0.12274,0.019925,-0.15545,0.14246,-0.1065,-0.11683,-0.17043,0.29178,0.089285,-0.061581,-0.24247,0.13091,-0.017941,-0.040689,-0.1972,-0.045577,-0.047736,-0.18802,0.021984,0.15063,0.12253,-0.049521,-0.028276,-0.17775,0.15327,0.10251,0.15035,0.25961,0.19264,-0.016295,0.086111,-0.0096902,0.10737,-0.070552,-0.11023
0.022374,-0.05363,0.1869,0.27049,-0.055188,0.03454,0.090656,-0.23981,-0.060575,0.13137,0.21084,-0.070479,-0.093356,0.16217,-0.19283,0.064834,-0.2533,-0.045735,0.21482,-0.11941,-0.022766,0.055396,-0.11851,0.068947,-0.070485,0.064479,-0.053308,-0.09067,-0.052355,-0.040241,0.062231,-0.047477,-0.079247,0.016861,-0.10097,0.073322,0.33085,0.2016,-0.080083,-0.039185,0.14608,-0.17704,0.13607,0.17228,-0.028424,0.0025633,-0.10329,0.036532,0.079494,0.23424,0.0683,0.042032,-0.30219,0.10815,-0.050142,-0.046162,-0.027154,0.12111,-0.084654,0.018831
0.081076,-0.15217,-0.073128,0.1014,0.033638,0.10321,0.05474,-0.14548,-0.0065489,-0.16571,0.011696,-0.028884,-0.080851,0.16082,0.034767,0.25414,0.1715,0.021297,0.0013852,-0.14265,0.066895,-0.08328,0.0953,-0.083968,0.10058,-0.05615,-0.07164,0.30633,-0.1527,0.068022,0.16668,-0.041,-0.0618,0.035513,0.029106,-0.03161,-0.092842,-0.038455,-0.065754,-0.29613,-0.003446,0.04477,0.063151,-0.031234,-0.077818,-0.029774,-0.20693,-0.26449,0.24889,0.088225,-0.0034939,0.049187,0.16055,0.093321,-0.24392,0.074391,0.34582,-0.11935,0.018259,0.055084
-0.061879,0.072447,0.10027,-0.077031,-0.071644,-0.15948,0.094526,-0.0088604,0.082734,0.018467,-0.037159,0.14158,0.035587,0.043351,0.051506,-0.005691,0.47887,-0.16967,0.29246,-0.40491,-0.011675,-0.11849,-0.011173,0.022068,-0.11436,-0.017231,-0.0051572,0.049898,0.10148,-0.13041,-0.13977,-0.083202,0.11347,0.1157,-0.05054,-0.019028,0.047919,0.11407,0.046511,0.0028517,-0.069266,0.045506,-0.098887,-0.061748,-0.18278,-0.085496,0.045025,-0.045122,-0.19712,-0.077206,-0.047338,0.11706,-0.21561,0.069976,0.058901,0.041951,0.049497,-0.019271,-0.095259,0.2602
-0.086192,-0.032048,0.16307,-0.051076,-0.032931,0.097669,-0.066177,-0.056734,0.0062937,-0.059981,-0.14615,0.017298,0.071461,-0.0022044,0.092101,-0.03991,0.19137,0.15258,-0.12468,-0.027689,-0.12403,-0.13929,-0.1829,0.10801,-0.080143,-0.14148,-0.085652,0.03246,-0.079292,0.076827,0.11595,-0.030028,0.32377,0.066661,0.1948,0.2001,0.048336,-0.088327,0.057924,-0.051641,0.053871,-0.15266,0.24916,-0.047798,-0.087582,0.25064,0.059926,0.025837,-0.13643,0.072589,-0.051046,-0.21008,0.004479,0.033396,-0.23233,-0.22412,0.001723,0.36466,-0.0035467,-0.091979
0.087375,0.23018,-0.10735,-0.19306,-0.083634,0.13511,0.10221,-0.096787,-0.00085986,0.052203,-0.21661,-0.17445,0.12414,0.24404,-0.030603,-0.042052,-0.14414,0.068472,0.11661,0.095181,0.011379,-0.19802,-0.046613,0.014182,-0.20049,0.34794,0.024375,0.1269,-0.045173,0.043912,0.054937,0.084946,-0.046496,-0.22366,-0.097317,0.11091,0.089109,-0.15637,-0.09652,-0.042534,0.080854,0.014145,-0.20353,-0.12111,-0.13778,-0.00095683,-0.072151,-0.12633,-0.2341,0.047123,-0.012854,-0.11912,0.035103,0.067233,-0.066024,0.1958,-0.093726,0.067578,0.16308,0.15984
-0.042324,0.24829,-0.021567,0.25657,-0.15375,-0.085316,0.15479,0.24725,0.16674,-0.065852,-0.080616,0.2285,-0.16902,0.042085,-0.077783,-0.084779,-0.26417,0.14113,0.12115,0.011007,-0.083235,0.21395,-0.029437,-0.022427,0.092893,-0.016766,-0.18963,-0.12951,-0.013414,0.12357,-0.022395,0.10958,0.27046,-0.074037,0.098299,0.13442,-0.09612,-0.070844,-0.053727,0.087373,-0.11847,0.13956,-0.12681,-0.11459,-0.15301,0.067347,-0.091649,-0.059996,0.08701,-0.024886,0.034366,-0.015089,-0.12079,-0.029756,-0.13002,-0.071419,0.2487,-0.047729,-0.034863,0.15945
0.025376,0.0049486,0.018281,0.06457,0.038934,-0.14516,0.054642,-0.24548,0.073082,-0.039823,0.070826,0.029201,0.20819,-0.2275,-0.2194,-0.088427,-0.15246,0.05218,-0.10535,-0.14513,0.098296,-0.11942,0.062948,0.16406,0.0027574,-0.046744,0.19244,0.31207,0.077143,-0.073802,-0.1302,-0.0357,0.15865,-0.059762,-0.0034025,-0.10025,0.1169,0.16099,0.031502,0.26008,-0.11523,0.18459,-0.053972,-0.060673,-0.0050206,0.12145,0.097353,-0.14417,0.17285,0.015128,0.072886,-0.22344,-0.017667,-0.047994,-0.30307,0.019032,-0.11559,-0.12444,0.10338,-0.016228
-0.014183,0.069884,-0.1275,0.33586,-0.023373,0.34764,-0.32114,0.010713,-0.31907,-0.062546,0.1183,-0.10755,0.045614,-0.22503,-0.084409,-0.038307,0.1898,-0.055944,0.25505,0.0093118,-0.14088,0.13405,-0.11262,0.02249,-0.10065,-0.031358,0.14353,0.072641,-0.14642,-0.0090037,0.014119,0.15281,0.061659,-0.06128,-0.077511,-0.027851,-0.12305,-0.019393,-0.026343,0.072073,-0.082567,-0.0151,-0.15924,-0.046093,0.013201,0.16151,0.078442,0.12129,0.04841,0.012461,-0.036428,0.08043,0.072687,-0.030437,-0.091216,0.16651,-0.02793,0.094349,-0.072716,0.16229
-0.078214,-0.095139,-0.15584,-0.14138,-0.054171,0.045234,-0.058728,-0.19141,0.022608,-0.18747,0.031632,-0.0071181,0.049215,0.36891,0.064696,-0.042712,-0.2656,-0.11483,0.087196,-0.059102,-0.01079,0.2448,0.063574,0.17546,-0.054858,-0.12014,0.012335,0.053237,-0.014408,-0.17033,-0.024694,0.036053,0.05935,0.18308,0.063571,-0.14045,-0.093826,-0.22483,0.11208,0.30541,-0.11847,-0.12718,-0.012346,0.13147,0.041658,0.037089,0.12606,-0.21941,-0.18487,-0.027252,0.0047223,0.21329,0.056641,0.076061,-0.055067,0.023021,0.10399,0.10214,-0.10268,-0.086186
-0.028466,0.24268,-0.16325,-0.0082113,0.052532,-0.13168,-0.070304,-0.0056676,-0.101,0.012302,0.079936,0.15637,0.088725,0.027729,-0.25829,0.10705,0.0095687,-0.10553,0.081124,0.22728,0.077069,-0.11669,-0.015916,-0.013083,0.0099054,-0.02829,-0.1797,0.20971,0.23841,0.12606,-0.014549,-0.21649,-0.25301,0.01381,0.15248,-0.069067,-0.073442,-0.016915,-0.12173,-0.048992,-0.11664,-0.032998,0.15994,-0.087274,0.0080942,0.45656,-0.062233,0.030922,-0.16693,0.0052079,0.046847,0.041844,-0.11813,0.031897,0.088192,0.019122,0.05617,-0.0049907,-0.18715,-0.067472
-0.07803,-0.16574,0.32648,0.12722,0.11796,-0.04619,-0.12386,-0.1655,-0.0085775,0.017576,-0.12438,-0.097609,0.030593,0.25679,-0.20004,0.061617,0.11116,-0.0984,0.057716,0.35744,0.061846,-0.06758,0.073191,0.025533,0.14921,-0.10714,0.063912,-0.32703,0.049845,0.067254,0.012082,0.089989,0.13791,0.062035,-0.12473,-0.11973,-0.073321,-0.027706,0.052992,0.029277,-0.13666,0.19927,-0.0034524,-0.039929,0.003983,0.057112,-0.10843,-0.057897,-0.1225,0.031231,-0.21415,-0.19048,0.015126,0.16095,-0.030721,0.038517,-0.051459,-0.16992,-0.022452,0.14696
0.0589,-0.039344,0.16083,-0.033026,-0.13542,0.11029,-0.18306,-0.27094,0.1129,0.12461,0.17865,0.18977,-0.16084,-0.016347,0.35758,-0.24273,-0.0095767,0.034234,-0.044316,-0.019275,-0.009219,0.075075,0.017694,-0.23478,-0.018832,-0.042115,0.011565,0.10346,0.15111,-0.12862,-0.07249,0.11681,-0.030354,-0.16904,-0.026287,0.038571,0.014195,-0.021339,-0.16632,0.020193,-0.13162,0.11469,0.086589,0.0030733,-0.013006,0.11397,-0.082285,0.012159,-0.18806,0.34716,0.038703,-0.16234,0.099902,-0.11593,0.13759,0.073521,0.13278,-0.11169,-0.069819,0.023528
0.073003,0.10596,-0.041344,-0.033553,-0.14465,-0.12228,-0.16521,0.20819,-0.086828,-0.092956,0.44622,-0.10638,0.034255,0.13217,-0.039508,0.122,0.075699,0.046293,-0.093444,-0.17741,0.096577,-0.046931,0.034219,0.16631,0.010649,0.33841,-0.21408,-0.11185,-0.17811,-0.1023,0.086573,0.034455,0.2293,0.039885,-0.045772,-0.08839,-0.010199,0.011721,0.039245,-0.0016531,-0.0019324,0.11497,0.038913,0.015727,-0.043886,0.11343,0.0057133,0.043833,-0.12989,0.13718,-0.19753,-0.082562,0.022495,-0.1172,0.037704,0.0014294,0.013941,-0.20145,0.11166,-0.22822
0.018401,-0.025003,-0.22699,0.14668,0.12848,0.032737,-0.09869,-0.12738,0.025646,0.12601,-0.034019,-0.10291,0.10947,0.31596,0.06427,-0.04612,-0.08623,-0.041457,-0.08844,-0.1013,-0.064565,0.032739,0.18227,0.0021061,0.13187,-0.12529,0.067568,0.11713,0.1305,-0.055674,0.022858,0.013533,0.20627,0.078633,0.01156,0.22251,-0.15063,0.17201,-0.19022,-0.22428,0.0023658,-0.11816,-0.12518,-0.14109,0.060726,-0.036247,0.064006,0.3917,-0.12809,-0.14497,0.027061,-0.033425,-0.21928,-0.057716,-0.057163,-0.029089,0.017368,-0.16062,0.14829,-0.078004
-0.089081,0.017545,0.14387,-0.074269,0.048269,0.024746,0.13068,-0.011206,0.072886,-0.076798,0.24038,-0.082856,0.14505,-0.10693,0.0010568,-0.18034,-0.095924,-0.052964,-0.063344,0.11642,-0.1568,-0.095102,0.09793,0.20199,-0.12294,0.19376,-0.050077,0.013126,0.18816,-0.17409,-0.16315,0.14053,-0.03367,0.051048,-0.14907,-0.02454,-0.047506,-0.15957,-0.20749,-0.20832,-0.060153,0.034295,0.20008,-0.04803,0.069788,-0.07394,0.01706,0.15484,0.18425,-0.20734,-0.24506,0.044005,0.026464,0.076853,-0.10162,-0.02302,0.28995,0.16635,-0.10886,0.1452
0.10904,-0.013237,-0.04051,0.068497,0.031768,-0.15076,-0.22186,0.051502,0.22053,-0.072162,-0.052019,-0.085017,0.086677,-0.14734,-0.055309,-0.099053,0.024408,0.23202,0.13361,-0.012165,0.052084,0.11658,-0.05424,0.23164,-0.12784,-0.12847,0.08606,-0.12312,0.25266,0.039463,0.083137,-0.15372,-0.10279,-0.029678,-0.063045,0.001087,-0.21747,-0.028163,0.012724,-0.20818,0.25727,0.060686,-0.091391,-0.014643,0.16593,-0.13828,0.053608,-0.22147,-0.11342,0.28738,-0.1114,0.0055352,-0.18458,-0.081722,-0.076386,0.13874,0.14723,0.090727,0.021768,-0.12381
-0.2205,0.002125,0.049219,-0.028997,-0.016782,0.032075,0.058294,-0.0215,-0.02501,0.17135,0.1223,0.089942,0.38511,0.028108,-0.16277,0.21345,-0.089551,0.18286,-0.066337,-0.25641,0.073582,0.11676,0.022968,-0.34867,-0.19583,-0.16679,0.083928,-0.2246,-0.0046083,-0.063838,-0.018677,-0.0044337,0.10754,-0.15116,-0.045479,-0.058829,-0.0040405,-0.16307,-0.018499,-0.064966,0.29135,0.011526,0.041471,-0.14708,0.072887,0.1078,-0.027903,-0.004113,-0.049412,-0.12359,0.078948,0.0288,0.17379,0.041217,0.0051126,0.056064,0.063726,-0.080738,-0.14087,0.019899
0.029569,7.482e-05,-0.010241,-0.22494,0.068321,0.020467,0.21517,0.063056,0.10224,0.022489,-0.06745,-0.25964,-0.070077,-0.12457,-0.22425,0.15031,0.033504,-0.017192,-0.1381,-0.085565,-0.065535,0.19921,-0.048599,-0.034016,0.14023,-0.055321,-0.014493,-0.019294,-0.045279,0.024852,-0.0049384,0.12,0.078432,-0.045563,-0.14621,-0.086267,-0.17513,0.030104,-0.076893,-0.027827,-0.19766,-0.10808,0.35846,0.11886,-0.0039758,0.056084,0.097449,0.038743,-0.20044,0.17673,0.17633,0.051825,-0.11357,-0.23353,-0.091123,0.2452,-0.0063426,0.007665,0.10088,0.25875
0.15029,0.01098,0.22942,-0.052207,-0.13108,-0.078779,-0.011717,-0.1733,0.078827,-0.10869,-0.02811,0.16947,-0.035531,-0.17692,-0.26114,0.25771,-0.050626,0.29563,0.048084,0.0081195,-0.066118,-0.033165,0.0031097,-0.0042448,0.11013,-0.056447,0.055594,0.096676,-0.12544,-0.24067,0.11381,-0.016222,-0.094922,0.094161,0.10138,0.11339,-0.034482,-0.0048257,-0.17093,0.07678,-0.1006,-0.033517,-0.22059,0.124,0.083247,-0.057795,-0.15379,0.22999,-0.23894,-0.098656,-0.20278,0.16131,0.14629,-0.012771,0.06616,-0.023852,0.042231,0.10306,0.16963,0.011131
0.074634,0.064952,-0.08997,0.075632,-0.16988,-0.16745,0.11618,0.083559,-0.015946,0.050566,0.15259,0.28071,0.20482,0.045944,-0.031407,-0.16758,0.10909,-0.082075,-0.062474,0.095145,-0.088255,-0.062637,0.096159,-0.24905,0.18874,-0.083379,0.057694,0.027863,-0.11982,0.088972,0.017345,0.31504,-0.073676,0.01974,-0.049123,-0.27588,-0.080915,0.0055235,-0.15021,-0.077576,0.073356,-0.21068,-0.064019,0.083533,0.014697,-0.08817,0.15701,-0.11916,-0.064866,0.18771,-0.1229,-0.0035138,-0.089175,0.19954,-0.17053,-0.08667,-0.13476,0.16985,0.15252,-0.039202
-0.012081,0.10715,-0.0021771,-0.028382,-0.0021271,-0.018615,0.047469,-0.17432,0.043145,-0.01428,-0.010269,0.17143,-0.28204,0.089576,0.0031771,0.0017934,0.04139,0.084621,-0.10617,-0.074448,0.2607,0.26459,-0.093061,0.1579,-0.079483,-0.047901,-0.092992,-0.06431,-0.061204,-0.039577,-0.080813,0.018823,-0.18924,-0.1438,-0.040838,0.00015941,-0.16704,0.089993,0.031879,-0.20371,0.024499,0.15477,0.034803,0.012037,-0.21328,0.076439,0.28238,0.21148,0.045731,-0.11586,-0.10978,-0.022157,0.11822,0.29772,-0.18497,0.17373,-0.24963,0.051319,-0.025355,-0.074465
0.052727,0.0093564,-0.077966,0.020267,0.047066,-0.049776,0.051022,0.023168,0.16433,0.30794,0.09437,-0.15032,-0.27498,-0.041127,-0.29884,-0.2694,0.17958,0.10829,0.17719,-0.032775,0.039275,0.0011473,0.11947,0.085846,0.14591,-0.071438,-0.11653,0.19187,0.015264,-0.13567,0.15945,0.12338,0.044808,0.089891,-0.1887,0.054446,-0.038437,-0.22571,0.068388,0.11692,0.18788,-0.16403,0.043649,-0.11357,0.017936,0.0058549,-0.041412,-0.023965,-0.01595,-0.093229,0.13269,-0.14966,0.22125,0.13872,0.1109,-0.078662,-0.025905,-0.037722,-0.10989,-0.075433
0.045462,0.1418,0.05431,0.055807,-0.1442,-0.054843,-0.094372,-0.082459,0.19367,-0.20559,0.3028,-0.23711,-0.038345,0.17381,-0.15138,-0.12708,-0.049929,0.076936,-0.099953,-0.022164,-0.082449,-0.12642,-0.14219,-0.21105,-0.014034,-0.080807,0.08848,0.0060765,0.14928,0.22977,-0.092721,-0.034318,-0.027993,0.14977,0.20965,0.0090828,-0.034727,0.054672,0.25383,-0.037722,-0.079632,-0.059261,0.046584,-0.25456,-0.13214,-0.2226,-0.044516,0.09609,0.048749,0.059646,0.034643,0.15528,0.20022,-0.040391,0.045649,0.089918,-0.17725,0.087761,-0.025899,0.11256
0.085751,0.050513,0.022747,0.10807,-0.2755,0.035855,-0.047932,0.0035352,0.31038,-0.081047,-0.095461,0.010021,-0.01308,0.092879,-0.087873,-0.070817,0.042043,-0.2636,-0.010148,0.15392,0.13862,-0.098656,-0.12029,-0.029367,-0.027968,-0.096197,0.10264,0.15573,-0.072782,0.07959,-0.011485,-0.207,0.2797,-0.11993,-0.1203,-0.10761,0.09682,-0.17774,-0.13178,-0.073646,0.24958,0.067132,0.055897,0.36641,-0.00019573,0.066653,0.13089,0.15494,0.090155,-0.10727,-0.040238,0.14438,0.070153,-0.17716,0.086549,0.033094,0.013205,-0.080575,-0.01218,-0.0013884
0.047068,0.034751,-0.074496,0.10986,-0.12036,-0.098968,-0.17314,0.0038428,0.0063124,0.021683,-0.10929,0.0012891,0.044151,0.00020661,0.23939,0.087628,-0.14103,0.32062,0.065762,-0.065018,0.028096,-0.14476,-0.069271,0.035385,0.15142,0.026103,-0.026335,0.14745,-0.060578,0.14047,-0.091264,0.04856,0.011822,-0.14437,-0.16565,-0.30584,-0.020423,0.11012,0.27233,0.066205,-0.017704,-0.1671,0.20926,0.11213,0.1153,-0.10787,-0.1369,0.16433,-0.11448,-0.24532,-0.059462,-0.17874,-0.10525,0.13236,0.0107,0.14298,0.12401,0.012761,-0.18923,0.092303
-0.10197,-0.15386,-0.058099,0.060734,0.015284,-0.051856,0.031442,0.0531,0.13777,0.013863,-0.022255,-0.006121,0.092811,0.020837,0.027223,0.16172,0.050341,0.0078955,0.12593,-0.054326,-0.026898,0.041477,-0.056217,0.055303,-0.087077,0.10812,-0.055964,-0.020582,0.31697,0.16711,-0.17719,0.21102,0.05275,0.055961,-0.0054748,0.097866,-0.16041,0.22452,-0.23396,0.073366,0.012939,-0.25762,-0.078042,0.30874,-0.21615,0.068169,-0.20859,-0.10198,0.078924,-0.056042,-0.091086,-0.12345,0.31806,-0.12966,-0.00024144,0.090486,-0.15787,0.023239,-0.071752,-0.15682
0.15005,-0.11979,0.06428,-0.15419,0.11965,0.27378,0.0031126,0.052754,-0.037692,-0.050712,0.13027,0.11721,-0.035772,-0.15859,-0.15567,-0.071988,-0.13165,-0.11148,0.070636,-0.11766,-0.08579,-0.018355,0.085563,0.1312,-0.10984,-0.045572,0.025136,-0.048738,0.054236,0.31248,0.082786,-0.00369,0.059701,0.042161,0.21872,-0.30116,0.023075,-0.064157,-0.046687,-0.12836,0.025016,0.086723,-0.11606,0.15382,-0.23403,-0.18111,-0.040371,0.16906,-0.24643,-0.06148,0.23119,-0.2163,0.0044346,0.15643,-0.0028536,-0.023829,0.12181,-0.084465,-0.0099868,-0.071211
-0.087752,0.14987,0.011287,0.030241,-0.075902,0.19359,0.052957,-0.21261,-0.0063141,-0.017612,-0.16437,-0.12056,0.18263,-0.16429,-0.08257,0.057455,0.079217,-0.065483,0.15768,0.11552,0.16277,0.2761,0.034482,-0.22983,0.18103,0.24767,-0.21665,0.087545,0.053902,-0.1493,-0.22253,-0.10962,0.094247,0.093225,0.25221,-0.067113,-0.079711,-0.040083,0.11163,0.031217,0.11293,-0.050725,0.070012,-6.2475e-05,-0.067054,-0.26547,0.073765,0.086169,0.053717,0.1502,-0.10951,-0.19157,-0.062692,0.03987,0.032122,-0.036313,0.081653,-0.010238,0.033941,-0.13841
0.0051833,0.0144,0.11762,-0.0093541,0.0042587,-0.25799,-0.023025,0.013118,-0.056002,-0.0082164,0.11412,-0.16351,0.10931,-0.092813,0.16327,-0.13594,-0.019865,-0.20661,0.052479,0.10785,-0.10013,0.0029883,-0.051334,0.083477,0.0019078,-0.17892,-0.11268,-0.046445,-0.17733,-0.13452,-0.060065,-0.13159,0.059045,-0.19926,0.18973,0.066558,-0.2025,0.12177,-0.081107,0.14335,0.20162,-0.054899,0.088688,-0.00010979,-0.096737,0.048209,-0.23254,-0.0066097,0.014569,-0.074605,0.1809,0.040161,0.055543,0.30219,0.058664,0.26733,0.095967,-0.010093,0.33564,0.012526
0.063025,0.081405,0.104,-0.030992,-0.11653,-0.0022032,-0.13134,-0.023455,0.10927,0.20224,-0.0061497,-0.06408,0.096788,-0.1259,-0.019599,-0.021898,0.013716,-0.089367,-0.26326,0.044212,0.40144,0.036502,0.086745,0.16605,-0.044453,-0.0073522,0.088183,-0.09357,-0.091605,-0.067292,-0.0084975,0.15825,0.012763,-0.0070617,0.15512,0.012746,0.038537,-0.044353,0.18224,-0.22392,-0.20504,-0.40069,-0.28326,0.043251,-0.12979,0.13626,-0.1179,-0.060682,0.11185,0.0024751,0.071519,0.044621,-0.10979,-0.0028927,0.072345,0.020444,0.15558,0.0098258,-0.088852,0.10533
0.17581,0.016015,0.17181,-0.014343,-0.30875,0.098116,0.030778,-0.0070783,-0.023492,-0.0055519,-0.19932,-0.2312,0.16643,0.051435,-0.021317,-0.19365,0.069256,0.097316,0.088276,-0.22596,-0.0090695,-0.077788,0.14531,-0.038702,-0.048752,-0.020654,-0.28046,-0.10736,0.082724,0.047216,0.14596,0.080797,-0.042089,-0.070361,0.17146,-0.032378,-0.10111,0.040606,-0.139,-0.028663,-0.25075,0.14329,0.015937,0.13612,0.33584,0.074377,0.036425,-0.014426,0.16869,-0.068848,0.14011,0.099835,-0.031683,0.13583,0.0055662,0.010798,-0.18337,-0.057262,-0.10802,-0.13093
-0.29897,-0.049645,0.020044,0.01017,0.026359,-0.13813,-0.059962,-0.042143,0.10489,-0.039005,0.023163,-0.23429,0.023803,-0.066267,0.10226,-0.12605,0.020266,0.26973,0.081049,-0.085582,-0.067152,0.060855,0.03596,-0.011466,0.20923,0.26854,0.35996,-0.0055124,-0.1652,0.15842,-0.004184,-0.11348,-0.13972,0.042723,0.15679,0.023707,-0.045453,-0.14765,-0.20654,-0.03208,0.0062931,-0.0023432,0.02615,0.15537,-0.18712,0.19225,0.1427,-0.017581,-0.022033,0.011536,0.018674,0.084721,-0.080632,0.18134,0.064596,-0.17974,-0.031126,-0.2192,-0.061582,0.086002
-0.21481,0.03122,0.10171,-0.017216,0.23381,0.067494,0.048702,0.065485,0.21204,-0.16481,-0.027747,0.08975,-0.077069,0.012067,-0.076175,-0.082091,0.00010815,0.018864,0.19232,0.0033743,-0.20089,-0.1472,0.43332,-0.080228,-0.075654,-0.045653,-0.032346,-0.0079264,-0.17462,-0.013716,-0.02954,0.0021945,-0.021659,-0.26504,0.083709,0.04207,0.13646,0.015844,0.23167,-0.05238,-0.06301,-0.21679,-0.0095534,0.032824,0.01545,0.09513,0.06562,0.087665,0.046253,0.1071,-0.17442,0.041157,-0.04338,-0.099342,-0.030306,0.30169,-0.025037,-0.083846,-0.022994,-0.23859
-0.15947,-0.12491,-0.015619,-0.14138,-0.28317,0.0020221,0.17666,-0.083378,-0.030772,0.028263,0.082092,-0.055197,-0.14163,-0.077721,0.011012,0.06532,-0.00022027,-0.11596,0.057996,0.031399,-0.18255,0.13191,-0.11783,0.096994,-0.045481,0.00027141,-0.053378,0.095667,0.2042,0.15595,0.011195,0.060216,-0.026112,-0.13474,0.087768,-0.020335,0.017918,0.085564,0.301,-0.11854,0.13947,-0.12563,-0.16039,-0.015639,0.32126,0.19887,0.041616,0.039534,-0.061509,0.019106,-0.17599,-9.1226e-05,0.079067,0.064686,-0.08676,-0.1947,0.047721,-0.29835,0.205,0.17861
0.29374,-0.12778,0.0026966,0.074184,0.087548,-0.084053,0.06763,0.085098,-0.24494,0.26417,0.10835,-0.034628,-0.12066,0.081648,0.038756,0.056442,0.010419,0.20626,0.055745,0.038329,0.016165,-0.087545,-0.044991,-0.068771,-0.10844,-0.08919,-0.03543,-0.048904,0.16667,-0.020755,-0.096511,-0.23,0.091933,-0.091459,0.25178,-0.0045101,0.067377,-0.27938,-0.10995,0.097318,-0.14855,-0.23179,0.01883,0.089461,-0.056139,-0.091146,0.32151,-0.055443,0.10303,-0.028398,-0.22819,-0.049816,0.0041213,-0.015895,-0.067379,0.13793,0.026345,-0.12875,0.088503,0.14021
-0.16784,-0.052354,0.19798,0.1037,0.084785,0.034939,-0.11355,0.0012764,0.040166,-0.19212,0.039234,0.20419,-0.13103,0.13552,-0.057805,0.11466,0.025496,0.021272,-0.0051825,-0.038606,0.051128,-0.2905,-0.18546,0.024839,0.014083,0.20492,-0.081944,-0.027344,0.026112,-0.13402,-0.18722,0.1044,-0.06974,0.024932,0.034522,-0.0022525,-0.26516,-0.19062,-0.012463,-0.0062818,0.098051,-0.15199,-0.11925,0.032561,0.25001,-0.018864,0.18697,0.011545,0.071901,0.018151,0.45128,-0.14458,-0.084843,-0.04726,-0.0045253,0.033854,-0.015788,-0.039095,0.13055,0.078847
-0.14937,-0.15985,-0.17937,0.052586,0.27639,0.035556,-0.058068,0.10712,0.071082,-0.23914,0.049759,-0.059014,0.050465,0.051916,-0.064615,-0.1695,0.029578,0.050151,-0.14587,-0.068139,0.18816,0.0088233,-0.07133,-0.096474,0.11328,-0.0022513,-0.24153,0.039752,0.18763,-0.23011,0.27173,0.020064,0.0095404,-0.29368,0.179,-0.10848,0.14073,0.082618,-0.025447,0.059419,0.068365,0.036568,-0.11757,0.17617,-0.016167,-0.01122,-0.073024,0.048633,-0.045371,0.030843,-0.11074,-0.0009541,-0.011786,0.04508,0.052726,-0.092751,-0.087634,0.13479,-0.03593,0.35796
0.0049143,0.3116,0.013443,0.01732,0.15663,0.0087955,-0.11456,0.0061926,-0.053618,-0.099791,-0.1565,-0.16804,-0.10958,0.017249,0.009377,0.091883,0.028775,0.045519,0.03296,-0.1067,0.065023,-0.055892,-0.11105,0.097184,-0.032523,-0.28814,0.023664,0.009504,0.072787,-0.035938,-0.22943,0.49447,-0.094804,-0.0086582,0.16801,-0.12806,0.28914,-0.089171,-0.14746,0.0077878,0.14837,0.043099,0.14994,-0.021036,-0.023173,-0.013616,-0.032381,-0.032423,-0.0017968,0.0018068,-0.085993,0.1187,-0.042659,-0.011612,0.070059,-0.13517,0.059499,-0.19156,0.1697,-0.11377
0.038793,0.007675,-0.024779,-0.037634,-0.2722,-0.026117,0.11639,0.20338,-0.12418,-0.15346,0.038143,-0.088281,-0.16887,0.050329,-0.0023384,0.18419,-0.014297,-0.13196,0.1492,0.064939,0.10872,-0.093419,0.14568,0.046966,0.12571,-0.020021,0.45399,-0.055557,0.15281,-0.28931,0.068764,0.056665,0.033104,-0.28717,0.21395,0.075208,-0.077501,0.097201,-0.040699,-0.037598,0.042839,-0.0033184,0.13128,-0.078634,-0.0020626,-0.084864,0.014365,0.0016886,-0.066146,0.0087604,0.079178,-0.16152,0.033737,0.0058381,-0.10315,-0.076743,-0.010182,0.096481,-0.2646,-0.070248
-0.092845,-0.29217,-0.15467,-0.015711,-0.05852,-0.027319,0.039856,0.21127,0.16424,0.23464,0.026635,-0.19875,-0.011605,0.050728,-0.024478,0.012086,-0.086424,-0.0067433,0.20914,-0.029102,0.054687,-0.12027,-0.19963,-0.18822,0.04388,-0.094697,0.026601,0.015509,-0.06997,-0.14945,-0.22078,0.06159,-0.123,0.11877,0.072338,-0.071233,0.084245,-0.044758,0.13722,-0.1473,-0.17249,0.30784,-0.13935,0.07351,-0.019012,0.20477,-0.0074737,0.13082,0.010379,0.018086,0.0044562,-0.10461,-0.024841,0.011169,-0.057338,0.0634,0.14138,0.27478,0.1759,-0.15955
-0.2176,0.15252,0.086512,0.048457,-0.11867,-0.018336,-0.059612,-0.055097,-0.083534,0.23264,-0.13311,0.025428,-0.0036843,0.027913,0.040143,0.057489,-0.05667,0.049953,-0.069183,0.041055,-0.29028,-0.11107,-0.024772,0.020287,-0.0185,0.012848,0.018008,0.016102,0.26218,-0.25978,0.43677,0.039566,-0.062436,0.068483,0.0055374,-0.2721,-0.12892,-0.0099281,0.17164,-0.014398,0.036449,0.066791,0.018129,0.1091,-0.36493,-0.0021355,0.059802,0.034382,0.17795,-0.0015037,0.058528,0.080008,-0.036698,-0.14315,-0.015392,0.070123,0.020352,-0.051201,0.11441,-0.065648
-0.14481,0.028342,-0.071626,-0.0020725,-0.20748,0.10893,-0.055519,0.14006,-0.19458,-0.27515,-0.083037,0.10678,-0.018264,-0.0057519,-0.10595,-0.1841,0.00077109,0.068705,0.018889,-0.12664,0.2092,0.038727,0.11071,-0.082733,-0.0049657,-0.063902,0.14117,-0.11306,0.25219,0.0016517,0.028383,-0.1578,-0.052918,0.13259,-0.29434,0.12589,0.14616,-0.066125,0.024016,-0.01074,-0.16604,-0.16613,0.17437,0.077649,-0.051081,0.049515,-0.099471,0.039679,0.060123,-0.005757,0.013846,-0.12617,0.039111,0.17144,0.067591,0.060019,0.085493,-0.021165,0.42709,-0.008673
-0.0038361,-0.13009,0.084666,0.049408,-0.10008,0.024661,-0.10352,-0.091071,-0.16055,0.064292,0.0455,-0.096244,-0.056138,0.0032609,-0.02208,0.11109,0.010244,0.10024,-0.012527,-0.021162,0.040707,-0.061944,0.42913,0.079078,0.12882,-0.028814,-0.16879,0.031739,0.12482,0.16713,-0.296,-0.038737,0.01322,-0.3024,-0.14915,-0.018029,-0.091868,-0.067823,0.083914,0.024615,0.1025,0.10779,-0.057172,0.0044105,-0.21922,0.03266,0.042619,-0.033412,-0.058127,0.0042006,0.10941,0.25667,-0.017964,-0.12336,0.048141,-0.2658,-0.0080605,0.29889,0.16562,0.037933
0.44893,-0.034886,0.042485,-0.0034613,0.24816,0.03683,0.047402,0.0012009,0.078349,-0.14541,-0.028002,0.032531,0.1794,0.00065445,-0.026192,-0.036849,-0.019579,-0.0015195,0.11992,0.0084311,-0.090873,0.003758,-0.24296,-0.16952,0.0011418,0.11378,0.086193,-0.043787,0.096714,-0.16666,-0.03166,0.048308,0.032842,-0.21604,-0.20395,0.076861,-0.16117,9.4776e-05,0.27833,-0.063301,-0.11258,-0.082417,0.059715,0.052399,-0.17866,0.14907,0.0083269,0.014079,0.013217,-0.00067791,0.049402,0.17251,0.0027012,0.14394,-0.00084307,-0.31861,0.042795,-0.16817,0.016876,-0.15922
