0.14951,0.15352,-0.11463,-0.0691,0.13015,0.12966,0.016815,-0.13013,0.12525,0.13479,0.13083,0.16363,-0.077976,-0.088303,0.12256,0.1083,-0.079762,-0.12515,0.12154,-0.12789,0.14189,-0.15401,0.14317,0.067809,0.1188,0.15154,0.15473,-0.16016,0.14701,0.12735,0.12956,0.1575,0.12602,0.1529,0.16046,0.14797,-0.063786,-0.087501,0.15898,0.12973,0.14406,0.1588,0.16615,0.16909,0.13742,0.15363,-0.083536,0.11966,0.10927,0.10738,-0.11101,0.14008,-0.080001,0.1162,-0.10406,0.16407,-0.053142,0.13553,0.12663,0.14716
-0.10534,-0.066185,-0.10847,-0.070297,-0.042841,-0.024754,0.055419,-0.1109,-0.012214,-0.049337,-0.036878,-0.12807,0.029042,-0.060374,-0.019676,0.25326,0.057303,-0.023586,0.098244,0.067806,0.047966,-0.060772,-0.05821,-0.0023455,0.06479,-0.080067,-0.089095,-0.069281,-0.045949,0.21683,0.20452,0.14042,0.22529,-0.11776,-0.13013,0.17142,0.079533,-0.054118,-0.11341,0.2415,-0.053478,-0.092524,-0.15161,-0.13295,-0.057503,-0.12437,0.2413,0.18425,0.25427,0.25218,0.11824,0.087232,-0.012648,0.25528,0.22643,-0.13018,0.22322,-0.050705,-0.035067,-0.087864
0.042466,0.057788,0.095448,0.14595,0.1102,0.1368,0.17624,0.15379,0.14536,0.12147,0.081139,0.052817,0.25867,0.18521,0.14805,0.013427,0.27012,0.26889,0.095164,0.24133,0.096121,0.23415,0.018439,0.17299,0.1186,0.071919,0.02642,0.081906,0.077587,-0.023444,0.016012,-0.044242,0.021956,0.04468,0.074439,-0.068794,0.23986,0.21202,0.071757,-0.022647,0.012201,0.073198,0.054902,-0.0099104,0.093297,0.040255,0.13944,0.0312,0.012718,0.013931,0.24707,0.072024,0.2616,0.0048064,0.10662,0.05686,0.14273,0.10744,0.14653,0.068507
-0.24509,0.24567,-0.075403,-0.016325,0.16832,0.17025,-0.034067,-0.01816,0.12903,0.15457,0.3254,-0.13915,-0.015638,-0.0096903,0.11454,-0.11582,-0.026197,-0.0091256,0.1053,-0.030394,0.054294,-0.021227,-0.24048,0.019265,-0.0079458,-0.0078054,-0.045045,0.027015,-0.16708,0.20921,0.052068,-0.02371,0.070778,-0.24731,-0.026586,0.18485,-0.028974,-0.006718,0.015714,-0.15175,-0.25096,-0.047906,-0.051775,0.20858,0.18749,-0.2596,-0.049801,-0.12125,-0.11494,-0.11736,-0.04777,0.045045,-0.014874,-0.11314,-0.044647,-0.093024,-0.044749,0.050171,0.1044,-0.20776
0.00055436,-0.047661,0.36393,0.25173,0.072982,0.052435,-0.19295,0.32053,0.097837,0.035065,-0.00084364,-0.044107,-0.088753,0.254,0.086869,0.12343,-0.22708,-0.17157,0.024307,-0.221,-0.025932,0.093161,0.046311,0.10641,0.068612,0.019576,0.029536,0.37715,-0.022253,0.058103,0.063577,-0.04131,0.080645,-0.032572,-0.047926,-0.02036,-0.21227,0.12137,-0.029261,0.047732,0.042045,-0.037558,-0.058103,-0.11861,0.038769,-0.038067,-0.012989,0.097688,0.12217,0.12415,-0.24004,-0.031587,-0.020224,0.10501,0.10606,-0.032216,-0.061885,0.07079,0.081586,-0.014316
0.010607,0.095335,-0.011692,-0.0243,0.021392,0.11544,0.34144,0.031481,0.090885,0.022596,0.12771,-0.076757,-0.11271,-0.10004,0.042169,0.10596,-0.010057,0.11868,-0.014117,0.08374,0.050987,-0.069336,-0.017345,0.12893,0.14096,-0.1405,-0.23491,-0.034177,0.090512,-0.082749,-0.16321,-0.28128,-0.1091,0.022089,-0.16052,-0.13775,0.080318,0.12144,-0.13716,0.13772,-0.031424,0.012247,-0.20714,-0.087706,0.0039356,0.00061332,-0.30945,0.18642,0.11252,0.098968,-0.12104,0.011449,-0.14368,0.12345,-0.3265,-0.14306,-0.14175,-0.066207,0.038555,0.070765
-0.063613,-0.097707,0.28058,-0.068575,-0.018681,-0.034327,0.32568,0.060403,0.0065463,-0.049894,-0.20879,-0.059009,-0.17703,-0.13859,-0.0010937,-0.078397,-0.023517,0.032968,0.17925,0.2019,0.20625,-0.064001,0.069506,-0.12375,-0.01634,0.18711,0.22723,0.21293,-0.086675,0.0046998,0.10997,0.14386,0.12915,-0.12064,0.04488,-0.030096,0.12267,-0.0069052,0.069019,0.0029172,0.087651,-0.079638,0.065673,-0.19383,-0.041047,-0.12532,-0.1638,-0.14247,-0.073661,-0.08298,0.054923,0.28182,-0.25376,-0.033611,-0.12606,0.050118,-0.0092547,0.053374,0.014078,-0.12367
0.029801,0.078908,-0.023309,-0.34285,0.06023,0.069187,0.0032251,-0.13163,-0.063925,0.025676,0.08086,-0.11011,0.027214,0.40805,-0.049211,-0.023642,0.081556,-0.24898,0.0861,-0.12826,0.13798,0.38668,0.081145,-0.15327,0.10508,0.093647,-0.072674,0.034748,0.10024,-0.048036,-0.079127,-0.12221,-0.06429,-0.043063,-0.09902,-0.056278,0.013597,-0.38489,0.017554,0.040428,0.11704,0.025604,-0.09726,-0.13905,0.03615,-0.043252,-0.13209,-0.01131,-0.019911,-0.026872,0.17023,0.12952,-0.038906,0.0021671,0.11531,-0.022603,-0.087903,-0.010072,-0.010416,0.034068
0.11117,0.10769,0.083293,-0.0030541,0.13603,-0.12517,-0.042304,-0.061795,-0.19959,0.016293,0.21295,-0.11644,0.012468,-0.12837,-0.10279,0.056499,0.043879,0.087563,0.0061105,0.13979,-0.22546,-0.12172,0.32946,-0.0063562,0.0054324,0.098567,0.14371,0.33941,0.046153,0.17496,-0.049267,-0.087421,-0.1114,-0.031621,-0.15107,0.22097,0.072799,-0.029863,0.017744,-0.049684,0.3317,0.018586,-0.21851,0.18973,0.15086,-0.035286,0.034625,-0.12028,0.041259,0.07271,0.12343,-0.14937,0.0058711,-0.0021593,-0.076482,-0.072175,0.048923,-0.063823,-0.12218,0.05704
0.041121,-0.13769,0.12422,-0.27932,0.12596,0.056933,-0.1546,-0.095077,-0.13306,0.078492,0.12174,-0.05753,-0.11129,-0.057011,-0.024082,0.036882,-0.033288,-0.26211,0.10356,-0.061822,-0.071525,-0.032933,-0.030751,-0.15841,0.1731,0.040391,-0.13993,-0.20135,0.032877,0.018009,0.04412,-0.063072,0.0058726,0.0025316,-0.038658,-0.031749,0.22364,0.56405,0.02943,-0.18427,0.047648,-0.05663,0.074785,-0.24126,0.063217,0.05642,0.025222,-0.14875,0.025611,0.04684,0.019355,-0.11683,-0.0090402,-0.048364,-0.029836,0.062357,0.12256,0.11693,0.033292,-0.0024566
-0.027225,0.18597,-0.19126,0.039442,-0.075634,0.053672,-0.082015,-0.072156,0.047692,-0.047426,-0.048446,-0.1195,0.12244,-0.056744,-0.033063,-0.11834,-0.090245,-0.14205,0.0385,-0.12845,0.27482,-0.25103,0.1454,-0.029381,-0.064103,0.15833,0.093569,0.056597,0.089909,-0.16814,-0.12223,-0.077597,-0.075061,-0.11013,-0.067638,-0.12655,-0.086414,0.35234,0.026095,0.18329,0.12425,0.107,-0.17923,-0.019108,-0.066203,-0.16148,0.18729,0.039849,-0.10318,-0.13167,-0.049934,0.31463,0.24212,-0.0056721,0.085532,-0.078952,0.010091,-0.10945,-0.031569,0.027369
0.050688,0.25293,0.20232,0.095843,-0.0645,-0.063904,0.24247,0.16214,-0.23738,-0.043332,0.094536,0.023846,-0.094188,0.086162,-0.21425,-0.084258,0.0044891,-0.16004,-0.12224,-0.041133,0.14285,0.17731,-0.13273,-0.15797,-0.12028,-0.075461,-0.19139,0.016501,0.06853,0.11977,-0.061048,0.16632,-0.047969,0.12012,0.04597,0.27204,0.12587,0.22993,0.064322,0.19541,-0.092812,0.022833,0.031901,0.24807,0.0010858,0.12534,-0.0033699,0.12053,-0.07844,-0.087055,-0.041979,0.092576,-0.1056,0.016961,0.090733,0.044153,0.10845,-0.096543,-0.18217,0.055045
0.017022,0.0088098,0.13832,0.39259,-0.079205,0.096533,-0.1093,-0.070565,0.025493,-0.097578,0.18423,0.051888,0.070859,-0.146,-0.045913,0.037504,0.097256,-0.32358,0.26755,-0.095059,0.095849,-0.07789,0.0088334,0.010097,0.13764,-0.19544,0.037278,-0.008422,-0.20404,-0.056317,-0.14103,-0.14186,-0.083537,0.12848,-0.027249,-0.022396,0.13269,-0.17241,-0.18595,-0.0075388,0.039219,-0.17751,0.17076,0.078803,-0.12013,0.16056,0.014355,-0.13294,0.047854,0.02536,0.2262,0.19212,0.031447,0.028816,-0.12076,-0.0076597,0.054536,-0.026913,-0.022838,-0.13664
0.0057363,0.02583,0.15247,-0.25301,-0.058783,0.068596,-0.14914,0.28058,-0.089403,0.027668,0.1446,0.11006,0.08869,-0.075328,-0.019572,0.027872,-0.15642,0.17024,0.20941,0.34412,0.087787,-0.24949,-0.099194,-0.33557,0.2123,-0.11573,-0.17577,0.079065,0.092473,-0.056321,-0.0045009,-0.015909,-0.027874,0.070996,0.017323,0.034501,-0.23708,-0.11004,-0.043888,-0.028802,-0.079361,0.11212,0.011947,0.023157,-0.078558,0.090551,0.087109,-0.052135,0.022197,0.033887,0.02125,0.10841,0.11697,0.015118,0.15699,0.058033,-0.21985,-0.042675,-0.018638,0.042718
-0.07208,-0.035355,-0.027053,-0.0319,-0.29532,0.036402,-0.04691,0.080192,-0.041236,0.00063814,0.10892,0.027688,-0.10569,0.066717,0.080905,0.063133,-0.033054,-0.075775,0.26806,0.0073002,-0.1307,0.15038,0.041941,0.20628,0.031216,-0.01889,0.077349,-0.04928,0.11407,-0.28253,0.16493,0.13026,0.067878,-0.08721,0.05665,-0.021621,0.11513,0.089716,-0.061313,-0.12392,-0.021411,0.35608,-0.17185,0.31709,-0.29896,-0.12082,-0.087925,-0.18707,0.039858,0.087866,0.0096334,-0.0086415,-0.1892,-0.025409,0.037976,-0.084986,0.079969,-0.12571,-0.024416,0.083254
0.041696,0.10079,0.34301,-0.32307,-0.050186,0.22547,0.24338,-0.023675,0.05125,-0.038902,0.18684,-0.15996,0.00026779,0.060445,-0.088146,0.0043992,-0.054171,0.045415,-0.071097,-0.021456,-0.066726,-0.21956,0.066868,0.25903,-0.17355,0.048321,0.10508,-0.17322,-0.1946,-0.17569,-0.067534,-0.051572,-0.032035,0.01673,-0.045793,-0.061975,-0.0095655,-0.10361,-0.04403,0.019495,0.11668,-0.093076,0.19366,0.10459,-0.10965,0.036854,0.079128,0.045487,0.023642,-0.017986,-0.15944,-0.11364,0.060308,-0.0060561,0.3151,-0.045464,0.11874,0.093739,-0.0034021,-0.11262
-0.016475,-0.14311,-0.18304,-0.17916,0.034598,-0.25859,0.22974,-0.031023,-0.075967,-0.023602,-0.091049,0.13734,0.10007,0.30576,0.041088,-0.024603,-0.091521,-0.16344,0.13405,0.012599,0.030529,-0.29671,-0.051089,0.44877,0.10046,-0.14758,-0.058429,0.1971,0.034961,0.19433,-0.03833,-0.0053078,-0.089043,0.09513,0.067641,0.027479,0.0044995,0.060719,-0.027098,-0.092089,-0.083629,-0.13822,0.0038315,0.010417,0.10906,0.11735,-0.029848,-0.20876,-0.043046,-0.0037128,-0.048646,0.13167,-0.0013243,-0.074092,0.11906,-0.0047893,-0.015425,-0.12334,-0.038542,0.044378
-0.038939,0.066073,0.085143,-0.20535,0.032224,-0.057212,-0.24101,0.010935,0.24549,0.0047716,-0.1417,0.25003,-0.07955,-0.3493,0.11961,-0.020167,-0.048841,-0.015098,-0.091901,-0.052093,0.015208,0.091054,0.024708,-0.0023243,-0.0082162,-0.10826,0.063846,0.15609,0.0007056,0.069918,-0.1018,-0.10495,-0.12454,0.013276,0.0072666,-0.035979,0.48848,-0.083518,-0.055051,0.071264,-0.090317,0.023048,-0.073938,0.056788,0.092806,-0.025122,-0.15496,0.031075,-0.0070329,-0.033333,-0.12713,0.058918,0.012275,0.024488,0.3784,0.03572,0.043499,-0.10294,0.06302,0.045224
-0.0038646,0.024472,-0.34246,-0.069023,-0.15431,0.2276,0.060963,-0.1854,0.18835,-0.083592,0.065902,0.073717,-0.029731,0.1756,-0.081024,0.059865,0.024309,0.031395,-0.04637,0.016264,-0.053294,-0.075079,-0.024502,-0.26685,-0.065922,0.0077015,-0.037007,0.55004,-0.027218,-0.0774,0.024804,-0.015472,-0.030779,0.0060328,-0.050175,0.046405,0.05878,0.12949,-0.13865,-0.040138,-0.02162,0.061686,0.36888,0.016707,-0.098797,0.035319,-0.024917,0.061522,0.1028,0.0061622,-0.038782,-0.12295,-0.11174,0.020959,-0.017088,0.066478,0.13025,0.037639,0.043039,-0.038644
0.025015,0.13954,0.015809,-0.0019278,0.0013249,0.015503,0.085813,-0.13342,-0.16197,-0.00071345,0.17146,0.48523,-0.016398,0.067711,0.067276,-0.074063,0.0542,0.065142,0.021564,-0.06538,-0.044121,-0.022784,0.028103,-0.0017475,-0.056053,0.03974,0.062133,0.028023,-0.22265,-0.018326,0.022122,-0.18511,0.22479,-0.010775,-0.037623,0.044323,-0.079963,0.030792,-0.085504,-0.013786,-0.050923,-0.038347,-0.40941,-0.18582,-0.20592,0.02404,0.031341,0.052683,-0.10941,-0.029112,-0.045275,-0.023344,-0.024783,0.044624,0.0083081,0.43148,0.080064,0.050553,-0.015497,-0.061708
0.050718,-0.018841,-0.027269,0.13055,-0.056732,0.038241,0.052775,0.019982,-0.21535,0.0024155,0.11087,-0.1869,0.044631,-0.1889,-0.03068,-0.062517,-0.073127,-0.14885,-0.067564,-0.072151,0.059268,-0.1639,-0.16357,0.15847,-0.0091945,0.20527,-0.25348,0.23533,0.21408,-0.091352,0.11029,-0.019319,0.28505,0.015447,0.036462,-0.023249,0.35205,-0.30856,0.086273,-0.11272,-0.070979,0.10833,-0.024579,-0.16839,-0.088969,0.051088,0.06886,0.064539,-0.079743,-0.042049,-0.099946,-0.11993,0.18747,-0.068438,-0.022009,0.029673,-0.06148,0.12142,0.0079502,0.084316
0.031365,0.12624,-0.087963,-0.077853,-0.035584,-0.081887,-0.071087,-0.048008,-0.059139,0.043525,-0.16957,-0.26239,0.063657,0.12031,0.14421,-0.053978,-0.050921,0.092548,0.08412,-0.0084963,-0.072188,-0.0045842,-0.042003,-0.17229,-0.070799,-0.12759,0.17162,0.037012,-0.13413,-0.047021,-0.040331,-0.15822,0.35508,0.34228,0.20564,0.099884,0.11463,0.11444,-0.048843,-0.023442,0.05919,-0.041627,-0.18244,0.090701,-0.057412,0.28173,-0.12264,0.042268,-0.078883,-0.021662,-0.0061552,0.036081,0.0029302,0.091841,0.035475,-0.31082,-0.10431,0.19586,0.06944,-0.12427
0.071542,-0.20096,0.0052921,-0.080463,0.033307,-0.20728,-0.088604,0.0019521,-0.13318,-0.20687,0.18307,-0.003054,0.19158,0.18666,0.10595,0.027223,-0.067698,0.0087575,-0.14841,0.022279,0.10336,-0.081473,0.0059046,-0.12407,0.18548,0.0016373,0.069344,0.017111,-0.14691,-0.075705,-0.061967,0.21701,0.025386,-0.14094,-0.021077,-0.30177,0.24329,0.023298,0.0075834,0.10413,-0.050586,-0.1384,-0.037398,0.38378,0.030264,-0.16348,-0.045982,0.1992,-0.018988,0.086299,-0.067904,0.0026936,0.025407,0.071952,-0.1548,0.13298,-0.088033,0.21503,-0.024703,-0.061964
0.044489,-0.1463,-0.05925,0.083448,0.029258,-0.16274,0.042853,-0.083722,-0.086218,-0.08361,0.20636,-0.16791,-0.21635,-0.19047,0.16576,-0.038995,0.3892,-0.01111,-0.021553,0.0049542,0.11028,-0.011114,-0.099753,-0.051866,0.1931,0.05877,0.032262,0.1198,0.068406,-0.0048605,0.0040739,-0.093065,-0.1938,0.065225,0.15799,-0.15798,-0.30654,-0.0099268,0.083953,-0.073761,-0.05042,0.015862,-0.093796,0.04388,-0.037546,0.083642,-0.020394,0.10758,-0.078223,0.012929,-0.12828,0.03343,-0.18662,-0.039787,0.31629,-0.068207,0.24671,0.15041,0.072902,-0.013221
-0.018535,0.03185,0.072315,-0.0092423,0.040357,-0.08191,0.010617,0.006003,0.056498,-0.014679,-0.075746,0.10948,0.0060359,-0.06489,-0.06565,-0.041711,0.20885,-0.074859,-0.026414,0.019745,-0.034866,-0.031778,0.11966,-0.025013,0.080044,-0.049912,-0.14454,-0.0026486,0.14458,-0.09588,-0.19561,-0.038131,0.6627,-0.022081,-0.21581,-0.1815,-0.1921,0.017866,-0.12247,-0.061089,0.026973,-0.016234,0.16362,0.18711,0.26152,-0.075226,-0.095925,-0.042407,-0.016529,-0.071332,-0.016007,0.0072602,-0.0325,-0.047971,0.074806,-0.036441,0.15658,-0.12009,-0.053475,0.074966
-0.063393,-0.11965,0.10739,-0.17488,-0.0071276,-0.06884,-0.17519,0.065369,0.17867,-0.10169,0.32428,-0.03878,0.18173,0.056733,-0.019215,0.020913,-0.051118,0.050226,-0.21762,0.0091898,0.086469,0.0041237,-0.057786,-0.00058659,-0.073583,-0.021861,0.14102,0.020359,0.060537,0.19957,-0.0045235,-0.14961,0.1699,0.048052,0.19974,-0.045067,-0.023859,-0.037592,0.20299,0.15118,-0.033732,0.052158,0.017505,-0.13644,-0.20299,0.090367,-0.069291,-0.068961,0.025712,0.010195,-0.024519,0.07011,-0.013866,-0.13423,-0.28571,-0.094633,0.34151,-0.32266,-0.023773,0.032969
-0.18866,0.081524,0.29093,-0.21384,-0.088602,-0.017563,-0.084403,-0.17904,-0.19636,0.06639,-0.23266,0.067898,0.15814,-0.081699,0.14661,-0.02998,0.041028,0.048168,0.094144,-0.15335,-0.038526,0.0089294,-0.072268,0.076307,-0.081808,0.059684,-0.19282,0.15491,0.028827,0.01124,0.071621,0.092157,-0.18719,0.0060129,0.0072554,-0.050895,-0.15948,-0.046879,-0.19981,0.046481,-0.037299,0.17667,0.02095,0.082321,0.10833,0.076715,-0.074171,0.077165,-0.075938,0.030398,0.019956,0.074927,0.17487,0.11914,-0.31763,-0.064927,0.34518,0.15907,0.04811,-0.05989
0.14904,-0.07848,-0.032964,-0.094479,-0.1631,0.087059,0.040314,0.061178,0.10468,-0.042861,0.10474,-0.068426,-0.11151,-0.10381,-0.030886,0.0043945,-0.022063,-0.018151,-0.02101,-0.083366,-0.0022706,0.026377,0.070194,-0.0068137,-0.23733,-0.31347,-0.18407,0.090933,-0.068612,0.051864,-0.1049,0.18615,0.04511,0.0059801,0.21968,0.016812,-0.11187,0.0021817,-0.0041867,-0.024762,0.10991,-0.22954,-0.17389,-0.0091402,-0.017395,-0.22489,-0.078362,-0.12574,0.031783,-0.032121,0.17766,0.0817,0.16326,-0.022441,-0.025622,0.062453,0.079059,0.26887,0.21723,0.41994
0.18684,-0.002754,0.24691,-0.037677,-0.20593,-0.085916,0.01937,-0.092549,0.26641,-0.26252,-0.16413,-0.062583,0.30437,0.043156,-0.013736,-0.02019,0.19549,-0.15201,-0.0078446,0.019923,0.071653,-0.093001,-0.0067423,-0.034368,0.11654,0.037954,0.084845,-0.10056,0.15361,0.11208,0.029921,-0.1563,-0.039103,-0.038823,-0.023902,0.39398,-0.029928,0.038999,-0.098724,-0.27389,-0.11704,0.049476,-0.06941,0.028388,-0.08951,-0.17952,-0.035553,0.17489,0.033598,-0.093812,-0.072669,-0.098072,-0.04625,-0.037856,-0.060304,0.059737,-0.099656,0.083162,0.070542,0.10113
0.045149,-0.18237,0.090757,-0.037506,0.062919,0.23347,-0.012545,-0.2002,-0.085408,-0.03038,-0.19129,-0.088422,-0.18422,-0.008846,-0.080778,-0.029897,0.03533,0.11352,-0.10121,-0.10683,0.055585,0.0089162,-0.1159,0.15754,0.35757,-0.18593,0.028879,0.10585,-0.18883,0.11916,-0.33986,-0.0037869,0.11793,-0.072466,0.12811,0.14322,-0.036046,0.04269,0.11042,0.16647,0.044502,0.39091,0.028184,0.043177,-0.10512,-0.096295,0.045244,-0.036285,-0.058661,0.025989,0.10761,-0.073074,0.097749,-0.054966,-0.00056418,0.095283,-0.11079,-0.0096809,-0.076027,-0.064499
-0.038183,0.0084445,-0.22888,-0.17986,-0.13946,-0.15194,-0.0052378,0.28796,-0.056334,-0.29194,0.1578,0.027992,-0.055838,-0.25006,-0.04601,-0.051801,-0.21322,-0.016473,-0.090897,0.0059548,0.05206,0.30039,0.048036,0.26955,0.083465,0.17121,0.065945,-0.00070416,-0.016176,0.11656,-0.019621,-0.13027,0.060411,0.021327,-0.062921,0.10038,-0.13928,0.1067,-0.21636,-0.031971,0.051052,0.05479,0.18556,-0.03807,0.003655,0.035387,-0.057233,0.098579,-0.027808,-0.058358,0.2433,0.038525,0.075795,0.077073,0.0028248,0.016312,-0.063182,0.20654,-0.001181,-0.18431
-0.21199,-0.093873,0.13667,0.086614,-0.099274,-0.2143,0.33967,-0.18932,0.14998,-0.1212,0.19062,0.099375,-0.13253,0.047771,0.037938,-0.016104,-0.0932,0.10982,-0.11484,-0.22546,-0.12707,0.07099,0.0066064,-0.25436,0.10754,-0.036676,-0.0040085,-0.068769,0.1539,0.11805,0.078923,-0.041007,0.013204,0.032849,0.063333,-0.063296,0.064733,-0.031677,-0.15366,-0.044107,0.14816,0.15087,0.0095785,0.019179,0.056405,-0.0048081,0.2605,-0.25515,-0.0033562,-0.045614,-0.13988,0.087738,0.22392,0.141,0.0087619,-0.10111,-0.16126,-0.0052434,0.12639,-0.034716
-0.061375,0.041915,0.18019,0.063396,-0.013251,-0.10431,-0.10335,-0.15768,0.10943,-0.0017434,0.076606,0.023411,-0.26303,0.14557,0.0062685,-0.020153,-0.0073319,0.080984,-0.15325,-0.11409,-0.012618,-0.30727,-0.1177,0.039485,-0.041387,0.099784,-0.005808,0.010455,0.14501,-0.061752,0.19257,0.043939,0.0021201,0.010738,-0.02003,-0.042101,-0.026492,0.086455,0.044923,-0.01023,-0.066657,-0.04919,-0.02121,0.034743,-0.029889,0.036016,-0.31329,0.15312,0.014817,-0.046563,0.59511,-0.045319,0.10375,0.0661,0.13719,0.0048515,-0.13641,-0.12655,0.011967,-0.034154
0.065128,-0.03159,0.061105,0.13966,0.039466,-0.013564,0.068816,-0.30997,0.0066933,0.05735,0.1188,-0.047421,0.49943,-0.19167,-0.10779,-0.026803,-0.39332,0.21243,-0.0020019,-0.14074,0.015645,0.14712,-0.054926,0.034107,0.12777,-0.072408,-0.050359,0.05092,0.060762,-0.14602,-0.0032037,0.13508,0.0022845,0.039183,-0.024528,0.01182,-0.10221,0.07291,0.068427,-0.019244,0.0098835,-0.021338,-0.017508,-0.096467,0.051125,-0.020108,-0.15672,-0.093886,0.00071974,-0.069617,0.07308,-0.0017574,-0.31004,0.066329,0.22634,0.022018,0.044243,0.025975,-0.019151,-0.00079195
0.077131,0.06935,-0.075313,0.025414,0.078728,0.14916,0.10152,0.13201,-0.0088473,-0.12367,-0.31996,-0.11559,-0.052494,0.0057232,0.058084,0.050926,-0.2542,0.17044,-0.0093439,-0.19599,0.11976,0.00034322,-0.09084,-0.11912,0.15267,0.17022,-0.12729,-0.068242,0.063013,0.14818,0.091796,-0.27994,-0.0095206,-0.069638,-0.042,-0.087206,0.00085455,-0.062216,0.020485,-0.12585,0.10312,-0.22266,-0.076506,0.35328,-0.16457,0.083637,0.031987,-0.15645,0.037842,0.085653,0.086038,-0.045612,-0.017358,-0.060966,0.011512,0.1952,0.25886,-0.097778,0.092031,0.040503
-0.093133,0.27316,-0.036203,-0.015685,0.13683,-0.071277,0.038644,0.080648,0.14509,0.024545,-0.13346,0.091933,-0.047779,0.034768,-0.23064,-0.042242,-0.11452,-0.28353,-0.27706,0.23585,-0.1611,-0.068985,-0.050159,0.031223,0.31265,-0.17359,0.045665,0.02488,0.040602,-0.22157,0.098216,-0.0034736,-0.055533,0.085478,0.068799,-0.037784,-0.02982,-0.097267,0.20309,-0.015096,0.019332,0.035763,-0.13083,-0.0026416,-0.046664,-0.11481,0.10474,-0.069778,0.060265,-0.13904,0.073933,-0.015066,-0.026174,0.16299,-0.1025,-0.037962,0.24931,0.22722,0.091393,-0.13247
-0.040408,-0.060075,-0.14723,0.0061831,0.010958,0.021647,-0.027566,0.44561,0.034483,0.02921,0.026604,-0.034219,0.17235,0.066792,-0.078587,-0.081627,0.30949,0.15807,-0.021218,-0.36541,-0.098056,-0.27091,-0.025456,-0.071822,0.10545,-0.0055811,-0.054623,-0.10385,-0.024559,0.0081214,0.013037,0.12214,-0.056438,-0.016733,-0.049195,0.12967,0.11317,-0.04812,-0.051852,0.055267,0.22258,0.11885,-0.00019779,-0.13936,-0.0086646,-0.045316,-0.26573,-0.1608,-0.10943,-0.072624,-0.049088,0.024155,-0.067993,0.23373,0.058386,0.067721,0.10162,0.053186,-0.049452,-0.098063
0.025349,-0.032908,-0.056715,0.061483,0.071918,-0.068799,0.35978,0.15493,-0.054341,0.076809,-0.016271,0.093598,0.096116,-0.056848,0.18015,0.041619,-0.19423,-0.17086,0.097545,-0.16297,-0.14514,-0.088974,0.17817,-0.27624,0.011045,-0.043456,0.15666,-0.046511,-0.094735,0.0054387,-0.095509,-0.089554,-0.031631,-0.067017,0.020187,0.013935,-0.036011,-0.053526,0.11292,-0.0038482,-0.2725,0.1937,0.07758,-0.073836,-0.0065557,-0.11837,-0.18199,0.13815,0.019331,0.16127,0.16684,-0.125,0.20959,-0.21861,0.087177,-0.16423,0.17756,0.076099,-0.14134,0.050434
-0.019697,-0.18883,-0.029511,0.21512,-0.016456,0.029448,-0.071407,-0.095272,0.11458,0.030112,0.041941,-0.074044,-0.10397,0.17923,0.15492,-0.19453,-0.30026,-0.072815,0.07176,0.38351,-0.12016,-0.046379,-0.002041,-0.030311,-0.019221,0.028011,-0.15577,-0.16477,-0.013933,0.15067,-0.11059,-0.022507,-0.023989,-0.041857,-0.0054753,0.072241,0.051297,-0.077925,-0.13697,-0.043299,0.28156,0.11626,0.037444,-0.033834,-0.0011037,-0.038446,-0.13918,0.22858,-0.31256,-0.081099,-0.057875,0.0518,0.012888,0.12959,0.082472,0.076611,0.26429,-0.0186,-0.048913,0.064585
0.25294,-0.0079475,0.04347,-0.10521,0.075992,-0.12933,-0.048142,0.088392,0.245,0.012018,0.045652,-0.042567,-0.16955,0.050062,0.2042,0.017702,-0.09235,0.14319,0.093828,-0.19674,0.04976,-0.074004,0.045963,0.03362,-0.079873,-0.045233,-0.068746,0.036631,0.04622,-0.11101,-0.14588,-0.0045435,-0.0020493,0.061137,-0.13694,0.031107,0.065876,-0.071833,0.022513,-0.049463,-0.20857,0.076612,0.012975,-0.044847,0.051696,0.0043247,0.46309,0.0094104,-0.23248,-0.078771,0.20027,0.014274,-0.30978,0.14465,-0.14691,-0.045098,0.088318,0.10136,-0.22299,0.038506
0.15629,-0.066034,-0.047533,-0.036614,-0.084341,-0.086159,-0.01729,-0.01907,0.0027099,0.099735,0.065324,-0.033354,-0.23776,0.037521,-0.10248,-0.21234,-0.086927,0.21125,0.17219,-0.093196,0.11275,0.099657,-0.081829,0.0051296,0.2741,-0.017758,0.23218,0.013463,0.041681,-0.2838,-0.002648,0.15965,-0.01272,0.091558,-0.1129,0.25423,0.01615,-0.061296,-0.06825,-0.045857,-0.069036,-0.24695,-0.030867,-0.06626,0.12283,-0.032525,-0.059608,0.10723,0.11398,-0.062261,-0.17959,-0.050844,0.32917,-0.041128,-0.11332,-0.013886,0.23859,-0.18874,-0.0039303,-0.0047901
-0.010029,0.28252,0.027517,0.15603,-0.08885,-0.10785,-0.22793,-0.13316,-0.11544,-0.17677,-0.0083995,0.056346,-0.13599,0.1929,-0.068576,-0.085984,-0.023495,0.29393,0.019281,0.049993,0.021328,-0.070118,0.19678,0.065342,0.10201,0.061095,-0.12207,-0.11494,0.046836,0.06714,0.0094857,-0.13979,-0.0032024,-0.029979,0.015998,0.042833,0.089576,-0.023641,0.033944,0.15617,-0.18247,-0.037811,0.19767,-0.13796,-0.069905,-0.15427,-0.11911,-0.22633,0.07582,0.16139,-0.12622,0.12019,-0.037128,-0.13232,0.062954,-0.13722,0.071714,0.34225,-0.11942,0.13762
-0.12528,-0.15967,0.021538,-0.012812,-0.030161,0.011741,-0.0044893,0.054066,-0.22179,0.29005,0.0054232,0.23527,0.054155,0.0086387,0.067178,-0.13647,-0.0064429,-0.038654,-0.16069,-0.022784,0.10563,-0.067716,-0.19952,-0.0093298,0.058703,0.20888,0.1031,-0.0051749,-0.078184,-0.073681,-0.045536,-0.20396,-0.0089455,0.16273,-0.00049189,0.14475,0.023703,-0.0093349,-0.14266,0.14029,0.11787,-0.12003,0.13955,0.066797,-0.062236,-0.3079,0.15156,0.015526,-0.010249,0.022236,0.11148,-0.07673,-0.22001,0.039645,-0.0051349,-0.26747,-0.029818,-0.014965,0.20131,0.3138
0.067603,-0.12586,-0.017324,0.036055,0.21293,-0.093917,-0.033743,-0.061801,-0.1441,0.077246,-0.0021277,0.12049,-0.065252,0.024482,-0.11062,0.51628,-0.0081073,0.095472,-0.011241,0.013095,0.20826,0.045398,-0.01891,0.014555,-0.16889,-0.03429,-0.010424,-0.015779,-0.04015,0.0041157,-0.027816,-0.08642,-0.0046808,0.084744,-0.18233,0.070251,-0.0013279,0.00038397,0.15305,-0.29322,-0.0057675,0.086593,0.10577,0.06835,-0.2244,-0.16445,-0.15439,-0.011765,-0.036927,-0.27061,-0.11803,0.16025,0.18167,0.22072,0.01334,-0.12904,0.054153,0.05242,0.0075208,-0.023139
-0.029964,-0.05154,-0.0057681,0.10327,-0.0934,0.034732,-0.055128,0.071042,-0.23156,-0.028613,0.012684,-0.035141,-0.054352,0.14768,-0.082581,0.093048,-0.11689,0.060708,-0.082218,0.016811,0.18824,-0.15963,0.11451,-0.037476,-0.12624,-0.077448,0.12786,-0.11332,0.099215,0.025388,-0.22315,0.033944,-0.021133,-0.063003,-0.022531,-0.0032765,0.088882,-0.074365,-0.17589,-0.058972,-0.11727,0.24574,-0.12741,-0.078058,0.27053,0.12386,0.056508,0.005493,0.23836,-0.17074,0.080767,-0.025747,-0.19086,-0.15756,0.030465,0.064479,0.15457,0.03053,0.46318,-0.13936
-0.068537,-0.18599,0.005849,-0.031181,0.12771,-0.039675,0.0067911,-0.013907,-0.053865,0.12676,0.001446,-0.16977,0.017064,-0.036718,0.12875,-0.26266,0.034559,-0.010356,-0.032964,-0.013822,-0.16253,0.03432,0.38137,0.019563,-0.048918,-0.10032,-0.16459,0.030834,0.16501,-0.0069477,0.02343,-0.023772,-0.003996,0.24643,-0.22189,0.14435,-0.015846,0.019692,0.11237,0.15174,-0.19837,-0.056966,0.10697,0.10888,-0.30793,-0.11984,0.017076,0.011693,0.033556,0.0061364,-0.007618,0.13898,0.01153,-0.015883,-0.010662,0.21295,-0.054161,-0.053912,0.30886,-0.22684
-0.028114,0.38796,0.0019998,-0.022031,-0.02909,-0.36273,-0.0072818,0.013023,-0.021803,0.16909,3.8691e-05,-0.19845,0.0046508,-0.0092362,-0.090404,-0.0092876,0.0072235,0.052614,0.23192,-0.072173,-0.05126,0.0025902,-0.094309,0.015561,0.096194,-0.087155,0.086681,0.012139,-0.14695,0.26624,-0.075412,0.10834,-0.0013939,0.071974,-0.059024,-0.31006,0.026029,0.0024919,-0.052021,-0.080718,0.08657,0.10414,0.18673,-0.10673,-0.23726,-0.12864,0.057238,0.18218,0.036719,-0.089841,0.0043203,-0.1387,-0.048391,-0.019752,-0.013392,0.17294,-0.024718,-0.12572,0.18045,0.17791
-0.3472,-0.073818,0.0016834,-0.034535,0.0047065,0.04642,-0.0339,0.041383,-0.087559,-0.022666,-0.00012546,0.033719,-0.0085389,0.0074876,-0.18887,0.061523,-0.0038102,0.16071,0.10948,-0.18587,-0.16631,-0.019514,0.098704,0.033136,0.040975,-0.20067,-0.029417,0.0086989,0.088372,-0.10878,0.078041,-0.20911,0.0030486,-0.068584,0.23868,0.058392,0.08302,-0.0082699,0.13698,-0.20651,0.16714,-0.10547,0.06007,0.030128,0.10892,-0.065738,0.1346,0.4716,0.0050299,-0.032832,0.013989,0.28,-0.13318,-0.20868,-0.028894,0.070268,-0.022157,0.017534,-0.11603,0.022304
0.10895,0.0060463,-0.0044911,0.015994,-0.20695,-0.2203,0.0067874,-0.0056296,0.015803,0.29364,-0.00014316,-0.19545,-0.0047946,0.0067873,0.037632,0.11795,-0.0093484,-0.03755,-0.069098,0.052761,0.075381,-0.00067577,-0.12857,-0.010442,-0.17142,-0.0020676,-0.019024,-0.009906,0.029891,-0.13439,-0.015348,-0.30463,-0.0067025,0.11086,0.25092,0.01365,-0.018785,-0.0036121,-0.056256,0.035337,0.032045,0.074489,0.073152,0.025171,0.23358,-0.30004,-0.039036,-0.14182,0.15775,0.2039,-0.0041276,0.04352,0.03469,0.087174,0.0088037,0.39134,0.022605,-0.019535,-0.20058,-0.22919
0.45124,-0.038441,0.0014391,-0.0076025,-0.076274,0.020164,-0.0090977,0.0095102,0.069565,0.14381,-0.00043219,0.27002,-0.0037183,0.003605,-0.24186,-0.21988,-0.0023712,0.047031,0.045014,-0.053384,0.033917,-0.0071445,0.064004,0.0039792,-0.02552,0.079272,-0.24623,0.0013549,-0.044223,0.20403,0.058136,0.04813,-0.0020095,0.039337,0.15392,-0.17938,0.023932,-0.0019107,0.01453,-0.15358,0.10536,0.057687,-0.073332,0.040218,-0.042261,-0.15777,0.032402,0.14077,0.055734,0.13755,0.0049251,0.052669,-0.033574,-0.098758,-0.0061949,-0.31766,-0.0055536,-0.053505,0.083695,-0.39569
-0.13311,0.069605,-0.0020432,0.013029,-0.054432,0.23578,-0.0082877,0.011255,-0.025891,-0.25478,-2.1364e-05,-0.022322,-0.0071101,0.019772,0.23363,0.070238,-0.013912,0.010962,-0.10036,-0.00022346,-0.0067777,-0.020422,0.0092101,-0.0086761,0.073729,0.12722,-0.062779,-0.015216,-0.14142,0.087983,0.0081557,0.21219,-0.032301,0.63384,-0.10146,-0.092195,0.013333,-0.010866,0.021114,-0.17377,0.040412,0.056335,-0.12275,-0.079659,0.13864,-0.27567,0.0079089,0.0092106,0.14137,-0.066274,0.0063243,0.047257,-0.024803,-0.17369,0.0027082,0.024366,0.022458,-0.1054,-0.19646,-0.021985
0.17905,0.19334,0.0044259,-0.010013,-0.11657,-0.020013,-0.0015986,0.00013714,-0.18757,0.06288,0.00015886,0.016466,0.013665,-0.0092101,0.52331,-0.050989,0.016205,-0.008846,-0.27737,-0.00108,-0.094261,0.0046975,0.032056,0.0088576,0.1096,-0.076549,-0.10445,0.0082727,-0.064573,-0.061301,-0.080914,0.079662,0.016598,-0.32445,0.07437,0.10871,-0.00023782,0.0039317,0.075631,-0.18889,0.14697,-0.078242,0.152,-0.10522,-0.095513,0.077901,0.026814,0.0076096,0.3237,-0.1887,-0.00070222,0.19803,-0.024768,0.069333,-0.0050001,-0.078984,-0.023259,-0.15786,-0.052174,-0.041406
-0.21812,-0.058404,0.00034374,0.00072496,0.20989,-0.28091,0.0010466,-0.00054113,0.18007,-0.19236,1.5629e-06,0.08706,0.0013318,-0.00017155,0.036128,-0.11573,-0.00068632,-0.00088828,0.28004,0.00065884,0.12533,-9.8127e-05,-0.049653,-0.007201,-0.14627,0.21382,-0.32366,-0.00026596,-0.17966,-0.20159,-0.22877,0.0011807,0.00047528,-0.010381,0.11488,0.16169,0.00018559,0.00010746,0.19393,0.07066,0.17378,0.072198,-0.056452,0.049801,-0.045244,0.04627,0.00090879,0.00089729,0.39228,-0.072372,1.076e-05,-0.22409,-0.0014642,-0.015928,0.00078189,-0.013407,-0.0011876,0.03047,0.034922,-0.036304
-0.15725,-0.15283,9.3215e-05,0.00024296,-0.2754,-0.089312,0.00043562,-0.00025442,0.19622,0.37159,3.4007e-07,-0.068411,0.0004834,-0.00010542,-0.14452,-0.12015,-0.00078242,-0.00015226,-0.20956,0.00010669,0.128,6.4017e-05,0.093653,-0.002916,0.077674,0.086734,-0.059933,-6.0082e-05,-0.32429,0.085698,0.050631,-0.015762,7.8675e-05,-0.0033218,-0.32627,-0.0090271,-1.3543e-05,-7.8937e-06,0.11291,-0.17626,-0.041014,0.12349,-0.12282,0.094062,-0.0066105,0.30397,8.8639e-05,0.00057331,0.17138,0.061818,7.8918e-05,0.18708,-0.00022479,-0.090356,0.00022449,0.034823,0.00010131,0.18792,-0.14915,0.17654
0.34331,-0.088118,5.4276e-06,1.2293e-05,0.13901,-0.070063,2.2413e-05,-1.3689e-05,-0.015135,-0.16846,7.5908e-09,-0.058633,2.629e-05,-5.3854e-06,-0.043804,-0.0020329,-4.4256e-05,-4.7088e-06,0.064726,3.7387e-06,-0.34154,3.4039e-06,-0.2731,-0.0008875,-0.04429,0.029087,-0.028336,-2.8432e-06,-0.25508,-0.094745,0.31785,-0.17734,8.723e-06,-0.0032853,-0.16421,-0.0052319,2.2216e-06,-5.7776e-07,-0.040581,0.26598,-0.0053317,0.21415,0.023248,0.041975,0.15815,-0.0034295,8.057e-06,4.6911e-05,0.12213,-0.22009,2.1866e-06,0.30996,-1.5279e-05,-0.20232,1.0894e-05,0.026625,6.1785e-06,-0.019618,0.12319,0.1462
-0,0.051913,8.496e-06,1.9391e-05,0.32804,0.02345,3.5432e-05,-2.1474e-05,-0.056098,-0.18188,1.2574e-08,-0.085359,4.1418e-05,-8.5479e-06,-0.15572,-0.2444,-6.9431e-05,-7.8193e-06,-0.12141,6.1683e-06,-0.066747,5.3405e-06,-0.070439,-0.0027552,-0.13167,0.091135,0.09227,-4.4977e-06,-0.10226,-0.11145,-0.14176,0.059901,-4.5532e-07,-0.0018614,0.075146,0.018352,2.9109e-06,-9.0067e-07,-0.10696,-0.37325,-0.16824,0.12817,0.029639,-0.045606,0.0044599,0.0051818,1.2437e-05,7.1479e-05,0.067856,0.46799,3.8689e-06,0.28089,-2.3835e-05,0.28992,1.7272e-05,0.033312,9.6277e-06,-0.1526,0.09093,0.1818
-0,0.045004,2.3879e-06,5.4993e-06,-0.016286,-0.084121,1.0576e-05,-5.8526e-06,0.038356,0.031949,2.4214e-09,-0.10906,1.226e-05,-2.702e-06,-0.07947,0.25426,-1.9834e-05,-2.8368e-06,-0.10088,2.348e-06,0.034131,1.4443e-06,0.4026,-0.0063692,0.23129,0.21242,-0.26758,-1.2542e-06,-0.3808,-0.15482,0.13705,0.018119,-6.1324e-06,0.00028806,0.33713,0.099473,-8.3187e-07,-2.8035e-07,-0.15334,0.021658,-0.1874,-0.012076,0.011584,-0.021311,0.088273,0.028865,3.706e-06,1.2661e-05,-0.25626,-0.092841,2.3729e-06,-0.051644,-7.0989e-06,0.032281,5.1197e-06,-0.01049,2.6155e-06,-0.27034,0.15858,0.071773
0,-0.12709,-2.259e-06,-5.3243e-06,-0.19437,0.19325,-9.9048e-06,5.7312e-06,-0.1042,-0.010443,-3.8982e-09,-0.024243,-1.1404e-05,2.454e-06,-0.11989,-0.15654,1.8683e-05,2.6838e-06,0.19708,-2.0955e-06,-0.20834,-1.4268e-06,0.086118,-0.0055238,0.021291,0.18468,0.073696,1.2433e-06,-0.0027596,0.20842,-0.09055,-0.15352,-4.8122e-06,0.0010817,0.15709,-0.18731,1.2789e-07,2.4057e-07,0.20524,0.024653,-0.31067,-0.068901,-0.015355,0.068783,0.11483,-0.030545,-3.1485e-06,-1.4659e-05,0.22812,-0.34791,-1.7375e-06,-0.043241,6.3142e-06,0.48437,-4.872e-06,-0.00017245,-2.5039e-06,-0.04448,-0.098766,0.096158
-0,0.077194,-3.301e-07,-5.2973e-07,-0.40331,-0.054242,-8.6734e-07,7.5881e-07,-0.0073428,-0.11542,5.6844e-10,0.06985,-1.2236e-06,1.62e-07,0.020102,0.18579,2.4576e-06,-3.4699e-07,0.066842,2.1435e-07,-0.21202,-1.8683e-07,-0.15931,-0.0039668,0.026866,0.13247,-0.038944,1.0344e-07,-0.066668,-0.058735,-0.25034,-0.0056062,-7.1341e-06,0.0012514,-0.20474,0.086115,-9.2192e-07,4.039e-08,0.49832,0.005196,0.036238,-0.077011,0.02176,-0.039113,0.15904,0.010588,-7.5134e-07,-6.6574e-06,-0.26199,0.26552,4.8718e-07,0.080642,1.0605e-06,0.053169,-3.4969e-07,-0.0087334,-4.295e-07,-0.087618,0.33906,-0.080889
-0,0.015836,-5.6618e-06,-1.2895e-05,-0.071312,0.019742,-2.3359e-05,1.4386e-05,-0.13384,-0.19144,-8.8296e-09,0.011749,-2.7338e-05,5.5796e-06,0.091579,-0.25839,4.6095e-05,4.9969e-06,0.02944,-3.899e-06,0.35892,-3.5871e-06,0.14356,0.011894,-0.077591,-0.39658,-0.013956,2.9953e-06,-0.18516,-0.035616,0.40953,-0.18816,-6.9742e-08,-0.0021717,-0.1264,-0.039758,-2.5877e-06,5.8798e-07,0.2513,-0.062842,0.11075,0.15109,0.10998,-0.022727,0.20542,-0.040189,-8.1946e-06,-4.9741e-05,-0.072021,0.07059,-2.0757e-06,-0.24771,1.5723e-05,0.20271,-1.1396e-05,-0.033335,-6.4456e-06,-0.11908,0.064693,0.059564
