-0.001347,0.018223,-0.00036112,0.767,4.4211e-05,0.002932,-0.0028725,0.0058999,-0.0018744,-0.0012877,-0.0015188,-0.0049939,0.0032511,-0.0056782,-0.00015984,0.029444,0.016346,-0.0012626,-0.0050489,0.034227,-0.63618,0.012222,-0.00046434,0.0051158,-0.0013333,-0.0021691,0.047094,0.013619,0.039053,0.0081678,-0.0017233,-0.00017061
-0.014222,0.19965,-0.002765,-0.43574,0.047423,0.011403,-0.0010595,0.046189,0.04736,0.0066622,0.027117,0.085081,-0.020213,-0.0020943,0.016004,0.043681,0.0028046,0.016804,-0.0227,0.0051502,-0.4631,-0.010336,0.0053865,-0.021128,0.011575,0.014181,0.73208,-0.0032724,0.013195,7.7768e-06,0.0089164,0.017081
-0.010462,0.69717,-0.0010225,-0.2039,-0.022961,-0.019171,-0.00054762,0.11129,0.024421,0.040392,0.0063846,0.29119,-0.0080215,-0.0010825,0.035291,0.031569,0.0069366,0.031201,-0.010557,-0.0047582,-0.26676,-0.0049899,0.0067623,-0.0093612,0.089892,0.060305,-0.52983,0.0031287,-0.0165,0.0088152,0.054059,0.037667
0.00276,-0.52771,0.00028121,-0.088506,-0.0068185,-0.0014872,-0.00040208,0.23533,0.11066,0.10734,0.040019,0.73526,0.0023423,-0.0007948,0.011446,-0.032609,0.010112,-0.0041241,-0.0013058,0.016459,-0.13716,0.00045035,0.023475,0.00038895,-0.10169,0.16572,-0.10647,-0.0068491,-0.034785,0.011296,0.14367,0.012217
0.047607,-0.11195,-0.0024451,-0.077277,-0.061394,-0.023555,0.0015279,0.70729,-0.21643,-0.096699,0.12914,-0.27895,-0.031952,0.0030203,0.099653,0.28717,-0.056006,0.15373,-0.037926,0.25818,-0.07056,-0.030472,0.072594,-0.047723,-0.06615,-0.056342,-0.082793,0.0086592,-0.095476,0.2656,-0.12942,0.10636
0.39847,-0.019414,0.012222,-0.046531,-0.030345,-0.040116,-0.0011506,-0.26661,0.070522,0.0087511,-0.083886,0.0165,0.17013,-0.0022744,-0.026577,0.0039185,0.20812,-0.081251,-0.15203,0.66607,-0.047411,-0.034637,-0.048734,-0.15517,0.022882,-0.036708,-0.029553,-0.165,-0.38098,0.016174,0.011712,-0.028367
-0.029383,-0.025865,-0.022371,-0.019199,-0.21952,0.025697,0.0082895,-0.28941,-0.10867,0.028593,0.0077533,0.12225,-0.15621,0.016386,-0.013939,0.6171,-0.097353,-0.0579,-0.18287,0.17448,0.036623,-0.094449,-0.057699,-0.23246,-0.076379,-0.019266,-0.015571,0.33104,0.41176,0.00030459,0.038268,-0.014878
0.046532,-0.050747,0.012251,-0.050489,0.10792,0.049296,0.0045836,0.11246,-0.040012,-0.029606,-0.0027604,-0.074504,0.50698,0.0090605,0.026562,-0.14527,0.47139,0.040486,-0.39778,-0.22293,-0.049124,-0.06366,0.032234,-0.35821,-0.026358,-0.0073261,-0.057248,0.087539,0.31007,-0.032486,-0.039623,0.028351
-0.25707,-0.076283,0.020802,-0.073331,-0.15261,-0.059472,-0.0073535,-0.19731,-0.144,-0.058739,0.1198,0.019756,0.29882,-0.014536,0.11401,0.32589,0.42835,0.069092,0.27975,-0.09352,-0.090615,-0.2353,-0.018846,0.40951,-0.098464,-0.096632,-0.051927,0.023514,-0.22866,-0.079899,-0.078614,0.12169
-0.12262,0.087568,-0.016536,0.11563,-0.313,-0.018157,0.0018043,-0.058185,-0.25416,-0.031074,0.22758,0.17008,0.085833,0.0035667,0.094885,0.12543,-0.07722,0.091507,-0.22199,-0.19359,0.12622,0.53401,0.017931,-0.25989,0.003668,-0.023455,0.12389,-0.2394,-0.32799,-0.14395,-0.041587,0.10127
0.64013,-0.038231,0.07766,-0.056093,-0.29009,0.12256,-0.015563,-0.03756,-0.36674,-0.027897,0.1611,0.023035,0.11568,-0.030763,0.06382,-0.16785,-0.22148,0.11021,0.13448,-0.10011,-0.081119,-0.12452,0.05248,0.17861,0.031241,0.015016,-0.014733,0.0056586,0.21023,-0.26964,-0.037336,0.068117
0.31512,-0.074766,0.049207,-0.071395,0.25068,-0.17426,-0.0087331,-0.058282,0.29938,-0.01514,0.0036727,-0.11488,0.1493,-0.017263,0.062036,0.18593,-0.14355,0.082,0.04775,-0.2135,-0.10057,0.35533,-0.0083943,0.019643,-0.10353,-0.028413,-0.08816,0.56277,-0.26663,-0.054091,-0.020262,0.066213
-0.0016403,-0.08035,-0.088087,-0.096581,0.1063,0.035199,0.0052465,-0.074704,-0.060347,-0.090271,-0.090833,-0.026327,-0.33617,0.010371,0.20482,-0.12304,0.35646,0.15717,0.40075,0.19191,-0.096046,0.40641,0.025584,-0.18734,-0.13267,-0.094422,-0.093296,-0.045786,0.2768,-0.17803,-0.12081,0.21861
-0.02345,0.033942,0.021075,0.071507,0.18774,-0.093455,0.0088134,-0.059319,0.21931,-0.083517,-0.077063,0.054051,-0.14024,0.017422,0.35429,0.014564,-0.19752,0.3384,-0.33579,-0.0064774,0.066902,-0.36087,0.024908,0.018009,-0.23388,-0.086131,0.014729,-0.18225,-0.042302,-0.28413,-0.11178,0.37814
-0.19745,0.066153,-0.074393,0.085402,-0.080349,-0.011346,0.0083922,0.081987,-0.19686,-0.069629,0.15351,0.10752,-0.17974,0.016589,0.01045,-0.35098,0.095649,0.0061726,-0.029539,0.18288,0.095643,-0.22322,0.10138,-0.14772,0.16795,0.0081213,0.095116,0.61553,-0.26559,-0.25632,-0.093188,0.011154
-0.085056,-0.037235,0.097438,-0.061064,-0.049488,0.1011,0.017052,-0.0044944,-0.097606,-0.0043805,-0.12758,-0.022722,-0.10508,0.033706,0.019338,-0.1214,0.10764,0.0042602,-0.53484,0.18728,-0.042182,0.35906,0.0012165,0.63979,0.022471,-0.0046068,-0.031799,0.13916,0.13172,-0.0070879,-0.0058627,0.02064
0.10066,-0.00051895,0.018662,-0.00084989,0.37965,-0.24864,0.0075664,-0.020994,0.015426,-0.15899,0.65238,0.06567,-0.18039,0.014957,-0.17005,0.10256,0.10217,-0.23496,-0.11681,0.013214,0.0037777,0.002475,0.11428,0.098194,0.025742,-0.097668,-0.045118,-0.15974,0.11155,-0.15762,-0.21278,-0.1815
-0.046013,0.00016751,-0.059137,-0.010791,0.070323,-0.33856,0.021937,0.091154,-0.13907,0.30747,-0.014279,-0.23164,-0.027153,0.043363,-0.15885,0.10169,0.08527,0.26728,-0.010451,0.078945,-0.010724,0.012946,0.019811,0.016332,-0.09266,0.42765,-0.0040133,-0.066256,0.0038916,-0.42428,0.4115,-0.16954
-0.30179,-0.083175,-0.057196,-0.094308,0.12113,0.56919,0.019248,-0.024287,0.17109,-0.023987,0.21078,-0.13109,0.3346,0.038049,-0.053672,0.029651,-0.31765,0.038252,0.079933,0.26516,-0.11504,0.082211,0.083938,-0.025555,0.014114,0.051394,-0.12168,-0.024824,0.039649,-0.33274,-0.032103,-0.057286
0.036611,-0.054731,0.049608,-0.048371,-0.052617,0.043184,0.43713,-0.058604,-0.0029456,0.011145,0.040813,-0.054677,-0.079349,0.86408,-0.0023989,-0.031181,0.011891,0.0039685,-0.0042439,-0.091933,-0.084751,-0.041843,-0.033692,-0.037622,-0.0073177,-0.018616,-0.051841,-0.0089839,-0.071123,0.066785,0.014916,-0.0025604
-0.11172,-0.015426,0.9744,-0.01307,0.019835,-0.0036019,-0.021938,0.0039063,-0.033708,0.00084851,-0.028486,-0.01588,-0.049183,-0.043366,-0.016189,-0.0019853,0.0034692,-0.0043339,0.068531,0.038208,-0.018319,-0.0021013,0.019361,-0.13217,0.013175,0.020323,-0.013136,-0.002895,-0.012588,-0.066234,0.0011356,-0.01728
0.12415,-0.0065375,0.025111,-0.018052,0.0073718,0.4933,-0.073737,-0.12246,0.056087,0.18363,0.37154,-0.13776,-0.35561,-0.14576,-0.0025195,-0.034093,0.23456,0.19633,-0.1208,-0.17208,-0.040255,-0.091765,-0.16298,-0.04357,-0.20137,0.082078,-0.050693,0.032318,-0.1917,0.22952,0.24576,-0.0026892
-0.17945,-0.039245,0.029188,-0.048809,-0.25966,-0.38986,-0.0090385,-0.15824,0.2035,0.091968,0.43091,-0.088019,0.18265,-0.017867,0.11493,-0.31338,-0.15892,0.21669,0.041906,0.20344,-0.053746,0.050167,-0.17319,-0.0032461,0.00078737,-0.049683,-0.031269,0.057155,0.22672,0.30168,0.12309,0.12267
0.084147,-0.080987,0.006559,-0.016655,-0.50338,0.002213,-0.014343,0.15905,0.58828,-0.06014,0.016843,-0.13456,-0.17709,-0.028352,-0.028701,0.11277,0.21189,0.014569,-0.040053,-0.09725,-0.021743,-0.01533,0.11166,0.0057233,0.38627,0.030903,-0.019375,-0.06324,0.029725,-0.24726,-0.080489,-0.030634
-0.028131,-0.21553,-0.025699,-0.073448,0.306,-0.0012725,-0.017649,-0.15261,-0.20989,0.069631,-0.0083585,-0.024341,-0.052437,-0.034888,0.14228,0.11614,-0.047789,0.19051,-0.048037,-0.062806,-0.10534,-0.027427,-0.10371,-0.04128,0.7894,-0.010431,-0.080585,-0.056724,-0.033372,0.085041,0.093191,0.15186
0.16131,0.28368,0.074649,0.29835,0.16592,0.16439,0.065743,0.18312,0.15976,0.089075,0.13675,0.24325,0.17854,0.12995,0.10479,0.1566,0.17118,0.18548,0.17267,0.17267,0.42122,0.086944,-0.031125,0.1534,0.15819,0.087341,0.28877,0.069917,0.16131,0.066452,0.11921,0.11185
0,1.301e-16,-7.323e-17,7.7506e-17,1.0219e-16,-4.7889e-17,-0.11459,0.084543,-1.2663e-16,0.31378,0.029723,-0.04422,-9.7145e-17,0.057968,0.72183,-9.7145e-17,-1.5959e-16,-0.24563,-1.3878e-16,1.3878e-17,1.1102e-16,5.5511e-17,-0.020683,8.3267e-17,-4.3021e-16,-0.23443,6.9389e-17,-6.245e-17,-5.5511e-17,-0.10849,0.1024,-0.46482
-0,-2.4026e-16,2.2706e-17,-3.3176e-16,-2.5119e-16,1.8958e-16,0.20775,0.11528,-1.0408e-16,0.59221,-0.043654,0.064947,-4.0246e-16,-0.1051,-0.3413,-9.0206e-17,1.1102e-16,0.16573,-2.7756e-17,-2.498e-16,-4.1633e-16,-0,-0.19961,-2.2204e-16,-3.6082e-16,-0.56552,-3.3307e-16,5.5511e-17,-3.3307e-16,-0.14794,-0.22379,0.0091875
0,-2.3722e-16,-6.3253e-17,-9.3626e-17,-2.5676e-18,-6.3522e-18,0.19036,0.027179,-1.7347e-17,-0.44692,-0.044716,0.066527,-2.7756e-17,-0.096301,-0.085509,2.7756e-17,-5.5511e-17,0.2438,5.5511e-17,-2.7756e-16,-1.3878e-16,-1.7347e-16,0.16615,-2.2204e-16,9.2981e-16,-0.51961,-8.1532e-17,-9.7145e-17,-1.9429e-16,-0.034878,0.57041,-0.23803
0,-9.3241e-18,3.497e-17,-5.1575e-17,-4.7322e-16,-6.1003e-17,-0.061307,-0.10617,2.5327e-16,0.348,0.041063,-0.061092,-1.8041e-16,0.031014,-0.025077,1.1818e-17,5.5511e-17,-0.15774,-5.5511e-17,-2.7756e-17,-8.3267e-17,3.4694e-17,0.81866,-1.6653e-16,-2.0817e-16,-0.11516,-6.4185e-17,-6.9389e-17,-1.6653e-16,0.13624,0.1741,0.31564
-0,2.1858e-16,3.3702e-16,1.1569e-16,-6.3328e-16,1.7031e-16,-0.34116,0.1734,5.0307e-16,-0.03238,0.052754,-0.078486,8.3267e-17,0.17259,-0.10102,-1.3531e-16,3.8164e-17,-0.45497,-2.7756e-17,8.3267e-17,1.1102e-16,-3.9899e-17,-0.35312,4.1633e-17,-4.7184e-16,-0.20828,1.4745e-16,8.3267e-17,2.7756e-17,-0.22252,0.39761,0.46998
0,-8.5001e-17,-3.0974e-16,-3.8996e-16,-3.4206e-16,1.0056e-16,0.76391,0.043476,-1.5266e-16,0.010846,0.054329,-0.080829,-2.2204e-16,-0.38645,0.17528,-1.7e-16,-8.3267e-17,-0.35852,-1.1102e-16,-6.1062e-16,-3.8858e-16,-2.4633e-16,-0.082223,-1.3878e-16,-3.8858e-16,0.14586,-2.2204e-16,-1.1102e-16,-2.498e-16,-0.055792,0.12563,0.22232
