0.0020511,-0.00027247,0.014535,-0.00062864,0.021288,0.83382,0.0019708,-0.55142
0.41646,0.0033377,0.61504,0.0077007,0.11889,-0.29956,0.40017,-0.4292
-0.38128,0.005585,0.24032,0.012886,0.80515,-0.080781,-0.36637,-0.087479
0.011075,0.33591,-0.36521,0.77502,0.047837,-0.21002,0.010641,-0.32633
-0.3603,0.1319,0.61485,0.30431,-0.50849,0.036527,-0.3462,0.04882
0.26412,0.16494,0.22877,0.38605,0.2762,0.40377,0.25916,0.62864
-0.6938,0.013092,-0.00087893,-0.0074321,-0.0010612,-0.0015513,0.72,-0.0024152
0.010962,0.91779,0.00051259,-0.39677,0.00061887,0.00090471,-0.010212,0.0014086
