0.0069717,-0.00020628,0.003325,-0.00047913,0.0051937,0.77809,0.0054667,-0.62803,0.0056651
0.49776,0.028415,0.2374,0.065999,0.37082,-0.3969,0.061902,-0.47776,0.40447
-0.16291,0.038053,-0.077697,0.088386,-0.12136,-0.13638,0.93808,-0.1653,-0.13238
-0.15657,0.36383,-0.074674,0.84506,-0.11664,-0.13559,-0.21132,-0.17484,-0.12723
0.32984,0.14744,0.1596,0.34253,0.24919,0.44728,0.26738,0.56518,0.27127
0.74351,0.097412,-0.33609,-0.04058,-0.51362,0.0014978,0.00089536,0.0018926,-0.24349
-0.086196,0.90355,-0.094387,-0.38914,0.11091,-0.0001497,-8.949e-005,-0.00018916,0.059462
-0.17627,-0.0089303,-0.10385,0.0036882,-0.56733,-0.00017251,-0.00010312,-0.00021798,0.79762
0.03213,0.13293,0.87971,-0.057232,-0.41722,3.1919e-016,1.4255e-016,3.3307e-016,-0.17336
