0.055875,-0.51233,0.041162,0.095648,0.012935,0.026796,0.85,0.012643
0.081313,-0.25858,0.62315,0.65333,-0.088428,-0.1832,-0.2586,0.055802
-0.57914,0.016314,0.59646,-0.46934,0.026959,0.055851,0.065449,0.28314
0.63758,-0.27388,0.20063,-0.32925,0.21538,0.44621,-0.20131,0.2895
-0.28178,-0.02252,0.078401,0.21712,0.33012,0.68391,-0.041876,-0.53698
-0.32661,-0.11317,-0.38558,0.36287,0.13294,0.27541,-0.090112,0.70607
0.24958,0.76293,0.24323,0.23774,0.087068,0.1749,0.39489,0.21416
-0.0005945,-0.0018173,-0.00057938,-0.0005663,0.90037,-0.43512,-0.00094063,-0.00051014
