-0.62403,-0.0029785,-0.00097693,-0.0025044,-0.0023975,0.0020154,0.0078552,-0.0108,0.0005242,-0.0060061,-0.0025527,0.0014702,-0.0062848,-0.045814,0.0024651,0.77976,-0.0042468,0.0046639,0.0036214,-0.009647,0.00021147,-0.0045222,-0.00078189
-0.57176,0.081253,0.012522,0.0321,0.023545,-0.00026439,0.088761,0.035824,0.0071302,-0.02431,0.0097134,0.006929,0.044222,0.68485,0.039273,-0.41603,0.063856,-0.00061185,0.024754,0.05458,-0.0042,0.038827,-0.0034159
-0.25554,-0.042885,-0.0092199,-0.023636,0.20124,-0.0034025,0.62993,0.18296,0.033116,0.074959,0.09676,0.053703,-0.04166,-0.4726,0.2915,-0.23656,-0.032992,-0.0078738,0.16462,-0.054816,0.034985,0.20965,0.0033356
0.1735,-0.020181,0.0080324,0.020591,0.016879,0.0033128,0.52939,-0.39266,-0.065574,-0.13183,-0.34555,-0.023874,0.044694,0.18878,0.16858,0.13423,-0.021025,0.0076663,0.096612,0.063707,-0.18218,-0.51106,-0.016926
-0.077132,-0.0013,0.0020587,0.0052776,0.24575,0.00081254,-0.15696,-0.24333,-0.11481,0.56942,0.50761,-0.08523,0.032517,-0.043537,0.21423,-0.061734,-0.056074,0.0018803,-0.11847,-0.018866,-0.12038,-0.40333,0.0077525
-0.021608,0.03901,-0.0023413,-0.0060019,0.037285,0.004184,-0.071295,0.51504,0.080439,0.43477,-0.47737,0.059972,-0.060471,-0.019348,-0.032178,-0.0095478,0.081555,0.0096825,-0.056299,-0.029272,-0.51121,-0.13911,-0.051221
0.0017315,0.007822,0.0046274,0.011862,0.10953,0.0010006,0.044912,0.18112,-0.23453,0.23318,-0.34739,-0.17023,-0.043534,0.022367,0.076744,0.0059748,0.039641,0.0023155,-0.31107,-0.01037,0.74404,-0.16863,-0.071512
0.073777,0.0060623,-0.0028742,-0.0073682,0.54075,0.0023878,-0.071934,-0.0098119,-0.28954,-0.32559,-0.055891,-0.14385,-0.02821,0.069031,0.27977,0.066058,0.032379,0.0055257,-0.47837,-0.0047179,-0.28957,0.28387,0.023232
-0.099881,-0.12378,0.015165,0.038876,0.45869,0.042194,-0.31424,-0.18445,0.45617,-0.086199,-0.25293,0.45202,0.080722,-0.11739,0.13285,-0.087399,-0.05235,0.097644,0.099873,0.18747,0.16707,-0.10995,-0.034913
-0.083835,-0.17923,0.012669,0.032477,-0.144,0.32225,-0.0034965,0.062793,-0.13212,-0.0494,0.016626,-0.16767,0.17911,-0.12517,-0.043914,-0.073277,-0.027868,0.74574,-0.06426,0.40164,-0.060878,-0.040706,0.0070804
-0.030185,-0.3065,0.025028,0.064162,-0.074536,-0.21777,0.004442,0.08697,-0.079551,0.023031,0.0080945,-0.092868,0.28903,-0.067929,-0.012548,-0.0132,-0.056862,-0.50395,-0.053583,0.68812,-0.041921,0.020098,-0.0082754
0.011535,-0.010089,0.0079158,0.020293,-0.21425,-0.012758,-0.30204,0.20909,0.11459,-0.20874,-0.0074222,-0.35136,-0.080123,0.002362,0.7137,0.0087194,0.067218,-0.029524,0.30666,-0.024969,0.026295,-0.13951,-0.044679
0.014132,0.27686,-0.20223,-0.51842,0.019211,-0.0032929,-0.00016981,0.18257,0.043229,-0.095041,0.017687,-0.00058527,0.56922,0.021589,0.035898,0.013759,-0.46469,-0.0076203,-0.040625,-0.11417,0.01944,-0.098171,-0.043883
-0.068738,0.27861,-0.16808,-0.43087,-0.090025,-0.0040489,-0.10327,-0.41651,-0.10182,0.23161,-0.25214,-0.087114,0.07772,-0.13867,0.092683,-0.061347,0.45892,-0.0093698,0.11516,0.16724,-0.018618,0.28099,0.0864
-0.019778,0.11563,-0.11455,-0.29366,0.097502,-0.014809,0.066466,0.28539,0.06548,-0.32935,0.28513,0.11318,-0.12929,-0.086086,-0.16207,-0.017299,0.54748,-0.03427,-0.12578,0.14768,0.024379,-0.42846,-0.105
-0.069501,0.07138,0.039817,0.10207,-0.06295,-0.016185,-0.017676,0.059654,0.068767,-0.078918,-0.04676,-0.00047947,0.10213,-0.097365,0.012216,-0.059482,0.044235,-0.037454,-0.1409,-0.061664,0.018398,-0.15781,0.9386
-0.095374,0.35691,0.20187,0.51751,-0.03759,-0.020616,-0.051188,-0.055261,-0.051393,-0.10155,-0.042522,-0.037025,0.54241,-0.23102,-0.04411,-0.084155,0.26968,-0.04771,-0.050659,-0.18385,-0.03634,-0.069098,-0.23923
-0.010826,-0.0052168,0.0046207,0.011845,0.44955,-0.0062147,-0.13741,0.11481,-0.41966,-0.070685,-0.055798,-0.2089,0.022744,-0.010842,-0.30125,-0.007499,-0.020232,-0.014382,0.64906,-0.016835,0.025307,-0.094246,0.1204
-0.030111,0.70889,0.057828,0.14824,-0.0090073,-0.0050279,-0.018065,-0.0062313,-0.024157,-0.050731,-0.0016566,0.0067221,-0.39858,-0.10371,-0.012261,-0.027332,-0.34895,-0.011635,-0.011668,0.41555,-0.007951,-0.045946,-0.012926
-0.020552,-0.034069,-0.0017113,-0.004387,-0.23885,0.00046714,-0.11486,0.068592,-0.6128,-0.047868,0.0021784,0.68907,0.0014202,-0.018066,0.25291,-0.019171,-0.018293,0.001081,0.055587,-0.018783,-0.0041044,-0.046316,0.014192
0.37088,0.21014,0.07227,0.12432,0.16511,0.075806,0.19397,0.22687,0.12217,0.22618,0.21228,0.17647,0.2179,0.35638,0.17814,0.32743,0.2172,0.11976,0.17731,0.21014,0.12048,0.23162,0.12048
-0.0097713,-0.0055365,0.19895,-0.081625,-0.0043501,0.8947,-0.0051105,-0.0059771,-0.0032187,-0.0059591,-0.0055927,-0.0046494,-0.0057409,-0.0093894,-0.0046933,-0.0086265,-0.0057225,-0.39064,-0.0046714,-0.0055365,-0.0031742,-0.0061024,-0.0031742
-0.0062614,-0.0035478,0.90873,-0.35706,-0.0027875,-0.19875,-0.0032748,-0.0038301,-0.0020626,-0.0038186,-0.0035838,-0.0029793,-0.0036787,-0.0060167,-0.0030075,-0.0055279,-0.003667,0.083308,-0.0029934,-0.0035478,-0.002034,-0.0039104,-0.002034
