-0.042944,-0.046821,-0.3879,-0.047043,-0.10808,0.00048333,0.0010013,0.91076,-0.045988
0.77172,0.4308,-0.32495,-0.076466,0.32386,-0.00067234,-0.0013929,-0.044146,0.024373
-0.14508,0.49648,-0.10271,-0.12316,-0.50502,0.0034863,0.0072225,-0.057554,0.66957
-0.47848,0.11904,-0.32656,0.26852,0.68726,-0.0052151,-0.010804,-0.043819,0.32209
0.082977,-0.077192,-0.22557,0.50797,-0.20791,0.34335,0.71131,-0.097577,-0.040617
0.1623,-0.026302,-0.048487,0.76227,-0.22503,-0.25284,-0.52381,0.00027556,0.024702
-0.32344,0.69537,0.007777,0.085377,-0.080657,-0.0026266,-0.0054414,-0.013191,-0.63069
0.12156,0.24772,0.75726,0.24142,0.23597,0.078592,0.17738,0.39195,0.21257
0.00076937,0.0015678,0.0047926,0.0015279,0.0014934,0.90109,-0.43359,0.0024806,0.0013453
