-0.00054014,-0.047813,-0.0069175,-0.00029822,-0.00038952,-0.00031772,0.0029969,-0.0066296,0.0016741,0.78567,-0.00026568,-0.00029822,0.001315,-0.00090541,-0.005095,0.0011248,-0.0080707,-0.0018951,-0.00081618,-0.016244,-0.00054014,-0.0037328,-0.00090967,-0.0011202,-0.00073639,-0.00060992,-0.00028571,-0.0010541,-0.22943,-0.0022264,-0.00034734,0.00038581,-0.57211
0.00068189,0.066185,0.0087306,0.00037411,0.00049657,0.00039858,-0.00030153,0.027348,5.6749e-06,-0.25016,-0.0016132,0.00037411,-0.00032176,0.0011469,0.0064035,-0.00012203,-0.0098016,0.0024025,0.0010304,0.020723,0.00068189,-0.006538,0.0011475,0.0014155,0.00092963,0.00076997,0.00036423,0.0013501,0.72264,0.0028076,0.00043573,-0.0062025,-0.6398
0.0034732,0.64711,0.045014,0.0018815,0.0027167,0.0020046,0.0022827,0.20487,0.0026264,-0.36474,-0.0010976,0.0018815,-0.00046858,0.0059924,0.032444,0.00077682,-0.0040471,0.012703,0.0052482,0.11359,0.0034732,-0.0032962,0.0059476,0.007328,0.0047351,0.0039219,0.0019927,0.0075588,-0.51274,0.014374,0.0021914,-0.0043064,-0.35586
0.0042073,-0.53031,0.05034,0.0018613,0.0032245,0.001983,0.011397,0.80345,0.01101,-0.14095,-0.00043371,0.0018613,-5.1379e-05,0.0072056,0.033456,0.0033159,-0.00049966,0.014758,0.0063574,0.13684,0.0042073,-0.00081626,0.0063155,0.0084382,0.0057359,0.0047508,0.0023652,0.0093547,-0.13312,0.016195,0.0021678,-0.0017265,-0.11005
0.011924,-0.3034,0.19916,0.0072526,0.018375,0.007727,-0.0063079,-0.42303,-0.0058914,-0.14547,-0.00019482,0.0072526,-0.00019182,0.027849,0.13012,-0.0017672,0.0011398,0.068455,0.018018,0.77066,0.011924,0.00031941,0.029282,0.032668,0.016256,0.013464,0.013478,0.057173,-0.15236,0.058334,0.0084472,-0.00025508,-0.13477
0.036282,-0.18609,0.49963,0.038842,-0.008211,0.041382,-0.0011159,-0.16543,-0.0011324,-0.14212,0.0002539,0.038842,6.4181e-05,0.033174,0.57331,0.00022643,0.010134,0.053981,0.054823,-0.4896,0.036282,0.0051852,0.071081,0.067022,0.049464,0.040969,-0.0060228,-0.073937,-0.13312,0.17634,0.045239,0.0029155,-0.12311
-0.17654,0.12859,-0.27531,0.063958,-0.012225,0.068142,-0.0074549,0.10758,-0.0061031,0.11043,-0.0026496,0.063958,-0.0011619,-0.20338,0.66916,-0.0053788,-0.14046,-0.0029188,-0.26676,0.16082,-0.17654,-0.074626,0.11809,-0.12975,-0.24068,-0.19935,-0.0089668,0.077716,0.10008,-0.19084,0.074493,-0.032786,0.096794
-0.051581,-0.094987,-0.20701,0.0093923,-0.013176,0.010007,0.0096586,-0.07443,0.0090977,-0.084676,-0.0019296,0.0093923,0.00021015,-0.067146,0.058549,0.0063649,0.82188,-0.011731,-0.077941,-0.065919,-0.051581,0.43719,0.0081887,-0.053749,-0.070322,-0.058245,-0.0096649,0.031288,-0.074293,-0.088896,0.010939,0.10385,-0.087244
-0.0034975,-0.071009,-0.12101,0.001368,-0.028588,0.0014575,0.014607,-0.055985,0.016794,-0.066863,0.11386,0.001368,-0.002985,-0.026824,-0.0096307,0.011809,-0.060593,0.037937,-0.0052849,-0.059727,-0.0034975,-0.25113,-0.020253,-0.023691,-0.0047682,-0.0039493,-0.020969,0.052057,-0.05589,-0.024713,0.0015933,0.9352,-0.056322
0.12114,-0.084857,-0.37767,0.01298,-0.25911,0.013829,0.11406,-0.071155,0.097279,-0.073359,-0.0090205,0.01298,0.013534,-0.075555,0.099282,0.066383,-0.096137,0.50763,0.18305,-0.10762,0.12114,0.0084498,-0.18241,-0.058236,0.16516,0.13679,-0.19006,0.48085,-0.06679,0.089527,0.015118,-0.14695,-0.060054
-0.056435,-0.099811,-0.052671,-0.0043362,0.061186,-0.0046198,0.63693,-0.097154,0.55702,-0.090146,0.001414,-0.0043362,0.060554,-0.012667,-0.073554,0.37553,-0.089669,-0.15302,-0.085275,-0.06864,-0.056435,-0.019023,0.040531,-0.015825,-0.076938,-0.063725,0.04488,-0.11674,-0.078318,-0.081477,-0.0050504,-0.064345,-0.071125
-0.013638,-0.035412,-0.031122,-0.00093849,0.010061,-0.00099987,-0.041755,-0.026497,-0.030962,-0.033087,0.071566,-0.00093849,-0.010013,-0.0068605,-0.020308,-0.020421,-0.49956,-0.030432,-0.020607,-0.026396,-0.013638,0.83822,0.0062141,-0.0072583,-0.018593,-0.0154,0.0073801,-0.019736,-0.027972,-0.02292,-0.0010931,0.1711,-0.028031
-0.013019,-0.044399,-0.0441,-0.0009817,0.0062996,-0.0010459,-0.02896,-0.033997,-0.036725,-0.038611,0.97789,-0.0009817,0.0096483,-0.0092075,-0.023407,-0.024885,0.01411,-0.024946,-0.019673,-0.034267,-0.013019,-0.060974,0.0031025,-0.0094827,-0.017749,-0.014701,0.0046208,-0.013141,-0.035095,-0.024594,-0.0011434,-0.15288,-0.033457
-0.011281,-0.039584,-0.039663,-0.00086896,0.0051476,-0.0009258,0.3713,-0.030431,-0.36678,-0.03582,-0.033163,-0.00086896,0.78768,-0.0082286,-0.020802,-0.3072,-0.0251,-0.02126,-0.017047,-0.030692,-0.011281,-0.014977,0.0024016,-0.0084667,-0.01538,-0.012739,0.0037758,-0.010866,-0.031336,-0.021595,-0.0010121,-0.012288,-0.028615
-0.0041686,-0.014471,-0.014804,-0.00028755,0.0017898,-0.00030635,-0.1962,-0.0066267,-0.40425,-0.012489,-0.0072948,-0.00028755,0.2345,-0.0031309,-0.0073183,0.86112,-0.0078669,-0.0076114,-0.0062989,-0.011168,-0.0041686,-0.0077086,0.00086418,-0.0031814,-0.0056831,-0.0047071,0.0013128,-0.0037718,-0.011416,-0.0079699,-0.00033491,-0.0077689,-0.010443
-0.042777,0.24549,0.55197,-0.19042,-0.067113,0.035931,0.3125,0.18941,-0.029266,0.21145,0.1136,-0.11154,-0.026898,-0.13319,0.03099,0.096,0.13231,0.15553,-0.0026098,0.16026,0.10832,0.13231,-0.086841,-0.15045,0.1764,-0.038005,-0.094942,0.26716,0.19411,-0.17507,0.0034678,0.13584,0.17762
-0.032896,-0.064118,-0.017476,-0.41746,-0.44037,0.7374,-0.032051,-0.04947,-0.043885,-0.055228,-0.029671,-0.0037374,-0.040334,0.05591,-0.056896,-0.025073,-0.034558,-0.15799,0.035034,-0.031065,0.00024132,-0.034558,-0.0081759,-0.012939,-0.084343,-0.039882,-0.001901,-0.06359,-0.050697,-0.12006,-0.040665,-0.035479,-0.046392
0.11111,0.1774,0.015986,0.52649,-0.42269,0.18754,0.061361,0.13687,0.14982,0.1528,0.082092,0.004389,0.13769,0.18379,0.082653,0.069372,0.095613,-0.0016597,0.12713,0.17171,-0.081214,0.095613,0.1038,0.18751,-0.039488,0.18462,0.076076,-0.14453,0.14027,0.31559,0.036123,0.098161,0.12835
0.10828,0.081805,-0.11257,-0.030977,0.7173,0.49658,0.060542,0.063116,0.035563,0.070463,0.037856,0.0069398,0.032685,0.14643,0.097341,0.03199,0.044091,0.13767,0.24201,0.050246,0.10996,0.044091,-0.0081579,0.030382,-0.096886,0.018996,0.010992,0.048671,0.064682,0.1987,-0.0027762,0.045266,0.059189
-0,-0.10082,0.14299,0.57478,0.11326,0.33603,0.064982,-0.077784,-0.18895,-0.086839,-0.046654,-0.21131,-0.17366,-0.15934,-0.25024,-0.039425,-0.054338,0.010438,-0.20304,-0.11653,-0.29385,-0.054338,0.035296,-0.20742,0.036294,0.021129,-0.038949,0.21833,-0.079714,-0.16022,0.10188,-0.055786,-0.072945
0,0.021067,-0.005456,-0.3159,0.046162,0.053076,-0.087326,0.016254,0.11615,0.018146,0.0097487,-0.25792,0.10675,-0.40315,-0.094074,0.0082382,0.011354,0.22211,-0.30676,0.0082002,-0.39202,0.011354,0.13186,0.18757,0.16512,0.069002,0.041393,-0.091303,0.016657,0.45519,0.15386,0.011657,0.015243
-0,0.0034312,0.22669,0.078895,0.023301,0.077467,-0.27487,0.0026473,0.28988,0.0029555,0.0015878,0.59444,0.26642,-0.16507,-0.18367,0.0013418,0.0018493,0.22836,0.12016,-0.025621,-0.28431,0.0018493,-0.097967,0.080114,-0.10709,-0.27924,-0.093781,0.04524,0.002713,-0.15397,-0.053003,0.0018986,0.0024826
0,-0.0030074,0.13173,-0.057114,-0.018017,-0.015038,-0.24848,-0.0023204,0.2547,-0.0025905,-0.0013917,-0.019812,0.23409,0.15074,-0.13456,-0.0011761,-0.0016209,-0.051158,-0.30978,-0.04979,0.32115,-0.0016209,0.26818,-0.23356,-0.39124,0.18896,0.10866,0.39542,-0.0023779,0.10732,0.23882,-0.0016641,-0.002176
0,0.01545,0.031636,-0.18268,0.033267,-0.094929,0.23932,0.01192,-0.23019,0.013307,0.0071494,0.40716,-0.21156,0.05587,-0.0061023,0.0060416,0.0083269,-0.15665,0.015709,-0.0028502,-0.40585,0.0083269,0.0036371,0.090602,-0.26762,0.5415,-0.0376,0.23924,0.012216,0.088838,-0.036056,0.0085488,0.011178
-0,-0.0067036,-0.045596,0.030265,-0.082871,0.010257,0.23643,-0.0051721,-0.25386,-0.0057741,-0.0031021,0.38543,-0.23332,-0.28947,-0.13795,-0.0026214,-0.0036131,0.049384,0.10788,-0.011618,0.27024,-0.0036131,0.39238,-0.092506,0.023092,-0.32412,0.30708,0.0073531,-0.0053004,0.28865,0.17505,-0.0037094,-0.0048503
-0,0.015494,-0.087018,-0.074577,0.050823,0.053868,-0.016484,0.011954,0.035793,0.013346,0.00717,0.27799,0.032896,0.47817,0.036931,0.006059,0.0083509,0.14023,-0.24066,0.0088317,-0.15638,0.0083509,0.29199,-0.20416,0.60225,0.098714,0.093846,-0.07103,0.012251,-0.17415,0.15694,0.0085735,0.011211
0,-0.0024247,0.058965,-0.061578,-0.078777,-0.078218,0.16023,-0.0018708,-0.16949,-0.0020885,-0.001122,-0.055054,-0.15578,0.46634,-0.092772,-0.00094818,-0.0013069,0.43103,-0.22467,-0.020556,-0.13656,-0.0013069,-0.23519,-0.073119,-0.3833,-0.33393,-0.087396,-0.18283,-0.0019172,0.17346,0.16438,-0.0013417,-0.0017544
-0,-0.0038891,0.012634,-0.097144,-0.034644,-0.12156,-0.015464,-0.0030006,0.011393,-0.0033499,-0.0017997,-0.31888,0.010471,0.2481,-0.0032906,-0.0015209,-0.0020962,0.025444,0.3571,-0.055491,-0.34874,-0.0020962,0.41574,0.2022,-0.068453,-0.2981,0.25894,0.37549,-0.0030751,-0.11365,-0.17188,-0.002152,-0.002814
0,0.0076259,-0.020529,0.047626,0.016355,0.052984,0.015684,0.0058837,-0.0071228,0.0065686,0.0035289,0.12857,-0.0065464,0.16584,0.040104,0.0029821,0.0041102,-0.39999,-0.33631,-0.010506,0.031732,0.0041102,-0.34453,0.30295,0.24837,-0.34998,0.033076,0.42842,0.0060297,0.29886,-0.071855,0.0042197,0.0055177
-0,-0.0036471,0.024151,0.021038,-0.0084939,0.037886,-0.015819,-0.0028139,0.012053,-0.0031414,-0.0016877,0.015456,0.011078,-0.052396,0.042962,-0.0014262,-0.0019657,0.22837,-0.15232,-0.022894,0.008346,-0.0019657,-0.31987,-0.093869,-0.03268,0.15459,0.8029,-0.021413,-0.0028837,-0.067322,-0.36108,-0.0020181,-0.0026388
-0,-0.0019563,-0.0075218,0.029576,0.034045,0.044508,0.054688,-0.0015093,-0.059208,-0.001685,-0.00090527,0.0073554,-0.054417,-0.025479,-0.023001,-0.000765,-0.0010544,0.17468,-0.12531,-0.020378,0.20004,-0.0010544,-0.00031878,0.7095,-0.047523,0.10691,0.14341,0.010717,-0.0015468,-0.41766,0.43171,-0.0010825,-0.0014154
-0,0.00032725,-0.010504,-0.062819,-0.014369,-0.060201,-0.05618,0.00025248,0.058798,0.00028187,0.00015144,-0.058854,0.05404,-0.0099656,0.056681,0.00012797,0.00017638,-0.22525,0.37435,0.018282,-0.21308,0.00017638,-0.36982,-0.24555,0.057524,-0.029989,0.27667,0.032389,0.00025875,0.018202,0.67823,0.00018108,0.00023678
0.95882,0.0112,-0.0061154,-0.071553,-0.016495,-0.041556,0.023765,0.0086411,-0.01122,0.009647,0.0051828,0.002381,-0.010312,-0.076204,0.063843,0.0043797,0.0060364,-0.092073,-0.12559,0.022571,-0.054161,0.0060364,0.029337,-0.056112,-0.055847,-0.089833,0.010309,-0.029038,0.0088556,-0.13553,0.0051106,0.0061973,0.0081035
