-0.066191,-0.13605,-0.0011679,-0.00059082,-0.10413,0.6897,-0.14267,-0.67583,-0.11612
0.29897,0.53285,0.0050307,0.0025449,-0.33994,-0.08158,0.55876,-0.22026,-0.37909
0.94122,-0.2277,-0.045696,-0.023117,0.033806,0.0072982,-0.23878,-7.7932e-05,0.037699
0.023878,-0.061227,0.86471,0.43745,-0.011529,-0.1722,-0.064204,-0.15008,-0.012857
0.061412,0.20611,-0.076339,-0.038619,0.50269,-0.24866,0.21613,-0.52051,0.56058
0.12647,0.27528,0.20111,0.10243,0.25439,0.65278,0.2886,0.44865,0.28613
-3.4786e-06,0.72364,-7.34e-05,0.00013134,0.0077285,-1.7956e-05,-0.6901,-1.2341e-05,-0.0069445
-0.00019996,0.0047326,-0.32373,0.63913,-0.51978,-0.0010321,-0.0053845,-0.00070937,0.46528
9.3353e-05,-0.0052598,-0.31478,0.6226,0.53355,0.00048186,0.0054227,0.00033118,-0.47807
