0.042664,0.1582,0.001485,0.00076507,0.0020729,-0.63159,0.16578,0.73942,0.0037505
0.047889,-0.021728,0.037384,0.019261,0.46628,-0.19567,-0.022768,-0.16583,0.84365
0.90572,0.16531,0.12113,0.062409,-0.057337,-0.1535,0.17322,-0.2572,-0.10374
-0.18123,-0.060906,0.85464,0.44032,-0.038831,-0.14478,-0.063822,-0.087575,-0.070258
0.2056,0.15962,0.21067,0.1048,0.11632,0.71988,0.16578,0.52989,0.19201
-0.25781,0.92897,0.0013532,-0.0046186,-0.060295,-0.0027916,0.13697,-0.21697,0.032331
-0.017821,0.064491,-0.014963,0.024371,0.87175,-0.0065466,-0.00083958,-0.018157,-0.48414
-0.18344,-0.22547,0.003097,-0.0070623,0.0080935,-0.001473,0.94425,-0.15413,-0.0049977
-0.0014398,0.0013459,-0.45705,0.88893,-0.024708,0.0025538,0.0084929,6.5885e-005,0.014565
