-0.00030935,-0.00035622,-0.00082186,0.0014634,0.0073822,0.83786,0.0028689,-0.54576,0.0088374
0.042001,0.00093047,0.0021468,0.049124,0.56586,-0.27119,0.061666,-0.39751,0.66352
-0.17974,0.0058271,0.013444,0.46463,-0.55851,-0.094815,0.57847,-0.14431,0.27427
0.68942,0.014998,0.034602,0.32651,0.16189,-0.18269,0.23042,-0.28429,-0.47241
-0.19473,0.36108,0.83309,-0.12161,-0.067899,-0.16425,-0.077018,-0.25742,-0.13816
0.56177,0.032594,0.0752,-0.044578,-0.50902,-0.023794,-0.49319,-0.039879,0.41377
-0.27349,-0.0077557,-0.017894,0.76557,0.10197,-0.014129,-0.56476,-0.022548,-0.093053
0.24961,0.14972,0.38024,0.26872,0.25978,0.39283,0.20081,0.6116,0.24961
0.0034542,0.91968,-0.39245,0.0037186,0.0035949,0.0054361,0.0027788,0.0084635,0.0034542
