-0.010473,0.010363,-0.0029113,-0.0020014,0.0090366,-0.0074239,-0.45369,0.0093449,-0.0060666,0.84886,-0.068669,0.0018334,-0.019812,-0.25259,-0.057231,-0.019812,-0.016139,0.0068766,0.006706,-0.0079548,-0.0057549,0.0022393,0.0086081
0.0020056,0.0042593,-0.0020132,-0.0026398,0.033132,-0.0048755,-0.46759,-0.018459,0.091239,0.026911,0.12236,0.0094659,0.018065,0.852,0.15982,0.018065,0.045725,0.0075589,-0.010113,0.025124,-0.0039796,-0.011245,-0.025113
0.017477,0.018782,0.00035105,0.011316,-0.03771,-0.005522,-0.22671,-0.001707,-0.089149,-0.11883,0.33215,-0.0090713,0.56055,-0.23952,0.29768,0.56055,-0.054892,-0.0060119,-0.0028834,0.19034,0.00069393,-0.0099547,0.0097142
0.098352,0.28053,0.0031348,0.1487,0.4739,-0.0054537,-0.31668,0.22514,-0.25845,-0.21946,0.34486,0.0074123,-0.12048,-0.16821,-0.19257,-0.12048,0.29715,0.031574,0.07599,-0.30026,0.0061966,0.0031775,0.017232
0.17282,0.36887,-0.0091165,0.20876,-0.054431,0.0079808,-0.31624,-0.31397,0.28328,-0.23957,-0.28518,0.073267,-0.067712,-0.15194,-0.04793,-0.067712,0.030724,0.079443,-0.22516,0.2982,-0.018021,-0.0034124,0.42742
-0.043011,-0.014835,0.0077532,-0.016891,0.34835,-0.03321,-0.12413,0.31404,0.47736,-0.11527,-0.28173,-0.046208,-0.036803,-0.14263,0.46339,-0.036803,-0.30325,-0.022638,0.25727,-0.19829,0.015326,0.010003,-0.048406
0.10808,-0.009986,-0.0043674,0.010768,-0.38313,0.013365,-0.16523,0.43647,-0.25393,-0.1085,0.01831,0.031563,-0.14896,-0.015142,-0.045295,-0.14896,-0.17504,0.044519,0.53361,0.38111,-0.0086332,-0.04926,0.18428
0.10424,-0.13837,0.0088614,-0.037533,0.14438,-0.0038384,0.049459,-0.089081,-0.30871,0.051915,0.32779,-0.095197,-0.25976,-0.039265,0.43187,-0.25976,-0.40287,-0.067147,-0.36284,0.071555,0.017517,0.034294,0.30769
-0.0012603,0.55589,0.005555,0.28494,-0.10731,-0.030539,0.049864,-0.22667,-0.32312,0.034199,-0.15531,-0.040419,0.051931,0.10135,0.024785,0.051931,-0.48523,-0.064511,0.1403,-0.23901,0.010981,0.019164,-0.28096
0.043666,-0.21057,-0.018362,-0.082102,0.32363,0.010352,0.022642,0.10657,-0.26457,0.0061604,-0.3638,-0.02397,0.24524,0.17264,-0.34972,0.24524,-0.25734,0.048149,0.00052589,-0.1416,-0.036297,0.16223,0.48824
0.13047,-0.13914,-0.0028818,-0.01286,-0.042577,-0.0074713,0.054429,-0.55631,0.08056,0.048595,0.18484,-0.073812,-0.017042,-0.01843,0.12007,-0.017042,0.1386,-0.073982,0.60494,-0.28046,-0.0056965,0.085085,0.32979
0.70257,-0.13179,0.017749,0.10319,-0.32934,-0.10579,-0.00074193,0.18043,0.072276,0.013064,-0.026547,-0.021127,0.055425,0.0067434,0.039975,0.055425,0.00091914,0.21588,-0.18754,-0.42564,0.035084,-0.21759,-0.00085122
0.022312,-0.0019744,0.0091764,-0.050887,-0.23031,-0.074856,-0.095747,0.073572,0.030087,-0.062303,0.036565,0.12563,-0.032615,-0.047376,0.045781,-0.032615,0.01834,0.13206,-0.08514,-0.12145,0.018139,0.92136,-0.0789
-0.16852,0.0055455,0.038736,-0.3206,0.034047,-0.033345,-0.060669,-0.17256,-0.095945,-0.052672,0.018402,0.58433,-0.031299,-0.043543,0.055605,-0.031299,-0.12867,0.63199,0.052427,-0.098638,0.07657,-0.18894,-0.028963
0.47191,-0.22857,-0.065501,0.041878,0.38717,-0.24372,-0.013633,-0.2423,-0.071439,-0.016361,-0.08291,-0.0010139,-0.029023,-0.012831,-0.079422,-0.029023,-0.069438,0.11546,0.14191,0.42205,-0.12948,0.11115,-0.42997
0.16751,-0.079288,-0.030026,-0.022105,0.035654,0.95253,-0.067924,-0.067549,-0.016156,-0.037243,-0.035781,-0.03278,-0.011111,-0.028207,0.0019909,-0.011111,-0.053042,0.088283,0.012718,0.0027332,-0.059354,0.058983,-0.15385
0.031435,-0.11852,0.43576,0.017726,0.034279,0.022553,-0.096931,-0.075855,-0.035028,-0.057783,-0.064149,-0.078883,-0.0044621,-0.022475,-0.074617,-0.0044621,-0.021233,-0.069952,0.014918,0.061788,0.86137,0.011475,-0.073814
-0.018293,-0.29921,-0.0083396,0.50106,0.0031434,0.047487,-0.023301,0.013017,-0.013843,-0.0096702,-0.0066868,0.69569,0.00099486,-0.010295,0.012592,0.00099486,-0.032556,-0.40829,-0.016093,-0.053583,-0.016485,-0.016453,-0.0030391
-0.3259,-0.3003,-0.011056,0.65838,-0.022904,-0.013443,-0.013325,-0.020671,-0.0055311,-0.0096725,0.025025,-0.30513,-0.014935,-0.0091468,0.018183,-0.014935,0.0013023,0.52289,0.0046542,-0.0027172,-0.021855,0.0011671,0.0088907
0.18938,0.35027,0.081956,0.20271,0.21722,0.099103,0.49452,0.20875,0.12019,0.33988,0.12746,0.18009,0.070876,0.18198,0.16002,0.077241,0.15722,0.2096,0.095806,0.2189,0.15015,0.11797,0.19479
0.0076088,0.014073,-0.017292,0.0081443,0.0087273,0.0039816,0.019868,0.0083869,0.48104,0.013655,0.51014,0.0072353,0.0033956,0.0073113,-0.50758,0.0025553,-0.4987,0.0084212,0.0038492,0.0087947,0.016446,0.0047396,0.007826
-0.00081177,-0.0015014,0.89127,-0.00086891,-0.00093111,-0.0004248,-0.0021197,-0.00089479,0.010356,-0.0014569,0.010983,-0.00077193,0.022574,-0.00078004,-0.01242,-0.023209,-0.012203,-0.00089845,-0.00041067,-0.00093829,-0.45171,-0.00050566,-0.00083495
0.00087456,0.0016175,-0.028489,0.00093612,0.0010031,0.00045766,0.0022837,0.000964,-8.0204e-05,0.0015696,-8.5056e-05,0.00083164,0.70707,0.00084037,0.0014246,-0.70639,0.0013997,0.00096794,0.00044243,0.0010109,0.015297,0.00054477,0.00089953
