1.0,0.7659169040480228,0.5312736258337902,0.5742901261926502,0.7099596134175105,0.5438174431673581,0.5252289499640215,0.6335615270161657,0.5696752450682683,0.684739180769392,0.6035025765813918,0.8337677059797867,0.47855315431355205,0.47787316020173004,0.5900117388498307,0.566412613901738,0.30995056148103683,0.5146355648012076,0.7369958646708951,0.48929431714655935,0.5967372099547747,0.5273411940231357,0.7149519822961711,0.445325515539788,0.7051587117679552,0.7387239023196996,0.7508077688810748,0.4830392518867967,0.7053746416963296,0.6246867616208837,0.6667723686877763,0.7084183888844422,0.6358558748143609,0.6112491673793639,0.7620763182899281,0.784584371488551,0.43500244206530925,0.6516395625498757,0.7333414602152716,0.661222716880282,0.6657312331823888,0.6653096329921305,0.6241342780220351,0.6371297906528929,0.7206758984826495,0.6643608782673567,0.37068802640501036,0.4574568558005282,0.6602450581519963,0.5311512232661856,0.5379657013000771,0.4944761316135736,0.4124201977717291,0.5341248843350908,0.2936422205049759,0.6723965304671607,0.39525011224717915,0.8047090347074107,0.7619393596454515,0.7338125763587976
0.7659169040480228,1.0,0.41323443305054797,0.6502238970562931,0.8389483898153289,0.6435194626935934,0.5116824568997127,0.6567983151846234,0.6568942803606754,0.749581847683284,0.7233490828320787,0.8210799167883319,0.5309194843542602,0.5630479813006352,0.6086154342268063,0.6539470067048363,0.3920446693679143,0.6293172838984122,0.7894502190000833,0.5996686721296525,0.6828362562416865,0.6422729900375046,0.64244220716132,0.5430628102699431,0.7988248491969983,0.628586989357549,0.6386589290542254,0.45335369660911784,0.6193743639795658,0.6289640903445302,0.6693967836182959,0.640610577550478,0.5936995859647477,0.5992469082261194,0.7000592241245609,0.8463775245958522,0.44256941460994365,0.6364237550829701,0.701442938994196,0.7565669465637768,0.5297876188963201,0.6147794897733796,0.6294219724249108,0.6686363745879053,0.8815289558419599,0.5624374464181332,0.40392296479924084,0.4811762559872141,0.7082169056260514,0.6030400495191663,0.5817658997798689,0.5737371114084946,0.5206283993270872,0.5733516106688646,0.3709563007315652,0.5964491957728195,0.42685791017085517,0.8462497005958765,0.8844574797633586,0.6412481444849436
0.5312736258337902,0.41323443305054797,1.0,0.5021064653957481,0.4193303061003311,0.49514078719484406,0.438656003582443,0.691841503410338,0.6056891861181164,0.6520634510896511,0.5693290374068686,0.4502160520629496,0.36610036766406084,0.44708044738875025,0.26392793389294333,0.2697285319792849,0.6097180738281487,0.5084551891071037,0.40800403728836376,0.40340260058096694,0.2585724682563654,0.48885214381733516,0.6923622728547072,0.33630949156160805,0.3915658943289922,0.6855653689479719,0.6857863387711192,0.6738333969346267,0.6933617050669848,0.5374526798972143,0.6478378890541769,0.660063425768723,0.6376887508918823,0.6040770463899086,0.6835227874365843,0.4763717914564429,0.7737053029291627,0.6795162549967338,0.6923081054753231,0.33399062658652673,0.6715298853295362,0.49582822594716836,0.6415221555563171,0.508713513373085,0.42913572204582257,0.6760498949189185,0.5127636505318207,0.5533546421270866,0.26478577918934565,0.4130531906617966,0.45571103038232486,0.4879170700265442,0.6437367958284738,0.2871405125143381,0.6168212704823188,0.7088372478101276,0.6415034394373977,0.4465153395652367,0.4240253051021419,0.6805122975468787
0.5742901261926502,0.6502238970562931,0.5021064653957481,1.0,0.6708245445084642,0.38512715701606876,0.5910372847799988,0.745154384981217,0.4223805147875749,0.524845203932114,0.4843600317874689,0.6079779979994342,0.5933229434969314,0.6182914255023211,0.466752784008992,0.5011147377105089,0.5449767802490427,0.7598090084865131,0.6021944697316872,0.7957431128444544,0.4358720267033552,0.7059957189732253,0.37865009862043497,0.599350343212214,0.6821504784917618,0.3954885833604329,0.3957723721852426,0.481051668180207,0.3429170124450032,0.3782487638565202,0.4069838673716481,0.36733197802222006,0.37920564553088176,0.4491803987360125,0.43471326380650654,0.594472534887625,0.5645528689093903,0.6459999732609979,0.449001634894975,0.6444535689643421,0.35484779066040084,0.3463172598408717,0.43945729977929837,0.37773360090463093,0.6886859526850244,0.38582609792344946,0.48793366967127333,0.5183193862613484,0.6012208657844915,0.6742635731656398,0.7253856425905366,0.38880954554155456,0.6348784697735421,0.4094671415643105,0.5647485833306013,0.39828488172124005,0.5636269813892305,0.5951060595911667,0.622040311246496,0.4307413147228092
0.7099596134175105,0.8389483898153289,0.4193303061003311,0.6708245445084642,1.0,0.5986028159612627,0.5807432770948571,0.6339913883715719,0.6301735703099964,0.7568861318893926,0.7819278134933312,0.788985241430556,0.5877214910002919,0.5192451142187378,0.6734028736671065,0.6709438635809066,0.48780298804636446,0.6846151678129021,0.7895913337028757,0.6220738111338322,0.7065029978822438,0.6701084482706726,0.5942391318621729,0.5377454070061567,0.8334786269841414,0.5639412099388742,0.5697645697855861,0.3830823204584034,0.5928449077804909,0.6022308900178874,0.6225015160027846,0.5904296157764577,0.6379179576487413,0.6317559635568777,0.6192385401158255,0.8462838919538802,0.532179156630267,0.5564531980718538,0.6470562010176701,0.8315517299246356,0.5648632253318517,0.5886058148181861,0.5829336757803388,0.5902571678392121,0.8314609630816827,0.5645633718894862,0.4831921214556506,0.5508259447065605,0.7271325978343888,0.6590371978623262,0.5504143369754824,0.6271897041125707,0.5334016991390774,0.6564351402875943,0.4723295890383022,0.618489292062787,0.43294565900284837,0.8439091782511037,0.8714751124771729,0.5757873187376815
0.5438174431673581,0.6435194626935934,0.49514078719484406,0.38512715701606876,0.5986028159612627,1.0,0.3685554247271416,0.4435317735673963,0.7609965736304708,0.694687108987435,0.7258077387671796,0.590464966893224,0.3203652956957291,0.334881648575306,0.4074769167995532,0.4549605831256187,0.4601008127033136,0.415437965482082,0.589451275840009,0.370655861775316,0.48518515297646947,0.4683869790019388,0.629179413719077,0.3628741545930383,0.6182795918632131,0.6180870682322095,0.6264200836008766,0.5290520561791778,0.6306479930668347,0.6870650832056566,0.6504130628870892,0.6285221869576414,0.6350645234236374,0.5551793824951133,0.6416904562504756,0.5748714097206434,0.5422239868227805,0.4023942247890388,0.6382237706846206,0.5358799268163251,0.5487967684602789,0.6934177682302494,0.6362631302932961,0.6901468166863269,0.5560369538879871,0.6231300698706234,0.4908131597218524,0.4579203435726411,0.47550801180525903,0.4376346913575898,0.36547839309846963,0.6187364001385351,0.5423636718978496,0.44106994632365903,0.4345994390198157,0.6143866023249098,0.4704071941474489,0.6027809491159254,0.6855756208124548,0.6194574138293479
0.5252289499640215,0.5116824568997127,0.438656003582443,0.5910372847799988,0.5807432770948571,0.3685554247271416,1.0,0.5815891552710877,0.36634969979107784,0.42161889798726615,0.45707105334258036,0.5209635919875371,0.762836016663001,0.6688779058614645,0.5555027464160414,0.5566749685594182,0.49120006308381925,0.6794494370733909,0.5542527423835415,0.6363953062517529,0.4950708507523473,0.6647507503441361,0.28627455704978266,0.7019753946984554,0.5977265182067415,0.29406658982382416,0.3156631239122878,0.38495722542437194,0.3028253303444356,0.32398318953471605,0.3353518364917995,0.3374929522869253,0.34852150454252756,0.3221111713785571,0.35280276495378127,0.509670136866085,0.5539709990472359,0.5956991178186533,0.3761463448455036,0.5854515371315838,0.3418369963394696,0.31315124362456026,0.30124590529053175,0.2794677080824229,0.48832919938882247,0.3754593259662817,0.4022550362995447,0.4617767235097042,0.45540540466064783,0.625531877060847,0.6255999093916469,0.41702603554774337,0.48746988824329923,0.5087776242353158,0.4386552182285203,0.35097798738414004,0.49082392019327936,0.5690479517045361,0.5655629664741746,0.29833952294449
0.6335615270161657,0.6567983151846234,0.691841503410338,0.745154384981217,0.6339913883715719,0.4435317735673963,0.5815891552710877,1.0,0.48184908376270263,0.6253785736510771,0.5309060853865434,0.6991935082602149,0.607097929189709,0.6248755519603932,0.4477725897029452,0.4462284241634472,0.575871463425,0.7978084825869366,0.6390260211610324,0.6851889451626323,0.5120161690643488,0.7222013508459876,0.4977536178779224,0.5745755238442157,0.6160326765027375,0.5034479730699638,0.5046495851630842,0.6410094243744566,0.46914073734836814,0.4112513738061932,0.4720560450126944,0.46465104558413167,0.4413029872338772,0.4971498440320457,0.5414792393614278,0.6912696635510709,0.6149707300945403,0.7773207150183019,0.5447976147443945,0.5693259834498198,0.42455123461217287,0.42457331643296836,0.5512031570559184,0.448131796972095,0.6581727620696076,0.5063929537738504,0.5657474000776472,0.5006925770729952,0.5313852457104726,0.6211602498558104,0.6466649514654353,0.48724258628407274,0.6255721379185855,0.43131086812021324,0.5327308546258798,0.4945608611921074,0.5370547964788992,0.679599671307217,0.6767116956091981,0.5418972549928706
0.5696752450682683,0.6568942803606754,0.6056891861181164,0.4223805147875749,0.6301735703099964,0.7609965736304708,0.36634969979107784,0.48184908376270263,1.0,0.8267819415686347,0.8323588659822476,0.6211673360790961,0.3112027382135377,0.3166043778924579,0.4501779950622953,0.47523965849055355,0.5776676995689811,0.4292627247900209,0.5967122693727572,0.36369239552996546,0.4464432979438608,0.44967868381659015,0.7349200838366178,0.3435905426234295,0.6251724031823351,0.7818468693186766,0.7650395333512474,0.3924896440254661,0.7725142879354454,0.6387751688924538,0.819012917866451,0.7686488750779807,0.7949334696205204,0.7214636830541812,0.7843189690478938,0.5844800432045401,0.688052840563169,0.4904036587808187,0.8219620574003692,0.5198243401844638,0.6777037633968861,0.5884263443903733,0.803597749308094,0.5959215096598189,0.6015479947997108,0.7294189992283928,0.42149006846302406,0.5838254643777506,0.4814350368436708,0.4327576337735078,0.3732231890833073,0.7025842880647595,0.6720094383415152,0.44739661335026437,0.5619335358529117,0.7694402479757685,0.5958767255172531,0.6351343987585872,0.717964381670194,0.7451883980917404
0.684739180769392,0.749581847683284,0.6520634510896511,0.524845203932114,0.7568861318893926,0.694687108987435,0.42161889798726615,0.6253785736510771,0.8267819415686347,1.0,0.8833622090816798,0.7350519773020904,0.41771168199029973,0.42072324242174436,0.5179479881354622,0.5447128290328969,0.5910182270467403,0.567847621659549,0.6715857107226921,0.44972745614923476,0.5734549097794359,0.5362377133597195,0.7797449009371231,0.41493859703770974,0.7246337507245968,0.8054787072897149,0.772441484207931,0.4443046169270572,0.7600220366483788,0.6556002098040059,0.7751272359106595,0.7632149871545975,0.7270417993892421,0.7728280381704011,0.8088444070843465,0.7841920083485661,0.6987148738368401,0.5673285097855094,0.838975601244387,0.6287076974688177,0.6869939166598061,0.6123697161889342,0.8425431722999299,0.6644803054689136,0.7260269880911046,0.756686553381851,0.48126499092502084,0.6238108038432293,0.5515661612524045,0.5192009526595797,0.4052631685129536,0.7485603281338369,0.6724022892484595,0.5166564653307638,0.5726470798787726,0.7692735822205863,0.5787069828553398,0.7580399459103637,0.7809863584959591,0.8009347189526281
0.6035025765813918,0.7233490828320787,0.5693290374068686,0.4843600317874689,0.7819278134933312,0.7258077387671796,0.45707105334258036,0.5309060853865434,0.8323588659822476,0.8833622090816798,1.0,0.6767113909268827,0.41540567067690426,0.38483748209213964,0.5191775187894213,0.5427627701729136,0.5670237355324801,0.545237623882623,0.6767622842067116,0.4424461873396945,0.5683038503057647,0.5587758923213162,0.6931206187059816,0.39859076239211455,0.7240461370542961,0.699654081266312,0.7063912399074624,0.3903305040539052,0.701802254563129,0.6101287716565794,0.7525800677406868,0.7146771154819638,0.7313232773651617,0.7231127385143081,0.7424575573129156,0.7231145107049051,0.6867287719680268,0.4848984522469,0.7678493577734707,0.6549668184176397,0.660046150518441,0.5897875497363453,0.7319014134905224,0.600684735144361,0.6998968823309794,0.7124106109504955,0.46302396075490504,0.6157994619057326,0.5748181350818603,0.5204762280523318,0.40070536467286183,0.7528121694331158,0.6909245583674237,0.5277745347966076,0.5886042255699526,0.7085528684104967,0.5939519793594621,0.6904458815426257,0.7893539437504985,0.7106973601573716
0.8337677059797867,0.8210799167883319,0.4502160520629496,0.6079779979994342,0.788985241430556,0.590464966893224,0.5209635919875371,0.6991935082602149,0.6211673360790961,0.7350519773020904,0.6767113909268827,1.0,0.4943586343181888,0.4510957134918707,0.6235412087174195,0.6029953601887263,0.3807146981991543,0.586394989196753,0.7794788368935459,0.5225690564955229,0.6463104037293018,0.5518259320681301,0.6245453119465011,0.47314289733358605,0.7633477956112596,0.6361681044790676,0.666327914697408,0.416497059096185,0.6016304615998639,0.5554998193947513,0.5894056486258588,0.6141628210050025,0.5636543901715801,0.6702011632155734,0.7044430188966911,0.834448562664781,0.44738217129145036,0.5970973283689242,0.7080051889295883,0.7077120036958805,0.5495394412853407,0.6294698021928837,0.6977773218337175,0.629400172442724,0.802679648093634,0.6680298135573758,0.3524476450225345,0.4782587828871765,0.7113082458306116,0.5679314658121999,0.48869026185040587,0.5496045896068649,0.4771556644548065,0.5473021673280457,0.31443065584166036,0.6655136942839587,0.36390712853520907,0.8574339678291486,0.8638999193995439,0.7037219792329188
0.47855315431355205,0.5309194843542602,0.36610036766406084,0.5933229434969314,0.5877214910002919,0.3203652956957291,0.762836016663001,0.607097929189709,0.3112027382135377,0.41771168199029973,0.41540567067690426,0.4943586343181888,1.0,0.7722383416933721,0.633812093006745,0.6218151931972234,0.5943297599010344,0.6743371975979909,0.5678626251103714,0.6668695050029718,0.6021025647823808,0.7240861089618456,0.30677218519597627,0.806514191124017,0.54187093451789,0.28384027130293293,0.30706583887815897,0.4085141913502079,0.31598224984315165,0.32007531968192765,0.32713972654481016,0.30421871419937735,0.31129876785158933,0.2809575729676355,0.32961291865381986,0.5167229713328062,0.46703524042459177,0.599888907049688,0.3710970476967687,0.5462336413181375,0.2878300913692039,0.33607373155440096,0.28334215635447124,0.2979317796233502,0.4933082010949358,0.27731154827716875,0.5159589811216896,0.4709516476418937,0.471186967574172,0.642220431758099,0.6736347860776684,0.4550162042828513,0.5456760126908392,0.6325348719206909,0.516099543245591,0.3064799341562809,0.5072278084674954,0.5434729183695676,0.5601713937183155,0.2934755975828519
0.47787316020173004,0.5630479813006352,0.44708044738875025,0.6182914255023211,0.5192451142187378,0.334881648575306,0.6688779058614645,0.6248755519603932,0.3166043778924579,0.42072324242174436,0.38483748209213964,0.4510957134918707,0.7722383416933721,1.0,0.5601700077843699,0.6197356340840108,0.5276239278970007,0.6356499358910076,0.51360305345444,0.6091052247515402,0.5389386438837641,0.7333563805628115,0.3307062386719264,0.7042392788616938,0.5373028784031949,0.32665349233925434,0.32292457750993553,0.44941957676283806,0.3125382226434452,0.32043169162609847,0.3377693348722135,0.3067309538092675,0.28654108161159375,0.2651868143356683,0.35545153033796695,0.48328058266246243,0.472594382842002,0.609548422395258,0.34188528379222594,0.4953975381425021,0.29151289363427224,0.28061120608225487,0.30795061208861274,0.2899213622677946,0.5195376759511187,0.29589024510023165,0.43905053232405894,0.4542758387996525,0.47325318629943447,0.6058786360560019,0.6154250943173074,0.4563280213144394,0.5486355262524004,0.5452200076604252,0.5285507371357498,0.2960105557925034,0.532871945421668,0.5215436285052873,0.537559551961031,0.3118822418373472
0.5900117388498307,0.6086154342268063,0.26392793389294333,0.466752784008992,0.6734028736671065,0.4074769167995532,0.5555027464160414,0.4477725897029452,0.4501779950622953,0.5179479881354622,0.5191775187894213,0.6235412087174195,0.633812093006745,0.5601700077843699,1.0,0.8174542116098183,0.4067723695041436,0.5144244922955921,0.639859011384083,0.43843706752833117,0.7505429281780209,0.5177454738386286,0.4464177157229988,0.6715625646007122,0.6133287881426249,0.44197846945546465,0.45301285327000196,0.26850469894608053,0.43145555429729054,0.4447851861244079,0.4738155005901057,0.45772367472982,0.47586689005866106,0.42747856551688823,0.4802743179824023,0.6341746664910749,0.32566846494211094,0.45095264795947687,0.5010472534479553,0.58952800180828,0.401752237207449,0.43417481390276036,0.42447659975025004,0.4578899853129019,0.6032203540709908,0.41045283888569295,0.26457471386858944,0.48134291889888103,0.6720508576947515,0.5674925685880094,0.44857968262386305,0.5749873947143866,0.332133653760872,0.7815395597562351,0.35930776118981195,0.43216341827728627,0.29308798077847026,0.661634939670323,0.677584183196303,0.4503462373053654
0.566412613901738,0.6539470067048363,0.2697285319792849,0.5011147377105089,0.6709438635809066,0.4549605831256187,0.5566749685594182,0.4462284241634472,0.47523965849055355,0.5447128290328969,0.5427627701729136,0.6029953601887263,0.6218151931972234,0.6197356340840108,0.8174542116098183,1.0,0.4584655575603692,0.5230681180798392,0.6225569983520468,0.49369223425771275,0.7334271536029371,0.5392387818588773,0.4612753843886759,0.6717862334411256,0.7071600774106209,0.4246478854285628,0.4407739247562166,0.25914239786671217,0.4480246813894452,0.4597414877744471,0.49533743915206496,0.473564997090383,0.49062691380975404,0.44919174681743623,0.4820031569610952,0.6450479028609705,0.3367201825204774,0.43562595289637795,0.4990016009526961,0.6514049564023664,0.4316320494745645,0.4344434532850082,0.43066928833821955,0.42268882503436983,0.6208655645754024,0.41567823500156686,0.30456475441220665,0.5449921360812152,0.6937667765843687,0.7144287703966532,0.4804448292881537,0.6231571470166115,0.4060591352491023,0.8643161677770623,0.4574016901797734,0.4482237362761555,0.3842172165909786,0.6184339242377475,0.6701361657065774,0.4601933277836072
0.30995056148103683,0.3920446693679143,0.6097180738281487,0.5449767802490427,0.48780298804636446,0.4601008127033136,0.49120006308381925,0.575871463425,0.5776676995689811,0.5910182270467403,0.5670237355324801,0.3807146981991543,0.5943297599010344,0.5276239278970007,0.4067723695041436,0.4584655575603692,1.0,0.6505409645811803,0.42370375749126643,0.5627939385727981,0.4759448544218122,0.6424101076887018,0.4946988404318942,0.6205818297727542,0.5321472853449573,0.4676267017185094,0.47271275950724956,0.4241167438744097,0.5003142578320308,0.3851640341170276,0.515815856160647,0.46449709406095085,0.5179885790242973,0.5467950602177132,0.495810560210576,0.40928085241346657,0.7878028649792674,0.5476805496736775,0.5279808214625235,0.41676878421858854,0.4894214042293079,0.33860988945604853,0.5464110631906876,0.31136255033289323,0.3759358397297365,0.5174783623204963,0.612459466332755,0.6208286391080233,0.39444863455010687,0.5838946964670678,0.5490656206285979,0.6903594816317802,0.7496113407384366,0.5124231563571358,0.7099412930564214,0.5274532119398603,0.7648149853850865,0.4170409510170199,0.4500404585205009,0.5095694359120884
0.5146355648012076,0.6293172838984122,0.5084551891071037,0.7598090084865131,0.6846151678129021,0.415437965482082,0.6794494370733909,0.7978084825869366,0.4292627247900209,0.567847621659549,0.545237623882623,0.586394989196753,0.6743371975979909,0.6356499358910076,0.5144244922955921,0.5230681180798392,0.6505409645811803,1.0,0.5810518582957711,0.8124861494645951,0.5885045390783767,0.787916267559942,0.3604169101672954,0.6775178089504015,0.7039046715379147,0.3502162100883681,0.36089426391104584,0.5136894813699863,0.3370740354906871,0.35164050104069544,0.3908877870578173,0.37410368471978483,0.36246483819841246,0.41215576671514065,0.41169151712156704,0.627316851625966,0.6219899151018896,0.7160643512816628,0.43818739228678255,0.6125332602359939,0.35228685011875926,0.38302808851990466,0.4377314744797838,0.3595499654815951,0.6234560773745166,0.3868591044772629,0.5755544171017378,0.5258952440981255,0.5787382818232412,0.7057954594085354,0.7372976921941032,0.5241061554120686,0.6385289007097587,0.5016774389794653,0.5897847055771461,0.3671123061320756,0.5883432116768784,0.6434506847854423,0.6524758490952124,0.396555196210272
0.7369958646708951,0.7894502190000833,0.40800403728836376,0.6021944697316872,0.7895913337028757,0.589451275840009,0.5542527423835415,0.6390260211610324,0.5967122693727572,0.6715857107226921,0.6767622842067116,0.7794788368935459,0.5678626251103714,0.51360305345444,0.639859011384083,0.6225569983520468,0.42370375749126643,0.5810518582957711,1.0,0.602074437262845,0.7308240864512059,0.6544952313770852,0.5733595952244458,0.5462746541298862,0.7957074497995522,0.591385834516497,0.5751277008912496,0.3931056781774106,0.5621178254776981,0.5763607994493215,0.6094512783360038,0.5671531747449741,0.5783868492615276,0.5650431173362471,0.5981412781742828,0.8002163810739076,0.44981466577298046,0.5662243347775767,0.5952756189427197,0.7771624445747862,0.481807344349073,0.5424814961849949,0.5444270688277127,0.5348655876861408,0.7559562483219475,0.5087756173967459,0.4518285681110458,0.5612605361736412,0.7319322919268593,0.5855744790221797,0.5674570578518716,0.5994938239282787,0.5183611897639737,0.6141656008629327,0.42294423141569987,0.5428803427919895,0.46425694814990276,0.8262389869602387,0.827478483105965,0.6212876268087529
0.48929431714655935,0.5996686721296525,0.40340260058096694,0.7957431128444544,0.6220738111338322,0.370655861775316,0.6363953062517529,0.6851889451626323,0.36369239552996546,0.44972745614923476,0.4424461873396945,0.5225690564955229,0.6668695050029718,0.6091052247515402,0.43843706752833117,0.49369223425771275,0.5627939385727981,0.8124861494645951,0.602074437262845,1.0,0.5393804727505431,0.7489475230192317,0.31687024050732376,0.6053520534980055,0.66131451104679,0.3188934139803181,0.3078305114325201,0.4888662957089736,0.3004389343920599,0.3404039475302745,0.34558393134506904,0.3156503560007944,0.3471904735144559,0.34144580895396837,0.35594507581329166,0.5461594545058357,0.54333304651152,0.6498745169444877,0.34175329940914245,0.6267146034548504,0.30410005159205494,0.33166904640890915,0.34018508656896007,0.32052809610210353,0.6408214622842718,0.3085859794226459,0.5555600535958246,0.5475455286354121,0.6317617735272547,0.7274875309855601,0.8855014861097283,0.4210142531626049,0.62848430380915,0.42168277115626174,0.5809833501885943,0.2794517395546063,0.6456899264090595,0.5841073712421976,0.5989249218546756,0.3409862826927519
0.5967372099547747,0.6828362562416865,0.2585724682563654,0.4358720267033552,0.7065029978822438,0.48518515297646947,0.4950708507523473,0.5120161690643488,0.4464432979438608,0.5734549097794359,0.5683038503057647,0.6463104037293018,0.6021025647823808,0.5389386438837641,0.7505429281780209,0.7334271536029371,0.4759448544218122,0.5885045390783767,0.7308240864512059,0.5393804727505431,1.0,0.6067302380388744,0.43857269994870623,0.655937219872381,0.7005395562190624,0.4287288999985721,0.43420761806767605,0.27498536086425324,0.4282958348024671,0.48612733069656366,0.4766131047704932,0.47807379735406313,0.44423574595120924,0.438803916842179,0.4772402549199367,0.7373138066481701,0.3199240480229443,0.4502590177266559,0.47491791681785556,0.6961714021662474,0.4080073819051618,0.46102640709526493,0.46286535061848366,0.43569911830396646,0.6253366032248595,0.415004984056563,0.3997484173608786,0.5038089070104311,0.6796782339437437,0.6572663471615534,0.5002418166405902,0.6804020624256625,0.3670454438012527,0.783660573980399,0.3568947270774139,0.39414603942120924,0.3865606526676043,0.7127149084130086,0.7120469649843135,0.46132678476275546
0.5273411940231357,0.6422729900375046,0.48885214381733516,0.7059957189732253,0.6701084482706726,0.4683869790019388,0.6647507503441361,0.7222013508459876,0.44967868381659015,0.5362377133597195,0.5587758923213162,0.5518259320681301,0.7240861089618456,0.7333563805628115,0.5177454738386286,0.5392387818588773,0.6424101076887018,0.787916267559942,0.6544952313770852,0.7489475230192317,0.6067302380388744,1.0,0.37685087006761003,0.6684337667178466,0.6879670735192233,0.38756633665934037,0.3553243922684207,0.48864614759817987,0.37816102278703095,0.38117637181211805,0.41216043821619164,0.3710117718031034,0.3948028096433246,0.3599211358039937,0.41116264356711074,0.595640435856297,0.6210533468095565,0.6885660094575025,0.4112252601344987,0.6340446148393257,0.3132706827181421,0.34852405507443984,0.3851038371281358,0.33436612305818747,0.5937672679971202,0.3580790918333883,0.6223338249885619,0.5093031613217128,0.5975857738002445,0.6752506896547388,0.7160809276466111,0.4787569205730888,0.6604845991661009,0.5326051952653452,0.5745300047789795,0.3299097301408592,0.672039043792318,0.6340303404927639,0.679526999577553,0.37822553641335993
0.7149519822961711,0.64244220716132,0.6923622728547072,0.37865009862043497,0.5942391318621729,0.629179413719077,0.28627455704978266,0.4977536178779224,0.7349200838366178,0.7797449009371231,0.6931206187059816,0.6245453119465011,0.30677218519597627,0.3307062386719264,0.4464177157229988,0.4612753843886759,0.4946988404318942,0.3604169101672954,0.5733595952244458,0.31687024050732376,0.43857269994870623,0.37685087006761003,1.0,0.2672436000082522,0.5329721662824249,0.8833428975210358,0.8770854187636368,0.5756689875664842,0.9468840168920588,0.7018625879593428,0.8888759433440199,0.883390953255027,0.8220172835541872,0.8193746748080295,0.9070263225519696,0.6085692743943808,0.5611897678191512,0.5927364508151622,0.8828124652375985,0.49942045403299135,0.8770136456794462,0.7466246918696569,0.8179589553796331,0.7288597051904117,0.5949264695105406,0.819949699006693,0.4521975820349069,0.5619796186046176,0.48377980666740317,0.3858369455183196,0.38557533396286453,0.6534343805980893,0.5374112476838236,0.4591589547958661,0.48443541191239853,0.8802640013090086,0.5309341333495448,0.6339682780755438,0.5985140709226492,0.9246700174048413
0.445325515539788,0.5430628102699431,0.33630949156160805,0.599350343212214,0.5377454070061567,0.3628741545930383,0.7019753946984554,0.5745755238442157,0.3435905426234295,0.41493859703770974,0.39859076239211455,0.47314289733358605,0.806514191124017,0.7042392788616938,0.6715625646007122,0.6717862334411256,0.6205818297727542,0.6775178089504015,0.5462746541298862,0.6053520534980055,0.655937219872381,0.6684337667178466,0.2672436000082522,1.0,0.6359070096662874,0.26805384998935167,0.28281302662382624,0.3095217612679704,0.27019878862146374,0.330338523718472,0.2959970063581017,0.2693083907594773,0.28803998635992434,0.22648999554689075,0.3076968841450342,0.5213414122860989,0.4574844681470504,0.531962875266959,0.35391274910161125,0.5484869971774073,0.23687225155879263,0.2785881075936897,0.2663943270909807,0.2944697721223235,0.525324030161008,0.2592635757386673,0.42238753021174613,0.4814994367615673,0.5293719783939445,0.6851129900572166,0.632559141603887,0.5011783906113283,0.49032614165821137,0.6613097911912841,0.4509467780981171,0.2650019368289496,0.4614894948551727,0.5533050957544846,0.5431032847630732,0.289130952719528
0.7051587117679552,0.7988248491969983,0.3915658943289922,0.6821504784917618,0.8334786269841414,0.6182795918632131,0.5977265182067415,0.6160326765027375,0.6251724031823351,0.7246337507245968,0.7240461370542961,0.7633477956112596,0.54187093451789,0.5373028784031949,0.6133287881426249,0.7071600774106209,0.5321472853449573,0.7039046715379147,0.7957074497995522,0.66131451104679,0.7005395562190624,0.6879670735192233,0.5329721662824249,0.6359070096662874,1.0,0.5200158750377581,0.5092188714020189,0.35275090792875835,0.5164335251057587,0.5530297772491627,0.5633627745210235,0.5301235134152593,0.5214811819652395,0.5537588272197268,0.5635435070945299,0.8031512568142101,0.5568292498908154,0.561844566693937,0.5861474591164528,0.8137298848781631,0.5101443550742129,0.5271079117851099,0.562759413297407,0.5147482893466394,0.7865708501237659,0.5335281519118501,0.46388211167033305,0.5909750237427325,0.7957019855992513,0.7320153952632146,0.6094255003103385,0.6288264134071175,0.5552650938116652,0.6576066540718599,0.4726176145335502,0.528137778839996,0.5408045451442837,0.7956324839933425,0.8374692829325652,0.5658235256659794
0.7387239023196996,0.628586989357549,0.6855653689479719,0.3954885833604329,0.5639412099388742,0.6180870682322095,0.29406658982382416,0.5034479730699638,0.7818468693186766,0.8054787072897149,0.699654081266312,0.6361681044790676,0.28384027130293293,0.32665349233925434,0.44197846945546465,0.4246478854285628,0.4676267017185094,0.3502162100883681,0.591385834516497,0.3188934139803181,0.4287288999985721,0.38756633665934037,0.8833428975210358,0.26805384998935167,0.5200158750377581,1.0,0.9091474072617736,0.510295338730423,0.8839604853645839,0.7152018867472866,0.8698731111513724,0.8718008633871674,0.8388991511514156,0.72038185245486,0.9059181878819274,0.6079299892852632,0.5779366899289518,0.5932959492306012,0.8913606259322631,0.47636888225082974,0.7813134910205164,0.6668897547170647,0.80236600261599,0.6989210799421995,0.595977740010938,0.7702195487425485,0.41112988236752634,0.5471764708744377,0.46201013547375114,0.3508917172774859,0.3990707132047908,0.6448472353606118,0.5627360791418137,0.3831514622738354,0.4630895938119205,0.8026373208574382,0.5335929361382492,0.6375970004851357,0.6499125513937182,0.8909266960525157
0.7508077688810748,0.6386589290542254,0.6857863387711192,0.3957723721852426,0.5697645697855861,0.6264200836008766,0.3156631239122878,0.5046495851630842,0.7650395333512474,0.772441484207931,0.7063912399074624,0.666327914697408,0.30706583887815897,0.32292457750993553,0.45301285327000196,0.4407739247562166,0.47271275950724956,0.36089426391104584,0.5751277008912496,0.3078305114325201,0.43420761806767605,0.3553243922684207,0.8770854187636368,0.28281302662382624,0.5092188714020189,0.9091474072617736,1.0,0.5349722176906004,0.8720142649863556,0.676971597504036,0.8634501767248568,0.8747830784835231,0.8485098706323867,0.7564389043022591,0.9494271591628443,0.6095505493774195,0.5704897449847474,0.5882925646370505,0.9192436806609632,0.46155716231821087,0.8268565120174345,0.7194351758300553,0.8066418810171219,0.693170858893691,0.580767857921867,0.802594586034755,0.3607296920164389,0.5420361077315956,0.4859350218988633,0.34219640096812437,0.40103820593073963,0.6223261202600964,0.5401727854631779,0.4156817307555569,0.42853909617411223,0.8279885861326363,0.518406484900537,0.61504428187512,0.619858784723591,0.917555092606107
0.4830392518867967,0.45335369660911784,0.6738333969346267,0.481051668180207,0.3830823204584034,0.5290520561791778,0.38495722542437194,0.6410094243744566,0.3924896440254661,0.4443046169270572,0.3903305040539052,0.416497059096185,0.4085141913502079,0.44941957676283806,0.26850469894608053,0.25914239786671217,0.4241167438744097,0.5136894813699863,0.3931056781774106,0.4888662957089736,0.27498536086425324,0.48864614759817987,0.5756689875664842,0.3095217612679704,0.35275090792875835,0.510295338730423,0.5349722176906004,1.0,0.5264360555498138,0.6099877048506567,0.5231300544670634,0.5038995460967556,0.4803556301346131,0.4077291231407869,0.5527854263032118,0.4081309593339783,0.4902400323220757,0.6810165275861592,0.5274078355152254,0.3385969897306836,0.5212683409907979,0.7365072493689351,0.44184226287949174,0.7379108878743843,0.4212006012787157,0.4577703679827375,0.6558596413320898,0.37424953750789813,0.2961528644215716,0.36038932533008494,0.5284655245014109,0.35590816963030597,0.48275496969232684,0.24667667587573233,0.42172984005382697,0.48167850203842383,0.4850580251935621,0.4251590729470321,0.4081018308928404,0.5373697394258365
0.7053746416963296,0.6193743639795658,0.6933617050669848,0.3429170124450032,0.5928449077804909,0.6306479930668347,0.3028253303444356,0.46914073734836814,0.7725142879354454,0.7600220366483788,0.701802254563129,0.6016304615998639,0.31598224984315165,0.3125382226434452,0.43145555429729054,0.4480246813894452,0.5003142578320308,0.3370740354906871,0.5621178254776981,0.3004389343920599,0.4282958348024671,0.37816102278703095,0.9468840168920588,0.27019878862146374,0.5164335251057587,0.8839604853645839,0.8720142649863556,0.5264360555498138,1.0,0.7355023328147903,0.9025822665591638,0.900669912473146,0.8890325336870026,0.8072140650783944,0.8828804182593623,0.6018366563903524,0.5832582372422612,0.5627916261849155,0.8912479081872119,0.49248042599523456,0.873636160244617,0.7444289873469242,0.7771720715017035,0.6822005228297476,0.5724347907017924,0.8044758428671649,0.4678826313762994,0.5536837238490877,0.47210957172392254,0.38684249285522954,0.37586692309105363,0.6522089282409942,0.5353560152723097,0.4701254036148164,0.5024342672327651,0.894472957353085,0.5325455400816461,0.6181650910516125,0.6038129457111249,0.8732054909990473
0.6246867616208837,0.6289640903445302,0.5374526798972143,0.3782487638565202,0.6022308900178874,0.6870650832056566,0.32398318953471605,0.4112513738061932,0.6387751688924538,0.6556002098040059,0.6101287716565794,0.5554998193947513,0.32007531968192765,0.32043169162609847,0.4447851861244079,0.4597414877744471,0.3851640341170276,0.35164050104069544,0.5763607994493215,0.3404039475302745,0.48612733069656366,0.38117637181211805,0.7018625879593428,0.330338523718472,0.5530297772491627,0.7152018867472866,0.676971597504036,0.6099877048506567,0.7355023328147903,1.0,0.7641948445004132,0.766905348281745,0.7321508948994498,0.5746229217368333,0.6820693567546297,0.6769547057294247,0.49432617314018984,0.47768685632247837,0.7105369203800449,0.5928058903531456,0.6338879787374373,0.7828264166858989,0.6151563151173879,0.8404340156338991,0.5642183268961458,0.5999914429216003,0.611710748936328,0.48115115697264915,0.48540733638178596,0.40535872174964405,0.3846383217714152,0.5486485380673023,0.4472266234120639,0.4502753934137062,0.4102307181162023,0.6805985421135333,0.44835511256211774,0.6103465945816774,0.627972220879625,0.6673963109365486
0.6667723686877763,0.6693967836182959,0.6478378890541769,0.4069838673716481,0.6225015160027846,0.6504130628870892,0.3353518364917995,0.4720560450126944,0.819012917866451,0.7751272359106595,0.7525800677406868,0.5894056486258588,0.32713972654481016,0.3377693348722135,0.4738155005901057,0.49533743915206496,0.515815856160647,0.3908877870578173,0.6094512783360038,0.34558393134506904,0.4766131047704932,0.41216043821619164,0.8888759433440199,0.2959970063581017,0.5633627745210235,0.8698731111513724,0.8634501767248568,0.5231300544670634,0.9025822665591638,0.7641948445004132,1.0,0.9485629739077575,0.8999306831371177,0.7705444357884939,0.8845690783771631,0.6597939111107965,0.6083294078305581,0.5822672228404239,0.8944450223426271,0.5735599008810295,0.8210733387171125,0.6965179436381588,0.7790264831177292,0.6757087512193436,0.5927119520750178,0.7538793308740797,0.4838228691718073,0.598444396171222,0.5136460039167776,0.4243408076230655,0.4112588901687689,0.6822781553052397,0.573796648921421,0.48801281296739724,0.5493359600477894,0.8495975752111017,0.5983768248060388,0.6366956471541277,0.6306140050957771,0.8606922999817479
0.7084183888844422,0.640610577550478,0.660063425768723,0.36733197802222006,0.5904296157764577,0.6285221869576414,0.3374929522869253,0.46465104558413167,0.7686488750779807,0.7632149871545975,0.7146771154819638,0.6141628210050025,0.30421871419937735,0.3067309538092675,0.45772367472982,0.473564997090383,0.46449709406095085,0.37410368471978483,0.5671531747449741,0.3156503560007944,0.47807379735406313,0.3710117718031034,0.883390953255027,0.2693083907594773,0.5301235134152593,0.8718008633871674,0.8747830784835231,0.5038995460967556,0.900669912473146,0.766905348281745,0.9485629739077575,1.0,0.8688353681062588,0.7669776100947053,0.8876236869482107,0.6599609337472929,0.5737647520062819,0.5567911814232187,0.9072575840379514,0.5652274616560271,0.833623283143176,0.7098990109022436,0.7985158299634088,0.6869210457465376,0.5622675140373024,0.7847535280952008,0.47791461021049264,0.5823439687428766,0.5062614817902611,0.3979026005017663,0.3829434349933117,0.6470400112559693,0.5348137857703574,0.45544002093429314,0.5215919711134627,0.8577662419929963,0.5699679114696922,0.64595323860485,0.6089260650222432,0.8639739213502906
0.6358558748143609,0.5936995859647477,0.6376887508918823,0.37920564553088176,0.6379179576487413,0.6350645234236374,0.34852150454252756,0.4413029872338772,0.7949334696205204,0.7270417993892421,0.7313232773651617,0.5636543901715801,0.31129876785158933,0.28654108161159375,0.47586689005866106,0.49062691380975404,0.5179885790242973,0.36246483819841246,0.5783868492615276,0.3471904735144559,0.44423574595120924,0.3948028096433246,0.8220172835541872,0.28803998635992434,0.5214811819652395,0.8388991511514156,0.8485098706323867,0.4803556301346131,0.8890325336870026,0.7321508948994498,0.8999306831371177,0.8688353681062588,1.0,0.7419373426119656,0.8431214917834933,0.6070190985106512,0.6084785175876702,0.5298710014581742,0.8476056723769383,0.5470091436094814,0.8203475029011708,0.671255527535577,0.7068953126374623,0.6222073178685703,0.5582625158370417,0.7457574678238064,0.45485801465794085,0.5738099768722149,0.5304601974732603,0.43170351245783894,0.4082130661994911,0.6646067533103966,0.5502623590653258,0.5365514888573157,0.5443213042560433,0.8241199322984714,0.5589543422292166,0.6107025543973084,0.6194641660675668,0.7903954757471854
0.6112491673793639,0.5992469082261194,0.6040770463899086,0.4491803987360125,0.6317559635568777,0.5551793824951133,0.3221111713785571,0.4971498440320457,0.7214636830541812,0.7728280381704011,0.7231127385143081,0.6702011632155734,0.2809575729676355,0.2651868143356683,0.42747856551688823,0.44919174681743623,0.5467950602177132,0.41215576671514065,0.5650431173362471,0.34144580895396837,0.438803916842179,0.3599211358039937,0.8193746748080295,0.22648999554689075,0.5537588272197268,0.72038185245486,0.7564389043022591,0.4077291231407869,0.8072140650783944,0.5746229217368333,0.7705444357884939,0.7669776100947053,0.7419373426119656,1.0,0.7820980228107797,0.6360794675111923,0.5691856455456202,0.4821861140207847,0.7856286943471318,0.5409369708588363,0.7868269113115338,0.6300741823225938,0.8593122977998027,0.5774264578762505,0.5928414289080558,0.81818119742816,0.4449186478728434,0.6171256277691911,0.5472677360644939,0.42435086121856047,0.3002117927095445,0.663173393274885,0.5918810068570115,0.4716950463074563,0.5420951418850621,0.8868235997680529,0.5219325309357278,0.6468051155919199,0.5956999494645305,0.8235612012698212
0.7620763182899281,0.7000592241245609,0.6835227874365843,0.43471326380650654,0.6192385401158255,0.6416904562504756,0.35280276495378127,0.5414792393614278,0.7843189690478938,0.8088444070843465,0.7424575573129156,0.7044430188966911,0.32961291865381986,0.35545153033796695,0.4802743179824023,0.4820031569610952,0.495810560210576,0.41169151712156704,0.5981412781742828,0.35594507581329166,0.4772402549199367,0.41116264356711074,0.9070263225519696,0.3076968841450342,0.5635435070945299,0.9059181878819274,0.9494271591628443,0.5527854263032118,0.8828804182593623,0.6820693567546297,0.8845690783771631,0.8876236869482107,0.8431214917834933,0.7820980228107797,1.0,0.6391235521266269,0.5873813929859983,0.6226635919133803,0.9476787984268646,0.506259211135587,0.8419097685480535,0.7107841160598778,0.8354647779328566,0.7209460820504178,0.624299241746547,0.8316964050073767,0.37660103674590234,0.5367008834072792,0.5108895136159772,0.3920381862371166,0.4267966013856547,0.6514816876956278,0.5561298787094913,0.4532220063404523,0.4525090140250533,0.8682915572389802,0.5313826589865429,0.6629833333258682,0.6608171054014357,0.9124876445000123
