0.9125,0.5006648110436509,0.2937462789593839,0.2260752433705726,0.46718041755716405,0.342732837031645,0.2209675140048135,0.3821491801407576,0.4461455532766466,0.41622829037223547,0.4262367338200268,0.5909496454390112,0.3185507673392475,0.25674526594257024,0.4317041626284277,0.3857665239843734,0.2223405442473203,0.32069572566971505,0.48432187000976856,0.24402410852907028,0.37624533949152816,0.32908162229175975,0.5436288642777197,0.22073575462396822,0.39350996729035725,0.5058886268852455,0.5760642604372862,0.3122422582373774,0.5363298942140358,0.5103472462807699,0.5181646707759384,0.47182900025252444,0.4423070873388373,0.4931025468920978,0.6106844739930473,0.5177831093389224,0.34952570035191555,0.3772986530612298,0.5717741663857221,0.4244659068890778,0.444616617722785,0.493052123160288,0.4451666638140407,0.45743362543417165,0.4387109285953904,0.5704272228128576,0.2534797016428356,0.2947701346364406,0.38873380641017846,0.2663670651944707,0.2839093380730708,0.394928050822289,0.30854349334728753,0.34637770708816173,0.292649226682911,0.5330962631076254,0.23125427219536326,0.5231479546212697,0.4829156066841731,0.591482887548382
0.5006648110436509,0.9,0.27960951979903276,0.31962376413404125,0.5673464352543277,0.4828415589268769,0.2863520715220093,0.4767917629451579,0.5494598387217897,0.5550607967586064,0.5368231541746953,0.5722690686811966,0.31779970422231935,0.3804271990400418,0.4436070787089602,0.480945492673329,0.32592982353994937,0.4658528225533523,0.5879362929370806,0.39972747000085124,0.5224549092719019,0.3996139260307338,0.4809390510187328,0.38006014146145195,0.5489029840597672,0.4013311499565082,0.4880774440135068,0.33486800766087227,0.49641768619660726,0.48852562201332267,0.5789630734066604,0.43574980984197226,0.43363687644783155,0.47110561487353214,0.5779615648288459,0.577857995112605,0.4034359950506644,0.4618211377377053,0.5286443633553156,0.4325451545619273,0.3519729923116784,0.45930123577124665,0.44849721601351816,0.42858411183095596,0.686120597920341,0.4318007817659507,0.3564307036646224,0.4143058061434053,0.5336808398564384,0.3808004197634526,0.4471101620799125,0.4449535696108666,0.4704749922729776,0.3741231859373475,0.36371516145096255,0.458707133098496,0.3906145630259602,0.5796016252985726,0.6529995810217815,0.5254599086518277
0.2937462789593839,0.27960951979903276,1.0,0.3108924663076429,0.3359843855891742,0.34978656200894864,0.27162884714443314,0.5307195182968588,0.47588655668491825,0.4492506432943242,0.4247594395157952,0.25162386225380734,0.2546533810018952,0.2970597841823682,0.16519739203165973,0.20400670225439219,0.46028407291198825,0.35040513379945687,0.25438987364443666,0.20991050574656017,0.19088993454181957,0.3522377925726178,0.49981363449880606,0.1861102356458944,0.19831500656986756,0.5503285312313011,0.5355370394044687,0.48978872594694256,0.5484088533181494,0.3604780248305604,0.5173787924514563,0.5092149338552935,0.4679697314404086,0.49131046220923225,0.48030948190602835,0.2326969687038446,0.5534495691933345,0.5037972041447819,0.5080165096267864,0.16923105903258545,0.4044571977198213,0.3223169656378718,0.43513763600904365,0.2411638311965223,0.32525649742783347,0.4804244728194749,0.3674084234109272,0.3804916099356427,0.18239699226794093,0.19726222070802035,0.2820347176150094,0.4197381290948456,0.4523905042938172,0.2146988548577825,0.42351489632195727,0.5890118311555601,0.4315618013394247,0.2948189590129684,0.3423461177891942,0.462853587632128
0.2260752433705726,0.31962376413404125,0.3108924663076429,0.9125,0.3655277155259893,0.2283821296234699,0.25738546014520264,0.40066043683989794,0.28470803236304687,0.3973914702024961,0.3707518199793452,0.30878309125125347,0.2383229978152406,0.264990852895829,0.1991087796119889,0.27701948128030707,0.41678941340062614,0.3781231671842804,0.17624851897021218,0.4467804933691864,0.17992929252773399,0.4275931949845104,0.2540426516486308,0.2747915043419419,0.3993035106437216,0.19206808198186237,0.272658956813827,0.3030816362951406,0.1802643043250356,0.23566880056863743,0.25029304547846465,0.22262325711038697,0.21866107790511446,0.3635112612850091,0.31045697093944435,0.31331800101048246,0.4403318904453203,0.32225971866316633,0.3283068219221257,0.3230152216074249,0.1462821428093014,0.2676853016784447,0.3503548140655437,0.2963815784894118,0.38509988387704713,0.29689464917628927,0.3956972059041909,0.2782134020773809,0.26353831205144607,0.3217939558691704,0.3849939990840179,0.24121679431170287,0.4230768872857391,0.15646641646326456,0.4360281446537497,0.2368054717334168,0.4327924097576712,0.3016169085929276,0.3374709216570807,0.2482483178589952
0.46718041755716405,0.5673464352543277,0.3359843855891742,0.3655277155259893,0.9125,0.4448134305846214,0.35110460251364545,0.43577558573443653,0.5487116909104846,0.6838625819633545,0.7027965796984601,0.5444336335929847,0.32302173517916966,0.2892323627042724,0.4715361310011012,0.4505573627602315,0.4589337443184603,0.4829311172574378,0.5174275513224915,0.3982326096313957,0.5245382543149449,0.4444030341774924,0.5111449964111654,0.2843660574574003,0.5915494245244971,0.46272001973115134,0.5487499007838428,0.2744063585034314,0.5591053494225919,0.538876482320564,0.590359642958631,0.4901027495531356,0.5633058245830099,0.5638844966833821,0.5601186760691766,0.5878648822572229,0.5015812992368274,0.42049502408989453,0.5764547070088185,0.544905197100666,0.4166707448833789,0.5007522377718024,0.5640142393426455,0.44262832076760467,0.65056695925047,0.5367492473826342,0.4672557413206453,0.4760413728346272,0.5421999393565522,0.38690307537719143,0.342116411543849,0.5949718395219907,0.41656633009459776,0.46673273723730047,0.43861461964515314,0.5255198285822155,0.37349839940501656,0.5895033787368864,0.6782127720613101,0.534351988242929
0.342732837031645,0.4828415589268769,0.34978656200894864,0.2283821296234699,0.4448134305846214,1.0,0.24442633351401546,0.36502779810390706,0.6205008938662777,0.49232867055807106,0.521057722744304,0.3659540395644878,0.2577905234200638,0.1967192683581854,0.23988133822807922,0.2779463096147634,0.3308611843157131,0.3673711678745262,0.4289408900162733,0.2936394113151382,0.376922935435713,0.2917606829353388,0.43278084026525865,0.25832805349923693,0.36742876285197645,0.3589236823351633,0.37150677400527404,0.3034258313241868,0.4636403934636156,0.4666690601589221,0.45945996472441725,0.4223293287205695,0.42308461601116926,0.35526133139707383,0.4121107015782718,0.39866838648066666,0.3863904832231342,0.35488480331128447,0.40858378820554947,0.37768066126936034,0.32656529783788696,0.45548394923153424,0.4057616039929934,0.32952938862896536,0.4746692974872551,0.3984812660836246,0.3911071743834761,0.33299488084008616,0.29801204102738327,0.2549690927196209,0.2566278381012037,0.4150039106175262,0.38157143535244353,0.323139191664027,0.33603877997304143,0.37684667526742843,0.29116729779024675,0.42359734048456876,0.49627058583907285,0.3642599408270254
0.2209675140048135,0.2863520715220093,0.27162884714443314,0.25738546014520264,0.35110460251364545,0.24442633351401546,0.9,0.30562066727100173,0.2519895150452414,0.2376878308988071,0.3399601793385742,0.2701177193565726,0.5391576991844941,0.38455243142331724,0.36805920010433696,0.3989611009354939,0.3283333162743301,0.38063115795178637,0.343652245106936,0.36114568040906847,0.3508476092315006,0.4020309080677213,0.23061602341809542,0.4590857096504629,0.31428033226444185,0.22257468464106672,0.23277363786308486,0.264682911418638,0.26704717314493553,0.24768349613400403,0.28571981546384884,0.2187167548431284,0.25129444214294444,0.2496945951395621,0.21903610943696933,0.27498790014994723,0.33626257309876006,0.27276523211658066,0.30175935366351525,0.2734753723352098,0.20588438153620364,0.28731692348193477,0.18803273614709193,0.21151012335909955,0.34093408368215383,0.22325431046849337,0.32643007382420397,0.3308359602897869,0.30313386200039255,0.32757442583122637,0.42127020875159915,0.32413257693290676,0.2727585615884607,0.351262601784734,0.30125752932610356,0.23578091460787537,0.3213554617511373,0.34841419952892116,0.38919333183639876,0.22598616417661177
0.3821491801407576,0.4767917629451579,0.5307195182968588,0.40066043683989794,0.43577558573443653,0.36502779810390706,0.30562066727100173,0.9,0.4172985228445428,0.5108563009618171,0.44225765592233945,0.4964770795319854,0.3659038983331115,0.39708413998683706,0.3450352630712835,0.33370857250275643,0.4131373434712962,0.5639541361766697,0.37100422340356004,0.3663431006687249,0.39485540838490796,0.5346665434727603,0.33173608787813647,0.4034026424408158,0.3979542703516028,0.3213730095300177,0.37791717544454906,0.4337090373129528,0.3464129452247384,0.3179923355325804,0.3998334501475204,0.305778506975651,0.2975399861821745,0.4203989003950422,0.42925517254591883,0.43443639632464015,0.5295101832983949,0.5266291290114051,0.41455898307163497,0.3358518225581275,0.23397226577837732,0.2975693060969905,0.45315688659430986,0.25293561720446844,0.4304506751948595,0.39163751375466566,0.41024994695779965,0.38456454976783505,0.37728150910512065,0.3946186094802666,0.3444667971173856,0.44246860568824986,0.471246684070297,0.30847060020259476,0.37381364345834245,0.3894064117033324,0.3737134658436959,0.45091589963683565,0.4841687393402345,0.4378816116644403
0.4461455532766466,0.5494598387217897,0.47588655668491825,0.28470803236304687,0.5487116909104846,0.6205008938662777,0.2519895150452414,0.4172985228445428,1.0,0.6898844501881065,0.7078829768252359,0.46441342776844957,0.2321791161106064,0.2399631395746188,0.3736855095672478,0.41957600163298114,0.5231290869924295,0.37480079692287394,0.4636041792785335,0.24821341135524433,0.3683623590573988,0.3300571728816553,0.6090728794527906,0.25809744351805136,0.4291865413082387,0.6109008540377034,0.6242465271272902,0.2122172834696504,0.6623028364104425,0.5473175404501275,0.7229756675302434,0.5739630858299474,0.649581522533102,0.5814949201371613,0.6488453217090496,0.4211537292601823,0.5948222102338399,0.4387923113502916,0.6838897710760388,0.4166397629456703,0.48342064901079634,0.4196840059696385,0.6607624561507733,0.3425805657350961,0.5546505480770749,0.6362431492165708,0.39695605497713377,0.5102698333743905,0.3869182079258376,0.2840157796452401,0.23984380185564144,0.6028324847887099,0.571619194814907,0.3772376766965072,0.5386362160439016,0.6042623030427727,0.494272708622975,0.47593029136722625,0.6354208086800728,0.6568282688343053
0.41622829037223547,0.5550607967586064,0.4492506432943242,0.3973914702024961,0.6838625819633545,0.49232867055807106,0.2376878308988071,0.5108563009618171,0.6898844501881065,1.0,0.7861527872288717,0.5803691787098822,0.27199663370975163,0.31287334256452654,0.40085314045011344,0.42626787817307055,0.5928583507246241,0.49922066560060036,0.4718767610456717,0.3143722096695417,0.5084919952001938,0.4408961357437725,0.583783475047178,0.3187798519909382,0.5968420448303643,0.5689222227281961,0.6538266654830349,0.2928550913062094,0.6117956198614241,0.5495139991574436,0.662047632811429,0.6098299614737583,0.6427613708319974,0.6487694376088702,0.6591495765074231,0.5798073025480981,0.6350851429780794,0.48659550744170743,0.6519630675599395,0.489872684534479,0.4733950120744722,0.501698341305827,0.7634914284719747,0.4373110719447143,0.6015719927424996,0.6253744671514601,0.4457268457661471,0.5497125805067684,0.4688738960194623,0.417699900947602,0.2802392868061256,0.6979945431057815,0.6039622539791842,0.40341601542530303,0.5192868826515558,0.6034530104001188,0.5009042854832226,0.5965201421105277,0.6632263932611374,0.6197783755984547
0.4262367338200268,0.5368231541746953,0.4247594395157952,0.3707518199793452,0.7027965796984601,0.521057722744304,0.3399601793385742,0.44225765592233945,0.7078829768252359,0.7861527872288717,1.0,0.4893516393939872,0.3129935224990957,0.3163927166017256,0.4017750814931548,0.38923464793164475,0.5406441732246674,0.4718498274380768,0.5173701655215388,0.3760335677990596,0.4751878990040212,0.5052609456342971,0.5726063091565736,0.2911180168449457,0.5611791920257746,0.5516277195989376,0.6256683889483252,0.3084655654085018,0.6490757167765077,0.5371544748298622,0.7593266476332643,0.5758776558823213,0.6596324987048096,0.6013203999947958,0.6288576867560035,0.5527536536795793,0.6878233209561788,0.45652273595893467,0.6600525127843149,0.4970203966123805,0.47219607089126203,0.49323210923143096,0.6260970547049696,0.43364184360102653,0.5827038009502233,0.6040464245154519,0.5063134857077,0.5384541133846292,0.4570826716985331,0.3147265404492586,0.3269332115992512,0.6568407665359314,0.5743583298217925,0.36612176834694726,0.5968659023937952,0.5647009727650881,0.5548839245267709,0.5286717173617926,0.6328163073174776,0.6191962717032454
0.5909496454390112,0.5722690686811966,0.25162386225380734,0.30878309125125347,0.5444336335929847,0.3659540395644878,0.2701177193565726,0.4964770795319854,0.46441342776844957,0.5803691787098822,0.4893516393939872,0.9125,0.37356429060720764,0.2632316487658803,0.4152696180375187,0.363857329949006,0.3000545429759426,0.4519006452083387,0.5907592471583457,0.3004730869515747,0.4983390163827296,0.38910534802500385,0.42708358277786085,0.3460776739258734,0.5216184382483394,0.41762161393524555,0.48419463268516166,0.2528031756393565,0.42883935769965825,0.45604340423793094,0.493757669480139,0.42517000689389184,0.43596631966351745,0.5149287435018786,0.5517938923681356,0.6166041267172722,0.4459017473125626,0.36652629715025387,0.524474603599009,0.45587027116157597,0.3735346117343565,0.4688546196654877,0.62437082644072,0.41451236400270575,0.5629021699074088,0.5222663278613603,0.32935814518726264,0.32509592272332877,0.42876023848757916,0.3676720265244594,0.2746643508618336,0.49541182592071287,0.40826648378989694,0.35583066310399025,0.3025019031014712,0.5137778909631153,0.2544721872309481,0.6255969306893816,0.6146258714704632,0.5271747077649417
0.3185507673392475,0.31779970422231935,0.2546533810018952,0.2383229978152406,0.32302173517916966,0.2577905234200638,0.5391576991844941,0.3659038983331115,0.2321791161106064,0.27199663370975163,0.3129935224990957,0.37356429060720764,0.9,0.5594022324898364,0.49714347060159597,0.3597170298382749,0.3363285370852048,0.3901012311897073,0.3810510147881782,0.3588522465963961,0.4513289104377348,0.43763285431736954,0.28371117258271605,0.6015974454012123,0.36147062468178726,0.218240115284436,0.28199255691095304,0.2789392392463095,0.27891271221401404,0.2814433705833957,0.3140112214743759,0.2190437524694175,0.20401882996683868,0.20349474280205293,0.2734464552807807,0.38541534295818103,0.27809609813721814,0.3372442949751456,0.28141802037827446,0.3343671961736351,0.19761001666508848,0.28841251072864355,0.20686963342991033,0.2127678520196608,0.25229268903825686,0.23621139621351753,0.40888681134498256,0.2817162587840996,0.17999062755867612,0.32285818015212603,0.3686858222166628,0.33807516355328204,0.3096542147139767,0.4807166663223488,0.26438038923943985,0.2610240339778536,0.27535351978178374,0.3465842664232003,0.3531146365272706,0.20626109632404335
0.25674526594257024,0.3804271990400418,0.2970597841823682,0.264990852895829,0.2892323627042724,0.1967192683581854,0.38455243142331724,0.39708413998683706,0.2399631395746188,0.31287334256452654,0.3163927166017256,0.2632316487658803,0.5594022324898364,0.9,0.3796099300356496,0.4030215998302866,0.3697563581670361,0.42890103383982303,0.2204458797325145,0.33186252072722733,0.3172440936012093,0.5274630900334131,0.21864928577406081,0.5059993834705667,0.3283137068997376,0.24857361687249122,0.31243573980670386,0.3130177058829013,0.24215278583611166,0.24826916577644964,0.2735664022127148,0.226075346777466,0.22247489669790937,0.22652017242022285,0.2638682784833267,0.24767925633162202,0.38966336220137376,0.4649336287222833,0.22946274580021642,0.23665965515411425,0.18517502198335725,0.21324172017987966,0.20245673344228576,0.17419136750469644,0.2997878646693636,0.23161619236718206,0.36165364390101407,0.33673484019904504,0.2703728429305616,0.3907330995599042,0.3755739182282148,0.28512698586417407,0.4562953270094516,0.3735121127035039,0.405317417256021,0.1873098644200296,0.40099693938399367,0.2516632404479999,0.31531877401488245,0.1953377680011732
0.4317041626284277,0.4436070787089602,0.16519739203165973,0.1991087796119889,0.4715361310011012,0.23988133822807922,0.36805920010433696,0.3450352630712835,0.3736855095672478,0.40085314045011344,0.4017750814931548,0.4152696180375187,0.49714347060159597,0.3796099300356496,0.9,0.5830995549939654,0.3068530932983832,0.32919373887329717,0.3799440947278548,0.2423472715429651,0.5423323084052547,0.3002105938706056,0.33371251622562736,0.48432767615479805,0.45341408131909994,0.2571325316413418,0.37842530394059243,0.15540714442236983,0.3223361114303694,0.34339556523969067,0.3709982839511473,0.2658061231030768,0.3225254977181105,0.3658691083094958,0.3919492956670237,0.469583162815739,0.24146289013351233,0.27873314287135526,0.41922512596128797,0.39777622219095476,0.22840509679755,0.3547721249988889,0.34694541385727,0.29691618600244896,0.42087299445004267,0.4250147620117146,0.23479327407171313,0.33954025935508336,0.43766670496786647,0.2924475442071068,0.24567539830291954,0.4217027852333611,0.20350340502627356,0.6021402898536742,0.21588194955772763,0.3459545984439198,0.1930160509801554,0.4515107459433656,0.4596702829949142,0.3626129624092479
0.3857665239843734,0.480945492673329,0.20400670225439219,0.27701948128030707,0.4505573627602315,0.2779463096147634,0.3989611009354939,0.33370857250275643,0.41957600163298114,0.42626787817307055,0.38923464793164475,0.363857329949006,0.3597170298382749,0.4030215998302866,0.5830995549939654,0.9125,0.34413996651459705,0.34126097440709724,0.3237582797465999,0.27261345690358796,0.4926430153800918,0.3129342829784997,0.3833024760670486,0.45535097650936107,0.5252359617410444,0.26286804753028553,0.3824866296531375,0.17723769265265385,0.3467106793188058,0.3481327603636546,0.3989230138273919,0.31080173563345587,0.30565257871466445,0.422760002351219,0.3952072647250522,0.3880062876769046,0.29067841888422224,0.2881486535732524,0.3860898829497047,0.38896018517857306,0.3069891972723975,0.33302976755056996,0.3690592150642152,0.2676398447732935,0.4656574281454108,0.45868067954237307,0.2641888451856858,0.375288760930095,0.5205143712364494,0.5005573529779724,0.3144642012060896,0.46364925573773164,0.28179028121945127,0.5777129458686123,0.34541010012745954,0.3895367669331522,0.2932722000479367,0.4260344378629836,0.4445026300448979,0.38953735001941486
0.2223405442473203,0.32592982353994937,0.46028407291198825,0.41678941340062614,0.4589337443184603,0.3308611843157131,0.3283333162743301,0.4131373434712962,0.5231290869924295,0.5928583507246241,0.5406441732246674,0.3000545429759426,0.3363285370852048,0.3697563581670361,0.3068530932983832,0.34413996651459705,1.0,0.5445720486762013,0.27059735828118364,0.44780443247388974,0.3628973407901895,0.47586265511118797,0.39072048177140717,0.47380392943364524,0.4228568555204437,0.40856203142717096,0.4791724963571643,0.26121416679415105,0.451169190767266,0.2947846479677826,0.4425988180984147,0.43364668426431785,0.4622611715488895,0.48537843963214833,0.4828829654427632,0.3333456648390586,0.5876770457657805,0.44383343740097975,0.4603591190001144,0.3419578259168747,0.36536812601397106,0.28413848344135534,0.470015563281057,0.2286991116631701,0.39720580068869715,0.4647191159836958,0.4814707084466643,0.5631846661409273,0.3602448927874619,0.3359689709378005,0.4139185683054131,0.5658671113058656,0.5555837979148109,0.3438738741637265,0.5787383292201638,0.4919902748309649,0.6233732491363464,0.3014842257000041,0.413843421855715,0.4047504666645014
0.32069572566971505,0.4658528225533523,0.35040513379945687,0.3781231671842804,0.4829311172574378,0.3673711678745262,0.38063115795178637,0.5639541361766697,0.37480079692287394,0.49922066560060036,0.4718498274380768,0.4519006452083387,0.3901012311897073,0.42890103383982303,0.32919373887329717,0.34126097440709724,0.5445720486762013,0.9,0.42709056754708363,0.553756400660662,0.4525940596852934,0.5951625868496131,0.2925481566948853,0.5133889201062896,0.5319944660471161,0.2672878781421839,0.3275719750644232,0.3859392866608935,0.2979032477359683,0.36319038959688216,0.418178453479104,0.30931006799949184,0.31646867676580454,0.37696017790326003,0.4016500518450558,0.4351711974836606,0.5469100112765369,0.5250716916816021,0.35221543074634476,0.44922394048695163,0.1859375147601497,0.3156928343515203,0.3980835858304358,0.2696507162443327,0.4331117489382866,0.3187692208063144,0.4627349668117438,0.44863771029266614,0.4463245734009197,0.4510008329277837,0.5054113079595035,0.526547553544484,0.5043047621038317,0.28906047940467394,0.45190379890932036,0.35293183968226105,0.5011189013236543,0.4866922576806644,0.5238208477406651,0.3902705475787317
0.48432187000976856,0.5879362929370806,0.25438987364443666,0.17624851897021218,0.5174275513224915,0.4289408900162733,0.343652245106936,0.37100422340356004,0.4636041792785335,0.4718767610456717,0.5173701655215388,0.5907592471583457,0.3810510147881782,0.2204458797325145,0.3799440947278548,0.3237582797465999,0.27059735828118364,0.42709056754708363,0.9,0.36723552476287113,0.5069173473624067,0.3882382425021276,0.431564053626672,0.3400285522696548,0.4962788288177687,0.39137204258504943,0.4225771991772909,0.29192009186444,0.48551395070443065,0.44485819340944865,0.529289198844579,0.3749586275527052,0.45654249012144976,0.42029548772538294,0.49295517273148215,0.5661085127918319,0.38332544817089365,0.38299435251869235,0.40954106660117573,0.4336575126234049,0.3369147062977842,0.42547327413857755,0.3826803060217237,0.36986191365676024,0.5394204574563384,0.3730857065003619,0.37010834607141874,0.40321576690319677,0.40666046735372424,0.29832618910835046,0.32899113889926934,0.4766366538176281,0.40553021506874437,0.29009688167572,0.28845268206302493,0.41677326142369375,0.33037026694759336,0.586765729839228,0.5859851172477042,0.5063432696408929
0.24402410852907028,0.39972747000085124,0.20991050574656017,0.4467804933691864,0.3982326096313957,0.2936394113151382,0.36114568040906847,0.3663431006687249,0.24821341135524433,0.3143722096695417,0.3760335677990596,0.3004730869515747,0.3588522465963961,0.33186252072722733,0.2423472715429651,0.27261345690358796,0.44780443247388974,0.553756400660662,0.36723552476287113,0.9,0.44277303831521253,0.5116451962188371,0.23281018950966006,0.4006316059771789,0.4229101351028726,0.1842759538993797,0.18260534529442854,0.3091485333832359,0.2965632809347237,0.3189560115437877,0.25905299161392614,0.2054156852218936,0.21866969896595137,0.24079730422440157,0.2584316087844714,0.35449559890161864,0.4090053429739824,0.3767168311643812,0.2201286536159114,0.40535398519546584,0.14704592580752548,0.2488058954581577,0.21715387860585741,0.23110206180086115,0.44262098638992264,0.167465991938931,0.46001755784791265,0.43320946880041267,0.45064449371223325,0.34672594299491893,0.6323444885588209,0.3244310590322056,0.4541678456777129,0.1981259184613704,0.4151437618025427,0.17375623200479332,0.49247911429593255,0.3626243848522217,0.44910322916449497,0.21090577073824934
0.37624533949152816,0.5224549092719019,0.19088993454181957,0.17992929252773399,0.5245382543149449,0.376922935435713,0.3508476092315006,0.39485540838490796,0.3683623590573988,0.5084919952001938,0.4751878990040212,0.4983390163827296,0.4513289104377348,0.3172440936012093,0.5423323084052547,0.4926430153800918,0.3628973407901895,0.4525940596852934,0.5069173473624067,0.44277303831521253,0.9,0.3762549170865969,0.37238321426217347,0.4672239801268764,0.5203203570147605,0.27537198817055875,0.3716570633275982,0.2139912527145214,0.40140385833167946,0.41349372083618746,0.44284275189383404,0.35302007283728726,0.32394595832599976,0.32399566468651975,0.430931752361223,0.5303188211120853,0.2841030345330049,0.324441477871555,0.37410068278267355,0.5255558039742283,0.264033413435662,0.38798246499217026,0.4444788968198786,0.3121575127912645,0.4534491329977022,0.3600961218808212,0.3861724068490333,0.4030611266041427,0.46489300251299936,0.41680743012397886,0.36952157635336247,0.5542279905481929,0.2818871637764553,0.5189633175171362,0.24272341363916244,0.3644359742536911,0.34665725163672373,0.5400236996584434,0.5779071002960562,0.3256268307840185
0.32908162229175975,0.3996139260307338,0.3522377925726178,0.4275931949845104,0.4444030341774924,0.2917606829353388,0.4020309080677213,0.5346665434727603,0.3300571728816553,0.4408961357437725,0.5052609456342971,0.38910534802500385,0.43763285431736954,0.5274630900334131,0.3002105938706056,0.3129342829784997,0.47586265511118797,0.5951625868496131,0.3882382425021276,0.5116451962188371,0.3762549170865969,0.9,0.22885242289833355,0.45795148327269175,0.4954196372870783,0.2692408130081806,0.338055414256019,0.3656364406367008,0.29792039859208863,0.331707964960831,0.36554310150039987,0.23755847914443037,0.2694853883493968,0.28413909827482636,0.3670394855541369,0.3730086769149851,0.5012806223082826,0.436554521259851,0.328854781317743,0.39884828736008204,0.1530292507271863,0.28218451190120564,0.2796487539469868,0.20133296953209023,0.42362783248114744,0.3159987456875338,0.47308743305412554,0.35124813800489374,0.36882700787568584,0.38946093596635906,0.4581150873033233,0.38328795297976126,0.4888741127120715,0.270412858168034,0.4208222498840005,0.23106942789378115,0.5187236784618833,0.4067056095980905,0.46167336442263507,0.3063888610682586
0.5436288642777197,0.4809390510187328,0.49981363449880606,0.2540426516486308,0.5111449964111654,0.43278084026525865,0.23061602341809542,0.33173608787813647,0.6090728794527906,0.583783475047178,0.5726063091565736,0.42708358277786085,0.28371117258271605,0.21864928577406081,0.33371251622562736,0.3833024760670486,0.39072048177140717,0.2925481566948853,0.431564053626672,0.23281018950966006,0.37238321426217347,0.22885242289833355,1.0,0.18452943807024902,0.3405639490538322,0.6537666528898316,0.7062971541729792,0.3854539186252485,0.8160765270345467,0.5412372831013383,0.7171282956565082,0.7171993166313821,0.6341267383799523,0.7321360392725877,0.7841658210179397,0.408029572457948,0.4788677453760125,0.4882503015885935,0.7191376754289447,0.3789464788808795,0.7157309377601895,0.607836438339734,0.6255478014009485,0.5440759426474652,0.45614295349410355,0.6848256868972522,0.36764124973602835,0.479700875651371,0.3687908587215751,0.23000432861916156,0.34846481359338743,0.5485939478961861,0.4591845453366856,0.33711269444173436,0.4318519244773926,0.7265472644743358,0.3782493740898121,0.4941030537743967,0.5278332988426044,0.7534883352689385
0.22073575462396822,0.38006014146145195,0.1861102356458944,0.2747915043419419,0.2843660574574003,0.25832805349923693,0.4590857096504629,0.4034026424408158,0.25809744351805136,0.3187798519909382,0.2911180168449457,0.3460776739258734,0.6015974454012123,0.5059993834705667,0.48432767615479805,0.45535097650936107,0.47380392943364524,0.5133889201062896,0.3400285522696548,0.4006316059771789,0.4672239801268764,0.45795148327269175,0.18452943807024902,0.9,0.46937641998021584,0.14094365929146796,0.25919061689519873,0.2821160532527237,0.20379313901834548,0.22829521402334751,0.26331169212960615,0.16948738606844485,0.1834008239075301,0.14167697892430545,0.2846626321468576,0.30609844918441165,0.3415848230641342,0.3837319829453739,0.2632926618013342,0.34883047974263337,0.1544591359299715,0.278662827946651,0.2518771565490866,0.18665724485491691,0.3539119065914633,0.2026728330889104,0.37420567651584846,0.2931393324444627,0.30812963743926153,0.3379622094723032,0.4788713457771395,0.3848172530646467,0.3488119157203361,0.4388951846144448,0.3389202431699497,0.2089041681142946,0.34036182333570963,0.30942607318580767,0.37253202915928785,0.24245043048689757
0.39350996729035725,0.5489029840597672,0.19831500656986756,0.3993035106437216,0.5915494245244971,0.36742876285197645,0.31428033226444185,0.3979542703516028,0.4291865413082387,0.5968420448303643,0.5611791920257746,0.5216184382483394,0.36147062468178726,0.3283137068997376,0.45341408131909994,0.5252359617410444,0.4228568555204437,0.5319944660471161,0.4962788288177687,0.4229101351028726,0.5203203570147605,0.4954196372870783,0.3405639490538322,0.46937641998021584,0.9,0.29072240998253057,0.37890110653861797,0.17673188055337005,0.3772282837235845,0.45383972277611595,0.47040939593090475,0.3591526536655749,0.3924647485736467,0.43267534980989053,0.4460723807129973,0.5698534122510117,0.46128094001021364,0.35035436601380154,0.4194265004591192,0.5541001140540183,0.29858314294785343,0.3766544863870956,0.42376129375362365,0.3173878063701523,0.5766772563670161,0.43815611638741736,0.42641091599732434,0.4756310908466397,0.5971810099238243,0.5027717422692803,0.40233166987871966,0.5126781932615375,0.44109480761369835,0.43990936447295415,0.41844509112000955,0.4232591235248492,0.4789471245839605,0.5490292753769836,0.5486713600752123,0.4266066079655142
0.5058886268852455,0.4013311499565082,0.5503285312313011,0.19206808198186237,0.46272001973115134,0.3589236823351633,0.22257468464106672,0.3213730095300177,0.6109008540377034,0.5689222227281961,0.5516277195989376,0.41762161393524555,0.218240115284436,0.24857361687249122,0.2571325316413418,0.26286804753028553,0.40856203142717096,0.2672878781421839,0.39137204258504943,0.1842759538993797,0.27537198817055875,0.2692408130081806,0.6537666528898316,0.14094365929146796,0.29072240998253057,1.0,0.6840478518818026,0.3401448999612943,0.770952196106678,0.5457204877052572,0.7273542939870887,0.6746922463178613,0.6535767064205764,0.5308734758412712,0.6979332984282987,0.3761589931726263,0.49645198564767856,0.49167822579132997,0.6500844610401374,0.293515521117534,0.5502185336863056,0.4788534930342819,0.5862036305270774,0.4301975938846425,0.4586330670741411,0.5308055294288904,0.2626956280445503,0.42803287857378897,0.2824479431389252,0.12269143093203613,0.2432588971124408,0.5061974693263124,0.4295771419254501,0.2604523745085196,0.4303493473806334,0.6678496983348163,0.4075194676618227,0.4092907727071119,0.5227480375235503,0.7008230520783111
0.5760642604372862,0.4880774440135068,0.5355370394044687,0.272658956813827,0.5487499007838428,0.37150677400527404,0.23277363786308486,0.37791717544454906,0.6242465271272902,0.6538266654830349,0.6256683889483252,0.48419463268516166,0.28199255691095304,0.31243573980670386,0.37842530394059243,0.3824866296531375,0.4791724963571643,0.3275719750644232,0.4225771991772909,0.18260534529442854,0.3716570633275982,0.338055414256019,0.7062971541729792,0.25919061689519873,0.37890110653861797,0.6840478518818026,1.0,0.36846148964851694,0.7839239163382192,0.5342473715353906,0.7439051648474556,0.7598169556484139,0.7461706021267138,0.603819578099894,0.8547178167311149,0.43155822540040184,0.542199991803426,0.5059615017212207,0.7465090747919595,0.3506960877241185,0.6024276399444489,0.5681895703734493,0.6600831893997527,0.46603669756604543,0.4604030610612624,0.6641142028424983,0.30910998151113667,0.43416807423568915,0.3803695074758948,0.24333785266555735,0.29310860942667105,0.5996931217374539,0.44172613355472157,0.4153418381525702,0.46508585650273,0.7214207000670567,0.481261715955346,0.5369138470367768,0.5211637811057895,0.7255029703414217
0.3122422582373774,0.33486800766087227,0.48978872594694256,0.3030816362951406,0.2744063585034314,0.3034258313241868,0.264682911418638,0.4337090373129528,0.2122172834696504,0.2928550913062094,0.3084655654085018,0.2528031756393565,0.2789392392463095,0.3130177058829013,0.15540714442236983,0.17723769265265385,0.26121416679415105,0.3859392866608935,0.29192009186444,0.3091485333832359,0.2139912527145214,0.3656364406367008,0.3854539186252485,0.2821160532527237,0.17673188055337005,0.3401448999612943,0.36846148964851694,1.0,0.4285175060556801,0.5283585682655285,0.4315500714517786,0.3642373635066538,0.36882619498909996,0.27551945934923316,0.37825520758061076,0.268129684892715,0.3752610980597789,0.511766326317097,0.37953073942619003,0.16735672480473834,0.31673289064822346,0.6482238885580393,0.25887561722210883,0.5820396272890737,0.23764030226217353,0.2064429565071836,0.4662959738114818,0.24484898588550544,0.17406755951292302,0.1756309660630617,0.3814143280887919,0.25448545720070215,0.31858346901978996,0.17475576896779715,0.30862147109924637,0.3748950283078655,0.2482230227940532,0.2751055897948775,0.2939051597338732,0.38040295783975975
0.5363298942140358,0.49641768619660726,0.5484088533181494,0.1802643043250356,0.5591053494225919,0.4636403934636156,0.26704717314493553,0.3464129452247384,0.6623028364104425,0.6117956198614241,0.6490757167765077,0.42883935769965825,0.27891271221401404,0.24215278583611166,0.3223361114303694,0.3467106793188058,0.451169190767266,0.2979032477359683,0.48551395070443065,0.2965632809347237,0.40140385833167946,0.29792039859208863,0.8160765270345467,0.20379313901834548,0.3772282837235845,0.770952196106678,0.7839239163382192,0.4285175060556801,1.0,0.6632836959673667,0.8263568750179857,0.7580576801647565,0.7770542369840785,0.6192943955658154,0.7747315241505076,0.4278006736894959,0.560496659294723,0.5259850168339972,0.7129789039157293,0.4314962415225176,0.6970357156957974,0.6032719137448886,0.6069769805315873,0.496132164011278,0.46262813643743284,0.6329204744564035,0.4115829188286452,0.5114117623281493,0.37707221324531975,0.20595398940340023,0.349198360297586,0.5834606308808155,0.4420566008786845,0.3766998963799783,0.48804807114250137,0.7424457049992432,0.45438379613835567,0.4962744187243796,0.5281721534455958,0.7192633434435955
0.5103472462807699,0.48852562201332267,0.3604780248305604,0.23566880056863743,0.538876482320564,0.4666690601589221,0.24768349613400403,0.3179923355325804,0.5473175404501275,0.5495139991574436,0.5371544748298622,0.45604340423793094,0.2814433705833957,0.24826916577644964,0.34339556523969067,0.3481327603636546,0.2947846479677826,0.36319038959688216,0.44485819340944865,0.3189560115437877,0.41349372083618746,0.331707964960831,0.5412372831013383,0.22829521402334751,0.45383972277611595,0.5457204877052572,0.5342473715353906,0.5283585682655285,0.6632836959673667,1.0,0.6591931421706284,0.5631995380253525,0.5735186231426255,0.43484165885815385,0.5355257985792293,0.46214745489838205,0.39446318846512285,0.4293977485826479,0.5530022938089861,0.4619525854905283,0.48147763910067515,0.7208827355223435,0.49336353415680323,0.6515773087486347,0.4727565305638474,0.49374742254507104,0.5152580610495363,0.4210105443498751,0.36510256552641507,0.2355657753594277,0.3099543921064316,0.4198496333977119,0.3528381674230816,0.32205827535724996,0.37767165477341424,0.5458811245519135,0.37082535413453754,0.5403135536394755,0.5254039948224187,0.5160455989768626
0.5181646707759384,0.5789630734066604,0.5173787924514563,0.25029304547846465,0.590359642958631,0.45945996472441725,0.28571981546384884,0.3998334501475204,0.7229756675302434,0.662047632811429,0.7593266476332643,0.493757669480139,0.3140112214743759,0.2735664022127148,0.3709982839511473,0.3989230138273919,0.4425988180984147,0.418178453479104,0.529289198844579,0.25905299161392614,0.44284275189383404,0.36554310150039987,0.7171282956565082,0.26331169212960615,0.47040939593090475,0.7273542939870887,0.7439051648474556,0.4315500714517786,0.8263568750179857,0.6591931421706284,1.0,0.7380851815584826,0.7764694305452069,0.5959152137555039,0.7818670795274878,0.5062943426655224,0.6129784393381125,0.5646573376502665,0.765242162828027,0.4535427341913448,0.5960633427375781,0.564131169608811,0.6178364340195611,0.473431825482673,0.5014840851422812,0.6067089038730906,0.4226670583433121,0.5297215420102583,0.3976590608697825,0.2805066251723405,0.3625666621657829,0.6324021501699469,0.5191391122660551,0.38985842768578416,0.5160539519833771,0.7215337584485302,0.5329416021795426,0.5272673462946875,0.6052404916245826,0.7710858091184043
0.47182900025252444,0.43574980984197226,0.5092149338552935,0.22262325711038697,0.4901027495531356,0.4223293287205695,0.2187167548431284,0.305778506975651,0.5739630858299474,0.6098299614737583,0.5758776558823213,0.42517000689389184,0.2190437524694175,0.226075346777466,0.2658061231030768,0.31080173563345587,0.43364668426431785,0.30931006799949184,0.3749586275527052,0.2054156852218936,0.35302007283728726,0.23755847914443037,0.7171993166313821,0.16948738606844485,0.3591526536655749,0.6746922463178613,0.7598169556484139,0.3642373635066538,0.7580576801647565,0.5631995380253525,0.7380851815584826,1.0,0.7018998966860355,0.5959649486408618,0.7448386741338834,0.477699375330464,0.5397893390053868,0.4671536262962538,0.7314821756832388,0.3150973369840836,0.6229248171893083,0.6056396439331323,0.6284399381344951,0.5146484197239249,0.43091945675485255,0.5768382920087151,0.3827225904002069,0.48010434449295547,0.3703201806584777,0.26240435584090727,0.2987421109232293,0.5129519234855333,0.4175620010686219,0.33129732474062695,0.4673392699932074,0.7371804677222838,0.49550881456603346,0.46112943422107294,0.4446481252481698,0.6875188384071022
0.4423070873388373,0.43363687644783155,0.4679697314404086,0.21866107790511446,0.5633058245830099,0.42308461601116926,0.25129444214294444,0.2975399861821745,0.649581522533102,0.6427613708319974,0.6596324987048096,0.43596631966351745,0.20401882996683868,0.22247489669790937,0.3225254977181105,0.30565257871466445,0.4622611715488895,0.31646867676580454,0.45654249012144976,0.21866969896595137,0.32394595832599976,0.2694853883493968,0.6341267383799523,0.1834008239075301,0.3924647485736467,0.6535767064205764,0.7461706021267138,0.36882619498909996,0.7770542369840785,0.5735186231426255,0.7764694305452069,0.7018998966860355,1.0,0.5766446644323262,0.6801017546314367,0.4650213708350874,0.5726844994872262,0.4659057075206963,0.6844159308419917,0.38507262640074574,0.6038059978714102,0.5655933437443498,0.547414650383418,0.40066151676729994,0.4590622501560302,0.6192825163070713,0.33767652300962403,0.4781614796590077,0.38178498466332705,0.24719741023246722,0.2826236228525019,0.5604070189826347,0.48448304523018354,0.4134000845188819,0.5142474847006304,0.656146026196412,0.42929066733239263,0.48123715746760526,0.5024913041184106,0.6486568952647065
0.4931025468920978,0.47110561487353214,0.49131046220923225,0.3635112612850091,0.5638844966833821,0.35526133139707383,0.2496945951395621,0.4203989003950422,0.5814949201371613,0.6487694376088702,0.6013203999947958,0.5149287435018786,0.20349474280205293,0.22652017242022285,0.3658691083094958,0.422760002351219,0.48537843963214833,0.37696017790326003,0.42029548772538294,0.24079730422440157,0.32399566468651975,0.28413909827482636,0.7321360392725877,0.14167697892430545,0.43267534980989053,0.5308734758412712,0.603819578099894,0.27551945934923316,0.6192943955658154,0.43484165885815385,0.5959152137555039,0.5959649486408618,0.5766446644323262,1.0,0.6644271586730146,0.49372972298133644,0.539046849606757,0.3702271963555529,0.6509241809752098,0.3869861566985279,0.6506046252962618,0.4324398367148376,0.6756804170701391,0.4067041365784284,0.5476785210753065,0.7411710422862062,0.3898483678179446,0.5896036352425621,0.47004003498090835,0.36377333672017953,0.22333533406363126,0.6122693242315285,0.5126670888944211,0.3503352659573784,0.5442478454522399,0.7164137883967363,0.4438948310873799,0.5192978023471686,0.5043610347266917,0.6871451084087616
0.6106844739930473,0.5779615648288459,0.48030948190602835,0.31045697093944435,0.5601186760691766,0.4121107015782718,0.21903610943696933,0.42925517254591883,0.6488453217090496,0.6591495765074231,0.6288576867560035,0.5517938923681356,0.2734464552807807,0.2638682784833267,0.3919492956670237,0.3952072647250522,0.4828829654427632,0.4016500518450558,0.49295517273148215,0.2584316087844714,0.430931752361223,0.3670394855541369,0.7841658210179397,0.2846626321468576,0.4460723807129973,0.6979332984282987,0.8547178167311149,0.37825520758061076,0.7747315241505076,0.5355257985792293,0.7818670795274878,0.7448386741338834,0.6801017546314367,0.6644271586730146,1.0,0.47278528591491253,0.5599429893130452,0.5619727637896335,0.8060771942917775,0.35914013506693654,0.5909101817678233,0.5744023457713785,0.6940079151300366,0.5078840010617807,0.4981838781581051,0.6812433166086156,0.3354176950036089,0.4425787078627441,0.44420616671370805,0.25797929155238175,0.3761486041364205,0.6365492534287107,0.4668524643206774,0.3803774801877572,0.42121175199792116,0.7649550813212131,0.5046629832927965,0.5129531566218082,0.5738609000402165,0.8196630727850035
