-0.13052,0.033782,0.25834,-0.048892,0.072664,-0.053716,0.19311,-0.074463,0.10458,-0.067847,0.044441,-0.043269,0.0066059,-0.17709,0.36168,-0.10963,0.031127,-0.10191,0.20681,-0.012856,0.099359,-0.25659,0.12049,0.12694,0.02565,-0.11718,-0.15702,0.15944,0.00067339,0.032426,-0.04532,-0.17919,-0.063701,0.226,0.15045,0.076966,0.02925,0.050297,0.056116,-0.0063833,-0.24581,-0.19705,-0.02235,-0.01746,0.0023735,0.051285,0.16818,0.12822,0.092124,0.14041,-0.046628,-0.12585,-0.027081,-0.014905,-0.1911,-0.17852,-0.044251,0.22026,0.058979,0.023702
-0.13755,0.10405,0.11222,-0.067213,-0.14803,0.014179,-0.10744,-0.073104,0.14112,0.1668,-0.099134,-0.18023,-0.020119,-0.069486,-0.18356,0.050207,-0.017858,-0.051435,0.25343,-0.066903,0.025363,0.03272,0.1264,-0.014887,-0.15045,0.011077,0.075993,-0.019556,-0.032176,-0.069207,0.056898,0.11232,0.034433,0.034776,0.11823,0.23845,0.031183,0.089803,0.16251,-0.070786,0.20818,0.27767,0.0028248,-0.058289,0.021403,-0.41241,0.16362,-0.25279,0.033557,0.19947,0.059531,-0.020932,0.10012,-0.081124,-0.222,-0.0086873,0.13405,0.046027,0.072325,-0.086882
-0.11574,-0.14157,-0.05345,-0.21562,0.26462,0.050639,-0.031757,0.18654,-0.021954,0.16764,-0.15792,0.14983,-0.020247,0.25065,0.12234,-0.12437,0.28075,0.20402,-0.044844,-0.13004,0.16467,0.009734,0.11619,-0.081652,0.0049281,0.13497,0.12013,0.19202,-0.13091,0.068369,0.17597,0.16347,0.07014,0.079047,0.070633,0.0052228,-0.064671,-0.10933,-0.019381,-0.28226,-0.13121,0.0024204,-0.061864,0.10383,0.14645,0.050683,-0.13565,-0.19167,0.12906,0.018869,-0.063796,-0.028823,0.10478,0.14645,-0.13571,-0.025159,0.063645,0.024868,-0.043617,0.0088629
-0.12788,0.088743,0.022984,-0.25136,0.059106,0.074906,0.024796,0.054711,-0.11793,-0.031643,0.023371,-0.10925,0.086447,-0.01315,0.177,0.073833,-0.44296,-0.065652,-0.068316,-0.42673,0.11841,0.00048734,0.039469,-0.18497,-0.34466,-0.18056,-0.048003,-0.26124,-0.008701,0.076118,-0.035069,-0.1135,0.14957,-0.02709,0.038649,-0.047198,-0.094671,-0.099515,0.010084,-0.0029149,0.0015385,-0.070358,-0.17615,0.12122,0.026085,-0.023654,-0.14344,-0.011584,0.008094,-0.049593,0.012958,0.037418,0.125,-0.0092776,0.082825,0.011519,-0.0064372,-0.040685,0.02017,-0.034458
-0.14124,0.06041,0.10948,-0.018385,-0.088728,0.052499,-0.1232,0.17813,-0.005474,0.12793,-0.20739,0.099339,0.039879,-0.25654,-0.029861,0.15207,0.0073327,0.042775,0.032067,-0.17261,-0.0038762,-0.085373,-0.13148,0.1566,0.051108,0.0878,-0.01854,-0.18938,0.0085793,-0.040348,0.047362,-0.052015,-0.11957,0.089454,0.035033,-0.18246,-0.016284,0.10642,-0.1215,-0.31853,0.10724,-0.16525,0.15454,-0.17947,0.26246,0.070675,0.057956,0.12098,-0.22944,-0.22289,0.074824,0.12201,-0.12419,-0.028325,-0.098329,0.095585,0.23003,0.13059,-0.1072,0.011713
-0.11773,-0.034642,-0.033784,-0.0008166,-0.19945,-0.061289,-0.29501,0.22215,0.22145,-0.40405,0.04414,-0.35752,-0.08352,-0.012217,0.18233,-0.22099,0.014841,0.29569,0.11007,0.0385,0.16868,0.17312,-0.062981,0.037815,-0.095746,0.32568,-0.013409,-0.10998,0.029221,-0.075899,-0.043522,0.046808,-0.0093725,0.016037,0.0086194,-0.10001,0.11054,0.0043224,0.050357,0.10549,-0.095932,-0.049319,-0.014867,-0.031269,-0.0054596,-0.0074334,-0.11072,0.0044593,-0.031637,-0.015715,0.024815,0.018534,0.00099165,0.042495,-0.0079428,0.0093896,-0.03462,0.042278,0.024947,0.0053356
-0.10312,0.14056,0.014163,0.061001,0.20428,-0.094983,-0.19832,0.16943,0.49911,-0.14389,0.079174,0.49118,-0.16098,0.16199,-0.061748,-0.023228,-0.053525,-0.15898,0.096343,-0.026022,-0.19108,-0.037837,0.041077,-0.035579,-0.22226,-0.095319,-0.074633,0.054356,0.17727,-0.13874,0.047919,-0.052332,0.060554,-0.12378,0.070197,-0.059018,0.0034459,0.016979,0.017254,0.095844,0.02689,0.0005072,-0.047025,-0.057745,0.048787,0.0091257,0.022877,-0.037015,-0.0036262,-0.10622,0.019386,-0.046712,-0.0050009,0.070487,-0.0077849,-0.030451,0.012764,0.0021651,-0.059275,0.003443
-0.1275,0.065754,0.068921,-0.29059,0.23663,0.086088,-0.048587,0.048084,-0.06903,0.068576,-0.053138,-0.10684,0.20232,0.2414,0.052474,-0.033822,0.045308,0.056286,0.048764,0.012994,0.043699,0.20855,0.040349,0.060195,0.075778,-0.15011,0.070563,0.037761,0.12331,-0.032605,-0.12148,0.061294,0.08301,-0.054995,0.23526,-0.05213,0.22271,0.25831,-0.056306,0.15233,0.074167,0.07685,0.013032,-0.14575,-0.18752,0.10714,0.23899,0.11117,-0.12568,-0.094583,-0.21117,-0.073254,-0.10405,-0.10475,0.065881,0.22741,0.065096,-0.039341,0.079974,0.20762
-0.13748,-0.10414,-0.093056,0.053139,-0.14258,-0.022566,-0.2617,-0.013401,0.056756,-0.16989,-0.024819,-0.04266,0.11259,0.12384,0.046103,-0.03114,-0.1262,0.074587,-0.052087,0.019187,0.12001,-0.07314,-0.053032,-0.12794,0.18377,-0.35285,0.018248,0.054285,-0.047698,0.062063,0.095273,-0.0020932,-0.13498,-0.10741,-0.049128,0.063345,-0.10515,0.11755,-0.11649,-0.16004,0.064607,0.02157,-0.018128,-0.026357,-0.01704,0.0032432,0.27383,-0.0072751,0.21359,0.15341,-0.093806,0.20521,0.0079933,0.013287,0.22669,-0.26278,0.1394,0.063918,-0.33241,0.085825
-0.14448,-0.034427,0.058593,-0.0088463,-0.12341,-0.029174,-0.23366,-0.11802,-0.14447,0.10864,0.029839,0.10101,-0.021492,-0.025826,-0.11891,0.0091763,-0.025885,-0.032994,-0.10703,0.23634,0.039917,0.082347,-0.080676,-0.13114,-0.013006,-0.01161,-0.20334,-0.05239,0.13769,-0.0045351,0.15126,-0.080072,0.118,0.0091227,-0.052597,-0.14344,0.1172,-0.15126,-0.25507,0.075433,-0.11942,-0.057261,-0.18183,-0.040789,0.17562,0.068364,-0.014455,-0.14081,0.075021,0.25998,-0.13547,-0.1492,0.091142,-0.17623,-0.0020634,0.21227,0.06887,0.38558,0.17894,0.025781
-0.13517,-0.057347,-0.0084788,0.02787,-0.17889,-0.030771,-0.25902,-0.19067,0.0233,0.19769,-0.0097886,0.14924,0.0024248,-0.11135,-0.23356,-0.24821,-0.013898,0.04097,-0.085749,-0.12361,0.11362,0.1557,0.045998,-0.016508,0.021933,-0.047057,-0.13142,0.059995,0.034606,0.15144,-0.027743,0.0042055,-0.033127,0.32871,0.27563,0.17785,-0.085858,-0.12485,0.29767,0.18637,0.035143,-0.19732,0.15547,0.13544,-0.022813,0.10309,-0.063701,0.032405,-0.053202,-0.104,-0.051364,-0.054249,-0.068558,0.035296,0.13912,0.016865,-0.011299,-0.11419,-0.096879,0.093547
-0.12902,0.05624,0.30458,-0.07682,0.061068,0.06735,-0.019105,-0.18162,-0.046551,-0.11787,-0.031037,0.062656,0.045524,0.090552,0.17291,-0.065117,-0.061984,-0.15415,0.086923,0.2983,0.096702,0.13081,0.062453,0.070379,-0.084952,-0.085273,-0.06697,-0.062003,-0.049748,-0.0095848,-0.1765,0.20098,-0.091148,-0.075302,-0.19545,-0.047898,-0.0265,-0.29488,-0.021949,-0.11375,0.22683,-0.0534,0.23587,0.1203,0.057666,-0.034136,-0.074149,-0.035981,-0.057407,0.14888,-0.0058409,0.050375,-0.21683,0.34369,-0.018347,0.14756,0.072049,-0.070148,-0.038349,-0.0068627
-0.11295,0.19827,-0.063495,0.07382,0.26258,-0.18735,-0.07634,-0.1465,0.08491,0.095518,0.19226,0.097845,-0.11892,-0.14491,0.11007,0.13305,-0.086795,0.033576,-0.10742,0.0036075,0.13434,0.13976,-0.080411,-0.016887,0.24203,0.084057,0.066431,-0.24548,-0.16324,0.18651,-0.049719,0.0044218,-0.15177,-0.15242,0.21637,-0.026967,0.14125,0.12747,-0.021018,-0.059746,-0.22045,0.22562,0.078558,0.30895,-0.048079,-0.11833,-0.04043,-0.086629,-0.01719,-0.015177,0.050795,-0.015558,-0.17629,0.0084613,0.02918,-0.028605,-0.0049978,0.14406,0.0057447,-0.054109
-0.11693,0.1528,-0.092792,0.034548,0.2647,-0.16514,-0.12187,0.013522,0.063727,0.30779,-0.1394,-0.22619,-0.16036,-0.15322,0.051088,-0.11061,0.076528,0.027384,-0.015056,0.26651,0.099238,-0.1998,-0.038999,-0.19195,-0.10377,-0.062593,0.03224,-0.14968,0.099469,0.062117,-0.078208,0.063499,0.21603,-0.089645,-0.20523,0.28154,-0.14232,0.15998,-0.070366,0.059787,0.052225,-0.092151,0.07846,-0.14116,-0.033533,0.19692,-0.13966,0.10723,-0.086658,0.024654,0.08678,-0.035369,0.064579,0.04539,0.034572,-0.11276,0.048504,-0.033562,0.0023297,0.012426
-0.11312,0.18641,0.06065,0.26253,0.13981,-0.050272,-0.084523,-0.0075313,0.059907,0.041497,0.20022,-0.15787,0.38071,0.035627,0.0045139,0.064739,-0.022702,0.051375,-0.15716,-0.01629,-0.079485,-0.04768,-0.059021,0.024456,-0.19996,0.17016,-0.16153,0.18953,-0.13054,0.012936,0.069216,0.18361,0.045918,0.047306,0.09831,-0.04514,-0.40587,-0.19303,-0.071927,-0.040324,-0.15749,0.21962,0.061318,-0.14321,0.008337,0.018564,0.13221,0.11732,-0.1089,0.049958,-0.069258,0.040564,-0.050377,-0.10467,-0.021483,0.065829,-0.08457,-0.043448,-0.019235,0.0093451
-0.11419,0.17011,-0.040392,0.30329,0.14334,0.023882,0.050888,0.073303,0.062818,0.07833,-0.13964,-0.10862,0.068324,0.090303,-0.11277,-0.20409,-0.24145,-0.07321,0.21412,-0.054531,-0.07353,0.1059,0.23405,-0.084971,0.26223,0.11912,0.16178,-0.13542,-0.19398,-0.10077,0.062807,-0.32446,0.034618,0.15978,-0.16254,-0.067726,0.10844,-0.20304,0.014183,-0.11218,0.015824,-7.985e-05,0.013113,-0.057128,-0.067495,0.2364,0.13086,-0.15063,-0.011538,0.03605,-0.059623,-0.032293,0.026685,0.034802,0.077621,0.031683,-0.084806,-0.023851,0.030956,0.0062731
-0.12849,-0.022171,-0.24806,0.019993,0.064069,-0.00097015,-0.1615,-0.11717,-0.29299,-0.21665,-0.048403,0.098677,0.088875,-0.015075,-0.026324,0.17174,-0.04572,0.036235,0.23234,0.14769,-0.1118,-0.079437,0.12417,0.087537,-0.22843,-0.052126,0.34597,-0.12099,-0.066966,-0.19238,0.24585,0.061491,-0.034422,0.14688,0.0077813,0.086894,-0.099415,0.13543,-0.045463,0.16209,-0.23679,-0.12436,0.17108,0.22482,0.063779,0.029027,0.072697,0.065319,0.03744,-0.0045677,0.051041,-0.04852,-0.015562,0.0051331,-0.080342,0.087313,0.0038877,-0.04437,0.018844,0.046128
-0.12721,0.15926,-0.087164,-0.18804,0.062686,0.091146,-0.073061,-0.010291,-0.12392,-0.20241,0.026941,0.0045932,0.13394,0.018278,-0.19067,-0.019635,0.04277,-0.020119,0.17863,0.095202,-0.28109,0.10387,-0.10788,0.15743,0.14607,-0.030284,-0.33245,0.010296,-0.08462,0.14518,-0.14707,-0.056868,0.0087692,0.052684,-0.0044858,0.22735,-0.093417,0.20965,-0.058668,-0.20619,-0.18396,-0.10802,-0.20371,-0.069813,-0.021018,-0.032941,-0.16711,-0.25487,-0.17173,-0.0082615,0.056349,0.051988,0.1141,0.14087,0.061624,-0.049603,-0.081075,-0.068177,0.029307,-0.064709
-0.1333,0.12168,0.068918,-0.0031675,-0.14706,-0.053126,0.074768,-0.1405,0.2443,0.037698,0.0074656,-0.078874,0.057986,0.12903,0.048042,0.16365,0.29014,0.052964,-0.060177,-0.056643,-0.092804,0.19896,0.19156,0.15478,0.10819,-0.18825,0.26565,-0.065478,-0.15099,0.1712,0.11944,-0.13604,-0.0085877,-0.15855,-0.094043,-0.061297,-0.19764,-0.011368,0.11287,0.24151,0.01322,-0.16783,-0.159,-0.02811,0.13808,-0.012517,-0.17793,0.13234,-0.2044,0.079488,-0.11477,0.12292,0.11327,0.015343,-0.019773,0.020561,0.050422,0.12684,0.011179,-0.083481
-0.1241,0.1699,-0.079592,-0.24215,-0.031829,0.033705,0.15291,0.05335,-0.010474,-0.19825,0.22271,0.039148,-0.034186,-0.0069334,-0.19751,0.10516,0.058945,-0.044836,0.060568,0.021573,0.062696,-0.014854,0.049215,-0.12447,0.16622,0.064855,-0.052056,-0.12421,-0.20639,-0.00066231,0.10023,0.067806,0.087874,0.074414,0.017241,0.15343,0.096659,-0.18223,0.026603,-0.0016324,0.041535,0.15174,0.10141,-0.27996,0.1714,-0.03113,-0.13048,0.39962,0.25716,-0.057201,-2.5342e-05,-0.23629,-0.0017792,0.054054,0.1409,-0.06457,0.14463,0.021136,-0.01898,0.083128
-0.12347,0.19081,0.033192,0.15696,-0.012908,-0.012087,0.1148,0.0084224,-0.14388,-0.13887,0.25974,-0.040591,-0.12945,0.00089681,-0.094101,-0.12362,0.24677,0.040052,-0.10596,-0.076834,0.092318,-0.12544,0.048142,0.1994,-0.21036,-0.042213,0.13484,-0.13785,0.23682,0.23621,0.041402,0.012719,-0.01973,0.060284,-0.081106,0.010671,0.056454,0.090662,0.059154,-0.16862,0.16022,0.066113,-0.13384,0.046051,0.28955,0.12143,0.20049,-0.19498,0.058896,-0.021276,-0.11464,-0.024076,-0.14188,-0.00054557,0.17748,-0.026061,-0.11275,-0.12676,0.16019,0.1039
-0.12416,0.1539,-0.14159,-0.13786,0.082264,-0.077597,0.052933,-0.086994,-0.029556,0.065279,-0.1638,-0.047002,-0.074711,-0.28196,0.051395,-0.19186,0.25206,0.1626,-0.11885,0.081332,-0.34145,0.032077,-0.20408,-0.060571,-0.21327,-0.17102,0.028231,-0.015332,-0.1832,-0.22311,-0.060476,-0.086615,-0.10737,0.024967,0.0627,-0.18731,0.1151,-0.24066,0.1112,-0.057389,0.00027363,-0.0052626,-0.16004,-0.011257,-0.10717,-0.17018,0.1512,0.054825,0.16337,-0.037025,-0.041895,0.10166,-0.0033053,0.06166,0.13084,0.042693,-0.024307,-0.0087529,-0.049085,0.003484
-0.13769,-0.16999,0.044739,0.039279,0.080491,0.043624,0.1149,-0.01025,0.12711,0.0087899,-0.023702,-0.16061,-0.009278,-0.028586,-0.03564,0.14777,0.04001,-0.092001,-0.10348,0.11874,0.099918,0.050814,0.089838,-0.095335,-0.00193,0.031104,-0.041062,0.15693,0.15581,-0.073738,0.11426,-0.25084,-0.020278,0.10156,-0.034044,-0.039,-0.078705,0.074323,-0.021173,-0.076912,-0.073969,0.064708,0.053744,0.10742,0.053239,-0.3049,-0.0023928,0.01764,-0.106,-0.13922,0.25613,0.055707,0.15463,0.23744,0.27889,0.11827,-0.048727,0.064901,0.098122,0.47271
-0.11569,0.20992,-0.0014219,0.18132,0.15681,-0.028758,-0.10864,-0.027649,-0.1788,-0.0386,0.10423,-0.0050811,-0.11221,0.044287,0.0062647,0.279,-0.11474,0.16996,0.041331,-0.11046,0.13227,0.0028934,-0.1064,-0.070276,0.09918,-0.077411,0.11656,0.36791,0.14033,-0.12225,-0.13005,0.14765,-0.19883,0.1052,-0.2177,0.1678,0.21785,-0.20164,0.1699,0.0029093,0.0399,-0.13476,-0.25946,-0.063616,-0.027327,-0.052585,-0.069755,0.043244,-0.13848,-0.10316,0.037406,0.036563,0.05522,-0.050383,-0.099964,0.020219,0.054507,0.087138,-0.037253,0.045413
-0.13612,0.14162,0.016181,0.0080137,-0.10854,0.1107,-0.0083833,0.027654,-0.1474,-0.056219,-0.20639,0.027581,-0.13063,-0.11506,-0.027363,-0.045052,-0.023661,0.10315,0.070505,-0.081795,0.044289,-0.00047078,0.023667,0.24792,-0.0092853,-0.056536,0.1809,0.27201,0.19064,0.075555,-0.081024,-0.26791,0.10507,-0.31889,0.16575,0.13847,-0.06471,-0.27963,-0.2778,0.062196,-0.11844,0.19081,0.24446,-0.10087,-0.043532,-0.03159,-0.1783,-0.068464,0.07527,-0.046964,0.011963,0.027778,-0.080364,-0.051927,0.058204,-0.060537,-0.091782,0.028935,-0.028779,-0.0051972
-0.065768,-0.012367,0.097095,-0.057137,-0.070417,-0.84978,0.20141,0.1476,-0.19297,-0.14016,-0.26273,0.044751,0.043909,0.10175,-0.092972,0.027903,-0.087768,-0.046924,-0.053059,-0.010565,-0.00030057,0.10459,0.024628,0.016112,-0.026104,0.029912,-0.038957,0.053334,0.01486,0.027219,-0.010533,0.016454,-0.014719,0.033063,0.021233,0.012974,-0.025508,0.030112,0.03037,-0.0050743,0.022529,0.03918,0.034219,-0.032227,0.011792,0.0021508,-0.0095577,-0.028318,-0.017737,0.013268,-0.020091,0.019409,0.011744,-0.0010326,0.0037801,-0.0041527,0.013342,0.00459,0.0010391,0.022231
-0.1345,-0.16028,0.11139,0.038356,0.070763,-0.056786,0.10047,-0.057962,-0.013673,0.027951,0.10008,0.020093,-0.0031314,0.003027,0.0079856,-0.20372,-0.0058383,0.17932,0.12671,-0.17556,-0.047383,-0.23176,-0.064359,-0.046849,0.12664,-0.19852,-0.071391,-0.13528,0.055363,0.15503,0.20661,0.10644,-0.18406,0.0060737,-0.22034,-0.15239,0.010948,-0.038625,-0.032582,0.24949,-0.23118,0.065504,0.14143,-0.27712,-0.11068,-0.2051,-0.082274,-0.22935,-0.037092,-0.08704,0.061729,-0.055963,-0.0063848,0.0068605,-0.0032416,0.17378,0.19509,-0.20561,0.027815,-0.015621
-0.124,-0.14566,-0.095857,-0.20053,0.23783,-0.014914,0.080401,0.18053,-0.016323,0.10127,0.15784,-0.1029,-0.04059,0.025527,-0.17643,-0.036972,0.051626,0.12585,0.043894,-0.065703,0.036359,0.2296,0.041285,0.038566,0.13552,-0.11127,-0.19975,-0.047271,0.18379,-0.19849,-0.010181,-0.069586,-0.06165,0.0062224,-0.15694,0.010812,-0.12028,-0.11856,-0.072582,0.15129,0.045319,-0.04789,0.13043,0.165,0.24685,-0.076217,0.20801,0.089624,-0.022066,0.1064,0.19052,0.12493,-0.15203,-0.17275,-0.090288,-0.15455,-0.21169,-0.0056302,-0.016216,-0.24219
-0.14089,-0.14651,-0.03466,0.056252,-0.047739,-0.038667,0.017463,0.075048,0.15989,0.040411,-0.051098,-0.13657,0.049389,-0.070369,0.014423,0.26373,0.037926,-0.067165,0.023288,0.13086,0.12083,-0.13655,-0.0316,-0.052091,-0.016244,-0.08584,-0.031401,0.1567,0.0073213,-0.016305,0.0066839,-0.15792,0.042169,0.1201,0.12061,0.041845,0.25845,0.017398,-0.079818,0.0086487,-0.092608,0.10499,-0.11056,0.07422,0.18835,0.059169,-0.065968,0.018628,-0.033546,0.044353,-0.16153,-0.010126,-0.082641,0.11054,0.13951,0.25311,0.01868,-0.40171,-0.13864,-0.44732
-0.12984,-0.11298,-0.080999,0.075,-0.20499,-0.052099,-0.032676,0.33958,-0.094228,0.16132,0.18773,-0.018233,-0.094376,0.014691,0.10913,0.08849,0.070813,-0.017913,0.042212,-0.034757,-0.10064,-0.073375,0.10511,0.066837,-0.048735,0.011207,-0.19687,0.055009,-0.32742,0.05452,0.012948,-0.056176,0.18893,-0.2426,-0.1494,0.24195,0.040013,-0.091609,-0.015817,0.05896,0.031882,-0.15887,-0.040145,0.18881,-0.1715,-0.08371,0.2103,-0.070544,-0.045331,-0.17317,-0.048218,-0.097827,-0.25072,0.039475,-0.0020486,0.13027,0.12917,0.063233,0.017906,0.1265
-0.14139,-0.10962,-0.065401,0.072971,-0.17616,-0.015508,0.079103,-0.053472,0.078597,0.057508,0.078037,0.011887,0.23368,-0.0015042,0.0018227,-0.036484,-0.068271,-0.0076172,-0.08103,0.062969,0.017394,0.20011,-0.0922,-0.070365,0.041323,-0.14305,0.16641,-0.00028401,0.15318,-0.0050566,-0.13625,0.017514,0.10743,-0.11917,0.00017254,0.061369,-0.085549,0.035429,0.17498,-0.14223,-0.17193,-0.0047952,-0.08356,-0.15646,0.02022,0.18131,0.10692,-0.016097,0.33747,-0.25376,0.32522,-0.012632,-0.11179,0.21153,-0.24365,0.14425,0.024449,0.067864,0.19973,-0.15298
-0.13636,-0.14297,0.070837,0.055699,-0.041588,-0.055346,0.12981,-0.00020083,-0.0060376,0.083962,0.2699,0.080231,-0.054593,0.0080586,0.13721,-0.202,-0.099646,0.015994,0.17915,-0.014603,-0.25545,0.0065453,-0.12561,0.03354,0.088397,0.029878,0.13911,0.044349,0.090469,-0.1224,0.052293,0.075069,0.26616,0.10972,0.0953,0.10635,0.037961,0.041149,0.0043033,-0.15007,0.045287,0.082019,-0.038792,0.12708,-0.0030073,0.046593,-0.25689,0.15506,-0.023877,0.19645,0.029279,0.43384,-0.062424,-0.18457,0.1406,0.076788,0.20598,-0.0046,0.088942,0.078015
-0.13538,-0.11279,-0.098866,0.10149,-0.16887,0.016526,0.11662,0.075178,0.12794,0.050202,-0.087103,0.10388,0.2687,-0.064114,0.1069,0.16158,0.088092,0.071316,0.036068,-0.099929,-0.088919,-0.055133,-0.054147,-0.1398,0.054747,-0.13941,0.087889,-0.10154,-0.030795,-0.19405,-0.32591,0.25015,0.088717,0.042634,0.021123,-0.03121,0.10404,-0.050639,-0.042902,0.061184,-0.030314,0.003831,0.088381,-0.020617,0.17671,-0.0020243,-0.13204,-0.2363,-0.16016,0.13185,-0.027666,-0.22757,-0.10749,-0.041181,0.14432,-0.2774,-0.2038,0.031094,0.088707,0.20873
-0.13311,-0.16787,0.084193,0.06555,0.14833,0.11501,-0.023865,-0.05219,0.0093032,-0.11027,-0.19894,-0.024886,-0.090831,-0.018281,0.054391,0.2316,-0.020306,-0.031871,-0.11484,0.023002,-0.095413,0.0089336,0.0003998,0.010425,-0.010243,0.04057,-0.21196,-0.054117,-0.09162,0.042397,0.05427,0.084984,0.037672,-0.016874,-0.050135,0.12726,0.14175,-0.02376,0.22126,0.13854,-0.020322,0.077035,0.24218,-0.078758,0.083425,0.13696,0.040333,-0.11076,0.16398,-0.23459,-0.27617,0.4148,0.11902,-0.051162,0.011483,-0.14654,-0.047389,0.078734,0.30508,-0.044453
-0.13971,-0.14642,0.13428,0.033884,0.049224,-0.028207,0.11352,-0.12563,-0.02513,-0.013135,0.15134,0.0074368,0.082798,-0.019283,-0.12166,-0.099308,-0.0040522,0.10473,0.058795,-0.075701,0.011638,-0.10896,-0.083687,-0.023336,-0.10668,0.0043188,0.027435,0.014832,-0.14813,-0.02096,0.10774,0.044964,0.068427,-0.1709,0.018254,0.087338,0.20588,0.15119,0.011809,-0.028441,0.18283,-0.045022,0.1263,-0.051371,-0.0030786,0.063632,-0.065609,-0.0035722,-0.027428,-0.059756,0.02599,0.0059971,0.17675,0.073639,-0.011052,0.2407,-0.50461,0.31066,-0.37159,-0.069068
-0.13587,0.10335,0.15701,-0.066096,-0.16967,0.049843,-0.0058305,0.078745,-0.10157,0.24632,0.011811,0.14985,0.06104,0.01842,0.072897,-0.0085705,-0.0049267,-0.16165,0.086795,0.18833,0.024702,0.12348,0.045209,0.079445,-0.066358,0.18205,0.07091,-0.06465,0.088016,0.15806,-0.090572,0.10232,0.1426,0.047785,-0.24079,-0.14237,0.16844,-0.0014353,0.074746,0.092721,-0.32126,0.081995,-0.077959,0.0021245,0.03871,-0.1148,0.14144,0.069753,0.05457,-0.14382,0.035531,0.13308,0.18586,-0.11371,0.034338,-0.20899,-0.098701,-0.13681,-0.38084,0.04817
-0.13125,-0.10289,-0.15364,-0.08286,-0.0023515,0.024704,-0.14749,0.20442,-0.10496,-0.025859,-0.0060981,0.34842,0.25525,-0.13299,0.1127,-0.053713,0.05001,0.057376,0.053356,0.1186,0.12616,-0.18338,0.05459,-0.085585,0.023892,0.086109,0.036358,-0.021671,0.00063353,0.16946,-0.14036,-0.27922,-0.1832,0.0319,-0.16423,-0.0064893,-0.11418,0.037627,0.2146,0.062753,0.22656,0.30686,-0.085851,-0.036891,-0.10913,-0.068874,-0.072621,0.14461,-0.060627,0.11564,-0.048438,0.087943,0.0077253,-0.038809,-0.067996,0.10552,-0.15705,0.045365,0.17978,-0.026552
-0.13194,0.044583,-0.040138,-0.22381,0.079474,-0.01882,-0.041351,0.10372,0.15093,0.037499,0.048702,-0.17222,0.32172,-0.055542,-0.20319,-0.016871,-0.14779,-0.09477,-0.32742,0.064611,-0.14771,-0.35108,0.11603,0.30118,0.10171,0.16401,0.10788,0.036742,0.16653,-0.027206,0.03915,0.065079,-0.090804,-0.07253,-0.04029,-0.036224,0.1841,-0.08136,0.082812,0.067347,0.059163,-0.15748,0.014388,0.16379,-0.11168,0.010959,-0.15654,-0.11129,0.16267,0.063542,0.028839,-0.0011276,-0.019655,0.0061584,-0.019814,-0.064972,0.11874,0.061508,-0.038148,0.024172
-0.14137,-0.12711,0.12242,0.026514,-0.0045723,-0.031171,0.03083,-0.10343,-0.082126,0.047646,0.10425,0.17089,0.051697,-0.13922,-0.1042,-0.034107,-0.048257,0.11255,-0.016019,-0.095658,0.1431,-0.0079879,-0.14294,0.12524,0.069615,0.19175,0.064445,-0.065354,0.027964,-0.21963,0.065189,0.0079609,0.093569,-0.16969,0.058254,0.021865,-0.010768,-0.034398,-0.15484,0.084235,0.048894,-0.029748,-0.14302,0.019108,-0.12343,-0.0063872,0.23392,0.12301,-0.17456,0.045081,-0.15995,-0.039243,0.27588,0.43449,0.012286,-0.28125,0.091369,-0.14213,0.20444,-0.10395
-0.1289,0.13651,0.064309,-0.020549,-0.16305,0.10246,0.060698,0.11151,-0.038007,0.016704,0.053722,0.15548,-0.19071,-0.12775,0.16958,-0.031854,-0.19097,0.16353,-0.4723,0.046492,-0.079133,0.17677,0.34302,0.016008,0.022159,-0.05989,-0.041188,0.065121,-0.03371,-0.24136,0.12939,0.061478,-0.068996,0.084955,-0.10365,0.099486,0.0091173,0.27862,-0.024176,-0.10408,-0.060148,0.0065529,0.1002,-0.18422,-0.095542,-0.022097,-0.060125,-0.014506,-0.039197,0.15972,-0.035503,-0.070807,-0.0036535,0.0025534,-0.032409,0.052684,-0.12511,-0.14374,0.0075961,-0.074748
-0.12934,-0.17963,0.036191,0.083788,0.090594,0.077217,0.11591,0.050827,0.17586,-0.11385,-0.14477,0.0030266,-0.045626,-0.17885,-0.24732,-0.0013807,0.018969,-0.093253,0.0090945,-0.082666,0.051699,0.16786,0.028207,0.059747,-0.10884,-0.056477,0.10696,-0.021216,0.036626,0.13442,-0.055406,0.214,0.032406,0.27639,-0.23168,0.0043635,-0.1065,0.057941,-0.28172,-0.058657,-0.01938,0.052711,-0.16723,0.092529,-0.35054,-0.10234,-0.094176,0.13865,0.082219,-0.11399,-0.23356,-0.054321,-0.19823,-0.030952,0.015122,-0.019573,-0.02123,0.21301,-0.0097997,-0.1104
-0.14007,-0.16558,0.033916,0.066242,0.05782,-0.0037752,0.042607,0.052065,0.067411,-0.039156,0.048936,-0.07128,-0.1485,-0.18018,-0.097626,0.13905,-0.022622,0.044295,0.031915,0.022497,-0.057443,0.10014,-0.069937,0.11156,0.066502,-0.09787,-0.075378,-0.12033,-0.0045214,-0.0080656,-0.13104,-0.0493,-0.07708,-0.11673,0.025731,-0.04081,-0.12242,-0.044985,0.030272,-0.059363,0.033125,0.11028,-0.070329,0.11385,0.00374,0.21823,-0.082273,0.0070032,0.15681,0.11172,-0.15682,-0.10762,0.23218,-0.097289,-0.42158,0.11479,0.0068566,-0.29964,-0.19088,0.41393
-0.13011,-0.15786,0.094177,0.025362,0.062471,0.045943,-0.11233,-0.045268,-0.1958,-0.12157,0.015472,-0.13279,-0.14938,0.1348,0.037812,-0.098141,-0.0021937,-0.20529,-0.22476,-0.066302,-0.32627,-0.092427,-0.058007,-0.28932,0.15309,0.19121,0.19769,-0.057715,0.13269,0.026047,-0.16788,-0.14625,0.071001,0.03842,0.078669,0.065385,-0.11092,0.039201,0.039787,0.067395,-0.024,-0.0079321,-0.013249,-0.08116,0.16996,-0.24297,0.037083,0.03205,-0.090837,-0.027952,-0.21981,-0.08904,-0.19085,0.12908,-0.21877,-0.041393,-0.014548,0.039759,-0.17408,-0.036413
-0.12694,-0.1606,0.088883,-0.0046834,-0.021681,-0.013444,-0.12862,0.18318,-0.1363,0.20219,0.2605,-0.13241,-0.2416,0.13039,-0.15011,0.068057,-0.036299,-0.11686,0.091544,0.036108,-0.090551,-0.018679,0.061677,0.040446,-0.17189,-0.066496,0.14161,0.13531,-0.18453,0.020286,-0.30678,0.0061823,-0.29445,0.032502,0.10923,-0.28571,-0.086589,0.098746,0.0053378,-0.035012,-0.031597,-0.0079286,0.15386,-0.10397,-0.054438,0.12784,-0.080699,0.013789,0.074633,0.043748,0.036671,-0.067913,0.18247,0.059017,0.18832,-0.10662,0.04412,0.10218,0.1429,-0.14564
-0.13618,0.10619,0.15324,-0.11116,-0.14443,0.0044215,-0.09742,-0.03793,-0.026846,0.18003,-0.10128,-0.054863,-0.079286,0.13088,-0.029982,0.11017,0.078428,-0.21285,0.12565,-0.12548,0.064996,-0.059913,-0.17941,-0.091243,0.043032,0.1294,-0.038311,-0.019275,-0.028285,-0.16924,0.28431,0.030241,-0.2305,-0.090795,0.002652,-0.018474,-0.06959,0.086917,-0.029653,0.070905,-0.027923,-0.030685,-0.20723,-0.055593,-0.13827,0.11176,-0.15818,0.033134,0.17681,0.072592,0.035926,0.11895,-0.36559,0.066724,-0.010178,-0.069991,-0.34194,-0.15706,0.10983,0.14998
-0.1286,-0.18749,0.10696,0.056765,0.13176,0.083045,-0.0031544,0.010623,0.0084163,-0.16904,-0.13161,0.06984,-0.011801,-0.08536,0.0070264,-0.13251,0.009448,-0.18699,-0.19677,-0.0090628,-0.0043209,0.070363,0.0083943,-0.00058898,-0.068212,0.079245,0.12258,0.047873,-0.30843,0.1803,-0.025753,0.077713,-0.13359,-0.028506,0.11561,0.1678,0.15572,-0.059464,-0.21859,0.2016,0.086894,-0.033746,-0.22412,-0.11039,0.10789,0.099454,0.11814,0.005364,-0.093874,0.1,0.47353,0.038787,0.014793,-0.19841,0.0043761,-0.018049,0.058116,-0.13107,0.039851,0.047663
-0.13025,-0.075174,-0.28889,-0.056202,-0.039942,-0.01986,0.058057,0.037617,-0.0044359,0.041233,0.045996,-0.070287,-0.14771,-0.04484,0.20609,0.13602,-0.19331,-0.025865,0.09277,0.23906,-0.1359,0.037942,0.014175,0.046639,0.10344,-0.057358,0.020719,0.027323,0.1408,0.31912,0.31059,0.17952,0.066707,0.1213,0.25149,-0.19844,-0.014547,-0.19711,-0.032014,-0.041439,0.28007,-0.047246,-0.055353,-0.14246,-0.11137,-0.01743,0.060247,-0.048419,-0.14428,-0.076741,0.049656,-0.050914,0.011134,0.079426,-0.099184,-0.13775,-0.21098,-0.0082591,0.014492,-0.026663
-0.13061,-0.0076452,-0.13601,0.10703,-0.08675,0.06393,0.14976,-0.11082,0.073748,0.083052,-0.14708,0.068959,-0.16304,0.52034,-0.11766,0.067192,-0.10099,0.25936,-0.14266,0.088552,0.096443,-0.24523,-0.064248,0.22071,-0.10959,0.0076675,-0.11863,-0.26355,-0.06037,0.017581,-0.21284,-0.095671,0.041472,0.17783,0.10324,0.036682,0.065807,-0.052066,-0.054397,-0.01287,-0.062894,-0.0032572,-0.043332,-0.056319,-0.10072,-0.11425,0.03317,0.14186,-0.01052,0.11488,0.11154,0.10838,-0.051664,0.034026,-0.12327,0.026714,-0.034577,0.035138,-0.0039424,0.040185
-0.13202,0.13702,0.028496,0.010551,-0.13214,0.171,0.27827,0.034432,-0.019615,0.015923,-0.1405,-0.035251,0.011742,0.052021,-0.013273,0.017607,-0.042335,0.21624,0.068105,-0.02049,-0.26695,0.049098,-0.042262,-0.24893,-0.13774,0.13549,-0.15005,0.10411,0.15578,0.15451,0.085035,0.0097158,-0.22831,-0.025172,-0.029591,0.024073,0.036476,0.10999,0.014905,0.18023,0.034202,0.23776,0.014392,0.27335,0.011143,0.31224,0.04665,0.048145,-0.07662,0.069922,0.088511,-0.099984,-0.027044,0.17616,-0.0057101,-0.085575,0.22655,0.16645,-0.11044,-0.037449
-0.12553,0.13704,-0.0813,0.14863,-0.048322,0.15181,0.14316,0.22578,-0.12321,-0.071339,-0.17929,-0.046441,-0.10765,0.017896,-0.066411,-0.29128,-0.077758,-0.25294,-0.049777,0.12214,0.21785,-0.13957,-0.12125,0.1124,0.19243,-0.20881,-0.066982,0.032928,-0.10876,-0.20709,0.063919,0.23569,0.0391,-0.1065,0.12485,-0.13595,-0.16728,0.07438,0.21554,0.12576,-0.050469,0.13543,-0.12169,0.16927,0.14088,-0.04585,-0.059289,0.025967,-0.13982,-0.11586,-0.033775,-0.034521,0.084315,-0.028581,-0.0054923,0.076933,0.01425,0.12198,0.009758,-0.066049
-0.12387,0.16282,-0.10739,-0.18836,-0.067774,0.062104,0.2121,0.031438,0.060395,-0.18534,0.13873,0.072713,-0.095565,-0.082315,-0.17818,0.11063,0.11344,-0.11361,-0.078576,0.0091159,0.23784,-0.036569,-0.19807,-0.25643,-0.022387,0.073765,0.12946,0.14059,-0.085878,0.03397,-0.051475,-0.078971,0.2022,0.079996,-0.019432,-0.17415,-0.066304,0.023451,0.056764,0.06337,-0.054322,-0.17339,0.23451,-0.038631,-0.23217,0.11074,0.14471,-0.26206,-0.13789,0.19069,0.004322,0.23411,-0.039034,-0.042228,-0.13458,0.042836,0.084387,-0.028623,-0.047469,0.019107
-0.13009,-0.0015672,-0.14563,0.25881,-0.012049,-0.024164,-0.078212,-0.069768,-0.22152,-0.084539,0.060004,-0.057754,0.11586,0.02366,0.011959,-0.005836,0.39294,-0.21789,-0.037491,-0.14614,0.054413,0.023209,0.34901,-0.10104,-0.047244,-0.089468,-0.23999,-0.13029,0.15704,-0.12394,0.019743,-0.0065206,0.033284,-0.051081,0.13594,-0.13586,0.21214,-0.029861,-0.055405,-0.0877,0.031353,0.067788,0.033001,-0.013941,-0.25303,0.041378,-0.17314,0.065316,-0.060216,-0.0021772,0.14309,0.1227,0.051267,0.029921,-0.16702,-0.13848,0.11369,0.0068079,-0.096368,-0.065328
-0.12856,-0.03254,-0.22494,-0.097417,0.014088,-0.081179,-0.11262,-0.41342,-0.00060285,-0.011076,-0.064372,-0.015341,-0.1343,-0.065573,0.060934,-0.00094956,-0.087736,0.0199,0.038799,-0.21692,-0.01664,-0.086351,0.14963,0.1709,0.084366,0.13212,-0.13943,0.28082,-0.14217,-0.037647,-0.15219,0.034957,0.27606,0.020683,-0.23668,-0.32217,-0.049322,0.20395,-0.0094515,0.10649,0.13443,0.17028,-0.080365,-0.011503,0.14796,0.083403,0.021271,-0.0042863,0.082802,-0.022169,0.1089,-0.048166,-0.11595,0.051629,0.014464,0.015495,0.040207,-0.017797,-0.028909,0.027858
-0.11726,0.17403,-0.047326,0.33597,0.11032,0.071546,0.11478,0.12771,-0.085618,0.045856,-0.073099,0.063056,0.13824,0.00052416,0.059917,0.0090959,-0.0068147,0.061464,0.068182,-0.021723,0.01087,0.14141,-0.1071,-0.045769,0.023194,0.12949,-0.089234,0.09579,0.0063156,0.1449,-0.046185,-0.0076256,0.043777,-0.038316,0.091176,-0.1305,-0.0057698,0.23838,-0.086792,0.15258,0.23177,-0.37727,0.097229,0.016038,0.076863,-0.31477,-0.09354,0.048273,0.41435,0.12133,-0.034268,-0.015765,0.070575,0.010234,0.0066955,0.036068,0.036377,-0.12245,0.050711,-0.02941
-0.12078,-0.044706,-0.34722,-0.014581,-0.02383,-0.014525,0.057406,-0.089371,0.066084,0.087135,0.034601,-0.019124,0.037475,0.157,0.25805,-0.0949,0.037449,-0.35747,-0.08537,-0.15978,0.040008,0.21068,-0.38913,0.2455,-0.14303,0.061385,0.0013378,0.031095,0.035929,-0.059571,0.10268,-0.1257,-0.18802,0.067375,-0.20328,0.18634,0.072441,0.011802,-0.008749,-0.047402,0.037894,0.061335,0.20835,-0.066044,-0.006008,0.0080532,-0.033207,-0.017081,-0.05,0.043775,-0.097105,-0.19029,0.13745,-0.059847,-0.0067794,-0.011811,0.07989,0.028446,-0.026688,-0.024764
-0.13501,-0.16229,0.093612,0.052321,0.12208,0.077184,-0.024644,-0.02338,-0.046967,-0.11815,-0.20358,0.039292,-0.098543,0.0052051,0.014446,0.18591,0.071499,0.014519,0.022083,-0.084819,-0.048887,0.012088,-0.04473,0.077123,0.054427,0.12475,-0.032165,-0.084088,0.15912,0.047811,0.061402,0.055312,0.13301,-0.21511,-0.02016,-0.044296,-0.099961,-0.05184,0.42835,-0.2144,-0.10389,-0.10748,0.012175,-0.032368,-0.1966,0.017911,0.11311,0.097979,-0.021447,0.28811,0.14295,-0.27235,-0.023787,-0.17636,0.31989,0.080373,0.0076927,-0.018824,-0.048223,-0.13807
-0.12772,-0.040229,-0.28551,-0.073257,-0.094034,-0.019759,0.21844,-0.20596,0.11472,0.029515,-0.012197,0.038435,-0.05029,-0.021021,-0.017788,-0.10735,-0.068452,-0.065131,0.1327,0.021781,0.054121,-0.071265,0.28966,-0.18552,-0.020369,0.26014,-0.039814,0.0013555,0.12055,-0.028498,-0.16813,0.17801,-0.31952,-0.29607,0.078379,0.080685,-0.093319,-0.047163,-0.10354,-0.13661,-0.096981,-0.20438,-0.067214,-0.049063,0.080258,-0.03837,0.093207,0.038453,-0.053878,-0.10195,-0.20768,0.11579,0.067169,-0.18589,0.089338,0.16708,-0.0010743,-0.042358,0.039211,-0.001727
-0.13802,0.10974,0.18531,-0.06522,-0.08645,-0.031409,-0.0023891,-0.055281,0.013539,-0.060164,0.042138,0.041954,-0.039964,0.094878,0.24078,0.12416,0.18688,0.020075,-0.034964,0.032044,-0.025216,-0.1096,-0.020963,-0.0097752,0.22266,0.11006,0.014151,-0.14175,0.067841,-0.19606,-0.10573,-0.00050246,-0.015999,0.22021,0.053869,0.094782,-0.28115,-0.061402,-0.1913,0.10535,0.24211,0.044786,-0.023144,0.14783,-0.1647,0.084942,0.060294,-0.2098,0.17314,-0.27431,0.12405,-0.08455,0.23426,-0.18132,0.14471,0.12786,0.0034237,0.0065257,-0.071674,-0.16233
-0.1397,0.10884,0.10936,-0.052665,-0.16754,-0.032494,-0.14914,-0.082435,0.10192,-0.084568,-0.071525,-0.030117,0.0080679,0.13541,-0.073846,-0.1127,0.02817,0.018808,-0.050824,-0.041542,-0.11835,-0.11821,-0.098074,-0.18602,0.083062,-0.12572,0.025348,0.14256,-0.058873,0.1558,0.036677,0.017642,0.059838,-0.060663,-0.14463,-0.094759,0.15844,0.0019432,-0.10928,-0.26029,-0.0026615,-0.042005,0.21037,0.3221,-0.030168,-0.067328,0.039535,0.272,-0.094625,-0.12621,0.043388,-0.13867,0.17055,-0.20368,-0.15629,-0.048667,-0.15437,-0.20206,0.31873,-0.050606
-0.13774,-0.13339,0.12029,0.015726,0.069272,0.032513,0.13406,-0.18229,-0.038674,-0.018284,0.072673,0.015278,0.10718,0.07245,-0.057142,-0.038412,-0.075824,0.16005,0.0087927,0.31027,0.12671,0.064634,-0.026221,-0.044005,-0.17655,0.045804,-0.010526,0.059335,-0.12811,-0.14229,0.12517,-0.26318,-0.0015969,-0.096733,0.023099,-0.08622,-0.042903,0.083101,0.11374,-0.10238,0.1286,-0.044818,-0.083931,-0.031621,-0.013218,-0.036613,-0.20533,-0.13408,-0.078836,-0.28374,-0.05509,-0.16929,-0.20671,-0.31865,-0.034143,-0.33977,0.16322,-0.073281,-0.053534,-0.040951
