-0.1338,-0.079945,-0.18966,0.19015,-0.08402,0.09398,-0.06599,0.092533,0.027567,-0.092079,0.063002,-0.24351,0.045918,-0.0707,0.092976,-0.1413,0.06177,-0.059286,0.2422,-0.064262,0.10233,0.13956,-0.0038643,-0.14505,0.082264,-0.064891,-0.081776,-0.069245,0.11013,0.1136,-0.071232,-0.12962,-0.058511,0.021988,0.10909,0.065135,0.27429,-0.080571,-0.021469,-0.14152,-0.075674,-0.21039,0.08981,0.31621,0.072202,0.059557,0.021137,0.062727,-0.16507,-0.24373,-0.25347,-0.020492,-0.05872,-0.028973,-0.17722,0.11974,0.023626,0.10802,0.1966,0.17428
-0.13638,-0.11562,-0.11125,0.10799,0.16392,0.020527,-0.094884,-0.031415,-0.015328,-0.030478,-0.19846,0.010406,-0.096176,-0.14307,-0.085365,0.16806,0.084123,0.09698,0.050119,0.15646,0.15493,0.0049814,0.090997,0.13945,0.046483,-0.10126,-0.052637,0.07269,-0.41796,0.063379,0.017814,0.12448,-0.21326,-0.074282,0.080325,-0.015606,0.19617,0.064379,-0.21015,0.19083,0.098971,-0.12007,0.093521,0.074874,-0.12505,-0.01844,0.13355,0.10946,-0.064318,0.10274,0.12688,-0.062765,0.17594,-0.053127,0.29033,0.13972,0.0081116,-0.12841,0.011289,0.19058
-0.11855,0.12007,0.25386,0.13328,-0.16214,0.025245,0.034937,-0.083207,-0.17813,-0.11529,0.26763,0.11328,-0.042134,0.045015,0.12102,0.11322,0.10925,0.025504,-0.10502,0.03365,0.092556,0.2293,0.18318,0.11684,-0.076918,0.13008,0.024492,-0.022084,0.06588,0.049835,0.067877,0.012848,0.096831,-0.10175,0.096269,0.29988,0.24483,0.28983,-0.11975,-0.081419,0.081752,0.16817,-0.043187,-0.096195,-0.060967,0.19051,0.16572,0.090375,0.1336,0.11468,-0.14865,0.0453,-0.068224,0.16761,0.019381,0.14299,0.067676,0.021011,0.069809,-0.026709
-0.12568,-0.11589,0.10981,0.15942,0.044663,0.23595,0.18107,-0.11555,-0.16445,-0.092806,-0.14049,-0.057952,-0.080539,0.12833,0.12316,0.10711,0.1856,-0.052354,0.31799,0.044893,-0.1747,-0.062586,-0.29828,-0.12908,-0.094627,-0.028828,-0.064231,0.091315,0.071258,-0.054341,-0.043075,-0.0061728,0.063585,0.38234,-0.085271,0.034582,0.1785,-0.022256,0.14195,-0.077577,-0.079416,0.0061747,0.026803,-0.26242,-0.18018,-0.017666,0.11023,-0.10642,0.045341,0.056222,-0.0027795,-0.054162,0.075226,0.023516,0.099088,-0.075512,-0.088211,-0.12378,-0.052797,0.058323
-0.14218,-0.10551,-0.05464,0.11243,0.13111,-0.11665,-0.12489,-0.065003,-0.065514,0.014299,-0.11047,0.02015,-0.12025,0.057802,-0.14449,0.087262,-0.097125,-0.033389,-0.15653,0.17376,-0.19135,0.17253,-0.027412,-0.097802,-0.072628,0.045576,-0.17358,-0.16391,0.12587,0.079964,-0.082196,0.16216,0.042611,-0.042157,-0.18941,-0.0063008,-0.11983,0.025606,-0.11219,-0.11198,-0.065105,-0.036223,0.086893,-0.14959,0.059923,-0.21908,0.22723,0.057891,0.13753,0.0060301,0.016475,-0.081545,-0.024358,-0.30852,-0.32185,0.33702,-0.0093109,-0.0072652,0.10882,-0.070221
-0.11287,0.050003,-0.054359,-0.09094,0.20431,0.24429,-0.20778,0.13077,-0.18864,0.3548,0.25611,0.12876,-0.41263,-0.23765,0.13186,-0.1595,0.074052,-0.077774,0.01914,-0.20335,-0.14911,-0.12539,-0.040576,0.24814,0.11708,-0.0393,-0.20154,-0.15553,0.055258,-0.049254,-0.071869,0.035358,0.091665,0.06094,-0.02844,0.022318,0.014199,-0.01001,0.0061753,0.055054,0.079456,0.026148,0.048906,0.0066904,-0.0017842,-0.014507,-0.013053,0.091751,-0.02587,0.058165,0.027101,-0.025309,-0.031527,0.019456,0.011611,-0.052175,-0.025855,0.043019,0.070953,0.0037963
-0.096599,-0.17442,0.082566,0.014016,-0.28257,-0.1902,-0.19594,0.37326,0.14708,-0.093485,0.25879,0.16775,0.027956,-0.10718,-0.17155,0.14707,0.27829,0.051572,-0.1142,-0.022329,-0.22264,0.083657,-0.22027,-0.084558,0.094838,-0.043854,0.068567,-0.092753,-0.0067267,0.0044849,-0.071878,0.037282,-0.089194,0.10734,0.22848,-0.19036,0.017874,0.00021439,0.13467,0.10513,-0.10828,0.0058861,0.050088,-0.026874,-0.10517,0.10048,0.0026706,-0.13077,-0.022609,0.079643,0.041193,-0.023782,0.066613,0.0059676,0.034739,0.13646,-0.05704,0.058196,-0.036057,-0.043784
-0.12393,-0.10271,0.11414,0.25627,-0.10835,0.029734,0.087263,-0.21353,-0.07925,-0.075227,0.19743,-0.15491,-0.046451,0.0038421,-0.08216,0.085104,0.083542,0.31092,-0.024733,-0.12719,-0.028867,-0.10066,0.27773,-0.038177,-0.1858,-0.20636,-0.19125,-0.065118,-0.11802,-0.15318,-0.12651,0.13568,0.095672,-0.1367,0.062583,-0.050807,-0.043758,-0.34536,0.0011998,0.10773,0.04341,-0.033883,0.018945,0.0080654,0.0022101,0.047014,-0.17428,-0.043072,0.081671,-0.052106,0.12641,0.025123,-0.18424,0.012255,-0.13855,-0.079809,-0.21293,-0.033643,-0.033339,-0.021708
-0.14439,0.11767,-0.026165,-0.07575,0.084754,-0.10554,-0.17557,0.022816,0.0015556,0.174,0.085196,0.041251,0.043092,-0.042946,0.032362,0.097327,0.075645,0.046212,0.14533,-0.052488,0.11032,0.0016397,-0.047698,0.018527,-0.25268,0.052761,0.11646,0.15679,-0.096255,0.15807,-0.038627,0.072643,0.043508,0.027598,0.014736,0.15722,-0.10909,-0.27615,-0.015883,-0.011084,0.066975,-0.032658,-0.25383,-0.051039,0.044142,0.15494,0.18572,-0.15532,0.0089971,-0.21289,0.011282,-0.39264,0.18376,0.12589,-0.22687,0.034095,0.20335,-0.017304,-0.21465,0.022102
-0.14908,0.053051,-0.021544,0.028247,0.085313,-0.26368,0.00016046,-0.050407,-0.0019276,0.019564,-0.0086778,0.076141,-0.033352,0.080671,0.072728,-0.019912,-0.12611,-0.080342,0.092572,0.11851,0.044345,0.14128,-0.13595,0.045168,-0.13817,-0.063751,-0.059975,-0.029995,0.040626,0.057946,0.17102,0.12762,-0.0089132,-0.061477,-0.028966,-0.3645,0.13488,-0.054921,0.26987,0.046638,0.42958,0.0026639,0.18965,0.13676,-0.043631,0.09654,-0.10312,-0.083569,0.1795,0.2075,-0.16133,-0.0092707,0.027287,0.12138,-0.14124,-0.17702,0.084801,-0.051873,0.16866,0.029467
-0.14206,0.037118,-0.0035883,0.0017089,0.11963,-0.24967,-0.16498,-0.061005,0.072894,0.013493,-0.14875,0.20251,-0.055045,0.1591,0.20566,-0.11095,0.13802,0.29521,-0.020761,0.011409,-0.012026,0.075751,-0.07782,0.066024,-0.10596,-0.097769,-0.037584,0.0038373,0.056584,0.11414,-0.012993,0.071274,0.16828,0.097335,-0.14015,-0.12201,0.14253,0.13405,-0.31844,-0.059228,-0.17281,-0.037226,0.003303,-0.048176,-0.02002,0.014312,-0.37444,-0.016022,-0.12282,-0.23974,-0.029364,0.19172,0.034335,0.097543,0.071096,0.0025593,-0.014088,0.12552,-0.13044,-0.058662
-0.12454,-0.082378,-0.15617,0.27054,-0.11342,-0.02924,-0.16176,-0.015443,0.077079,-0.079747,0.20593,-0.10729,0.17496,-0.0010562,0.18661,-0.19161,-0.16962,-0.12503,0.020201,0.064321,0.0066007,-0.14011,0.15043,0.10325,-0.00090019,-0.020592,0.20276,-0.015488,-0.089862,0.12233,-0.088892,0.12479,0.20121,0.33932,-0.099494,-0.086652,-0.07899,0.05768,0.0022818,-0.026865,0.19195,0.019478,-0.15819,-0.10682,0.20687,-0.0049876,-0.038331,-0.11052,-0.029517,0.14054,0.090918,-0.020735,-0.13053,-0.15699,0.25965,0.15123,0.057264,-0.030728,0.048572,-0.0081305
-0.10759,-0.19997,0.10003,-0.055936,-0.27072,-0.19961,-0.14269,0.11648,-0.10169,-0.018133,-0.18437,-0.0323,-0.0081894,0.038204,-0.16289,-0.22856,0.091806,-0.060881,0.16961,0.11855,0.037262,-0.17359,-0.0024929,0.21968,0.051886,0.017829,0.1353,-0.03577,-0.0012257,-0.091927,-0.03696,-0.052043,0.018203,-0.19676,-0.24655,0.3331,0.056637,-0.13221,0.15565,0.0044044,0.035116,-0.16938,0.12134,-0.24124,0.044456,0.035776,-0.19565,0.23337,0.14047,0.0111,-0.020676,-0.053188,0.07441,0.035619,0.020085,-0.0023237,0.010188,0.06667,0.052826,-0.01171
-0.11332,-0.18035,0.13676,-0.070196,-0.17175,-0.03578,-0.12346,0.052814,-0.046353,-0.21353,-0.18679,0.091936,-0.23672,-0.24762,-0.036475,0.077625,-0.16318,-0.18564,-0.16611,-0.055725,0.183,-0.015622,0.053427,-0.097119,-0.25533,-0.017527,-0.1854,-0.014574,-0.002575,0.0022569,0.19891,-0.3534,0.28567,0.13901,-0.050604,-0.060864,-0.020561,-0.040416,-0.11263,0.065906,-0.087664,-0.13364,-0.092719,0.052003,0.063784,0.12756,0.074114,-0.039377,-0.11196,0.11154,0.032511,0.03079,-0.012421,-0.063275,-0.015083,-0.18312,0.078673,-0.040626,-0.013851,0.024489
-0.1127,-0.16506,-0.16603,-0.15787,-0.14969,-0.053083,-0.020311,0.099309,-0.30043,0.12231,-0.046985,-0.17742,-0.078633,0.054939,0.1296,0.1044,0.063491,-0.005158,-0.13852,-0.079023,0.32518,0.26874,-0.12967,-0.21687,0.075794,-0.16311,0.13221,0.0018016,-0.12438,-0.18771,-0.041091,0.15231,0.01801,0.10876,-0.092368,0.1296,-0.1541,0.13455,0.035681,0.2134,0.066641,0.14803,-0.012097,0.0039683,0.031582,-0.26198,-0.070018,-0.051319,-0.023084,-0.055843,-0.11929,0.028631,-0.15961,0.1273,-0.037577,-0.01602,-0.0028675,-0.075959,-0.033351,0.027755
-0.10956,-0.17481,-0.12821,-0.25968,-0.12515,0.11127,-0.013036,-0.04438,0.05868,-0.29777,0.027074,-0.053817,0.052364,-0.24189,0.018377,0.0731,-0.047266,0.20191,0.10488,-0.022096,-0.10498,-0.036038,-0.13741,0.31267,-0.19091,0.079638,-0.027098,-0.002732,-0.058166,-0.058473,0.15345,0.024953,-0.2159,0.14645,-0.042612,0.0092646,-0.052781,0.01286,-0.094324,-0.23965,0.17138,0.24015,0.11012,0.12555,0.085569,-0.15319,0.094734,0.069835,0.1558,-0.13633,-0.045138,0.065839,-0.091228,-0.0071516,-0.031056,-0.045208,-0.030639,0.17857,-0.14766,-0.093224
-0.13136,0.057612,0.22813,-0.11592,-0.13579,-0.044344,-0.078795,-0.17142,-0.051343,0.21497,-0.011468,-0.01663,0.055782,0.049403,-0.026115,0.090127,-0.26785,-0.024702,0.10796,-0.10865,0.025576,-0.12374,-0.23714,-0.071332,-0.019501,0.079005,-0.11165,0.12565,-0.14548,-0.063622,0.036305,0.34046,-0.035252,0.11989,0.25893,0.09222,-0.12105,0.22705,0.049723,-0.076076,-0.076623,-0.32358,-0.013933,0.11782,0.09255,0.2257,-0.042501,0.15865,0.0082141,0.0028279,-0.031286,0.12526,-0.045731,-0.15285,0.0069236,0.040733,-0.12093,0.069099,0.029995,-0.054277
-0.11527,-0.16119,0.19898,0.072788,-0.016085,0.046586,0.037756,-0.19138,0.049276,0.29256,0.0036122,-0.014014,0.20406,-0.17482,-0.063297,-0.12772,-0.18241,0.29801,-0.17091,-0.04798,0.0414,0.024088,-0.02515,-0.058981,0.2388,-0.32889,0.10758,0.048242,0.21466,0.070063,0.16249,-0.18744,-0.042003,0.14411,-0.04426,0.030059,-0.053898,0.026108,-0.078645,0.014586,0.12146,0.077199,0.2596,-0.11679,-0.11264,0.13432,0.099556,0.036515,-0.039452,-0.004365,-0.078589,-0.18078,0.081013,-0.074971,-0.0090677,-0.017619,0.037671,0.041254,-0.078053,0.040834
-0.13087,-0.13001,-0.086411,0.019322,0.16975,-0.040297,-0.071536,0.18974,0.11019,0.090788,-0.06885,-0.1069,0.024942,0.12688,-0.15385,-0.095623,0.21063,0.17745,-0.19119,-0.18273,0.19508,-0.1588,0.20899,-0.065683,-0.13154,0.29096,-0.15778,0.22148,0.17291,-0.044236,0.026953,0.072462,-0.049079,0.15151,-0.043808,-0.056704,-0.073728,0.050902,0.1498,-0.17651,-0.087036,0.050614,-0.021945,0.10665,-0.22053,0.050315,0.0032172,0.14321,0.16872,0.10855,-0.14716,-0.091765,-0.15581,-0.026783,0.16008,-0.01316,0.096543,-0.090926,0.046723,0.054773
-0.11301,-0.17947,0.21614,0.092091,0.08381,0.16403,0.10857,0.25417,0.076298,0.16771,-0.065634,0.087397,0.18435,0.028729,0.065754,0.10297,0.025189,-0.0044258,0.077588,0.061031,0.02857,0.13916,0.054174,0.26908,-0.0050566,-0.072332,-0.045124,0.2575,0.06398,-0.030927,0.10473,0.10877,0.082635,-0.045669,-0.18719,0.0073106,0.014553,-0.075147,0.14039,0.18514,-0.23179,0.1377,0.057481,0.207,0.33163,0.056763,0.1237,-0.10342,0.0030601,-0.10551,0.1157,0.21302,0.026348,-0.027297,-0.01672,0.049275,0.046085,-0.077987,0.15821,-0.13163
-0.11373,-0.1938,-0.058453,-0.15171,-0.1125,0.020783,0.25926,0.14377,0.1861,0.071189,-0.00026232,0.13007,-0.15673,0.17936,0.070819,0.0010466,-0.10963,0.083842,0.058801,0.02633,0.23957,0.0058942,0.29346,0.012731,0.20661,0.18818,-0.21035,-0.15538,0.00044192,0.16375,-0.008904,0.056859,-0.067167,0.11745,0.16032,0.0029994,-0.00050994,0.017973,0.027074,-0.075748,0.14322,-0.15386,0.047392,-0.29313,0.076082,-0.068014,0.097497,-0.22401,-0.027087,-0.13516,0.032946,0.021926,0.16806,0.079102,-0.044561,-0.098047,-0.17213,0.04612,0.024645,-0.08889
-0.12039,-0.1612,0.21229,-0.0082589,0.0022637,0.13122,-0.11386,-0.088463,0.14058,-0.10383,-0.059847,-0.057959,-0.19183,-0.023413,-0.011672,-0.19222,-0.15087,-0.21229,-0.1321,-0.017901,-0.14983,-0.12078,0.013194,-0.37742,0.091918,0.11858,0.0095773,0.05763,-0.061452,0.10308,-0.020841,0.27007,-0.22769,-0.098504,-0.13926,0.079635,0.1633,-0.031467,-0.085309,0.042289,0.026787,0.24037,0.043853,0.095129,-0.016773,0.094761,-0.077723,-0.13793,-0.0066001,-0.14625,0.14191,-0.061985,-0.043306,0.24771,0.045128,-0.022413,0.16301,0.045008,0.024649,-0.13161
-0.14235,0.15617,-0.084309,0.018884,-0.11035,0.15735,-0.029618,0.057951,-0.036279,0.021616,-0.013859,-0.020159,0.021255,0.0037811,0.080462,0.004638,0.13059,-0.052941,0.051635,0.012526,0.22601,0.012015,-0.02536,-0.095009,-0.046641,-0.06277,0.073696,-0.13242,0.075554,0.047693,0.089815,-0.028614,-0.085756,-0.07675,0.11931,-0.068248,0.10511,0.044179,-0.054785,-0.14179,-0.053784,0.10329,0.092752,0.042196,0.060128,0.01743,-0.20582,0.15428,0.048324,0.032235,0.21498,-0.22419,0.11614,-0.28827,-0.010601,-0.10118,-0.020951,-0.32722,-0.058312,-0.53654
-0.11185,-0.19004,-0.048527,-0.22558,-0.17884,-0.037563,0.16248,-0.15969,-0.085762,0.15061,0.023226,0.032127,-0.11549,0.12564,-0.17899,-0.016341,0.030227,-0.024183,0.23665,0.024637,-0.15691,-0.11528,0.13692,0.082838,-0.12494,-0.08335,0.07871,0.19928,0.092136,0.17732,-0.31102,-0.18993,0.075203,-0.10024,0.14483,-0.13389,-0.027914,0.28688,-0.047984,0.040992,8.4238e-05,0.0091665,0.11403,0.16262,-0.042168,-0.10472,-0.0036248,-0.091209,-0.1026,0.055897,0.083248,-0.038278,-0.16762,0.046835,-0.058388,0.098828,0.27075,-0.11169,-0.039077,-0.043298
-0.12841,-0.12736,-0.072028,-0.015996,0.12237,0.088302,-0.19196,-0.32093,0.0045006,-0.10184,0.065816,0.22421,-0.12411,-0.071287,0.078217,0.023995,-0.103,0.039637,0.07249,0.1491,0.1497,0.21523,0.041157,-0.044486,0.13712,0.17511,0.10264,0.211,0.12045,-0.43334,-0.085284,-0.15676,0.019616,-0.077298,0.18621,-0.10496,-0.11286,-0.13362,0.19638,-0.12356,-0.071569,0.029726,0.0012563,-0.045148,0.023615,0.0034473,-0.14993,-0.02938,-0.018625,-0.042418,0.076644,-0.046358,0.098243,0.026937,0.11583,0.19652,0.029387,0.08958,0.078921,-0.01367
-0.1327,0.11387,-0.0020892,-0.054885,0.10124,-0.1668,0.12413,0.17662,0.17062,-0.025839,0.18097,-0.23931,-0.14747,-0.097779,0.0059244,0.16022,-0.15901,-0.10963,0.27575,0.0038809,-0.14487,0.14419,0.26478,-0.1693,-0.10368,-0.15179,0.033938,0.055591,0.027591,-0.12715,-0.038462,0.041162,-0.004692,-0.012694,-0.15517,-0.11985,-0.15858,0.059877,-0.05095,0.038289,-0.10881,0.035001,0.10947,-0.16776,0.012389,0.093762,0.066052,0.33916,-0.082024,-0.018224,-0.17654,-0.011999,0.13694,0.10166,0.20028,-0.049684,-0.0073765,0.082058,-0.086371,-0.1251
-0.14052,0.11006,-0.037116,0.025488,-0.055007,-0.030587,0.094418,-0.050686,0.20025,-0.12917,-0.065353,-0.098229,-0.24121,0.18964,0.12493,0.052724,-0.073712,-0.098302,-0.10141,-0.014442,-0.1186,0.072531,-0.012378,0.23514,0.19775,0.16275,0.16453,0.04333,0.0352,0.13468,0.12848,-0.043378,0.1845,0.17073,0.063421,0.1564,-0.17889,-0.15645,-0.0088495,0.23399,-0.059813,-0.0096214,0.20214,0.28119,-0.19843,0.041792,-0.087602,0.11307,0.08123,-0.031264,0.039707,-0.13458,-0.041462,0.040055,-0.077343,0.13662,-0.21389,-0.14363,-0.1509,0.04708
-0.12438,0.11838,0.24331,0.11388,-0.14015,0.15839,0.10463,0.14586,-0.1432,-0.099348,0.063145,0.056231,-0.071997,0.039041,0.11088,0.016219,-0.048616,-0.051357,-0.2329,0.036085,-0.026984,-0.030775,0.026518,0.1035,-0.2128,0.039328,0.06035,0.2288,0.24362,0.034509,-0.057271,0.081656,-0.29194,-0.069832,-0.030964,-0.085548,-0.066304,0.015672,0.020545,0.090434,0.1478,-0.16673,-0.064647,0.0086674,-0.012741,-0.30737,-0.18455,0.028051,-0.23054,-0.10592,-0.10427,-0.1395,0.17617,-0.21206,0.051813,-0.046348,-0.010924,0.1158,-0.036044,0.17968
-0.14206,0.13837,-0.060162,-0.098876,0.090242,0.033035,-0.078093,0.0028748,-0.001851,0.064295,0.039326,-0.16257,-0.10198,-0.068076,-0.095252,0.04876,-0.073263,-0.093248,-0.10414,0.1607,0.063912,-0.042465,0.090905,0.074562,-0.1108,-0.15058,0.13955,-0.046138,-0.054109,0.082749,0.098494,0.023253,0.068116,-0.18594,0.006569,0.054366,0.14678,0.16724,0.27173,-0.16791,-0.29427,0.032986,0.17246,-0.040715,-0.02752,0.029738,-0.021544,-0.43059,0.11708,-0.098954,-0.043873,-0.077763,-0.12453,-0.1675,0.13976,-0.081762,-0.20821,0.16213,-0.16018,0.17154
-0.12686,0.12948,-0.0020821,-0.095975,0.1913,-0.14964,0.2222,0.19929,-0.22058,-0.15933,-0.030475,0.084223,-0.067414,-0.16439,-0.12183,-0.0060333,0.1146,0.0093176,0.10544,0.098851,-0.10251,-0.0070138,0.17718,-0.12953,0.30027,-0.10926,0.098547,0.2125,0.10119,-0.095913,0.15151,0.02101,-0.081145,0.18027,-0.020253,0.06203,0.027621,0.069816,-0.13866,-0.070497,0.16326,-0.10999,-0.19925,0.055372,0.07167,0.15985,-0.15928,-0.093682,0.1788,-0.017661,0.21435,0.011903,-0.17677,-0.14656,-0.17323,0.0074798,-0.008325,0.049243,-0.0025667,0.074196
-0.14184,0.1197,-0.04669,-0.12971,0.15789,-0.00025015,-0.078064,0.083698,-0.0038846,-0.05206,0.060054,-0.17795,0.074415,0.07352,0.10135,0.083789,-0.0084406,0.05552,-0.04667,-0.040826,-0.0075714,-0.21822,-0.10465,-0.0037344,-0.15016,0.050567,0.010835,0.17886,-0.090379,0.032416,0.096979,-0.27804,-0.19187,-0.02353,0.035894,0.07612,-0.094409,-0.019563,-0.16672,0.10796,-0.0054701,0.040479,0.19044,-0.27975,0.034929,0.083252,-0.12009,-0.18278,-0.17287,0.14847,-0.018035,0.030469,-0.091226,0.10189,-0.13952,0.18803,-0.16428,-0.026593,0.44227,-0.090127
-0.13344,0.13888,-0.12258,0.060909,0.01675,0.0068643,0.13116,0.1039,-0.018802,-0.22906,0.043435,0.053674,0.067146,-0.10675,-0.049477,-0.34701,-0.16177,0.18654,-0.066186,-0.18204,-0.059828,0.1515,-0.1286,0.029583,-0.10204,-0.0042212,0.048198,0.036468,-0.069321,-0.05849,0.093988,0.11836,0.13713,-0.086058,0.069502,0.0049728,-0.02084,0.18957,0.16501,0.002606,-0.12794,-0.19526,0.10747,-0.15596,-0.087819,-0.11627,0.1748,0.090698,-0.069997,-0.15618,0.36096,-0.083242,-0.053925,0.1928,-0.032761,-0.10506,0.12532,-0.15759,0.15426,0.061774
-0.14032,0.11581,-0.020324,-0.09249,0.15071,-0.11724,-0.040051,0.057846,-0.036439,-0.049985,-0.082504,-0.15504,0.12875,0.096172,-0.10815,0.1498,-0.057135,0.033649,-0.20959,-0.014019,-0.15664,0.017126,-0.0224,-0.021556,-0.062454,-0.082094,-0.13959,-0.14779,0.17962,-0.1259,-0.28296,-0.11983,0.11973,0.07924,0.085632,0.3417,0.039604,-0.012613,0.091344,-0.090143,0.32026,-0.024158,0.070894,0.22039,0.072389,0.021,0.018012,-0.11685,-0.066689,-0.10307,0.15194,0.11314,0.25322,0.041108,0.28451,-0.023674,0.047428,-0.057363,0.041334,-0.090724
-0.13681,0.15955,-0.10552,0.0020932,-0.15249,0.10875,-0.11885,-0.11118,-0.018807,0.083867,-0.048628,-0.060578,0.14415,-0.0063462,-0.1085,0.022893,0.036581,-0.045692,0.040724,0.19188,0.035216,0.027413,0.015819,0.0027242,0.020787,-0.10212,-0.11012,0.020219,0.21519,0.11183,0.055426,-0.019253,-0.015856,0.074677,0.02105,-0.057297,-0.063326,-0.021544,-0.12353,0.21691,-0.12946,-0.13233,-0.21938,0.09374,-0.12176,-0.20776,0.088803,0.0074591,0.28522,0.061485,0.13117,-0.11081,-0.0078369,0.29107,0.15086,-0.12254,-0.10808,0.37431,0.22982,-0.17761
-0.14305,0.099553,-0.062372,0.07739,-0.10159,-0.0041572,0.16046,0.030984,0.14057,0.061989,-0.20328,0.068963,-0.046938,0.0040048,-0.018967,-0.0016465,-0.015446,0.091755,0.054588,-0.40744,-0.048187,0.14746,-0.12563,-0.094564,0.048157,0.023976,-0.07883,0.11177,-0.045366,0.035725,-0.025176,-0.073343,0.055511,-0.21339,-0.12134,0.027647,0.10749,-0.0045599,0.012945,-0.13207,0.069972,0.06511,-0.078926,0.042495,0.31635,-0.089912,-0.040636,-0.045972,-0.030333,0.41362,0.061134,-0.20848,-0.018439,0.058592,0.10943,0.17038,-0.19179,0.21198,-0.147,0.057955
-0.13116,-0.098462,-0.1014,0.17655,0.13872,-0.19473,0.087704,-0.1077,-0.18756,-0.15059,-0.00099629,0.026994,0.18837,-0.043639,0.040219,-0.008021,0.036836,-0.24118,-0.062544,-0.09315,0.068151,-0.37012,0.057317,0.10163,0.11097,-0.085625,-0.22187,-0.069426,0.046123,-0.090689,0.15374,-0.0048829,-0.040343,-0.039055,0.037665,-0.05712,-0.032895,0.24633,0.18562,0.087198,-0.098147,0.10021,-0.065897,0.050405,0.010883,-0.03249,0.010646,0.022809,-0.13891,-0.052987,-0.054893,-0.075516,0.20462,0.21858,-0.17993,0.20671,-0.073578,0.071275,-0.24704,-0.12394
-0.12624,0.099629,0.23037,0.044338,-0.021358,-0.22679,-0.13246,-0.032857,-0.22959,0.045435,0.16375,0.050681,0.10762,0.10109,0.068049,0.14921,-0.1505,0.015501,0.071583,-0.084857,-0.037623,0.10786,0.094714,0.041632,0.2271,0.095383,-0.12776,-0.074383,-0.25182,0.16226,-0.035859,-0.28521,-0.2803,0.10438,-0.24125,-0.054054,-0.0378,-0.088456,0.11342,-0.23765,-0.19259,0.0050302,0.0068982,0.10547,-0.054809,-0.19811,-0.02474,0.019015,-0.0030198,-0.022778,0.14091,-0.022087,-0.10204,0.064154,0.068079,-0.13053,0.055779,-0.13278,0.0024485,0.057807
-0.13277,-0.076343,0.13903,0.090429,0.070571,0.09871,0.014736,0.072144,0.061844,-0.00874,0.020983,-0.35177,-0.21102,0.029799,0.10058,0.22162,0.029667,0.30484,0.0078188,0.13703,0.058764,-0.21407,-0.23789,-0.0091169,0.19463,0.10958,0.1694,-0.20129,0.07621,0.064871,0.09785,-0.10101,0.11232,-0.27348,-0.077888,-0.18675,-0.12358,0.15077,0.068056,-0.076787,0.078757,-0.11428,-0.26381,0.03896,0.055313,0.026607,0.051725,0.047275,2.0789e-05,-0.017383,0.094599,0.088804,0.0055909,0.079802,-0.011094,0.013693,0.16698,0.017607,-0.0083898,0.025036
-0.14257,0.10199,-0.023181,0.13575,-0.057452,-0.12545,-0.012812,-0.0065256,0.043903,-0.15443,-0.19086,0.099063,-0.062931,0.14063,0.13496,0.020388,0.067358,-0.10099,0.06604,-0.22932,-0.040902,-0.077253,-0.093068,0.098453,0.22069,-0.1799,-0.13868,0.043891,-0.020017,-0.040782,-0.013249,-0.015412,-0.025338,-0.22663,0.20672,0.010058,-0.22657,-0.074239,-0.089694,0.054669,0.017371,0.13975,-0.019802,-0.1464,-0.044939,0.037676,0.17805,-0.11907,0.12005,-0.19893,-0.20221,-0.01937,-0.1838,-0.27126,0.20845,-0.1578,0.2663,0.060076,0.11181,-0.051011
-0.12435,-0.12061,-0.08642,0.07207,0.17404,0.095416,-0.011976,0.14889,-0.24089,-0.067912,0.11547,0.23437,0.00032977,0.46871,-0.11773,-0.18618,-0.14129,0.11328,0.062542,0.094144,0.0021936,-0.05213,-0.055424,-0.1192,-0.11648,0.060254,0.20304,-0.18315,-0.076846,-0.10281,0.013836,-0.11929,-0.085777,-0.019591,0.0070806,0.0074419,-0.049654,-0.020422,-0.11857,0.15081,-0.030031,0.053331,0.04065,0.18056,0.094163,0.17513,0.21915,0.068043,-0.065989,0.073381,-0.019849,-0.054843,-0.047114,-0.07273,0.044367,-0.1664,-0.12812,0.21683,-0.12783,-0.016545
-0.13023,0.16521,-0.12647,-0.0074699,-0.11225,0.17922,-0.12746,0.037126,-0.028226,-0.019349,-0.18747,-0.024197,0.085893,0.034518,-0.080575,0.10979,-0.048463,0.10383,-0.14051,0.19912,-0.15625,-0.030714,0.072786,-0.019668,0.14589,0.080757,-0.13342,0.11271,-0.1583,0.090966,-0.19907,-0.054549,0.12632,0.10045,0.1342,-0.1155,0.090928,0.10948,0.1521,0.095455,-0.021157,0.32201,-0.027978,-0.16071,0.24298,0.1287,-0.11921,0.28084,-0.015189,-0.074297,-0.053406,-0.081249,0.049474,0.011106,-0.2182,-0.23033,0.026311,0.035377,0.019308,0.21315
-0.13551,0.16887,-0.10046,0.035769,-0.08182,0.11822,-0.053617,0.069502,-0.091935,-0.016816,-0.07953,0.044143,-0.078385,-0.073639,-0.18228,-0.19321,-0.15245,0.034097,-0.064874,0.14026,0.047321,0.056791,-0.10284,0.048783,0.047627,-0.10102,-0.064843,0.16525,0.063121,0.14437,-0.13463,-0.064886,-0.14948,-0.081902,-0.055393,-0.084549,-0.025875,-0.15932,0.090891,-0.052894,0.083017,-0.04277,-0.20733,-0.082605,-0.079075,0.13721,0.144,-0.005624,-0.057512,-0.044446,-0.20807,0.33164,-0.16212,0.15099,0.068546,0.17798,-0.21329,-0.29352,-0.24965,-0.19401
-0.13424,0.14493,-0.031806,0.049619,-0.12167,-0.00063989,0.23611,-0.132,0.069593,0.20332,-0.028861,0.089723,0.028623,-0.11767,-0.15733,-0.01252,0.09223,-0.092341,0.034924,-0.10133,0.05339,0.018434,-0.06754,-0.040294,-0.1711,0.25088,0.014137,-0.28227,-0.047306,-0.12351,-0.016598,-0.20077,-0.1207,0.065138,-0.22659,-0.15311,-0.014114,0.13077,0.0090038,0.24685,0.09337,0.075074,-0.044676,-0.020281,0.026336,0.18457,-0.06787,-0.018157,0.14331,-0.38751,0.052086,0.0064339,-0.03332,-0.089222,0.137,0.20404,-0.055769,-0.03868,0.10525,0.14088
-0.12976,0.14802,-0.033759,0.077287,-0.053776,-0.024552,0.3509,-0.0014159,-0.036723,0.046334,-0.033033,0.22543,-0.13643,-0.12664,-0.10895,0.061067,-0.022835,0.039235,-0.19464,0.080574,0.077739,-0.2817,-0.048741,-0.018459,0.0068128,-0.10115,0.26959,-0.095383,-0.17497,-0.026741,-0.106,0.10076,0.075679,0.16133,0.020649,-0.0080656,-0.01057,-0.22626,-0.056595,-0.26775,-0.20245,0.028238,0.076452,0.13174,0.083352,-0.11205,0.0015766,0.026519,0.03133,0.058956,-0.24823,0.031047,0.12222,0.15596,0.014623,0.048941,0.15244,0.021418,0.25063,-0.05897
-0.13496,-0.10083,-0.085559,0.17557,0.14051,-0.18164,0.18163,-0.13381,0.050964,0.070429,-0.022437,0.023151,0.03561,-0.27936,-0.044159,0.069056,0.13105,-0.074844,0.0022466,0.10701,0.083338,0.12112,-0.11302,0.058043,-0.013311,0.23346,0.073356,-0.0047341,0.027081,0.19952,-0.16115,0.060124,-0.024097,-0.035017,-0.01232,0.20003,-0.088309,-0.030653,0.11015,0.023414,0.0236,0.10023,-0.040608,-0.020004,-0.169,0.063524,-0.018154,0.06644,-0.3924,0.097478,0.096278,0.10126,-0.19879,-0.12766,-0.049201,-0.31451,-0.074149,0.21755,0.042661,-0.15756
-0.13081,0.15632,-0.096978,0.019886,-0.17373,0.10774,-0.12272,0.00080021,0.079188,0.12899,-0.039516,0.094202,0.13551,-0.0056336,0.071763,0.077681,0.096154,0.064833,-0.0096246,0.036848,-0.23034,-0.10245,0.19075,-0.13865,0.11183,0.18281,0.062533,0.11622,-0.21832,-0.29202,0.16099,-0.039573,0.19905,-0.069789,-0.22858,-0.0099213,0.14275,0.052873,0.024797,0.021597,0.17223,-0.2042,0.08379,0.085038,-0.22612,-0.14179,0.15805,-0.13077,-0.17897,-0.031323,-0.15608,0.055338,-0.024553,-0.094138,-0.11992,-0.05798,0.02963,0.043782,-0.060962,-0.2385
-0.12763,0.10215,0.22746,-0.13373,0.12562,0.051992,-0.0005836,0.089676,-0.11822,-0.061698,-0.028472,-0.046142,0.1373,-0.07679,-0.27401,-0.081511,-0.14293,0.1206,0.29041,-0.014224,0.03756,0.023516,0.031908,-0.064853,0.036202,0.17726,-0.056806,-0.20256,0.01622,0.11128,0.21366,0.094534,0.23497,0.017872,0.20758,0.025035,0.063436,-0.1713,0.01328,0.19224,-0.0091692,0.21274,-0.063138,-0.044468,-0.10199,-0.28699,-0.18583,-0.055071,-0.14529,0.041961,-0.16881,0.03386,-0.024346,-0.10446,0.10255,0.18762,0.12898,-0.0038789,-0.03466,-0.0048142
-0.12402,0.019517,-0.012663,-0.18582,0.085735,0.10721,0.0047954,-0.14851,0.33527,-0.14226,0.39358,0.14727,0.019152,0.25258,-0.30783,0.12358,0.08828,-0.17732,-0.043045,-0.022534,0.23058,-0.072998,-0.19445,-0.0033288,0.10876,-0.23484,-0.10033,0.11113,-0.022527,0.019199,0.062036,0.0032076,0.11908,-0.0040025,-0.21571,0.071822,0.13253,-0.014625,0.0041997,-0.026856,0.094162,-0.00893,-0.088348,-0.054115,-0.001046,-0.12593,-0.022425,0.17756,-0.098914,-0.062591,0.035046,0.023033,-0.065619,-0.0839,-0.038858,-0.032785,0.0078594,-0.03407,0.033899,0.097013
-0.13203,-0.12177,-0.13017,-0.05766,0.17668,0.18277,0.037265,-0.13459,-0.078471,0.020536,-0.050404,-0.082184,0.11136,0.078458,-0.081633,0.17328,0.044176,-0.15835,-0.22205,-0.27264,-0.15987,0.17326,0.087322,0.11698,0.0049289,0.050934,0.21131,-0.11352,0.0041379,0.081623,0.09997,-0.012097,-0.14161,0.059802,0.099328,-0.085216,0.1692,-0.1479,0.041593,0.086672,-0.060149,-0.33246,0.010772,-0.22458,0.15203,0.051593,-0.11148,0.064231,0.075803,0.049871,-0.069803,0.14238,-0.099049,0.063642,0.01112,-0.019746,0.29384,0.076754,-0.16523,-0.11346
-0.12046,-0.14502,-0.10992,-0.17546,0.090725,0.19427,0.093112,0.0012757,0.088294,-0.14094,0.060954,0.29436,0.21284,-0.15689,0.289,0.037525,-0.030506,0.11621,0.021506,0.086113,-0.1388,-0.016212,0.032171,-0.20549,-0.044225,-0.08406,-0.10513,-0.14003,-0.048459,0.20746,-0.096521,-0.018009,-0.0096286,-0.17125,-0.12627,0.23321,-0.22074,0.094537,0.13575,0.12175,-0.079957,-0.15117,-0.096079,0.083658,-0.075171,0.067556,-0.20444,0.0058078,0.19565,0.11924,-0.19745,-0.050883,0.017877,-0.037964,0.056311,0.0062535,0.022354,-0.15063,0.015343,0.06009
-0.12036,-0.15597,0.16768,0.069995,0.091363,0.1954,0.053644,0.25337,0.091788,0.17256,-0.16423,0.027306,0.20046,0.073339,0.024661,-0.0099344,-0.022236,-0.3109,-0.032696,0.070232,-0.051316,0.12286,0.012909,0.066052,-0.11116,-0.14354,0.018695,-0.086452,-0.22234,-0.1001,0.0020214,-0.086684,0.11808,-0.085367,0.18063,-0.078181,-0.16542,0.0090159,-0.13508,-0.34958,0.16531,0.048989,-0.096128,-0.027408,-0.27998,-0.012155,-0.15404,0.099077,0.0068424,-0.081646,0.0894,-0.042077,-0.12409,0.15596,-0.07397,0.080562,-0.094066,0.081493,-0.0061142,0.07652
-0.13023,0.027967,-0.041115,-0.29107,-0.10616,-0.19102,0.16128,0.024061,0.062702,0.14922,-0.01434,-0.016491,0.078316,0.039819,0.39173,-0.030905,-0.071218,0.011908,-0.12641,0.20771,-0.026459,-0.14077,-0.013873,-0.052899,-0.070438,-0.058404,-0.094331,-0.091128,0.12146,-0.15731,0.033375,0.022759,-0.086829,-0.034657,0.09765,-0.018732,0.31394,-0.27328,0.051999,0.058558,-0.098477,0.069441,-0.10572,-0.046421,-0.059105,0.0025742,0.17433,0.19301,-0.094477,0.068698,0.20141,-0.0056066,-0.24184,-0.083756,0.052917,0.1559,0.087871,0.033347,-0.08673,0.13399
-0.13242,0.035342,0.20224,-0.094253,0.069771,-0.048051,-0.094231,-0.19618,0.24718,-0.0021804,-0.1501,-0.057816,-0.17121,0.072835,0.010313,-0.27813,0.20724,0.060572,0.0088967,-0.044625,-0.13375,0.11238,0.18906,0.038846,-0.10464,-0.21612,0.17071,-0.14509,-0.13222,-0.060961,0.081454,-0.088411,-0.20963,0.14604,0.11571,0.084818,-0.0367,0.11473,0.23872,0.032465,-0.023591,0.063388,-0.33717,0.066253,0.072748,-0.12154,0.11583,0.026278,-0.082833,0.090135,-0.084734,0.077026,0.10856,-0.075876,-0.14408,-0.034727,-0.090101,-0.060458,0.14871,-0.034007
-0.11283,-0.17473,-0.13661,-0.28678,-0.12276,-0.025395,0.058505,-0.12121,-0.26053,-0.034328,0.031173,-0.113,0.10956,0.056464,-0.020342,-0.025771,0.0057016,-0.0487,-0.066353,-0.1874,-0.15442,0.081281,0.045829,0.091877,0.11137,0.052757,0.1057,0.02342,0.047759,0.071468,0.070086,0.17211,0.12949,-0.17328,-0.12525,-0.19293,0.020398,-0.10812,-0.13262,-0.14189,-0.075774,0.12134,-0.22957,0.03833,-0.16753,0.20481,0.057991,-0.030256,-0.12013,-0.013495,-0.023325,-0.0082811,0.31596,-0.11173,0.071415,-0.06907,-0.21971,-0.10113,0.25924,0.098082
-0.1184,0.077761,0.23806,-0.19733,0.086611,-0.0075209,0.09802,-0.11937,-0.082778,-0.073431,0.096191,-0.15275,0.12751,-0.069407,0.087724,-0.33093,0.43152,-0.11974,-0.12941,0.17787,0.052665,0.070255,-0.060869,-0.10509,0.076527,0.14123,-0.11993,0.068359,-0.16365,0.079208,-0.072929,-0.03513,0.139,-0.044729,0.041434,-0.17606,-0.19796,-0.078436,-0.089803,-0.021797,0.039056,-0.1173,0.25334,0.019426,0.24343,-0.033227,0.1542,0.011914,0.057048,0.034326,-0.037915,0.020536,0.044939,0.00089567,0.099281,-0.011225,-0.035654,0.039491,-0.1422,0.023422
-0.13683,0.1486,-0.078589,0.038196,-0.16649,0.10622,-0.10774,-0.075429,0.090008,0.023996,-0.072908,0.048539,0.073834,0.038752,-0.11079,0.04799,0.13373,-0.05249,0.11304,0.13075,-0.027682,0.020698,0.068714,0.069605,0.028551,0.015695,-0.074653,-0.24771,0.25343,-0.19218,0.15424,0.21965,-0.1619,-0.0051994,-0.055145,0.063075,-0.26587,0.0015043,-0.17893,-0.11813,-0.086618,-0.0089084,0.11225,-0.0049875,0.13054,0.10721,-0.028305,-0.15511,-0.27759,0.20597,0.028692,0.011334,-0.074094,0.18548,-0.019948,-0.11041,0.12159,-0.22129,-0.084897,0.29584
-0.13015,0.069747,0.2292,-0.1182,0.13725,0.020935,-0.051937,0.049136,0.13738,-0.17406,-0.094647,-0.04594,0.17137,-0.10594,0.039723,0.0036231,-0.14544,-0.023088,0.039703,-0.14157,0.2135,-0.032753,-0.01561,0.18961,0.11611,0.065745,0.13542,-0.12391,0.090172,-0.22873,-0.51303,0.066593,-0.012212,0.024933,-0.090178,-0.14303,0.1745,0.08892,-0.18299,0.12664,-0.088078,-0.06257,-0.015143,0.0037591,-0.10316,0.0026389,0.090794,-0.11317,0.10671,0.13876,-0.085046,-0.096595,-0.054336,-0.0096669,-0.2085,-0.10562,-0.084545,-0.066798,-0.040694,-0.012241
-0.13005,-0.10984,-0.12751,0.16254,-0.026425,-0.10323,0.17404,0.026765,0.11726,0.16963,0.2465,-0.20884,-0.029813,-0.0012345,-0.073315,-0.20408,-0.14575,-0.021236,-0.074019,0.16143,-0.11677,0.10795,-0.19094,0.10417,0.0085829,0.12585,-0.19939,0.1164,-0.12824,-0.22161,0.040077,-0.1318,-0.063314,-0.038878,0.087823,0.14112,0.091872,0.037822,-0.24217,0.048072,-0.15086,0.018089,-0.19087,-0.0092703,-0.008262,-0.075357,-0.16703,-0.16099,0.17214,0.12149,-0.11196,0.045035,0.20955,-0.079175,-0.065652,-0.16441,0.14942,-0.11765,-0.10864,0.0013751
-0.14227,-0.1077,-0.011946,0.11732,0.081388,-0.1598,-0.15098,-0.021322,0.058906,0.13027,0.031709,0.14313,0.082523,-0.13006,0.039952,0.089795,0.0034862,-0.11106,0.06402,-0.098624,-0.080461,-0.17987,0.020266,-0.19565,-0.042462,0.11817,0.25672,0.080446,0.1932,0.064513,0.069514,-0.052236,0.045483,-0.14044,0.21552,0.040517,0.084503,-0.011447,-0.142,0.0093016,0.051912,0.040551,0.0278,-0.038212,0.1794,-0.30414,0.10959,0.11366,0.18545,-0.10215,-0.012222,0.20868,-0.0016377,0.08428,0.02421,-0.19936,-0.28843,-0.26488,-0.027952,0.1974
-0.14445,0.15037,-0.08699,0.038063,-0.10286,0.10243,-0.054898,0.034674,0.0014243,-0.0040684,0.010495,-0.020144,0.006241,0.031407,0.074046,-0.063915,-0.001572,-0.047497,0.080466,-0.16638,0.17169,-0.046559,0.06198,-0.12213,-0.049021,-0.040302,0.055123,0.03567,-0.0074981,0.097055,-0.076822,-0.018088,-0.042506,-0.0033763,-0.038716,0.026203,-0.12068,-0.052021,0.034421,0.0038374,-0.025416,0.13255,0.13223,-0.016846,-0.23887,0.014444,0.019686,-0.0017299,0.1698,0.16713,0.26078,0.51475,0.32554,-0.13913,-0.20695,0.076556,0.17173,0.21832,-0.1211,0.16892
