-0.12953,-0.072724,-0.23296,-0.023793,0.090418,-0.20393,0.17573,-0.041939,0.04702,-0.0042934,-0.11258,0.14829,-0.083512,0.21294,-0.10966,0.051143,-0.20757,0.066385,-0.13816,0.23564,-0.25622,0.071279,-0.16903,0.21251,-0.014248,-0.14704,0.2256,0.06299,0.034093,-0.046622,-0.12373,-0.05188,0.083366,0.018592,0.068687,0.1324,-0.013109,-0.21751,-0.0072254,-0.08161,-0.1226,-0.034582,-0.064973,0.1971,0.032424,0.15322,0.11269,0.0026457,0.052305,0.20071,0.15973,-0.16485,-0.026159,-0.070804,-0.22492,-0.034398,-0.083117,-0.12574,-0.096702,-0.082057
-0.1321,-0.11167,-0.16962,0.06192,-0.10867,0.074127,0.04905,-0.043197,0.22024,-0.11928,0.25745,-0.045962,0.13967,-0.12363,-0.046093,-0.16315,-0.11893,0.037066,0.1271,-0.058527,-0.084526,-0.15019,0.092428,0.076902,-0.019717,0.060576,0.0086219,-0.019805,-0.14468,0.067291,0.22805,-0.12005,0.07548,0.105,-0.041173,0.14516,-0.23282,0.074196,-0.19784,0.044953,0.050217,-0.09381,0.15644,0.12872,0.1224,0.26855,-0.18452,-0.32093,-0.11351,0.15098,0.050771,0.050798,0.0145,0.10015,0.01982,-0.049799,0.16881,0.13255,-0.074829,-0.15195
-0.12132,0.13017,0.036273,0.20788,0.26932,0.074949,-0.10534,0.16651,0.027994,0.34831,0.0089004,-0.10898,-0.13288,0.19569,-0.068924,-0.19471,0.12925,-0.13821,-0.020177,0.074098,-0.022062,-0.05366,0.11743,-0.23932,-0.091988,0.0053157,-0.034332,0.22564,-0.011327,-0.078635,-0.033758,-0.093875,0.18019,-0.075738,0.0067067,-0.1592,-0.27161,-0.07763,-0.013681,0.14995,0.031801,0.16311,-0.015491,0.092311,-0.02454,0.12899,0.16267,-0.089497,-0.029998,-0.066003,-0.075143,-0.26655,-0.087328,0.045762,0.027181,-0.066558,-0.0064833,0.1415,-0.079778,-0.061307
-0.12978,-0.12369,-0.064859,0.1989,0.087873,-0.04429,-0.15091,0.08306,0.053357,-0.090165,-0.017982,0.18824,-0.1054,-0.048104,-0.12432,0.16392,0.057441,0.01383,0.41816,0.020862,-0.16136,0.088679,0.17766,0.19026,0.1671,0.027735,0.30465,0.016659,0.11996,-0.09713,0.15157,-0.078958,0.13762,-0.056987,0.19804,0.077977,0.13195,-0.057722,0.10569,0.14372,0.1127,0.12038,-0.030434,-0.13694,0.12028,-0.19293,-0.024842,0.019418,-0.056041,-0.1296,-0.22626,0.018287,-0.083155,0.12931,0.0011003,0.043358,0.039653,0.050828,0.066003,-0.043486
-0.13592,-0.11328,-0.14587,0.032147,-0.070273,0.14087,-0.054094,-0.09751,0.10076,0.070498,0.11852,0.036234,0.097143,-0.029764,-0.11844,-0.010319,0.074002,-0.21908,0.017125,-0.11646,0.053078,0.070054,-0.18732,-0.020402,-0.061744,-0.21307,-0.024761,0.069911,0.14283,-0.071854,0.26559,0.19602,-0.023068,-0.035163,0.056342,-0.094533,0.21193,0.077153,0.069445,-0.010867,-0.17119,0.22736,-0.17903,-0.12025,-0.07701,0.27148,0.033794,0.036888,0.18267,-0.16808,0.26675,-0.089124,0.073083,0.075039,0.03265,-0.025752,0.27747,-0.16917,0.079407,-0.098843
-0.12252,0.067007,-0.022874,-0.0078347,-0.19431,0.19621,0.11045,-0.028147,-0.3123,-0.017165,0.42886,0.35596,-0.4925,0.090767,0.06845,-0.12625,0.035135,0.089029,-0.064529,-0.053686,0.083626,-0.20211,0.064306,0.061361,-0.00081903,-0.19628,0.14099,-0.043467,-0.11004,-0.0071513,-0.067306,-0.0022296,-0.079506,0.11931,0.078925,-0.11113,-0.035981,0.086813,0.054657,-0.027615,0.030648,-0.0064428,-0.024417,-0.017816,-0.0055978,0.0012315,0.035867,0.029664,-0.041925,-0.04998,-0.0034932,0.0077512,-0.0128,-0.021691,-0.0042394,-0.0064909,-0.027531,0.0030575,0.0063928,-0.014839
-0.11161,-0.16148,0.046656,-0.11016,0.17623,0.17601,0.33342,-0.23393,-0.15527,0.41726,0.10058,-0.27001,-0.031565,-0.065805,-0.0052171,0.10387,-0.13981,0.075378,0.087312,0.23133,-0.17111,-0.085915,-0.040333,0.090776,0.048313,0.26482,-0.077577,-0.17489,-0.083298,0.098218,0.020152,-0.0038903,-0.10604,-0.035059,0.24119,-0.021988,0.072462,-0.0039836,-0.057023,-0.0057462,0.082132,0.096782,-0.12893,-0.1137,0.0051892,-0.041642,0.010738,-0.0068957,-0.002571,-0.059,0.025489,0.044683,-0.054496,0.0091717,0.11429,0.0091846,0.069203,-0.019971,-0.089866,0.0038235
-0.12658,-0.093142,-0.080563,0.25392,0.26027,-0.01465,-0.13297,0.22602,-0.0070416,0.16031,-0.059359,0.078743,-0.073812,-0.047248,0.037691,-0.17078,0.12003,0.019822,-0.099115,0.13388,0.15745,0.059627,0.036258,0.12761,-0.1021,-0.018901,0.071135,-0.17684,-0.14674,0.14298,0.17652,-0.20595,-0.033898,-0.12593,-0.02736,-0.046658,0.020515,-0.0059588,-0.16976,-0.056614,-0.038817,-0.11554,-0.010183,0.036419,-0.149,-0.067,-0.34519,0.1924,0.1197,0.070064,0.16926,0.22494,0.060208,0.032954,0.0069417,-0.13402,-0.036419,-0.20605,0.059756,0.15035
-0.13543,0.11795,0.0039906,-0.032447,-0.12539,0.24419,-0.02654,-0.089966,-0.073245,0.030738,-0.10777,0.111,-0.15669,-0.12605,0.020609,-0.019646,-0.073054,-0.033212,0.051307,0.064113,0.11427,0.27131,0.088523,-0.029372,-0.0096766,0.061929,-0.11266,0.003097,0.15543,0.32968,0.032187,-0.065353,0.099096,-0.012414,-0.18185,0.217,0.12811,-0.059399,-0.034549,0.043818,0.13655,0.070343,-0.15621,0.18268,0.024316,-0.048691,-0.12268,-0.039921,0.19878,0.12395,0.16119,-0.23485,-0.15969,-0.074151,-0.074927,0.25203,0.053857,0.27743,0.077649,0.10722
-0.14151,0.069353,-0.073484,-0.015598,-0.028131,0.20773,-0.078554,0.095595,0.055096,-0.09136,-0.10918,-0.063652,0.11235,-0.020981,0.075037,-0.050613,-0.0035345,-0.073404,-0.20498,0.011132,0.066162,0.088637,0.016295,-0.038526,0.1687,0.0060112,0.012169,-0.078511,-0.078044,0.017259,-0.11333,-0.16051,-0.057648,-0.11035,0.3482,-0.1743,-0.013227,-0.043833,0.071503,-0.21288,0.029838,-0.26435,-0.17185,-0.32822,0.27382,0.20922,-0.1288,0.059852,-0.16407,-0.0028362,-0.070648,-0.18233,0.062319,0.0030051,-0.2177,0.11327,0.016689,0.12599,0.072817,-0.054735
-0.13371,0.066665,-0.06027,-0.00079185,-0.12641,0.32484,0.0080661,-0.15519,0.076083,0.030798,-0.034022,-0.012928,0.26685,-0.025745,0.064063,-0.30963,0.025534,0.16604,0.0016424,-0.071667,-0.078095,0.15102,-0.021842,-0.13245,0.1625,-0.021099,0.22254,0.037249,-0.025549,0.021316,-0.26055,-0.079852,0.12566,0.071669,0.19869,0.016671,0.058303,0.0094453,0.033588,0.124,-0.34403,0.19725,0.2033,0.091422,-0.10153,-0.081719,-0.077022,0.037308,0.054587,0.024047,-0.11811,0.098262,-0.11576,-0.092805,0.097477,-0.039401,-0.091825,-0.1267,-0.013589,0.13499
-0.12876,-0.095528,-0.29225,-0.0077332,0.12124,-0.04773,-0.097767,-0.064607,0.016285,0.0071038,-0.10987,0.003698,-0.091887,0.095612,0.14871,0.059919,0.00084642,0.16921,-0.075424,0.051865,-0.037008,0.031583,0.20681,-0.018933,0.036914,0.081589,-0.0030554,-0.17742,0.096221,0.2028,0.076453,0.34866,-0.061008,0.093512,-0.22912,-0.070152,-0.13964,-0.061846,0.30151,0.0023192,-0.077179,-0.075975,0.20093,-0.18704,0.03204,0.27402,-0.020135,0.042908,0.024521,-0.047359,-0.10545,-0.012372,-0.23978,-0.15252,0.21294,-0.069236,-0.0054709,0.015133,0.087103,0.013912
-0.11373,-0.19724,0.1625,-0.077591,0.20929,0.12062,0.25659,-0.10022,0.11738,-0.13608,-0.082792,-0.084513,-0.02792,0.089125,-0.022618,0.15751,0.14319,0.14709,-0.1426,-0.14562,0.2187,0.19384,-0.040932,-0.040534,-0.036818,-0.22021,0.21758,-0.047084,0.0090576,-0.043218,0.092262,0.14722,0.015003,-0.039868,0.059967,-0.11594,-0.061768,0.07993,-0.067067,0.091374,0.27682,0.028098,0.11113,-0.012251,-0.14542,-0.054378,-0.1724,-0.24222,0.16754,-0.051107,-0.094566,-0.052157,0.049969,-0.1281,-0.18506,-0.087281,-0.099295,0.12069,-0.14705,-0.061077
-0.11266,-0.1748,0.15164,-0.0080714,0.24957,0.17252,0.16986,0.043924,0.34986,-0.09927,0.10918,0.12748,-0.029895,0.29528,-0.05687,-0.033137,-0.13384,-0.13005,0.066906,-0.18543,0.0080374,-0.049471,0.20925,0.078264,0.2378,-0.086386,-0.35031,-0.12031,0.11113,0.011994,-0.1189,-0.10391,-0.13223,-0.15874,-0.1234,-0.0099871,0.069259,-0.010575,0.07167,-0.16778,-0.16712,-0.0020003,-0.022669,0.11096,-0.032048,-0.142,0.080464,-0.042535,-0.082932,0.053996,0.0070914,0.022352,-0.049427,0.0073662,0.04023,-0.0032801,-0.018288,-0.035596,0.10173,0.020496
-0.11344,-0.17731,0.050151,-0.28953,0.12233,0.067726,0.1299,0.1912,-0.14521,-0.06404,-0.11485,0.23706,0.06522,-0.27194,-0.048248,-0.004866,0.21578,-0.054359,0.0136,-0.070514,-0.10456,-0.14776,-0.03739,-0.12101,0.072733,0.144,0.0048767,0.027001,0.39314,-0.0072718,0.052931,0.0013207,-0.089539,0.081267,0.19015,0.0080817,-0.34486,-0.028506,0.05348,0.11754,-0.05684,-0.1764,-0.060391,0.19155,-0.13564,0.075822,0.017714,0.11824,0.014847,0.053213,0.056017,0.0023758,0.093992,0.078074,0.038084,0.034591,0.0025279,0.011035,0.019491,0.094272
-0.11561,-0.17263,0.17704,-0.28073,0.073941,-0.077753,-0.0642,0.077715,0.10006,0.12093,0.11006,0.1309,0.024478,-0.15393,0.11723,-0.027282,-0.12311,0.17537,0.04095,0.12805,0.008033,0.061307,0.12982,-0.23474,-0.067907,-0.11904,-0.036362,-0.027779,-0.27818,-0.28889,0.020212,0.068785,0.082406,0.001489,-0.059464,0.19432,0.0017816,0.006339,-0.048658,-0.073883,-0.14329,-0.073115,-0.053777,0.052655,0.30402,-0.010877,0.0099722,0.15112,0.35749,-0.12805,-0.13111,-0.10051,0.091403,0.012765,0.030713,-0.057353,0.013295,0.075449,0.10998,-0.023134
-0.13051,0.058186,0.22955,0.020635,0.066777,0.11958,-0.29282,-0.035031,-0.15576,-0.12649,-0.073574,-0.052985,-0.051823,-0.084259,-0.21008,0.054505,-0.12846,0.019463,-0.027152,-0.12534,-0.11293,0.050614,0.15583,0.077459,-0.37403,-0.020636,-0.14873,-0.22337,-0.078591,-0.15432,-0.03011,0.094363,-0.14555,0.19159,0.16778,0.17504,0.048743,-0.24543,0.031182,-0.051085,-0.11301,0.098144,0.005217,0.031473,-0.23405,0.087711,-0.16323,-0.075913,-0.18478,0.015921,-0.066303,-0.16299,0.035913,0.023389,0.012194,-0.046195,-0.07031,-0.063438,-0.058009,-0.036098
-0.12524,-0.14827,0.046865,0.19976,0.093271,0.016489,-0.18393,-0.020716,-0.27653,-0.032227,-0.022195,0.047062,0.097318,-0.085633,0.11061,-0.015776,-0.1148,0.24031,0.023608,0.036303,-0.042731,0.078852,-0.41643,0.0056852,0.073661,-0.15135,-0.17617,-0.21775,0.22439,-0.14908,-0.04386,-0.34991,-0.010116,0.075317,-0.21197,-0.099689,-0.1172,0.072869,-0.025512,-0.038542,0.048913,0.077601,0.068448,-0.05784,0.094189,0.0058012,0.1394,-0.2228,-0.0089124,-0.14344,-0.005511,-0.017997,-0.0088677,-0.070248,0.023543,0.022035,0.01635,0.0103,0.076087,-0.0029888
-0.13024,-0.12315,-0.094186,0.014379,-0.15983,-0.077339,0.20115,-0.086689,-0.011373,0.0042691,-0.20009,-0.12289,-0.15372,-0.065763,0.022439,-0.21038,0.43265,0.025926,0.086693,0.074768,-0.082793,0.025095,0.20537,-0.026533,-0.19047,-0.065618,-0.085295,-0.11313,0.087238,-0.28544,-0.16525,0.046809,0.16085,-0.15196,-0.07133,0.11432,0.1052,0.076519,-0.089213,-0.019969,-0.045725,-0.16008,-0.052315,-0.072841,0.067342,-0.06302,0.014884,-0.18037,-0.23351,-0.059276,0.18859,0.021888,0.012269,-0.17415,0.055495,0.10155,0.023139,-0.088752,0.065436,-0.025349
-0.12274,-0.15414,0.066348,0.24896,-0.077731,-0.157,0.083586,-0.060567,-0.24821,-0.081087,0.084516,-0.22061,0.067658,-0.091364,-0.12491,0.075511,-0.078937,0.027788,0.0038594,0.0061221,0.11821,0.049441,0.083965,-0.21517,0.096493,-0.21758,-0.0082675,-0.010916,-0.040111,0.057987,0.10046,0.0737,0.15873,-0.17647,0.025587,0.17085,-0.22934,0.25753,0.17462,-0.18639,-0.12859,0.060131,-0.2026,0.0076347,-0.12405,0.0018146,0.057799,0.18497,-0.10552,0.2713,-0.095728,0.056217,-0.17899,0.10236,-0.073623,0.049528,-0.070221,0.0064626,-0.061293,0.018911
-0.12165,-0.17739,0.036958,-0.15307,-0.040246,-0.07337,0.049585,0.082548,-0.28956,-0.16391,-0.0017619,-0.23081,0.071849,0.28656,0.14679,-0.19407,-0.019342,-0.13973,0.13901,-0.13428,-0.032029,-0.12334,-0.0034339,0.17056,-0.21933,-0.065225,-0.057059,0.13095,0.13452,0.14771,0.034697,-0.032892,0.065671,-0.11684,0.10484,0.078234,0.055097,-0.099145,-0.2208,-0.091711,0.076181,0.1405,0.23142,-0.016701,0.10955,0.13362,-0.0084011,0.23671,0.10029,-0.095987,-0.15561,0.030943,-0.060633,-0.075367,-0.11222,-0.035072,0.020204,0.079975,0.14921,0.13223
-0.12189,-0.1514,0.14178,0.21738,0.019744,-0.050076,0.035888,-0.10893,0.015905,-0.15226,-0.0074788,0.25578,0.068947,0.29674,-0.041762,-0.15954,0.024941,-0.15141,-0.073796,-0.099865,-0.12833,-0.01399,-0.18709,-0.2573,-0.16561,0.45211,0.003939,-0.13685,-0.13263,-0.03798,0.021865,0.0041315,0.1572,0.18429,0.022772,0.092275,0.12848,0.13284,0.11924,0.037738,0.14257,-0.10614,-0.062631,-0.17135,-0.003034,-0.028718,0.076206,0.081044,0.13126,0.10493,0.052661,0.036096,-0.026999,-0.050754,-0.01577,-0.010873,0.01136,0.059894,-0.080804,0.033712
-0.13578,0.14228,-0.019126,-0.047209,0.039009,-0.16276,0.069892,0.061664,0.048795,-0.12122,0.10397,-0.037197,0.025044,-0.097235,0.054463,0.020146,0.11507,-0.11437,-0.24864,0.11557,-0.11343,0.044307,0.099324,0.07042,0.17693,-0.10768,-0.17528,0.11079,-0.013357,-0.06241,0.045466,-0.061683,-0.071692,0.27062,0.049212,0.14662,0.073484,0.096512,-0.12191,0.15935,0.12737,0.10542,-0.20291,-0.18316,-0.024698,0.025729,0.041874,-0.16753,0.024418,0.081228,-0.11993,-0.04649,-0.18104,-0.045644,-0.0029997,-0.32246,0.03846,-0.090368,0.11205,0.42085
-0.11516,-0.2024,0.090018,-0.1824,0.13124,0.11806,-0.11658,0.10025,0.019776,-0.14774,0.013166,-0.13427,-0.22466,-0.17845,-0.22909,0.12445,-0.018319,0.085832,0.026321,-0.035974,0.13674,0.088317,-0.016916,0.14283,-0.098777,0.19847,0.078682,0.38665,-0.11432,0.097236,-0.25903,-0.18773,0.068748,0.040603,-0.16731,-0.034435,0.014887,0.20401,0.03852,-0.0020406,-0.1265,-0.0049078,0.12055,-0.25237,0.017849,0.060184,0.14001,0.059951,-0.031017,0.10018,0.15222,-0.01738,-0.012614,-0.066765,0.038681,-0.064427,0.11555,-0.091148,-0.074299,0.011525
-0.13474,-0.14154,-0.031995,0.0087187,-0.11682,-0.03548,-0.2571,-0.046003,0.027344,-0.039965,0.062447,0.035444,-0.08228,-0.067547,0.045527,-0.069871,-0.095289,0.024718,-0.069296,0.15548,-0.064431,0.096954,-0.063182,0.097664,-0.10639,0.12574,-0.14089,0.17073,0.039975,-0.064323,-0.042669,0.19218,-0.085946,-0.29988,0.13987,-0.26154,0.18151,0.092869,0.0088184,0.031808,-0.07178,-0.23554,-0.074901,0.25238,-0.13815,0.050385,0.10948,-0.22521,0.06815,-0.033174,-0.19499,0.26039,-0.12743,0.079227,-0.10304,-0.037821,-0.012086,0.20733,-0.12113,0.13891
-0.13289,0.13253,-0.040902,-0.030277,-0.043511,-0.017899,0.18379,0.16998,-0.045634,-0.088312,-0.26126,-0.0055026,-0.12746,-0.020033,-0.08015,0.046139,-0.26309,-0.24485,0.081197,0.23651,-0.026636,0.048328,0.052917,-0.12468,0.062694,0.053357,0.087221,-0.098006,0.008312,-0.18742,0.024189,0.069848,0.060974,0.21786,-0.041065,-0.30113,0.066724,0.27548,-0.076422,-0.24946,-0.068034,0.2132,0.19072,0.11243,-0.044685,0.0099426,-0.12868,0.015157,-0.080347,-0.0039552,0.029589,0.084723,0.13995,0.0014014,0.050285,-0.066232,0.07343,0.21551,0.094639,0.066554
-0.13257,0.14121,-0.092325,-0.064866,0.094143,-0.10336,0.10779,0.0018619,-0.042677,0.024885,-0.19207,0.0097096,-0.015636,0.10288,-0.15699,-0.1846,-0.21977,0.096077,0.28904,-0.1522,0.049712,-0.0072433,-0.092129,-0.049612,-0.0069421,-0.16348,-0.062623,0.099645,-0.019466,0.10871,-0.18497,0.10053,0.032385,0.17909,-0.10677,-0.095512,0.013478,0.069691,-0.19345,0.10465,0.065945,-0.29181,-0.29128,-0.12969,-0.11542,0.051494,-0.1516,-0.033562,0.079075,-0.074757,-0.24131,0.022475,-0.023645,0.21112,0.12332,0.15757,0.029682,-0.19286,-0.031636,-0.040244
-0.12224,0.12621,0.12241,0.23013,0.18972,-0.072753,0.1196,0.28428,-0.072018,0.033984,0.21797,-0.056452,0.06873,-0.032326,0.026446,-0.14936,0.11307,0.018661,0.16402,0.097433,0.1591,0.29473,-0.15131,0.048468,0.16119,0.044396,-0.01241,0.096602,-0.020034,0.055823,-0.088535,0.32651,-0.23842,0.15457,0.096233,0.25704,0.12736,-0.021146,0.046965,-0.046018,0.024444,-0.10194,0.17617,0.10982,0.061496,0.10332,0.12312,-0.027848,-0.11179,-0.026504,0.042256,0.044226,0.13327,-0.12804,-0.01807,0.12184,0.04456,0.025354,-0.0090915,-0.078033
-0.13569,0.14365,0.0035162,-0.052854,-0.0052016,-0.085542,0.11234,-0.0086744,0.12043,-0.076567,0.10786,0.0073018,-0.067071,-0.073284,-0.12924,0.067043,-0.03225,-0.2165,-0.29288,0.10472,-0.11545,0.091582,-0.18286,0.072421,-0.091132,-0.082719,-0.0012279,-0.05703,-0.072324,0.082944,0.08267,-0.16428,0.049281,-0.19207,0.046346,0.16257,-0.062619,0.081869,-0.051427,0.15207,-0.079268,-0.12292,0.19821,-0.098607,-0.23682,-0.037191,0.061992,0.081089,0.0095536,-0.18983,-0.18408,-0.0066727,-0.0061514,-0.054466,0.3344,0.27749,-0.080829,0.1184,0.21448,-0.18594
-0.13014,0.12357,0.034422,-0.043229,-0.23027,0.11288,0.02036,0.29936,0.025644,0.065838,0.098091,-0.063718,0.053119,0.1451,-0.18199,0.217,0.017819,0.013542,0.10029,0.10552,-0.18195,-0.074639,-0.11019,-0.256,-0.11947,-0.11388,0.060398,-0.054313,0.097745,-0.047679,-0.21005,-0.070529,-0.22515,-0.27359,-0.10463,0.11755,0.055772,0.00033136,0.22739,0.051168,0.23292,-0.030773,0.12125,-0.040765,0.09234,0.098221,-0.24031,-0.060858,0.13048,0.1129,0.048969,0.10973,-0.083902,0.065047,0.079865,-0.10097,0.022267,-0.098308,-0.060653,0.092472
-0.13785,0.12615,0.035433,-0.055387,-0.15785,-0.031149,0.10349,0.04025,0.013238,0.073004,-0.1093,0.13698,0.11759,-0.053744,0.069668,0.045563,0.15713,0.095287,0.039479,0.0022061,0.1611,0.1014,0.13841,0.13458,0.0098917,0.10613,-0.12572,-0.13431,0.033394,-0.018131,-0.04084,-0.12138,0.007217,0.020874,0.026765,-0.0032303,0.13381,0.10751,-0.10895,-0.093002,0.11564,0.044989,0.16663,-0.030622,-0.11403,0.2126,0.26144,0.091383,0.11391,0.013234,0.039925,-0.036005,-0.2116,0.41905,-0.031164,-0.19605,-0.27652,-0.037815,-0.066864,-0.32001
-0.1356,0.13492,-0.027422,-0.078176,-0.070153,-0.084168,0.097595,0.15753,-0.0037896,0.049713,-0.064752,0.034904,0.025767,0.17459,0.05024,0.11513,-0.12746,0.28336,0.1006,-0.035385,0.10175,-0.055791,-0.10537,-0.026125,-0.07584,0.040459,-0.23555,0.056332,-0.1402,-0.0022395,0.2196,0.045644,0.082274,-0.03623,0.18443,-0.019195,-0.06222,0.057988,0.13251,0.30251,-0.23379,-0.067309,0.16133,-0.10603,-0.056337,-0.22114,-0.053967,-0.069294,-0.15669,-0.084483,0.28752,-0.099193,-0.11074,0.076858,-0.2789,-0.0069195,0.039938,0.040636,0.19356,0.10136
-0.13289,0.11983,0.062318,-0.06797,-0.17981,-0.091674,0.037373,-0.092686,0.014027,0.22666,-0.077363,0.17168,0.03707,-0.068271,-0.34213,0.013338,0.088237,-0.16282,0.15002,-0.074052,0.21859,-0.033932,-0.067309,0.043358,0.083018,0.097798,0.067987,-0.15325,-0.11041,-0.03637,0.10074,-0.047449,-0.10925,-0.086562,-0.14418,0.0081985,-0.17676,-0.22598,-0.11246,-0.13715,-0.15143,-0.027913,0.086427,-0.12846,-0.022584,0.0409,0.14832,-0.077377,0.044423,-0.058791,-0.20984,0.091131,-0.12519,-0.27835,-0.25603,-0.022729,0.13353,-0.013786,-0.10666,0.17907
-0.13001,0.13755,-0.091028,-0.067241,0.1768,-0.069032,-0.19627,-0.25134,0.081982,-0.046988,0.042339,-0.11656,-0.074952,-0.0087974,-0.044093,0.16265,0.1801,-0.077215,0.12725,-0.062417,-0.056041,-0.095288,-0.12788,-0.079565,0.082237,-0.11474,-0.010797,-0.2253,-0.077915,0.16502,-0.3109,-0.0020006,0.055656,0.058632,-0.013482,0.10523,-0.010918,0.087551,-0.036033,0.14183,-0.012673,-0.033744,-0.092407,0.17784,0.0060594,0.061146,-0.0014321,0.23076,-0.088034,-0.20551,0.14019,0.19433,0.049092,0.016135,-0.20998,-0.26563,0.043388,0.28639,0.060997,-0.057099
-0.13717,0.12394,-0.10802,-0.068777,0.091286,-0.11034,0.051825,0.025749,-0.075511,-0.092797,-0.11987,0.023523,0.090448,-0.034584,-0.064749,-0.15105,-0.13619,0.085,0.020159,-0.15843,0.048756,-0.074518,0.11909,-0.051616,-0.063712,-0.029903,0.16498,-0.028122,-0.058598,0.15231,0.16433,-0.10473,-0.1833,-0.20792,-0.026828,0.065958,0.13909,0.041381,0.10394,0.070822,-0.05472,0.12578,-0.16077,-0.055324,0.14173,0.061218,0.24135,-0.14504,-0.046785,-0.12521,0.16213,0.029713,0.29738,-0.036473,0.20853,-0.061075,-0.33686,0.18828,-0.21731,0.19633
-0.13222,-0.11035,-0.19289,0.013636,-0.13439,0.066687,-0.08019,0.17113,0.1589,0.17087,-0.026703,-0.062808,0.19638,0.092854,-0.0048986,0.052498,0.082189,0.19254,-0.058843,-0.010036,0.050883,-0.15517,0.010264,0.16765,-0.090086,-0.19696,0.0090807,-0.062423,-0.0013702,-0.060984,-0.03781,-0.012244,-0.0064486,0.21437,-0.0021301,0.021522,0.082833,-0.0011631,0.0097946,-0.10736,0.12573,-0.081094,0.0012725,-0.020002,-0.23236,-0.21422,0.21323,0.22221,-0.032834,0.12411,-0.04892,-0.11914,0.103,-0.011426,0.14599,0.10354,0.26087,0.33439,-0.21235,0.15471
-0.13004,0.10932,0.095396,0.11039,-0.0069127,0.21076,-0.084972,-0.025899,-0.15263,0.31791,-0.081385,0.032665,0.080656,0.045952,-0.17776,0.10704,-0.11987,-0.0080169,-0.32943,-0.26127,-0.16383,-0.038207,0.087688,0.21933,0.12183,0.010869,0.021263,0.12542,0.17377,-0.10413,0.065077,0.2403,0.17892,-0.012932,-0.13501,0.14703,0.0032792,0.21167,-0.13975,0.016053,0.02742,-0.18084,0.091895,0.0042923,0.25792,-0.060537,-0.028708,0.054123,-0.044986,-0.038683,0.034219,0.1304,0.1008,0.024812,-0.049237,-0.058434,-0.10867,-0.014704,0.034725,0.016455
-0.12868,-0.058859,-0.030997,0.21613,0.10344,0.0029711,0.17934,0.10132,-0.092681,0.04972,-0.055208,0.20665,0.21138,-0.33919,0.3472,0.23808,-0.045195,-0.3179,0.053215,-0.17259,-0.063232,-0.19486,-0.016628,0.090556,-0.16915,-0.1151,0.016322,0.049923,-0.24188,0.091509,-0.27683,0.13075,0.080958,-0.075837,-0.083026,-0.10786,0.048636,-0.078271,0.043479,0.054418,-0.055293,0.031794,0.039133,-0.036632,0.015415,-0.051907,-0.024247,-0.12507,0.024028,0.055113,0.0061966,-0.078947,-0.098407,-0.033247,-0.015365,0.026113,-0.018532,0.022312,-0.03549,-0.0042314
-0.14008,0.12209,-0.094569,-0.06496,0.047341,0.02908,0.028106,-0.022384,-0.013915,-0.030666,-0.13049,0.027892,0.12868,-0.037987,-0.0016435,-0.065251,-0.083526,0.044697,-0.041603,-0.11279,0.13104,0.011114,-0.039102,0.027202,-0.18765,0.071917,0.077891,0.11437,-0.05212,-0.10836,0.10451,-0.066542,-0.24176,-0.052161,0.033174,-0.040628,-0.018472,0.1098,0.090896,-0.0017655,0.20635,0.026356,-0.19838,0.29489,0.13805,-0.18529,0.047189,0.13724,-0.16332,0.054203,-0.07469,0.029276,-0.28637,-0.29766,0.12659,-0.2129,0.17513,-0.096648,0.188,-0.32002
-0.12898,-0.13818,-0.10117,-0.0024805,-0.22196,-0.020005,-0.019635,0.0099985,-0.070885,0.10749,0.040917,-0.092439,-0.003548,0.21305,0.12499,0.30365,0.18056,-0.091131,0.14091,-0.20355,-0.20395,0.36159,0.056744,0.023066,0.041463,0.080518,-0.07097,0.057897,-0.24893,-0.021987,0.10098,-0.17069,-0.1964,0.13455,-0.096802,-0.16881,-0.10311,0.10307,-0.049175,0.10866,-0.07294,-0.03482,-0.097648,0.20891,0.012275,0.082769,-0.023515,0.080548,-0.018231,0.023047,-0.070532,-0.076749,0.18445,-0.095489,0.02071,0.13383,-0.19604,-0.095677,0.0010836,0.051116
-0.12926,0.14891,-0.025988,-0.068345,0.11224,-0.20264,0.034183,-0.24833,-0.0051131,0.10413,0.25786,0.027049,0.13365,-0.086339,-0.017404,-0.090405,0.031547,-0.049635,0.10478,0.026017,-0.055592,0.052919,0.070888,0.044673,-0.075372,-0.059373,-0.15669,0.28432,0.2153,-0.15891,0.059471,-0.15403,-0.01538,0.13655,-0.060199,-0.15725,0.026821,-0.094244,0.21828,-0.1308,-0.01058,-0.068942,0.070272,-0.19345,-0.041773,-0.12021,-0.31814,0.12129,0.05835,0.08073,0.10037,0.091889,-0.0033114,-0.1372,-0.052688,0.0037525,-0.23202,0.20523,-0.15325,-0.12432
-0.13639,0.13947,-0.012526,-0.059301,0.017419,-0.073981,0.12093,-0.080546,0.033559,-0.14734,0.21788,-0.0069411,-0.0095087,-0.04198,0.026879,-0.017044,0.057618,0.037294,-0.036903,-0.057882,0.113,0.16302,-0.23196,0.14264,-0.015892,0.19253,-0.0019613,-0.13522,0.049143,-0.11571,-0.014529,0.1292,0.20688,-0.21618,-0.16624,-0.13161,-0.045325,-0.12577,-0.00023136,-0.0089615,0.011775,0.03627,0.0013202,0.13191,0.1677,-0.056951,-0.1575,0.1986,-0.22098,-0.027908,-0.081028,-0.30585,0.036597,0.24045,0.18747,-0.11722,0.078763,-0.083031,-0.2078,0.25686
-0.13303,0.1326,-0.091554,-0.052579,0.10184,0.071059,-0.17141,0.034026,-0.10221,-0.16889,-0.004241,-0.0035741,0.014461,0.12546,0.17633,0.25811,0.0025075,-0.0016,0.046209,0.079068,0.17571,-0.29944,0.013018,-0.088603,0.27576,0.11232,-0.080126,0.081278,-0.018379,-0.19883,0.099938,-0.046685,0.17257,-0.080511,0.069249,0.16155,0.1449,0.044964,-0.1574,-0.064193,-0.019385,-0.05627,-0.011475,0.09807,-0.14914,0.12241,-0.11017,-0.011453,0.050479,-0.11984,0.05516,-0.036885,-0.095535,-0.27968,0.12423,0.14625,-0.035722,-0.16085,-0.32625,-0.057858
-0.12918,0.144,-0.082371,-0.013486,-0.020039,0.12492,0.031522,0.29537,0.00057924,-0.16118,0.29587,-0.22773,0.096714,-0.026156,0.020985,0.037984,0.0022224,0.1356,-0.01353,-0.02371,-0.13821,-0.033331,0.03315,-0.037904,-0.05048,0.2363,0.18147,-0.11975,0.11905,-0.0040527,0.016628,0.12086,0.11382,-0.0016051,-0.24191,-0.12347,-0.0057813,-0.1896,-0.17816,-0.076428,-0.12461,0.026008,-0.29371,-0.10792,-0.17377,-0.15541,0.12551,-0.061015,0.12501,0.01165,-0.001828,0.061907,0.032548,-0.078235,-0.17646,-0.025006,-0.13464,0.022708,0.20067,-0.17824
-0.13329,-0.1151,-0.17893,0.075605,-0.078331,0.10449,-0.029716,-0.004503,0.28607,-0.038026,0.044296,-0.092039,-0.0020549,-0.16286,-0.10736,-0.039091,-0.094569,-0.082333,-0.010281,0.14297,0.10952,-0.15676,-0.030128,-0.022074,-0.15355,0.032594,-0.086603,0.030829,0.013699,0.04193,-0.027007,0.068483,-0.0015319,0.1916,0.01185,0.020141,-0.13433,0.058849,0.11899,-0.091651,0.26365,0.080153,0.046991,0.1229,0.092559,-0.1081,0.072784,0.093255,-0.022588,-0.34085,-0.0037,-0.013353,-0.028276,0.0054834,-0.21343,0.20702,-0.36999,-0.28791,0.0020669,0.17487
-0.12787,0.15075,-0.10838,-0.087959,0.19036,-0.060499,-0.096374,-0.27211,-0.06249,0.065548,0.091153,0.053263,0.092441,0.12203,0.16948,0.15778,0.051091,-0.0099563,-0.003366,-0.042118,0.022875,0.064884,0.11448,-0.17145,-0.15259,0.084311,0.2347,0.13146,0.04945,0.050537,-0.034934,-0.083155,-0.063518,-0.031803,0.039505,0.12905,-0.062481,0.064471,-0.00054547,-0.40157,0.052236,-0.093699,0.12266,0.032078,-0.12237,-0.12198,0.10277,-0.26207,-0.025831,-0.037933,0.0090914,-0.023365,0.10836,0.26744,-0.020159,0.080283,0.18796,-0.13775,0.22343,0.16689
-0.12958,0.10547,0.23967,0.13333,-0.12652,-0.074996,0.047738,0.029072,0.1443,-0.057233,-0.015755,-0.0052207,-0.086255,0.0028519,-0.010303,0.24445,0.061607,0.10736,-0.029049,-0.031317,-0.0074751,0.060358,0.011804,-0.12205,-0.14542,-0.12748,-0.097936,0.036044,0.11912,0.3049,0.081132,-0.037915,0.22842,0.18241,0.27311,-0.19235,-0.040691,-0.23193,-0.10181,-0.17271,-0.082034,-0.074474,-0.040393,0.071811,0.28044,-0.048095,0.11433,-0.05012,0.048957,-0.03982,0.081539,0.23745,-0.03533,-0.08256,0.26823,-0.058536,0.066652,-0.080999,-0.1065,-0.0011782
-0.1307,0.045315,0.14584,-0.05348,-0.11972,-0.077933,-0.066604,0.055006,0.16406,0.1412,-0.11188,-0.33678,-0.36418,-0.13441,0.33694,-0.16428,-0.16373,-0.17734,0.073398,-0.29631,-0.056,-0.030119,-0.17339,0.050339,0.15594,-0.0085434,0.16394,-0.074699,0.050413,-0.090597,0.13308,-0.069413,0.037765,0.053288,0.022122,0.11423,0.0032486,-0.058443,0.24674,-0.069797,0.045619,-0.17548,0.035712,0.011052,-0.11809,-0.053814,0.062601,-0.050718,0.10364,0.059871,0.057867,-0.034665,-0.027139,0.032676,0.00044998,-0.11864,-0.01691,-0.066483,-0.049129,-0.01376
-0.12817,-0.13598,-0.0064421,-0.0081408,-0.17465,-0.3213,-0.20095,0.053689,0.037709,0.064987,-0.010734,0.095481,-0.041099,-0.038555,-0.1259,-0.10065,0.064598,0.10273,-0.046998,-0.12006,-0.15589,-0.09101,-0.076819,-0.040145,0.24041,0.10502,-0.079975,0.062047,-0.048559,0.22375,-0.16482,0.18638,-0.11556,-0.13127,0.14269,-0.027653,-0.096981,0.10037,-0.18278,-0.23373,0.085679,0.21333,0.034643,-0.048048,-0.065948,-0.22032,-0.19346,-0.10207,0.067922,-0.037099,0.10583,-0.29343,0.042718,-0.097708,0.11061,-0.092106,-0.063359,0.015894,0.035667,-0.14783
-0.12662,-0.14499,0.099147,-0.10061,-0.12812,-0.15561,-0.18422,-0.021314,0.086348,0.12258,0.13637,0.072182,0.081647,0.1216,0.20038,0.033738,-0.30395,-0.2032,-0.013808,0.098904,0.28296,0.15465,0.14391,-0.047066,-0.052531,0.0047424,0.17342,-0.12375,0.24559,-0.063387,-0.19043,0.06769,-0.061201,0.0017833,0.06417,0.0096033,-0.17446,-0.016446,-0.24049,0.30362,0.049814,0.069473,-0.063239,-0.16832,-0.0087238,-0.024555,0.024228,0.031511,-0.19855,0.085502,0.17562,0.10313,0.0089851,-0.051313,0.064516,0.048289,-0.019821,-0.047398,-0.056174,-0.035178
-0.12451,-0.14143,0.08936,0.21331,-0.092943,-0.2148,0.076186,-0.11446,-0.15665,-0.072965,0.043597,-0.23051,0.080754,-0.023413,-0.19392,0.020928,-0.029618,-0.02587,-0.1918,0.010959,0.17337,-0.1981,0.22121,-0.076717,0.15061,0.067612,0.16356,-0.011428,0.057548,-0.024473,-0.078132,-0.14685,-0.17797,0.12464,-0.069211,-0.15896,0.23813,-0.15765,0.038616,0.21226,-0.1079,-0.206,0.11068,0.19484,0.067844,-0.049042,-0.042978,-0.0052487,0.16369,-0.14653,0.072087,-0.21177,-0.051918,0.12029,0.0053792,0.036695,0.11008,-0.0020496,0.10428,-0.025117
-0.12922,0.02936,0.17582,-0.22103,-0.055699,0.1189,-0.16451,-0.02391,-0.20316,-0.15657,-0.07252,-0.047077,0.22974,0.17167,-0.041065,-0.14618,0.11545,-0.23332,0.058525,0.32679,-0.034459,0.027634,0.056651,0.2686,0.12837,-0.1276,0.0081574,-0.048897,-0.22376,0.11234,0.048974,0.10601,0.12249,0.033075,-0.085706,-0.082397,-0.20887,-0.027314,0.2452,0.024191,0.065383,-0.080628,-0.043371,0.023296,0.024622,-0.22655,0.068085,-0.15421,0.11467,-0.042558,0.14332,0.022509,0.052573,0.080644,0.081942,-0.047369,0.041072,-0.09699,-0.076571,-0.11108
-0.13217,0.06556,0.18048,0.16435,0.0083323,0.16484,-0.014412,-0.22912,0.096778,-0.21299,-0.1466,0.0066297,-0.054565,-0.054882,0.094006,-0.034223,7.7241e-05,0.095619,0.081069,0.094686,-0.23209,-0.053195,-0.039523,-0.11556,0.1074,-0.10378,0.068592,0.20359,-0.14491,-0.13194,0.13603,0.14133,-0.31761,-0.10305,-0.13242,-0.083716,-0.11286,-0.18708,-0.29847,0.010359,0.099916,-0.032587,0.089089,-0.13232,-0.035668,-0.0093802,0.13088,0.26056,-0.052634,0.065476,0.22898,0.013804,-0.12341,0.11624,0.027665,0.093496,-0.021217,0.050656,0.020002,0.087268
-0.11547,-0.16506,0.18775,-0.31383,0.052654,-0.10183,-0.10057,0.08859,0.0083481,0.16587,0.034884,0.070958,0.063568,-0.019851,-0.022697,-0.051576,0.10721,0.033781,-0.13536,-0.0058719,-0.076593,-0.074952,-0.11291,-0.17619,0.10445,-0.10027,0.12796,0.024719,-0.11879,0.14182,0.16166,-0.011899,0.14409,0.09064,-0.19329,-0.10939,0.35601,-0.1331,0.029097,-0.029176,0.10681,0.10013,0.0016261,0.081575,-0.029334,0.11382,-0.044735,-0.048802,-0.44334,0.058666,-0.032708,0.10712,-0.15518,0.070883,-0.065003,0.19663,-0.079877,-0.03152,0.070883,-0.027278
-0.1241,0.077924,0.328,0.092118,-0.063838,-0.016112,0.0097816,-0.063506,0.19744,0.028421,-0.12147,0.0048745,-0.0073825,0.11907,0.20281,0.032609,0.18022,0.076276,0.0042335,0.22716,0.046018,-0.27638,-0.12039,0.19537,-0.14941,0.067525,0.14618,0.065023,0.17031,0.11925,0.035966,-0.0098223,-0.2001,0.075502,-0.12697,0.099037,-0.02755,0.26282,0.036318,-0.0055434,-0.32308,0.12943,-0.18714,-0.013777,0.1007,0.054118,-0.1783,-0.031249,-0.034425,0.0065256,-0.21727,-0.087781,0.061426,0.055756,-0.069724,0.068411,-0.02613,0.040307,-0.031373,-0.062672
-0.13464,0.14033,-0.091416,-0.068992,0.14971,-0.028087,-0.16928,-0.13419,0.02196,-0.0083497,0.033015,-0.082747,-0.079223,-0.058866,-0.088605,0.0085385,0.10016,-0.023208,0.094277,0.0098204,0.087999,-0.18532,-0.068673,-0.010991,-0.018836,-0.049032,-0.09774,-0.18305,0.028445,-0.017659,0.052147,0.1008,0.013791,-0.039068,0.12998,-0.18009,0.11471,0.090799,-0.054684,0.17128,0.019552,0.046801,0.17899,0.014465,0.20406,-0.055137,0.1597,-0.025658,0.15951,0.59324,-0.12007,-0.065277,0.18062,-0.047184,-0.013911,0.17423,-0.10593,-0.1394,0.15521,-0.010235
-0.13352,0.089454,0.22524,0.11103,-0.1193,-0.099354,0.070676,-0.11039,0.084642,0.021327,-0.038954,0.076055,0.069441,-0.050062,0.044641,0.0036369,-0.098356,0.2345,0.015309,0.02306,0.016458,-0.08068,0.14863,0.14393,0.086177,0.083702,-0.071045,0.088185,-0.057409,-0.029925,-0.1096,-0.04105,0.21181,-0.14533,-0.011542,-0.082711,-0.052661,-0.092299,0.21514,0.066578,0.28016,0.1096,-0.067394,0.057919,-0.24821,0.31319,0.0062629,0.083283,0.018736,-0.00034868,-0.017624,0.089774,0.38116,-0.16997,-0.015344,0.014782,0.12623,-0.090979,0.27241,0.05999
-0.13448,-0.12037,-0.19615,0.0096632,-0.049058,0.028929,0.035946,-0.015512,-0.044845,-0.0062516,-0.14072,-0.052113,-0.12082,0.1016,-0.013176,0.065818,0.10003,-0.022363,-0.15732,-0.064055,0.28751,-0.051753,-0.18443,0.045097,0.092437,0.11769,-0.10553,0.16596,-0.12653,-0.21396,-0.098446,0.034938,-0.030514,0.073674,0.00082978,0.17421,-0.10961,-0.33844,0.065368,-0.018088,-0.031034,0.24676,-0.11007,-0.028222,0.096299,-0.038946,-0.11639,-0.12363,0.066265,0.092608,-0.020804,0.32825,0.050641,0.25467,0.16789,0.074234,-0.090386,0.18341,0.16045,-0.059127
-0.13613,-0.11646,-0.14689,0.049467,-0.12717,0.14407,0.050457,-0.068781,-0.067471,-0.014983,-0.080149,0.064174,-0.082591,-0.042577,0.090221,0.020228,-0.064456,-0.075045,-0.026268,0.18788,0.029142,0.011132,-0.013929,-0.26886,0.032981,-0.02078,-0.17633,0.15012,0.084545,0.19559,0.10729,-0.02966,-0.013695,-0.034873,-0.12289,0.1248,0.13259,-0.16518,-0.023697,0.095181,-0.020624,-0.072699,0.10773,-0.086755,-0.060657,-0.19196,0.047455,0.04954,-0.1741,0.023268,-0.2779,-0.052906,0.38723,0.014567,-0.12144,-0.3523,0.0532,-0.1261,-0.1168,-0.21466
-0.13669,0.13596,-0.060543,-0.061438,0.079684,-0.1561,0.025092,0.089229,-0.013711,-0.086488,-0.046432,-0.017663,-0.083093,-0.059461,0.098833,-0.095442,0.0045054,0.062655,-0.25788,-0.12812,-0.19268,0.081659,0.18284,-0.027353,0.011677,0.031983,-0.11471,-0.084615,-0.0053227,0.015194,-0.028372,-0.047683,-0.1097,-0.035825,-0.047954,-0.013742,-0.06085,0.046052,0.053985,0.1019,0.0069857,0.28753,0.059901,-0.010289,0.090441,-0.091757,0.0069468,0.071335,0.11121,-0.072318,-0.036097,0.22331,0.031081,0.10809,-0.25782,0.31353,0.36715,-0.13395,-0.35336,-0.14179
