-0.13825,-0.018156,-0.15139,0.16908,-0.0070889,0.19133,-0.10033,0.017397,-0.11587,0.048526,0.052319,-0.18544,0.04059,-0.1166,0.10455,-0.052286,0.027416,-0.095793,0.069993,-0.29644,0.14501,-0.092048,0.16974,0.073994,-0.047772,-0.15088,0.060649,0.11156,-0.074781,-0.30818,0.043612,0.14295,0.22728,-0.12036,-0.19926,-0.067516,-0.079996,-0.086958,0.18985,0.032431,0.15973,0.047995,0.093989,0.037823,-0.35745,-0.019589,-0.028708,-0.095853,-0.016008,-0.0010306,-0.1102,-0.057777,-0.1068,-0.064814,0.1355,0.1242,0.17978,0.14903,0.064736,0.089935
-0.14323,0.04791,-0.1707,0.1105,0.10648,-0.015354,0.052999,0.14571,0.086103,-0.020638,-0.080048,0.13322,-0.05674,-0.071366,0.17614,0.026612,-0.12382,-0.072745,-0.067535,0.21675,-0.049482,0.034153,-0.13515,0.085545,0.11282,0.18924,-0.11301,0.036913,-0.0066631,-0.0038796,-0.1068,-0.00016552,-0.13103,-0.039168,-0.27694,-0.10426,-0.12338,0.025798,-0.071576,0.12374,0.23929,0.19832,-0.070363,0.076304,-0.035828,-0.29417,-0.10872,0.055201,0.26374,-0.33838,0.068264,-0.042075,0.21147,0.0056564,0.20314,0.10409,0.029888,-0.10216,-0.036959,-0.00073273
-0.12037,-0.079168,0.24597,0.10583,-0.0115,0.16504,0.10061,-0.13145,-0.11361,0.030518,-0.15017,-0.0091132,0.3558,-0.083948,-0.09047,0.014284,0.1394,0.042503,0.21676,-0.060896,-0.16838,-0.050901,-0.1311,0.076089,-0.030999,0.055225,0.16059,0.041607,-0.16187,-0.034098,0.16849,0.10044,-0.11303,0.27627,0.0076271,-0.061867,0.14376,-0.011032,-0.02772,-0.21261,-0.076421,0.016532,-0.26464,0.011551,-0.021831,-0.11045,-0.097166,-0.021143,0.12194,-0.23819,0.10097,-0.14735,0.040501,0.054048,-0.057122,-0.16437,0.16157,0.11976,0.11259,-0.031315
-0.11764,0.16749,0.072361,0.14328,0.17816,0.066703,-0.12431,-0.030716,0.057742,-0.22908,-0.12578,0.18236,0.0079492,0.10789,0.15772,-0.2993,0.095036,0.34653,0.11153,-0.11753,0.2064,-0.069113,-0.13725,0.048746,-0.1065,-0.033167,-0.29707,0.20206,-0.068057,-0.20767,0.059306,0.048916,0.10208,-0.097964,-0.0033522,-0.020463,0.048004,0.11455,-0.093199,-0.01351,-0.013019,-0.082593,0.064796,-0.055057,0.142,-0.15438,0.1344,0.11517,-0.11018,0.035653,0.16622,-0.029998,-0.0080994,-0.087559,-0.077124,-0.10163,-0.095921,-0.10688,-0.018864,-0.091301
-0.14346,0.075858,-0.14712,-0.006764,0.11461,-0.084732,0.026489,-0.061694,-0.15619,-0.00016905,-0.00045387,0.28069,-0.10334,0.072344,-0.12558,-0.055343,-0.14678,-0.034049,0.18808,-0.059842,-0.02876,0.10484,-0.14989,-0.024103,-0.01549,-0.23041,-0.034717,0.10883,0.075673,0.03969,-0.11694,0.0091905,-0.012922,0.092896,-0.015999,-0.0056573,0.03676,-0.090953,-0.37342,-0.021264,0.025079,-0.093991,-0.040166,-0.071266,-0.26844,0.21272,0.07844,-0.062012,0.29812,-0.031414,-0.004417,0.27058,-0.20739,0.14099,-0.14533,0.15093,0.077489,0.077359,0.094359,-0.11143
-0.12436,-0.064587,-0.02725,0.011605,-0.002727,-0.31523,0.27607,0.1473,-0.015185,-0.26647,0.1615,-0.16113,0.094089,-0.32221,-0.0027199,-0.080354,0.28725,0.017219,-0.049056,0.080737,-0.0044328,0.13424,-0.15257,0.22414,-0.087289,0.023097,0.0019206,-0.10009,0.11839,-0.29781,-0.34082,0.11033,0.060318,0.074923,0.090554,0.095301,0.093395,-0.13186,-0.10293,-0.03539,0.023284,-0.008565,-0.010838,-0.0022771,0.060273,0.01025,-0.0014813,-0.018283,-0.086608,0.1002,-0.0054717,-0.00871,0.0035319,0.11305,0.036419,0.050768,0.0090288,-0.0090126,0.032513,0.049077
-0.10491,0.18644,0.043932,0.02197,-0.087275,0.17487,0.13064,0.035462,-0.52838,-0.18578,0.13775,-0.15002,-0.12338,0.069492,-0.10449,0.25369,0.0096829,0.14422,-0.043138,0.031782,-0.060885,-0.202,0.16273,0.091083,0.062191,0.057066,-0.24098,-0.081893,-0.23055,0.014196,-0.077517,-0.15932,-0.15356,0.037389,0.0016161,-0.015086,0.048714,-0.14144,-0.068583,0.19295,0.12272,-0.13045,0.035307,0.030232,0.054982,-0.014378,0.035827,0.073436,0.04239,0.023678,-0.076128,-0.041188,-0.0035499,-0.11446,-0.079259,-0.050524,0.059204,-0.10303,0.066504,-0.032899
-0.12759,0.11346,0.088143,0.2077,0.11533,0.15264,0.1148,-0.24714,0.12456,0.15656,-0.089726,0.017353,0.19299,-0.07185,-0.11952,-0.046413,0.23738,-0.010474,-0.0016213,0.07857,0.10446,0.08598,0.12565,0.089676,0.17403,-0.034686,-0.10421,-0.1161,0.18264,0.14651,0.12655,0.11101,-0.16288,0.053045,-0.044341,-0.081026,-0.12428,-0.08598,-0.11503,0.12935,0.25317,-0.053858,0.062023,-0.071766,-0.02572,0.044244,0.07713,0.080705,-0.097529,0.22433,-0.20163,0.282,0.1147,0.091464,0.17121,-0.16647,-0.033421,0.015598,-0.097261,0.08345
-0.13757,-0.11316,0.028947,-0.13265,0.13722,-0.082364,0.18595,0.23549,-0.003297,-0.12518,0.032486,-0.0010204,0.051759,0.016275,-0.10267,-0.11182,0.1252,-0.084873,-0.201,0.11624,-0.040146,-0.097134,0.045711,0.015208,-0.065814,-0.0053543,-0.17603,0.20301,0.173,0.13495,0.36347,0.046793,0.056148,0.1622,-0.24029,-0.11318,0.036066,-0.037025,0.18054,0.13117,-0.12131,0.0036758,-0.0486,0.32237,-0.20479,0.15888,0.10659,-0.016339,-0.01295,0.0081655,0.030211,-0.04725,-0.064186,-0.020826,-0.17181,-0.022559,-0.0379,-0.066837,-0.16487,-0.13767
-0.14958,-0.069936,-0.014613,-0.071744,0.16745,-0.031228,0.19065,-0.038422,0.062676,0.043234,-0.10906,0.011006,0.07527,0.074616,0.06085,0.14664,-0.16901,-0.075521,0.097419,-0.091828,0.056582,-0.13284,-0.0128,0.055601,-0.10567,-0.16,0.025346,-0.20394,0.10466,-0.088653,0.05304,-0.050496,-0.023984,-0.037491,-0.093494,0.30649,0.2173,-0.04668,0.12829,0.16556,-0.020746,0.22616,-0.093768,-0.024873,0.21317,-0.093699,0.38401,0.18742,0.19124,0.057821,-0.11419,-0.01866,0.0086538,-0.15487,-0.044244,0.047016,-0.12666,0.25131,0.04905,0.089196
-0.14328,-0.048394,-0.018497,-0.13965,0.17784,-0.13673,0.18773,0.079223,-0.076291,-0.044169,-0.004839,0.074303,-0.018987,-0.047287,-0.20459,0.15038,-0.24603,-0.06156,0.21177,-0.036976,0.16678,0.028716,-0.046043,0.037672,0.06656,0.088992,-0.006738,-0.010559,-0.082513,-0.057918,0.16118,0.16506,-0.22406,-0.069632,0.047015,0.029078,-0.10376,0.0030056,0.26524,-0.23652,-0.1536,-0.067926,0.25341,-0.24735,-0.13014,-0.27043,-0.011039,-0.068074,-0.044004,0.10043,-0.069116,0.029932,-0.03409,0.1029,0.033739,-0.047036,0.0083271,-0.29595,-0.048776,0.0038986
-0.13957,0.019043,-0.18419,0.10559,0.15119,0.10468,0.052648,-0.16321,0.037996,-0.080936,0.027843,-0.20347,-0.088228,0.0057237,-0.016229,-0.071625,0.10915,-0.11231,-0.11335,-0.078221,0.16644,-0.044776,0.03048,-0.07746,0.22196,-0.0067683,0.058122,0.037489,-0.088534,0.20761,-0.061691,0.11197,0.11299,0.20779,0.22364,-0.098053,0.019697,0.11834,-0.11716,0.1723,-0.2606,0.068641,0.19345,-0.030209,0.050348,-0.080158,0.10493,-0.1744,0.26232,-0.016608,0.077919,-0.29079,0.017495,0.16464,-0.060929,0.036769,-0.16751,-0.032796,0.029679,0.2237
-0.10594,0.21865,0.051586,-0.012324,-0.23148,0.13099,0.1309,0.04003,-0.12076,0.0426,-0.057632,-0.016528,-0.38495,0.13871,0.03496,0.065497,0.086149,-0.22917,0.072199,-0.0032394,0.21756,-0.0028749,-0.15693,-0.014622,0.066228,-0.052308,0.028624,-0.14103,0.25646,-0.0094858,-0.00021298,0.22956,0.0069626,-0.0075421,0.037936,0.10768,0.14878,0.24496,0.03035,-0.080611,0.077566,-0.1567,-0.30964,0.14521,-0.091984,-0.12247,-0.024368,-0.12265,-0.11437,0.038856,0.1725,-0.030793,0.0091277,-0.0093713,0.10246,-0.078035,-0.067082,0.047718,-0.10703,-0.04894
-0.1034,0.19666,0.072707,0.022077,-0.17524,0.17276,0.13338,0.11099,0.021915,0.010051,-0.34834,-0.026968,-0.1814,-0.39777,0.24007,0.047207,-0.13778,0.17926,0.0029149,-0.057403,-0.26152,0.053874,0.0033267,0.058652,0.15136,-0.18544,0.041522,0.27928,0.20502,0.13283,-0.077698,-0.02539,-0.020761,0.0033436,0.0093949,0.046336,-0.0022074,-0.082588,0.13394,0.047802,-0.23084,0.025056,0.11474,-0.040612,0.094808,0.020185,-0.037869,0.046022,-0.035351,0.024484,-0.076639,0.018392,-0.12134,0.072638,-0.015323,-0.05371,0.064276,0.0029208,-0.035245,0.0064165
-0.11389,0.10934,-0.18817,-0.15362,-0.23965,0.12242,0.047462,0.0027714,0.081165,-0.091803,-0.15597,-0.060159,0.0044331,0.21378,-0.3866,-0.1154,-0.071473,0.14857,-0.15931,-0.26743,-0.077576,0.15783,-0.026726,-0.071304,-0.28426,0.12266,-0.081157,0.019787,-0.0052904,-0.0019313,-0.042387,0.30811,0.014265,-0.042595,0.038904,0.043595,-0.11925,-0.11523,0.075444,0.045846,0.011603,0.088526,-0.11336,-0.037202,0.13221,0.14562,-0.054762,0.13225,0.12742,-0.048682,-0.13192,-0.096713,0.103,0.12749,0.17141,0.010604,0.02335,-0.040518,-0.051215,-0.030051
-0.11836,0.12218,-0.15845,-0.21762,-0.22426,0.051699,-0.049538,0.0073315,0.089047,-0.22072,-0.17023,0.080564,0.11796,-0.13369,-0.00095527,-0.055647,-0.0869,0.058068,-0.14341,0.049935,0.11016,-0.25315,0.075441,-0.047752,0.031405,-0.080647,0.023658,-0.29563,-0.055653,0.11782,-0.032207,-0.13899,0.048803,0.13483,-0.095545,-0.28892,0.075598,-0.11533,-0.021148,-0.37808,0.13832,0.20914,0.0015637,-0.083335,-0.040332,-0.013393,0.15563,-0.11428,-0.035267,0.16539,0.20862,0.039076,-0.054972,-0.0094118,0.050361,0.028402,-0.0045079,0.011086,-0.019719,-0.0071426
-0.11593,0.068336,0.25375,-0.20283,-0.045192,-0.0088493,0.14695,-0.10726,0.14972,0.058768,0.23211,0.025865,-0.014641,0.21283,0.15754,-0.26937,-0.0090523,0.012051,0.095258,0.071948,-0.082692,0.034858,-0.12065,-0.14797,0.09208,-0.10226,-0.019605,0.010661,-0.060042,0.16145,-0.20857,-0.02651,0.20325,0.091789,0.15006,-0.043276,-0.12636,-0.26349,0.22622,0.011953,0.19304,-0.015015,-0.059924,0.036424,-0.086328,-0.28196,0.063616,-0.028598,0.03319,0.014424,-0.25681,-0.10963,-0.057017,-0.063454,-0.081112,-0.036766,0.12875,-0.063843,0.044487,-0.057896
-0.12123,0.19566,0.094274,0.08762,0.089914,0.026371,0.072485,-0.15086,0.089755,0.013753,0.18778,0.16721,0.095512,0.13041,-0.14283,0.10516,-0.16324,0.059699,-0.13325,0.053789,0.069361,0.087237,0.21157,0.32397,-0.12647,-0.11788,0.14696,0.12522,0.016244,-0.056995,-0.27421,-0.15821,-0.048702,0.052331,-0.13974,-0.1453,-0.19913,0.17212,0.090777,0.03582,-0.27012,0.051404,-0.28083,0.031125,-0.0060284,-0.057385,-0.13503,-0.044111,-0.058139,0.21521,0.085176,-0.089414,-0.068106,-0.04042,0.021703,0.051016,-0.039911,0.025556,-0.0037081,0.025578
-0.13685,0.076534,-0.14889,0.024068,0.080567,-0.045864,-0.029615,0.090749,-0.028195,0.23615,0.0065502,-0.17683,-0.11374,-0.087004,-0.17585,-0.042759,0.33271,0.10223,0.33576,0.091308,0.048311,-0.20336,0.013279,-0.16095,-0.19972,0.23009,-0.034194,0.11643,0.046077,0.29034,-0.1538,-0.13975,0.003772,-0.18071,-0.16671,0.031486,-0.026319,0.074264,-0.047017,-0.15502,-0.079026,0.22884,-0.11508,-0.03984,0.023396,-0.097254,-0.059633,0.046288,-0.053894,0.082984,-0.13688,-0.0088301,-0.13143,0.016421,-0.090022,0.063934,-0.012402,0.047521,0.014308,0.026028
-0.11204,0.21525,0.10079,0.12257,0.10068,-0.03801,-0.21432,0.10062,0.1169,-0.083693,0.22091,0.12303,-0.069569,0.063631,-0.034956,0.19758,0.10621,0.083163,-0.044645,-0.14787,-0.090794,-0.05862,-0.12862,-0.073725,0.018942,0.004297,0.007487,-0.19255,0.13395,-0.01992,-0.058677,-0.0074099,0.10967,0.19241,-0.24017,-0.033677,0.19488,0.13883,0.21007,0.030622,-0.042729,0.073535,0.077288,-0.24963,0.068396,0.18951,0.0019226,-0.24603,-0.055696,-0.26367,-0.23822,0.090326,0.088689,0.059123,-0.036201,-0.14357,0.099687,-0.094645,0.0068013,0.053769
-0.11955,0.12571,-0.18209,-0.14048,-0.14547,-0.04721,0.038859,-0.081653,0.19415,0.30183,0.18791,-0.078405,0.085996,-0.039449,0.014842,0.26846,0.042596,0.018438,-0.035537,-0.091664,0.011441,0.13996,-0.31134,0.041339,-0.076872,0.10795,0.0042268,0.28763,-0.1666,0.015719,0.10009,-0.10528,0.032909,0.050618,-0.083364,-0.1393,0.32403,-0.11136,0.023276,0.10697,0.10589,-0.20575,0.11606,-0.03566,0.066032,-0.032047,-0.00070691,-0.010561,0.063763,0.16086,0.1999,0.04593,-0.080036,-0.14094,0.11049,-0.04374,-0.058828,-0.0010716,-0.063712,0.035577
-0.12069,0.1988,0.092107,0.058787,0.036159,-0.023515,0.095278,0.10584,-0.020443,0.23966,0.056119,-0.0088568,-0.08573,-0.2641,-0.091046,-0.28037,-0.18814,-0.077265,-0.0659,-0.044078,-0.053581,0.072223,-0.18583,0.051153,-0.14401,-0.08291,-0.014622,-0.13298,-0.44836,0.021583,0.078877,-0.095216,-0.095772,-0.0090941,0.085327,0.072126,-0.10342,0.24391,-0.075888,-0.024573,0.039684,0.11342,0.049319,0.24196,0.025754,0.18404,0.2031,-0.15883,-0.16266,-0.067622,-0.10345,-0.00071763,0.042313,-0.053339,0.04947,-0.043995,-0.025686,0.00035397,-0.045519,0.0581
-0.14096,-0.1771,0.010569,0.018782,-0.079888,0.080979,-0.08042,-0.018169,0.080145,0.035233,0.0028211,0.044708,-0.09005,-0.086897,0.082247,-0.0055319,-0.050503,-0.043937,0.14019,0.099204,-0.16333,0.012881,-0.01492,-0.0011491,-0.2665,-0.025134,-0.0036102,-0.28978,0.021909,-0.027233,-0.069919,0.14184,-0.030493,-0.074969,-0.030388,-0.16598,-0.066951,0.021829,-0.11385,0.15714,-0.03329,-0.1001,0.017935,-0.15885,-0.13908,0.079625,-0.03788,0.14324,0.089327,0.088219,0.1085,-0.18647,-0.049603,-0.19298,-0.28952,-0.18225,0.14084,-0.13692,-0.37583,0.30445
-0.10292,0.22567,0.0065951,-0.086836,-0.20766,0.099649,0.15791,0.065503,0.01795,-0.077395,0.015607,-0.14431,0.097474,0.30946,0.31252,-0.12162,0.10275,-0.090749,0.14233,0.16978,-0.01033,0.27159,0.15389,0.1293,-0.10576,0.22843,-0.017196,0.0043591,0.026769,-0.12155,0.20478,-0.13208,-0.14441,0.00012296,0.072987,0.040269,-0.05326,0.095692,0.0073534,-0.01979,-0.059612,0.1948,0.17793,-0.20632,-0.038371,0.1316,-0.0013827,-0.17426,0.072667,-0.060461,0.036519,0.12811,-0.033954,0.0013977,-0.13975,0.11734,0.017868,0.12088,0.0089222,0.039158
-0.13959,0.11241,-0.11745,-0.043174,0.13948,-0.10326,-0.029777,0.0068218,-0.050993,-0.096171,0.16136,-0.062043,0.14202,-0.067492,0.18668,-0.13328,-0.20188,0.025598,0.15262,0.092935,-0.010099,-0.21422,0.25783,0.012268,-0.20823,0.014596,0.17245,0.04853,0.1072,0.17672,0.067916,-0.013883,0.069394,0.05346,0.064671,0.21001,-0.039224,0.044872,0.024215,-0.044135,0.18461,-0.33378,-0.030301,-0.0039173,0.18429,0.13738,-0.1054,-0.063242,0.1509,-0.11434,0.046112,-0.051948,-0.10216,0.106,0.30081,-0.20719,-0.060291,-0.01744,-0.12973,-0.0012974
-0.13844,-0.17006,0.008719,0.029258,-0.0051797,0.10043,-0.010512,0.21461,0.090203,0.12619,-0.066358,-0.078343,0.068495,0.045781,0.041571,0.024765,0.049285,0.0029031,0.035106,-0.1788,0.027688,-0.00069963,0.13377,-0.17064,-0.14898,-0.28199,-0.15286,-0.10693,-0.037509,-0.10472,0.0027486,-0.16602,-0.041621,0.092129,0.04943,0.053584,-0.0039121,-0.094089,-0.064265,0.044076,-0.061057,-0.049223,-0.057234,0.17942,0.22253,-0.2253,-0.30297,-0.32824,0.12741,0.10461,0.032245,0.28837,0.1639,0.10102,-0.095814,0.10299,-0.0096317,-0.18117,-0.13278,-0.020355
-0.13892,-0.17531,-0.0010148,0.031684,-0.037392,0.15614,-0.024834,0.14723,0.088298,-0.0070093,0.037405,-0.10945,0.019233,0.042794,-0.032333,-0.018696,-0.021599,0.0075194,0.10327,-0.091985,0.17518,0.051599,-0.090251,0.10503,0.21567,-0.056846,-0.048529,0.093845,0.087508,-0.03816,-0.11182,-0.24104,-0.065903,0.025224,0.13571,0.00098925,-0.028802,-0.012757,0.13489,-0.25303,0.10408,0.038721,-0.12331,0.063915,-0.10545,0.34953,-0.096848,0.2216,0.12873,-0.12235,-0.037405,0.027232,0.021725,-0.18219,-0.034407,-0.13006,-0.34766,-0.2538,0.12087,0.21894
-0.10484,-0.023063,0.16097,0.38229,-0.25019,-0.12305,0.059184,-0.12208,0.12123,-0.10168,-0.019451,0.015375,0.05889,-0.134,-0.22478,0.05971,-0.016035,0.18327,0.060732,0.12995,0.0075051,0.028617,-0.032877,-0.039221,0.086278,0.014339,-0.029243,-0.1286,-0.011311,0.10847,0.17635,-0.030505,0.1563,-0.21886,0.027621,0.10826,-0.067485,0.037317,0.22079,0.074,0.13041,-0.14191,-0.048779,-0.040563,0.037725,0.056046,0.026095,-0.1517,0.16204,-0.064426,0.13826,-0.042203,-0.14933,-0.049502,-0.091613,0.42669,-0.077412,-0.061868,-0.0067105,-0.038018
-0.13979,-0.18074,0.017477,-0.015333,-0.093184,0.056753,-0.07623,0.05326,-0.059878,0.082961,0.02291,0.11916,-0.067555,-0.055014,0.042071,-0.076495,0.07328,-0.18555,0.091055,0.043012,-0.19763,0.0465,0.089896,0.0021638,-0.09564,-0.084459,0.009209,-0.076838,-0.020382,-0.05313,-0.0040715,0.14401,-0.059308,0.09982,-0.048123,-0.24731,0.051225,0.27684,0.11253,0.13144,0.18247,0.061829,0.12474,-0.079656,0.20962,0.013921,-0.073013,0.11565,0.041242,0.18879,-0.031802,-0.09119,-0.19837,0.10085,0.038031,0.014161,-0.25375,-0.12219,0.39035,-0.32129
-0.12733,-0.10158,-0.046831,0.11582,-0.18956,-0.30297,-0.0030343,0.075529,-0.16472,0.075076,-0.13993,0.034535,0.16174,0.16681,0.23351,-0.018707,0.11014,0.15152,-0.15343,-0.14825,-0.055597,-0.074743,0.012661,-0.24047,0.041478,0.010817,0.18295,0.14,-0.08173,-0.0082971,-0.1611,-0.055554,-0.28644,0.041933,-0.038584,-0.0030041,-0.045497,0.23495,0.12454,0.037219,0.067828,-0.16592,-0.11204,-0.06551,-0.18404,0.014059,0.28275,0.046556,-0.0012353,0.13295,-0.061265,-0.015244,0.14661,0.17208,-0.014424,0.064923,-0.019632,-0.055962,-0.098567,0.094855
-0.14349,-0.15467,0.014969,-0.046814,-0.058289,-0.0091612,-0.089594,0.18494,-0.058532,0.14601,-0.040734,0.15987,0.029677,0.031868,0.0053958,-0.00064147,0.0063809,0.091566,-0.1209,0.17157,0.017687,-0.041917,0.0115,0.15552,-0.0077188,0.1055,-0.14926,0.019995,0.03061,0.12384,-0.073355,0.18393,0.098821,-0.26969,0.074363,-0.022937,-0.06069,-0.018336,0.087732,-0.029585,-0.12038,-0.13548,0.0054487,0.05237,0.047092,0.038492,0.12395,-0.29319,0.17875,0.10804,0.084084,0.11751,0.16418,-0.08043,0.013198,-0.26069,0.15053,0.17245,0.42946,0.20144
-0.14078,-0.1686,0.0022552,-0.022995,-0.069318,0.022095,-0.1126,0.10603,-0.10204,0.15795,-0.033553,0.055387,0.026584,0.05117,0.075028,0.10812,0.017454,0.075397,-0.24248,0.015091,0.092903,0.035156,0.040094,0.30413,-0.0087808,0.049323,0.019503,-0.019525,-0.083425,0.071359,-0.017324,0.14444,0.11484,-0.014012,0.08704,-0.1067,-0.017765,-0.04628,-0.11104,-0.14791,0.013406,-0.092931,-0.026183,-0.087675,0.089009,-0.18066,0.04147,-0.026599,-0.080576,-0.29985,-0.31223,0.079044,-0.27048,0.042085,-0.14635,0.051168,-0.31823,0.18845,-0.29298,-0.073678
-0.13797,-0.14684,0.015077,-0.083335,-0.074766,-0.010154,-0.11243,0.17874,-0.15268,0.065377,0.061411,0.2345,0.088717,0.033831,-0.23619,-0.15913,0.14358,-0.018812,-0.0020763,-0.036321,-0.061403,0.10078,0.043549,-0.058293,0.29288,-0.062739,-0.10421,0.018817,0.098977,-0.09831,0.039513,-0.27372,-0.015078,-0.044445,0.14885,0.10927,0.048268,0.053553,-0.043361,0.1541,-0.050435,0.16712,0.0046277,-0.16383,0.042778,-0.072906,0.0066367,-0.053001,-0.0013773,-0.01814,0.10514,-0.17953,-0.25254,-0.088986,0.36556,-0.097072,0.16858,0.09884,-0.2351,0.028432
-0.13462,-0.13605,0.0079746,-0.10641,0.11801,0.038321,-0.099631,-0.34226,0.030979,-0.055552,-0.0047061,0.05414,-0.31511,0.022508,-0.031069,-0.062844,0.064921,0.056036,-0.054713,0.10896,-0.17152,-0.17575,-0.070609,0.034118,0.04502,0.095858,-0.058851,0.046555,-0.1559,-0.21792,-0.041,-0.056193,-0.15759,-0.023784,0.028815,0.08854,0.0084128,-0.089789,0.3157,0.0082895,0.11395,0.086603,0.014874,0.10597,0.00088584,0.082185,-0.13812,-0.047506,-0.014081,0.019973,0.16991,0.16867,-0.08592,0.35515,-0.060745,-0.056721,-0.10425,0.2493,-0.13416,0.15598
-0.14478,-0.16149,-0.010643,0.031043,-0.016482,0.15744,-0.0039213,0.11199,0.090773,-0.023528,0.060128,-0.013487,-0.0030143,0.0012031,0.016725,0.0021611,-0.091302,0.021805,0.0043581,-0.021854,0.11495,0.073686,-0.12294,0.080566,0.1128,0.0046964,-0.02984,-0.053552,-0.078906,0.13303,-0.043443,-0.15877,0.031391,-0.017055,-0.21708,0.26001,-0.057025,-0.019952,-0.075674,-0.054354,0.05372,-0.11524,0.1297,-0.16358,-0.084454,0.11839,-0.14076,-0.012412,-0.041167,0.2092,-0.0062289,-0.34097,0.32059,0.17624,-0.15121,-0.071487,-0.011713,0.30259,-0.065455,-0.36817
-0.14275,0.045985,-0.17108,0.047697,0.095713,-0.051124,0.0095287,-0.15524,-0.098414,0.23316,-0.1418,0.057738,0.18991,0.070055,0.10331,0.11292,-0.031385,-0.082997,0.00069323,-0.082991,0.054961,-0.13654,-0.070784,0.044313,0.17844,0.22389,0.080061,-0.029159,0.11601,-0.11098,-0.15888,0.10083,0.054068,-0.036543,0.15005,0.054919,-0.15062,-0.091894,0.043113,0.038098,0.068601,0.18929,0.038673,0.17195,0.20086,0.25443,0.0029322,-0.14656,-0.10685,0.025518,0.1107,-0.063089,-0.08917,-0.10675,-0.22347,-0.048767,0.18701,-0.23322,-0.11004,-0.31697
-0.12433,0.0055526,0.26445,-0.070454,0.12984,-0.019987,0.14311,-0.00071268,-0.21755,-0.02883,0.03424,-0.11794,0.20334,0.15134,-0.045328,-0.14362,-0.18672,-0.0086163,0.020611,-0.19775,-0.2043,-0.052456,-0.085056,-0.03928,0.085543,0.020656,0.090819,-0.041633,0.15151,0.15667,-0.14349,0.062749,0.081946,-0.35617,-0.066449,-0.24468,0.22559,0.071146,-0.068056,0.011706,0.025874,0.059791,0.22358,0.052978,-0.001631,0.019625,-0.20222,0.011809,-0.11902,-0.020302,0.14878,0.10083,0.14781,-0.011716,0.03557,0.13947,-0.17464,0.10254,-0.088647,0.09338
-0.12691,0.062839,0.11572,0.24014,-0.044595,0.23547,0.0015377,0.033716,0.031661,0.14344,0.050805,0.040058,0.10342,-0.015806,-0.13084,-0.0090097,-0.21219,-0.050388,-0.25127,0.37396,0.029103,-0.06953,0.087571,-0.37856,-0.14346,0.13872,0.01883,0.12852,0.11992,-0.28549,-0.13362,0.022414,0.038675,0.046808,0.096657,0.14346,0.26499,-0.035596,-0.072362,-0.14444,-0.042837,0.014762,0.19288,0.036151,-0.14138,-0.060098,0.035571,0.081119,0.026089,0.020476,-0.070505,-0.012239,-0.02279,0.02893,-0.018028,-0.034536,-0.058315,-0.029866,0.0043632,-0.040636
-0.14695,-0.15305,-0.0044884,2.1603e-05,-0.0056505,0.1182,0.034444,0.094953,0.0071553,-0.026921,-0.033984,0.02768,0.011922,0.17989,0.025931,-0.011038,-0.075555,-0.041451,-0.034795,0.12013,0.20491,0.11351,-0.0078079,0.061783,0.07195,-0.031436,0.1102,0.013218,-0.14897,0.15889,0.028944,0.0085038,0.14072,0.048331,-0.16311,0.11149,0.1533,0.076387,-0.041723,-0.001625,0.072032,-0.037061,0.0145,0.089311,0.23453,0.050439,-0.033352,0.2666,-0.26159,-0.022941,0.043265,0.06472,-0.17136,0.28244,-0.051333,0.15869,0.41783,-0.16537,0.10414,0.2909
-0.13058,0.10368,-0.14598,-0.01712,0.094848,-0.13417,-0.14783,-0.033764,-0.29492,0.1258,0.021328,0.044307,-0.030241,-0.0011399,0.13471,0.017266,0.0054312,0.40384,0.0047294,0.23617,0.16341,0.19935,-0.14734,-0.082813,-0.026071,-0.14713,0.13325,-0.2318,0.074243,-0.020834,0.25541,0.021388,0.035435,0.089461,0.15427,-0.12572,0.048547,-0.081216,0.1193,0.023323,-0.11673,0.12562,0.023059,0.15669,-0.053835,0.050115,-0.25488,0.15299,0.037181,0.093238,-0.10642,-0.10395,0.14656,-0.020291,0.075297,0.095488,-0.012728,0.077195,0.025069,0.012453
-0.13131,-0.16752,0.04305,-0.032681,-0.112,0.1027,-0.17426,-0.12354,-0.1406,-0.097558,0.20379,0.12351,-0.040875,-0.16176,0.039558,0.073912,-0.18136,-0.031628,0.14661,-0.063734,0.049092,0.11076,-0.010806,-0.070782,-0.16315,0.11569,-0.00011831,0.21901,0.25447,0.048948,0.1336,-0.047647,-0.10355,0.039754,0.058141,-0.06418,-0.058206,-0.21682,-0.12946,0.10132,0.10215,0.13404,-0.15036,-0.0062943,0.093435,-0.03339,0.22434,-0.22649,-0.33381,-0.036094,-0.0019912,-0.14137,0.19881,0.10333,-0.035583,0.12476,-0.12187,-0.062918,0.078786,0.15202
-0.12453,-0.11654,-0.064277,0.20788,-0.24338,-0.22688,-0.0076385,-0.1049,0.042914,-0.18885,0.13063,-0.043169,-0.15652,0.013084,-0.094573,0.022354,-0.088745,-0.13282,0.085607,0.032035,0.031069,-0.10106,0.073736,0.11767,0.017735,-0.10203,0.057929,0.25323,-0.019344,0.019339,0.10221,-0.03593,0.10224,-0.053442,0.22528,-0.19823,0.11081,0.17751,-0.010236,-0.095065,0.028262,0.19417,0.043895,0.048865,0.13553,-0.047769,-0.00045298,0.14651,0.10858,0.048267,-0.17057,0.19217,0.27781,-0.063481,-0.05542,-0.16091,0.24686,0.097688,-0.17675,-0.15154
-0.13661,-0.14331,0.017919,-0.05354,0.13398,0.063863,0.11502,-0.15718,0.18757,-0.035151,0.032486,-0.075521,-0.11103,0.052622,0.13066,0.051233,0.054333,0.1035,-0.35397,-0.097788,-0.084364,-0.24945,-0.15939,0.087256,-0.13331,-0.051553,-0.011921,-0.0067817,0.17216,0.039716,0.19881,-0.09347,-0.24376,-0.17065,0.19312,0.038501,0.043558,0.14061,-0.21367,-0.10592,0.067884,-0.0082256,-0.02826,-0.10032,-0.10704,0.0094363,-0.1575,-0.089742,-0.02136,0.029545,-0.18114,-0.13431,-0.12921,-0.10555,0.10534,0.15367,0.21365,-0.10628,0.1726,-0.037998
-0.12325,-0.11483,-0.079401,0.24534,-0.18307,-0.24825,0.0934,-0.036128,0.10185,-0.18516,-0.12773,-0.068811,-0.0023936,0.19534,0.034885,0.066544,-0.16204,0.05664,0.046111,-0.029255,-0.011994,-0.0026968,-0.075195,-0.13287,-0.0065509,0.051916,0.04424,-0.084317,-0.093404,0.061725,0.048917,-0.018107,0.025501,0.064836,-0.11802,0.087393,-0.08379,-0.11656,-0.18014,0.2006,-0.088601,0.13643,0.042955,0.1072,-0.15349,-0.081982,-0.19545,-0.09655,-0.248,-0.0069744,-0.03175,0.068318,-0.26678,-0.084316,0.085838,-0.38103,-0.18002,0.061179,0.18747,0.028024
-0.13735,0.064921,-0.15152,0.10369,0.17501,-0.020909,-0.033239,0.055619,0.13039,-0.1244,-0.20376,0.17311,-0.0074215,0.063336,0.06106,0.10756,-0.036597,-0.18915,0.16689,-0.061642,-0.30463,0.072486,0.11274,-0.022679,0.089067,0.28027,-0.21902,-0.077995,-0.088027,-0.0357,0.0071412,-0.093645,0.15084,0.095184,0.18894,-0.11338,0.1223,0.00060119,0.016115,-0.13769,-0.075768,-0.25303,-0.10926,0.15664,-0.023953,0.05462,-0.032902,0.018353,-0.15039,0.18296,-0.22925,-0.11992,0.05013,-0.078798,0.11155,0.21704,-0.0060335,0.13443,-0.0070929,0.10478
-0.13339,-0.15115,0.032096,-0.060951,0.063871,0.11605,0.017449,-0.23119,-0.13739,-0.1347,0.13235,-0.11515,-0.018768,-0.18302,0.10274,0.061013,-0.019924,0.035401,-0.14288,-0.20064,0.013836,0.33985,-0.04099,-0.25596,-0.0091395,0.24263,-0.056757,-0.14629,0.12606,-0.0004772,-0.0063365,-0.15846,0.11274,0.0081386,-0.15365,-0.022238,-0.23525,0.22682,0.021696,-0.17843,-0.10277,-0.092622,0.00748,0.15679,0.079143,-0.103,0.13544,0.12052,0.15919,0.0026386,0.026559,0.20339,-0.13289,-0.062866,0.021326,-0.10988,0.10366,0.077798,0.0014172,-0.098526
-0.10613,0.055872,0.20144,0.11423,-0.14116,-0.39322,-0.05078,-0.21749,-0.065669,0.28037,-0.028901,-0.0335,-0.1663,0.039519,0.076863,-0.14189,-0.010867,-0.19131,-0.10486,-0.14596,0.079413,0.002007,0.19175,0.065099,-0.036498,-0.023058,-0.31722,-0.056155,0.086379,0.0024185,0.024353,-0.03401,-0.083486,0.090651,-0.20504,0.0076884,0.039301,-0.246,-0.033461,-0.24426,-0.15229,-0.052682,0.11454,-0.036289,0.1015,0.052793,-0.062016,0.12473,0.044866,-0.12742,0.094492,-0.1974,0.034547,0.021061,0.056955,0.042272,0.037223,-0.032089,0.072646,0.05191
-0.12312,0.034269,0.12125,-0.19143,0.02584,-0.096088,-0.30253,-0.062742,-0.00495,-0.04473,-0.25801,-0.39733,0.10701,0.14679,-0.16082,0.21858,-0.032515,-0.06649,0.091667,0.28688,-0.10205,-0.0085784,-0.20689,0.019144,-0.011278,-0.2621,-0.11662,0.11956,0.098522,-0.13393,-0.060088,-0.027141,0.054921,0.10418,-0.068319,-0.017575,-0.26719,0.16127,-0.082979,-0.047318,0.0675,-0.087895,0.15157,0.056747,0.057966,-0.0084575,0.121,-0.071527,-0.047911,-0.029816,-0.038385,-0.096509,0.0083271,-0.018861,0.082732,0.05396,0.024043,0.041009,-0.0080465,0.042367
-0.12486,0.10551,-0.14536,-0.06323,0.064985,-0.090731,-0.36903,-0.0092872,0.10376,-0.04332,0.020943,-0.24448,-0.0069565,-0.059051,-0.15333,-0.26197,-0.12776,0.085827,-0.062773,-0.036422,-0.12165,0.22337,0.20993,0.10703,0.23286,0.050013,0.11748,-0.034588,0.064971,0.025253,0.0089229,0.11262,-0.27763,-0.00052132,-0.064603,0.15747,0.27196,0.017266,0.0020493,0.020163,0.10126,-0.06713,-0.10185,0.079909,-0.043094,-0.20738,0.0022316,-0.057894,-0.028737,0.029787,-0.0026416,0.020935,-0.032219,-0.18656,-0.28286,-0.021543,0.054226,-0.02973,0.086934,-0.045448
-0.11994,0.18211,0.021224,-0.10198,-0.022528,-0.032829,-0.21206,-0.12754,-0.039076,-0.20891,0.040969,0.057892,0.30549,-0.1613,0.1743,0.16013,0.11062,-0.33687,-0.10881,0.058526,0.086052,0.095455,-0.037964,-0.15709,-0.019788,-0.19242,-0.22589,0.046576,-0.21235,0.15891,-0.030977,0.097992,-0.072918,-0.34944,0.06891,0.13195,0.092979,-0.0095871,0.060896,0.048489,-0.12498,0.10628,-0.19421,-0.034269,-0.082003,0.056026,-0.1433,0.078662,0.0020213,-0.024523,-0.072379,0.0027271,-0.04338,0.098422,-0.045271,-0.069077,-0.048199,-0.054626,-0.0024686,-0.041696
-0.11201,0.17847,0.10894,0.16072,-0.03533,0.056676,-0.23178,0.28373,0.13087,-0.099093,0.27351,0.094231,-0.012053,0.11229,0.014685,0.12623,0.16366,-0.088852,0.0075912,-0.138,-0.15081,-0.11886,-0.11112,0.025293,0.026809,-0.015033,0.24055,-0.053795,0.025413,0.057612,0.099187,0.1289,-0.20666,-0.03938,0.066586,0.071585,-0.26351,-0.22643,-0.084515,-0.14149,-0.083774,0.019298,0.19122,0.24749,0.068035,-0.07643,0.11282,0.22141,0.081187,0.10189,0.15238,0.017128,-0.080718,0.038878,0.033249,0.084126,-0.01586,0.088321,0.0015294,0.0078106
-0.13079,-0.020501,0.004221,-0.26669,-0.061579,-0.063955,0.19169,-0.045532,0.23943,0.10495,0.1987,0.094565,-0.01553,-0.044904,0.038765,0.27143,0.065063,0.31956,0.15558,-0.014916,-0.070725,0.016357,0.38122,-0.15419,0.2008,-0.12507,-0.11951,0.022944,-0.091731,-0.11258,-0.00081006,0.25093,0.026934,-0.051701,-0.014299,0.061369,-0.012851,0.1807,-0.21308,-0.087397,0.039603,0.085646,0.053417,0.16183,-0.073547,0.087075,0.036383,0.038487,-0.088819,-0.17817,0.083998,-0.090858,0.072523,0.018233,-0.0093852,0.0098711,-0.030501,0.037095,0.021265,-0.0013906
-0.1257,0.04496,0.24897,-0.083967,0.16272,-0.074572,0.047275,0.11235,0.10071,-0.08468,-0.16293,-0.067787,-0.21752,-0.010007,-0.021363,0.011059,0.057914,-0.051494,-0.01575,0.063994,0.19941,0.093222,0.1027,-0.22706,0.11139,0.056816,0.34238,0.054629,-0.14456,-0.23104,0.080085,-0.063534,-0.064867,-0.2691,-0.11617,-0.29323,0.011928,-0.22403,-0.13874,0.053081,0.0047827,-0.11116,-0.17264,-0.059513,0.20183,0.178,0.038321,-0.096904,0.11354,0.0033358,-0.11449,-0.096931,-0.040636,-0.0040696,0.025421,-0.084057,0.013982,0.029865,0.004256,-0.070177
-0.11374,0.10778,-0.14479,-0.25768,-0.29256,0.028853,0.0067337,-0.13597,0.034365,0.031807,0.039925,0.16104,0.11995,-0.11756,-0.096661,-0.20336,0.043838,-0.10633,0.043783,0.011574,0.039244,-0.31396,-0.10321,0.038711,0.15071,0.08175,0.13833,-0.089174,0.086128,-0.23062,0.10733,-0.1653,0.065014,-0.064374,-0.11252,0.018372,-0.12337,0.068117,-0.097389,0.19207,-0.25547,-0.26945,0.045857,0.06065,0.026641,-0.081298,-0.1044,0.12512,-0.040315,-0.13597,-0.19539,0.077435,0.13103,0.033771,-0.1208,0.060106,-0.067918,-0.040078,0.12667,0.053238
-0.11207,0.053332,0.27041,-0.19032,0.025485,-0.10333,-0.1102,-0.018744,0.020577,-0.069127,-0.30261,0.21298,-0.078538,-0.10079,-0.1019,0.13914,0.18315,-0.038657,-0.032286,-0.15562,0.17918,0.083428,0.16821,0.11754,-0.25623,0.14904,0.20332,0.019376,0.0014933,0.1318,-0.097629,-0.17841,0.11416,0.091571,0.16718,0.14923,0.044525,0.057917,0.002724,0.15757,0.19921,0.034465,0.26332,0.13929,-0.23758,-0.078705,-0.083138,0.052975,0.061736,-0.0735,0.046297,-0.003073,0.090652,-0.061711,-0.037439,-0.0065747,0.0059386,-0.043959,0.053475,-0.00065706
-0.13822,-0.17196,0.015733,-0.047907,-0.0051598,0.099115,-0.018239,-0.17576,-0.13162,-0.10036,-0.016999,0.11041,-0.125,0.037628,0.058451,-0.090149,0.17197,-0.038783,-0.026384,0.14147,-0.11258,0.0025957,0.0038176,-0.015981,0.033979,-0.034654,0.19729,0.12882,-0.20779,0.085102,-0.05113,0.20274,0.052204,0.12973,-0.22297,0.27656,-0.0037753,-0.076959,-0.044657,-0.11037,-0.15311,0.031876,0.043132,-0.11242,0.064931,0.097757,-0.030482,-0.095234,-0.023557,0.083551,-0.031561,0.16287,0.1651,-0.4545,0.21279,0.18679,-0.1036,-0.1566,-0.094508,-0.025472
-0.11892,0.045636,0.28932,-0.10258,0.036164,-0.10007,-0.15288,0.15749,0.022509,0.11483,0.052527,-0.19634,-0.039477,-0.1062,0.078493,0.012133,-0.20052,0.025897,-0.064202,-0.070671,0.014649,-0.1912,-0.0093251,0.013528,0.13232,0.25078,-0.09055,0.012879,-0.077152,-0.054171,0.12713,0.13174,0.23596,0.21665,0.11918,0.070841,-0.11832,0.051698,-0.12713,0.17151,-0.034396,0.14412,-0.2907,-0.2811,-0.11712,0.037927,-0.07692,0.16388,0.044476,0.20608,0.11366,0.21361,0.021858,0.051659,0.036523,0.10727,-0.006298,-0.013004,0.025283,-0.019319
-0.14388,0.050295,-0.17223,0.074537,0.11846,0.012139,0.040532,-0.038096,-0.055713,0.1181,-0.034093,-0.089613,-0.10025,0.10024,-0.040525,0.047837,0.12378,-0.045149,-0.10884,0.042367,-0.35097,0.11902,0.095025,0.099381,-0.043133,-0.1394,0.15666,-0.081982,-0.019008,-0.043408,0.16252,-0.21213,0.34344,-0.2124,0.058531,0.061133,-0.029925,-0.11745,-0.028526,-0.080918,-0.027582,0.0061145,-0.11551,-0.16258,-0.14008,-0.11692,0.19737,0.094194,-0.1161,-0.095112,0.20396,0.03371,0.16978,0.18381,-0.0084025,-0.15179,-0.0945,-0.26447,0.085656,-0.09679
-0.14566,0.06074,-0.16444,0.038183,0.14502,-0.043585,0.15564,0.10889,-0.0071898,0.0032369,-0.010256,0.030511,-0.019293,-0.062506,-0.09994,-0.0020994,0.041753,-0.12774,-0.15431,-0.0071721,0.043488,-0.0083743,0.026728,-0.2653,-0.053542,-0.14664,-0.003157,0.078745,0.013383,0.038315,-0.011917,0.024047,-0.085633,0.14314,0.16349,-0.060313,-0.22347,-0.0087252,0.14471,0.027447,0.12499,-0.131,-0.0026343,-0.28132,0.12687,-0.020739,-0.1502,0.13638,-0.26341,-0.22704,0.22813,0.084244,0.072026,-0.27687,-0.1993,0.049281,0.043534,0.31645,0.131,0.038874
-0.14207,-0.16354,0.0044504,0.012238,0.0039767,0.10801,-0.093952,-0.017688,0.17555,0.021358,0.012265,-0.18034,-0.029852,0.012918,0.036929,-0.035187,-0.022641,0.053031,0.16149,0.068282,0.13714,-0.047114,0.027885,0.055829,-0.090234,0.019309,-0.031645,-0.15806,-0.041772,0.10023,-0.21807,-0.027492,-0.19177,-0.0002392,0.14703,-0.15339,0.12371,-0.095111,0.12144,0.20762,-0.31478,-0.12646,0.0090548,0.01972,-0.15817,0.085398,0.20676,0.084939,-0.15965,-0.26308,0.12822,0.15613,0.037584,0.013375,0.27399,0.11569,0.10778,0.011487,0.0054732,-0.33405
