-0.14031,0.012066,-0.146,0.14646,-0.012125,0.21052,-0.11518,0.038021,-0.084873,0.035859,-0.040333,0.0025503,-0.040238,0.12408,-0.25694,0.19241,-0.2448,0.046514,-0.014691,0.10158,0.048773,-0.044425,-0.048879,0.14153,0.30083,-0.052764,-0.0074523,-0.064045,-0.065562,0.1761,0.018643,-0.15687,-0.076479,-0.030739,-0.26686,0.06808,0.034011,0.047341,0.18523,0.12747,-0.13942,-0.21037,-0.15043,-0.17845,0.19632,0.0046061,0.18592,0.17551,0.071826,0.065616,-0.14741,-0.022286,-0.17312,-0.024353,-0.075573,-0.13378,0.079768,0.12496,0.082128,-0.13292
-0.14879,-0.061972,-0.15497,0.075887,0.11955,-0.039981,0.094273,0.15567,0.1671,0.093603,0.041064,0.097032,0.025063,-0.038275,0.15331,0.14957,0.18136,-0.021305,-0.017025,-0.11242,0.069208,-0.011338,-0.0068724,-0.024198,-0.05972,0.15439,-0.10159,0.069725,-0.096131,0.10077,-0.07772,-0.022881,-0.12953,0.13828,0.066531,-0.030554,-0.083386,-0.15419,0.16201,-0.018346,-0.15314,0.11535,0.041386,-0.087258,0.21271,0.26073,0.14237,0.0033402,-0.16173,0.20824,-0.24493,0.38806,0.024419,-0.086286,0.16996,0.16078,-0.16823,-0.16011,0.049339,-0.04127
-0.11052,0.085996,0.24438,0.11256,-0.024069,0.20812,0.036397,-0.12042,-0.016881,0.14404,0.18992,-0.20409,0.056256,0.27648,0.070471,-0.12994,0.089748,0.097077,-0.21183,0.047836,-0.24514,0.22296,0.21545,-0.020645,-0.095177,-0.15686,-0.10972,-0.24315,-0.123,0.10186,-0.015563,-0.047654,0.030635,0.050242,-0.088022,-0.19977,0.056043,-0.035328,0.013747,-0.13134,0.071826,-0.0014818,-0.11182,0.063841,0.010989,-0.11708,-0.083001,0.054419,-0.17893,0.26473,-0.087447,0.051372,0.016721,0.027317,-0.070909,0.11071,0.14897,-0.092509,0.11852,0.0095793
-0.11564,-0.16432,0.075184,0.11325,0.18397,0.10004,-0.15254,-0.042304,0.1244,0.11171,0.00080895,-0.1291,-0.028106,-0.27683,0.015543,-0.0049942,-0.24523,-0.43533,0.08577,0.098523,-0.2636,0.026937,-0.092911,-0.1434,0.18276,0.032771,-0.065009,-0.025643,-0.22694,-0.07951,-0.11307,-0.1159,-0.022599,0.14878,-0.018172,0.15978,0.2246,0.0022952,0.038804,0.013025,-0.069859,0.1752,0.062182,0.18148,-0.1222,-0.089542,-0.12354,0.045112,-0.087634,-0.098031,-0.044716,0.0096906,-0.029774,0.10851,0.066964,-0.0041239,-0.056092,-0.079921,-0.023737,-0.022433
-0.15107,-0.074715,-0.14685,0.0099263,0.1158,-0.052892,-0.0042356,-0.023018,-0.14858,-0.047651,0.18653,0.00099735,0.098815,-0.20799,0.19344,0.072181,-0.08929,-0.034713,-0.14874,0.040008,-0.012464,0.081916,0.048786,0.1229,-0.027175,-0.018053,0.17285,0.10924,-0.13735,0.010811,0.069885,-0.015411,-0.071638,0.06809,-0.0017319,-0.14575,-0.04455,0.084998,-0.017486,-0.041705,0.024245,0.33454,-0.056902,-0.14846,0.13328,0.095814,-0.015795,0.11823,0.13717,-0.062308,-0.03191,-0.35154,0.23842,-0.33074,-0.066849,0.12907,0.30913,0.023315,-0.03348,-0.032306
-0.11196,0.031837,-0.068999,0.021737,0.050336,-0.28218,0.2778,-0.058256,-0.030896,0.45135,-0.37482,-0.18108,-0.025687,0.22079,-0.068777,0.010134,-0.016611,-0.22759,-0.10553,-0.0099482,0.2171,0.27069,0.076035,0.037285,0.13563,0.28047,-0.0020994,-0.0032286,-0.026715,-0.062629,0.089946,-0.040519,0.078052,-0.020044,0.033041,-0.068936,0.017895,0.11678,0.044336,-0.03925,0.07601,0.030243,-0.087622,-0.074819,-0.081568,0.015017,-0.02121,-0.084925,0.031158,-0.062981,0.069858,-0.02621,-0.018873,0.0019736,0.043414,0.035049,0.045732,0.046384,0.016429,-0.034165
-0.088547,-0.17757,0.047778,0.043069,-0.13621,0.21915,0.11153,0.010728,-0.50563,0.30802,0.025946,0.10159,-0.066265,-0.13596,-0.047041,-0.21211,0.15427,0.20004,0.31475,-0.0056007,-0.083954,-0.08519,-0.0061784,0.21247,0.034021,0.18934,-0.089244,0.2007,-0.080155,-0.076067,0.089429,0.033295,0.020457,0.014948,-0.037337,-0.057944,0.23517,-0.12717,-0.062925,-0.0658,-0.0085389,0.014913,0.096395,0.057204,0.0060274,0.091337,-0.0076827,0.016914,0.0073585,-0.027897,-0.030553,0.03463,-0.059371,0.028534,-0.021453,0.036221,0.025326,0.0091612,-0.0090194,0.012115
-0.13012,-0.11005,0.094984,0.19684,0.13379,0.19148,0.060309,-0.16846,0.1848,-0.00068944,0.092741,-0.1235,0.1253,0.25151,0.043627,-0.19868,0.029475,0.0034269,-0.036789,0.11271,0.071621,-0.065551,0.063905,-0.04739,-0.095543,0.035438,0.033434,0.0296,0.16494,-0.12042,-0.093445,-0.044235,-0.06771,0.10749,0.030347,0.038191,0.13654,0.0037051,-0.11446,0.11636,-0.072085,0.0023938,0.043128,-0.022422,0.16643,0.22237,0.25238,0.12697,0.10434,-0.34109,0.23602,-0.013184,-0.047958,-0.093087,-0.057534,0.10427,-0.20711,0.17767,0.10512,0.20171
-0.1423,0.10886,0.036477,-0.14741,0.10145,-0.091972,0.25621,0.11103,0.014527,0.15869,-0.099531,-0.026805,-0.089233,-0.0044946,-0.046371,-0.15633,-0.080333,-0.094098,0.042534,-0.090286,-0.0023511,-0.086822,0.037315,-0.095737,-0.16461,-0.22836,0.11233,-0.033254,0.028638,0.0039067,-0.063155,0.087118,-0.025123,0.1892,-0.17434,0.089988,-0.037003,-0.29396,-0.021641,-0.082823,-0.17052,-0.16968,0.027264,0.17774,0.36411,-0.050031,0.0045352,-0.048474,0.010168,0.0381,-0.17461,-0.31526,0.070783,0.051097,0.016361,-0.078194,-0.019365,0.087649,-0.27109,0.064124
-0.1569,0.06695,-0.020709,-0.067091,0.17454,-0.028936,0.17906,-0.039682,0.0025194,-0.12373,0.14494,-0.049443,-0.11192,-0.074774,0.046323,0.022473,0.098172,0.023077,0.0028812,0.053357,-0.0024619,0.014931,-0.0063368,0.16023,0.31109,-0.090933,0.0057343,-0.0644,0.19793,-0.051297,0.092791,-0.014508,0.08408,0.023495,0.19102,-0.17567,0.061791,-0.045701,-0.12714,-0.11901,0.094494,-0.011768,0.00087842,-0.072543,0.17089,-0.084124,-0.19974,0.043271,-0.018793,-0.15904,-0.19313,-0.058109,0.010427,0.047767,0.21856,-0.3538,-0.22465,-0.077758,0.37497,-0.017751
-0.14342,0.042315,0.0043185,-0.13259,0.16485,-0.13124,0.21319,0.036116,-0.098956,0.02532,0.091373,0.10281,0.016837,-0.11352,0.31452,0.12008,0.084699,0.095516,0.026715,0.26269,0.057406,0.04408,0.23312,0.01422,0.18107,-0.22208,-0.087174,0.029687,-0.080696,0.051907,-0.16863,-0.04318,0.028425,-0.055223,-0.0088491,0.049299,0.15625,-0.014144,0.016705,0.36685,0.073627,-0.2194,-0.022365,0.00028741,-0.25076,-0.14045,0.18604,0.052142,0.062165,0.089597,0.10766,0.0056038,0.007482,0.013488,0.14812,0.12023,-0.062812,0.032918,-0.16431,0.071556
-0.14024,-0.02219,-0.17463,0.094638,0.16386,0.17104,0.013646,-0.17236,0.0084494,0.0095875,-0.091948,0.10662,-0.11475,-0.016142,-0.11319,-0.0070606,-0.069232,0.15547,-0.054295,-0.012351,0.067734,-0.12682,0.10993,-0.19271,0.0071966,0.014887,0.21808,-0.15126,0.20864,-0.057123,0.093622,0.26699,-0.13014,-0.084351,-0.10706,0.20314,0.10651,-0.18187,0.063937,0.038566,0.205,0.25646,0.0097674,-0.010761,-0.1172,0.051274,-0.072979,-0.059388,-0.016112,0.27601,0.12928,-0.11671,-0.067991,0.085377,0.2906,0.1287,0.060054,0.0033539,0.13874,-0.07768
-0.10141,-0.21149,0.053304,0.015533,-0.23466,0.13582,0.16781,-0.0016136,-0.054853,0.00025694,0.049857,0.24455,0.083071,-0.18482,-0.274,0.066553,-0.031755,-0.12596,-0.12058,0.0083905,0.078877,-0.0003447,0.28663,0.010478,-0.026603,-0.078245,0.13432,-0.097731,0.18902,-0.20403,-0.18114,0.093856,0.18364,0.17276,0.094135,-0.18207,-0.16061,0.21338,0.31278,0.058103,-0.13703,-0.035383,-0.018545,0.16452,-0.095709,-0.0082205,0.011545,-0.027209,-0.1566,-0.064343,-0.036276,0.0087919,-0.046466,-0.10504,0.014766,-0.018556,-0.0082672,-0.017542,0.02973,0.016061
-0.10381,-0.19714,0.081231,0.022458,-0.17287,0.15726,0.15851,0.028928,0.22136,0.18199,0.18104,0.11105,0.0028216,0.036903,0.0061569,0.35292,0.0072501,0.074184,0.028774,-0.080814,-0.090716,0.32934,-0.26284,0.03287,0.077647,0.087644,0.20116,0.05505,0.022228,-0.06755,-0.12878,0.20362,-0.25585,-0.016199,0.11517,0.023439,-0.073339,0.0054737,-0.2741,0.058729,0.017994,-0.082493,0.047919,-0.033685,0.084579,-0.21081,-0.078875,-0.011064,0.062067,0.08331,0.073047,-0.0155,-0.0030152,0.12079,-0.073045,0.012621,0.019837,0.12083,-0.077036,0.00017443
-0.11014,-0.11094,-0.17826,-0.1151,-0.27083,0.091117,0.0886,0.021639,0.050328,-0.087953,0.07194,0.11272,-0.16702,-0.072709,0.12108,-0.37394,-0.30665,-0.043286,-0.016174,0.075926,0.20339,0.23176,-0.07953,-0.26048,0.064634,-0.019037,-0.015254,-0.090313,-0.10664,0.29841,0.11945,0.11112,0.17609,-0.0047881,-0.026855,-0.12064,0.019318,0.12434,-0.25639,0.045946,-0.028506,-0.015497,-0.020476,0.030112,0.048095,0.18837,-0.013865,0.011749,0.059145,0.076767,0.037097,0.10956,-0.080296,-0.018531,0.029988,-0.021383,-0.069879,-0.076722,-0.02634,0.026906
-0.11078,-0.11129,-0.15168,-0.19194,-0.24563,0.039472,-0.054718,-0.024469,0.2757,0.24611,0.014735,-0.11278,-0.065822,-0.055764,0.14871,0.018863,-0.002841,0.054706,0.28553,-0.12115,-0.032506,-0.094325,0.079881,0.25134,-0.16777,-0.18504,-0.13305,-0.21267,0.13795,0.096451,0.22757,-0.15859,-0.14196,0.25798,0.049407,0.15679,-0.094855,0.064632,0.074771,0.072968,0.16732,0.033452,-0.19861,-0.057808,-0.13661,0.034158,-0.050558,0.023027,0.001045,-0.13375,0.0178,-0.060831,-0.066406,-0.022006,0.024627,0.009453,0.016206,-0.02948,-0.0016849,0.0013379
-0.11289,-0.06554,0.25498,-0.17367,-0.05025,-0.029145,0.1218,-0.17253,-0.036907,-0.25621,-0.14903,-0.13517,-0.073894,-0.075786,0.02982,0.022829,-0.027216,-0.097127,-0.1412,-0.23916,-0.19904,-0.15027,0.12649,-0.068292,-0.074496,0.26874,-0.025075,0.17278,-0.057069,-0.023857,0.33477,0.14805,-0.21277,0.10505,-0.080026,-0.078071,-0.01676,0.09678,-0.042854,0.27617,-0.10488,-0.17868,-0.0911,-0.035042,-0.0011677,-0.087426,0.052028,0.2025,0.064767,0.071238,-0.033385,0.060745,-0.025288,0.018683,0.10573,-0.030796,0.054553,-0.060418,0.084634,0.046131
-0.11922,-0.20297,0.10352,0.066505,0.084,0.021699,0.049907,-0.062541,-0.11859,-0.21978,-0.12169,-0.093291,0.01667,0.0208,0.21793,-0.10083,-0.059268,0.029833,0.032278,0.16212,0.3161,-0.036745,-0.2162,0.26843,-0.10827,0.0021425,0.0070635,-0.20109,0.04308,-0.091826,0.051033,-0.12615,-0.096367,-0.031396,0.067863,-0.044393,-0.079147,-0.086265,0.050219,-0.026453,-0.42966,0.071449,-0.10179,-0.011093,0.017778,-0.23866,-0.17755,-0.087614,-0.093352,0.1227,0.20571,0.07907,-0.06068,0.064209,0.040822,0.03692,0.041458,0.002723,-0.10216,-0.11255
-0.13772,-0.082969,-0.14943,-0.0045984,0.082715,-0.035231,0.040541,0.10485,-0.054551,0.040477,-0.12935,0.27523,0.20076,0.24636,-0.088184,-0.17668,-0.00085479,0.039353,-0.0025148,0.076027,-0.34487,-0.25212,-0.046073,-0.077241,0.10136,-0.056994,-0.30722,-0.092708,-0.20174,-0.037718,-0.06068,0.1609,-0.07682,0.032411,0.25767,0.023854,-0.20955,0.21191,-0.061196,0.0052523,-0.060502,0.048045,-0.16397,-0.082917,0.069228,-0.02024,-0.04075,-0.076551,0.080144,0.043012,0.15775,-0.068461,0.16963,0.082171,0.082956,-0.080073,-0.0049903,0.036364,0.015261,-0.026028
-0.11116,-0.21551,0.11104,0.08583,0.11746,-0.038608,-0.1758,0.15851,-0.049721,-0.11873,-0.23288,-0.032334,0.060886,-0.19214,-0.0075647,-0.16633,0.036032,0.039456,0.018217,-0.035634,-0.010859,0.13755,0.022086,0.040323,0.017113,0.040955,0.085464,-0.32744,0.024001,-0.081215,0.047296,-0.087189,0.10172,0.15386,0.096965,-0.028181,-0.14026,-0.015154,-0.019811,0.0865,0.27495,-0.08004,0.26143,-0.17671,0.0498,-0.04057,0.18137,-0.076176,0.23499,0.13685,-0.23296,0.053678,0.07475,0.20887,-0.14452,0.11102,0.018735,0.16695,0.047296,0.1025
-0.12096,-0.13472,-0.17905,-0.13563,-0.13482,-0.074039,0.035257,-0.058677,-0.036507,-0.31149,-0.10868,-0.017752,0.14187,0.16576,-0.10277,0.0065564,0.2004,0.063359,0.11356,0.11422,0.053444,0.20416,0.11541,-0.13801,0.062258,-0.013324,-0.047849,0.032869,-0.28907,0.028611,0.011083,-0.07299,-0.29772,0.085589,-0.11536,0.0098832,-0.066823,-0.084396,0.18434,-0.094431,0.17818,0.013528,0.32753,0.12706,0.069553,-0.096559,-0.1803,0.048968,-0.072591,-0.15418,0.05729,-0.085971,-0.2271,-0.099855,-0.0088959,0.003997,-0.072455,0.02069,-0.0020067,-0.011748
-0.11833,-0.20861,0.10502,0.038055,0.037593,-0.0063194,0.091088,0.0099721,-0.0023089,-0.13414,0.016392,-0.034398,0.062696,0.158,0.060458,0.31607,-0.22387,0.20309,-0.017026,-0.097412,0.035402,0.10767,0.043952,-0.0042323,-0.1795,-0.062576,-0.10969,0.037948,-0.2326,-0.034641,0.24362,0.10697,0.34701,-0.13396,0.2805,0.28697,0.16568,-0.078583,0.16785,-0.080156,-0.038325,-0.007288,-0.026463,0.12531,-0.023408,0.18524,0.0084278,-0.042562,0.047989,-0.057119,-0.13174,-0.10195,-0.017314,0.089772,-0.042594,-0.081766,-0.02045,0.033626,0.011443,0.049668
-0.14299,0.17318,0.013314,0.03754,-0.096936,0.03751,-0.067573,0.031006,0.042953,-0.029264,-0.06061,0.1533,0.11803,0.080764,0.10623,-0.067637,0.16804,-0.14085,-0.057857,-0.10862,-0.10765,0.14862,-0.027104,0.10383,0.14593,-0.13454,-0.01717,0.17982,0.15332,0.16497,0.15572,0.048147,0.14188,0.029125,-0.1132,0.076875,-0.05551,-0.049808,0.071104,0.074996,-0.29427,0.22486,0.21504,-0.19664,-0.20492,0.081054,-0.13112,0.059809,-0.15013,0.014898,-0.021116,-0.042402,-0.04467,0.17729,0.043411,-0.072,0.086252,0.31205,-0.026408,0.29894
-0.097387,-0.22049,0.014328,-0.064548,-0.24718,0.091881,0.13194,-0.021474,-0.044323,-0.085174,-0.053003,0.019559,-0.25969,0.016937,-0.060521,0.054145,0.22447,-0.2462,-0.34007,0.050871,0.056397,-0.15263,-0.26702,-0.10039,-0.11007,-0.097251,-0.30709,0.037951,0.073626,-0.085096,-0.17654,-0.20539,0.077728,-0.091422,-0.0043023,0.12559,0.13868,-0.15955,-0.012513,0.036029,0.20787,-0.016889,-0.019189,-0.23232,0.012098,0.029264,-0.085238,-0.00284,0.016157,0.048069,-0.049714,-0.074499,0.079969,-0.094738,-0.023407,0.020362,0.10601,0.031993,0.0018571,0.036334
-0.13914,-0.1196,-0.11845,-0.057523,0.10893,-0.085334,-0.093316,-0.092724,-0.094651,0.032355,-0.10842,-0.079425,-0.13578,0.15483,0.15238,0.24941,-0.02751,-0.10039,-0.030219,-0.00015501,-0.18242,-0.18892,-0.24342,0.19591,0.0084185,-0.099637,-0.026544,-0.14756,0.074731,0.0087516,-0.0053756,0.18766,0.1448,-0.098978,-0.16523,-0.29282,-0.17218,0.046176,-0.12922,0.050863,0.10502,-0.032995,0.23926,0.35834,-0.037485,0.20494,0.091406,0.050793,-0.13349,0.018434,0.04607,0.0069205,-0.13474,-0.087949,-0.056224,0.075895,-0.02336,0.043541,-0.01557,0.0099099
-0.14471,0.16504,0.0060194,0.0030879,-0.020264,0.054428,0.033254,0.24154,0.017246,-0.13214,0.074041,-0.075835,-0.090455,0.11978,-0.19963,0.051367,-0.049,0.070352,-0.016872,0.0039923,-0.082957,0.0025429,-0.098879,0.073634,0.067892,-0.091963,0.065096,-0.0025622,0.0067517,-0.12831,0.20318,-0.085071,0.01705,0.091115,-0.11377,-0.011372,0.17431,0.13847,0.014243,0.057749,0.056968,0.038463,0.0067793,0.15433,0.081325,-0.056691,-0.12024,-0.34736,0.15585,-0.13439,0.021743,0.37249,0.171,-0.19915,0.27437,0.17895,0.13786,0.086365,-0.15537,0.16185
-0.14192,0.17754,-0.0044833,0.016456,-0.05154,0.13706,-0.019532,0.099774,-0.0015617,-0.077332,-0.05711,-0.071161,-0.1886,-0.017472,-0.052655,0.12179,-0.11537,0.016605,0.00522,0.14388,-0.033567,-0.0086679,0.16696,0.047149,-0.024882,0.016391,0.032617,0.088555,-0.11136,-0.17995,-0.026431,-0.15361,-0.11804,0.046412,-0.023075,-0.030473,-0.19146,-0.010351,-0.18871,-0.18948,-0.16911,-0.24408,0.044659,-0.11481,-0.30919,0.33069,-0.22493,-0.089507,0.069136,0.11394,0.0034898,-0.1721,0.131,0.039803,-0.056159,0.22912,-0.28049,0.0034222,0.1028,-0.014774
-0.10126,0.021062,0.15419,0.41729,-0.1876,-0.105,0.024592,-0.10692,0.12943,0.029846,-0.072734,-0.017258,0.015362,0.068497,0.19401,-0.12321,-0.0043987,0.076034,0.084247,0.18524,-0.11994,-0.027934,-0.0060668,0.017535,-0.079107,0.016908,0.090262,0.08452,0.03753,-0.062298,-0.062569,0.041789,0.082258,-0.0011599,-0.06754,0.15085,-0.13506,0.071976,-0.0015386,0.048674,0.049757,-0.13739,0.25203,-0.088008,-0.066631,0.071162,-0.049601,-0.018481,0.10053,0.022529,-0.14245,0.0077155,-0.0017767,-0.25674,0.24705,-0.3098,0.13648,-0.14932,-0.13975,-0.27841
-0.1464,0.17642,0.024995,-0.0082119,-0.1179,-0.0032047,-0.024746,0.15241,-0.071925,0.0050375,0.073935,0.045713,0.13353,0.053922,-0.013599,-0.015326,0.042146,-0.035943,-0.17901,-0.15194,-0.01091,0.056375,-0.14729,0.069528,0.027954,-0.070478,0.083848,0.0017238,0.040891,-0.072948,0.11447,-0.087775,0.10239,0.1318,-0.027662,-0.017814,0.086579,-0.05473,0.15921,0.17227,0.070248,0.010816,0.14355,0.025523,0.097455,0.11408,0.0017614,0.16613,0.10416,-0.051712,0.34156,-0.065791,0.11431,0.32771,-0.061622,0.05935,-0.13538,-0.38413,-0.07255,-0.37704
-0.12176,0.093965,-0.061779,0.16086,-0.16714,-0.32245,-0.022033,0.05053,-0.10498,0.026805,0.23055,-0.19681,-0.04896,-0.077504,-0.23604,-0.021352,-0.04517,0.052743,0.052394,-0.056872,-0.11653,0.0094929,-0.22644,-0.1467,-0.087442,0.077254,-0.0045701,-0.2509,0.025919,0.14127,-0.0044999,0.010799,-0.12941,-0.031403,0.28488,-0.18355,0.11461,-0.193,0.16925,-0.014166,-0.15724,-0.090591,0.087792,-0.049953,-0.22746,-0.018453,0.14239,0.13872,0.029873,0.032266,0.10691,-0.12279,0.021246,-0.13673,0.15725,-0.014824,-0.041137,0.10224,0.012556,0.13228
-0.15095,0.15281,0.017056,-0.069736,-0.063864,-0.075546,-0.0052638,0.20769,0.0035521,-0.0058341,0.072258,-0.012151,0.16455,0.045244,0.056043,-0.047921,0.0195,-0.13584,0.12604,-0.023711,0.12654,-0.081065,-0.024954,-0.020417,-0.015356,0.055957,-0.072763,-0.014261,0.060703,0.027106,-0.17598,0.13643,0.062204,-0.045057,0.040044,0.18526,-0.027777,-0.0571,-0.10663,0.076658,-0.13604,-0.10245,0.048161,0.16328,-0.02042,-0.073861,-0.10109,0.0067393,0.18987,-0.10156,-0.12446,-0.02499,-0.19295,-0.024336,-0.039303,0.30454,0.37605,-0.086092,0.49435,-0.094769
-0.14375,0.17055,0.0092914,-0.011975,-0.061077,0.024772,-0.081989,0.093782,-0.044937,-0.054384,0.095502,-0.096377,0.060955,-0.0012614,-0.12427,0.06959,0.05623,-0.088219,0.14418,0.10606,0.27428,0.082182,0.0040992,0.13158,-0.21131,0.19334,-0.22469,-0.042889,-0.029111,-0.064561,-0.051992,0.08394,-0.020001,0.065603,-0.14774,0.15516,0.042744,0.22045,-0.12476,0.15911,0.078672,0.18566,0.056481,0.20603,0.029007,-0.04074,0.11075,0.051368,-0.11213,0.30716,0.026111,-0.11309,0.30052,-0.02311,-0.010538,-0.30679,-0.12749,0.064756,0.11253,0.084648
-0.13888,0.14834,0.014216,-0.10915,-0.076974,-0.055919,-0.048344,0.25924,-0.083251,0.087517,0.024482,-0.15044,0.14214,-0.022236,0.082768,-0.10022,-0.25017,0.073985,-0.13274,-0.0523,-0.025686,-0.18138,0.020796,-0.029092,-0.078098,-0.019837,0.14471,0.14242,-0.014907,-0.22336,-0.062526,-0.12416,-0.01465,-0.10114,0.22042,0.035486,0.051293,0.14824,-0.071588,0.084576,0.19296,0.083591,0.042506,-0.13509,0.13416,-0.03351,-0.12248,0.083035,-0.29593,0.17179,-0.020943,0.046039,-0.41804,-0.079184,-0.024194,-0.014166,-0.11294,0.17401,-0.072237,0.00094418
-0.13638,0.13728,0.022019,-0.10856,0.088688,0.075279,-0.14706,-0.30666,0.078414,-0.016374,-0.024648,0.22013,0.12825,-0.1153,0.045614,-0.086055,-0.058441,-0.076192,0.018949,-0.1893,0.036,0.027192,-0.075113,0.15461,0.047153,0.15213,0.060992,-0.027419,-0.11561,0.10373,-0.055725,-0.063477,0.067132,0.037151,0.14054,0.074035,0.11235,-0.071041,0.0886,-0.05305,0.14718,-0.44996,0.037746,0.0011729,0.11366,0.10146,-0.086093,-0.1593,-0.28553,0.056825,0.23848,0.0038213,0.17526,-0.17953,0.026908,-0.0027351,0.13385,0.13674,0.073023,0.003129
-0.1505,0.16661,-0.014365,0.021599,-0.024123,0.15211,-0.0026111,0.075398,0.024833,-0.061127,-0.093728,-0.060387,-0.11661,-0.053798,-0.012851,0.14187,-0.041548,0.0044284,0.040604,0.1521,-0.0057249,-0.027102,0.083468,-0.035039,0.031875,0.065806,-0.023713,0.039706,-0.038784,-0.025538,0.0012127,-0.019575,-0.015549,0.059895,0.15001,-0.074385,-0.11386,-0.14921,-0.097454,-0.044113,0.020371,0.060098,0.059578,-0.11937,0.049835,-0.00026238,0.32674,-0.2502,-0.16808,-0.087633,0.20021,-0.062428,-0.17382,0.1135,-0.069992,-0.19089,0.34347,-0.41094,-0.053624,0.30686
-0.14853,-0.055788,-0.1703,0.050889,0.11804,-0.050243,-0.032466,-0.052732,0.0096464,-0.055271,0.29208,-0.10202,0.13505,-0.0047988,-0.021456,-0.022381,0.11036,0.047079,-0.055513,-0.10466,0.11344,-0.10818,0.11476,-0.062549,0.12958,0.28275,-0.12115,-0.19556,0.15804,-0.069434,-0.059131,-0.0041335,-0.073895,-0.14688,-0.071302,0.030066,0.017644,0.13139,-0.044575,0.0011733,-0.0068599,-0.16391,-0.037402,0.025081,-0.027786,0.21373,-0.28355,0.051375,-0.003289,-0.075588,-0.17805,-0.0050465,-0.026347,0.23119,-0.086571,-0.058082,0.18049,-0.10814,-0.42075,0.13041
-0.12311,0.0015098,0.26782,-0.046711,0.10662,-0.0024973,0.11545,-0.0034519,-0.27163,0.010854,0.15065,-0.16099,-0.16893,-0.036596,0.12246,-0.073368,-0.13154,0.027214,-0.026686,-0.23391,0.072281,0.024321,-0.1022,-0.054218,0.14251,-0.12589,-0.08696,0.041464,0.087654,0.1524,-0.18052,0.16243,-0.21629,-0.0094336,-0.092799,0.26123,-0.22892,0.24994,0.26774,-0.2292,0.095913,0.042807,0.092394,-0.096437,-0.059884,0.052026,0.077519,-0.14735,0.032897,-0.080576,0.11135,0.10685,0.02947,-0.022866,-0.11673,-0.042394,-0.077698,-0.031197,0.059758,0.031313
-0.13036,-0.065449,0.1276,0.21993,-0.040358,0.16929,0.05209,0.18344,0.077734,-0.057341,0.012894,-0.028568,0.17309,0.13359,0.14412,-0.011757,0.046601,-0.15583,0.24804,-0.071856,0.19109,-0.25369,-0.14221,-0.19652,0.10311,0.026719,0.1699,0.21937,-0.035334,0.14937,0.093564,-0.091366,0.014281,-0.094717,-0.024217,-0.29709,-0.099633,-0.044626,0.17012,-0.01929,0.27261,-0.042488,-0.24659,0.11972,-0.13906,-0.073721,0.001542,-0.067253,-0.015728,0.053455,-0.071458,-0.17028,0.11377,0.072055,0.0094016,0.0088561,-0.064129,0.035712,-0.000638,0.076383
-0.15261,0.16091,-0.0065786,0.008432,-0.019244,0.11937,0.029981,0.054795,-0.0031709,-0.055386,-0.0071428,-0.058114,-0.10595,-0.12966,-0.0008561,0.086506,0.017351,-0.074549,-0.055663,0.15247,0.052639,-0.082266,0.17038,-0.030119,-0.16613,0.054096,-0.050061,0.020608,-0.042758,0.15749,-0.029371,0.10834,-0.0035493,0.016249,0.12334,-0.068914,-0.096277,-0.096207,-0.058291,-0.21877,0.12358,0.039751,-0.020959,0.051888,-0.029541,-0.011896,0.072346,0.20246,-0.0083639,-0.25054,0.074193,0.27704,0.075089,0.25205,0.059668,-0.071866,0.17161,0.43253,-0.11995,-0.36693
-0.12857,-0.10547,-0.14739,-0.03304,0.10301,-0.088015,-0.14065,-0.074395,-0.30879,0.0071705,0.15235,-0.01897,0.12788,0.046277,-0.022446,0.14445,0.043972,-0.30026,0.20676,0.22681,-0.20309,0.17549,0.045336,-0.19788,-0.28866,-0.020576,0.1013,0.13846,0.29679,0.064705,0.14815,-0.023133,0.12798,0.0015172,-0.048191,0.098939,-0.086903,-0.0048388,0.0010075,-0.064793,0.027963,-0.16166,-0.15482,-0.16182,0.13483,-0.045549,-0.071183,-0.095578,0.063142,0.096265,0.11337,0.15782,-0.065581,0.011763,-0.023133,-0.015665,-0.092499,-0.04917,0.016585,0.016354
-0.12311,0.1676,0.044493,-0.044819,-0.12629,0.060864,-0.22256,-0.048196,-0.1456,0.10085,-0.16128,0.19384,0.18333,-0.093709,0.27107,0.15071,0.17592,0.039822,-0.13262,-0.029356,0.10362,0.043981,-0.176,-0.26926,-0.061403,-0.080134,0.014022,-0.21806,-0.033379,-0.22058,0.099272,0.031869,-0.15716,0.049695,-0.11932,-0.037957,0.21651,0.18665,-0.073086,-0.26331,-0.10163,-0.071212,-0.12641,0.011675,-0.058234,0.0063971,0.19188,-0.067584,0.042257,-0.15095,-0.15172,-0.049999,-0.10237,-0.0088086,0.12096,-0.073989,-0.07172,0.018035,0.013063,-0.006672
-0.12599,0.11463,-0.080181,0.25175,-0.20444,-0.20655,-0.032379,-0.13099,-0.014646,0.026212,-0.19623,0.12725,-0.090372,-0.1019,0.085709,0.039599,-0.080015,0.083397,-0.038578,0.063016,0.017876,-0.09226,0.013189,0.091474,-0.0057227,-0.058603,0.12454,0.028969,-0.067737,-0.036501,-0.10921,0.027058,0.012962,-0.034189,-0.023354,0.1113,-0.03608,-0.021572,0.070478,-0.15007,0.10428,0.0048681,-0.14806,0.13409,0.151,-0.11323,-0.18343,0.37968,0.12747,0.0037978,0.07344,0.23073,0.12185,0.094287,-0.12362,0.05372,-0.055427,-0.12632,0.071434,0.43838
-0.13464,0.13598,0.022893,-0.065419,0.13208,0.065559,0.10439,-0.18377,0.1524,-0.13355,-0.080931,-0.048507,-0.0044027,-0.082742,-0.20006,-0.067097,0.11664,-0.10953,0.38899,-0.22864,0.0094863,0.16064,-0.078588,0.053342,-0.10486,-0.29481,-0.035153,0.032967,-0.13989,-0.24408,-0.16554,0.035655,0.058313,-0.24776,0.0088359,-0.18246,0.053906,0.13277,0.035527,-0.054416,-0.0035037,0.073253,-0.093331,-0.15393,0.0044599,0.15098,0.060443,0.16463,0.1807,0.14273,0.027131,0.073968,-0.1487,0.011176,0.046628,0.0044454,0.10133,-0.038119,-0.087271,-0.037266
-0.1163,0.1066,-0.08393,0.31579,-0.11095,-0.21395,0.06752,-0.098845,0.10365,-0.094207,0.059727,0.013996,-0.25214,-0.21472,0.054437,-0.040163,0.13173,0.097389,0.080443,0.0090196,-0.13539,0.038414,0.011667,-0.072609,-0.03321,0.023654,-0.11449,0.020127,-0.038839,-0.05565,0.090293,0.036383,0.047214,-0.15749,-0.10901,-0.016896,0.019825,0.17942,0.082388,0.18169,-0.043329,0.01927,-0.10578,-0.013577,0.23347,-0.076015,0.044441,-0.30703,-0.25642,-0.1301,-0.012042,-0.16586,-0.03714,0.1626,-0.2048,0.22292,-0.086998,0.13882,0.093472,-0.15274
-0.14264,-0.06873,-0.14817,0.077746,0.18833,-0.018326,-0.020793,0.12682,0.20847,0.049512,0.10845,0.033316,-0.031406,-0.20086,0.0062515,-0.096657,0.13181,0.16081,-0.24299,-0.15033,-0.050032,0.03612,-0.014326,0.00013057,-0.02446,0.10559,-0.14638,0.1804,-0.01172,-0.079494,0.051771,-0.13929,0.16061,0.10445,-0.16831,-0.019082,-0.10855,-0.072738,0.025092,-0.17814,-0.029051,-0.056321,-0.094504,0.21426,-0.13575,-0.13468,0.028307,-0.06321,0.28611,0.17314,0.25595,-0.0080342,-0.27724,-0.12917,-0.10425,-0.2232,-0.0077311,0.10444,0.06419,-0.013231
-0.12918,0.15198,0.038115,-0.075882,0.071448,0.16069,-0.073712,-0.26024,-0.12698,0.1328,-0.16163,-0.040477,-0.018766,-0.068413,-0.059632,0.059262,0.0033011,0.26897,0.034108,-0.053187,0.025566,0.11923,-0.10181,-0.33963,0.058958,-0.028606,-0.1058,0.1018,0.17225,0.044709,-0.0025745,-0.34678,0.029972,-0.057306,0.23378,0.0099941,-0.30016,-0.033127,-0.041483,0.2808,-0.090988,0.12656,0.020935,0.2568,0.046122,-0.0057701,-0.082095,0.058987,0.035984,-0.039105,-0.1117,0.024052,0.12342,-0.09858,-0.041518,0.007218,0.024472,0.0066323,-0.033243,-0.049678
-0.098956,-0.067608,0.17917,0.16621,-0.10674,-0.37554,-0.061294,-0.26493,-0.071926,-0.077206,0.10185,0.15383,0.13556,0.057689,-0.1941,0.072712,-0.12852,-0.06262,-0.011239,-0.1394,0.15099,-0.099075,0.12025,0.067742,0.14195,-0.22253,-0.095405,0.13568,0.042611,0.077698,-0.0058638,-0.13169,-0.134,0.23541,0.02997,-0.035761,0.075249,-0.12405,-0.35779,-0.057122,0.062551,0.13984,-0.071984,0.076078,-0.056086,0.085662,0.091313,-0.19001,0.019643,0.12098,-0.048558,0.076714,-0.10358,0.076801,-0.054543,0.017061,0.014658,0.027084,-0.042835,-0.11157
-0.12351,-0.0318,0.13479,-0.16611,0.00088595,-0.1212,-0.25889,0.028114,-0.014717,0.02537,0.21163,0.21846,-0.40912,0.26128,0.024158,-0.18632,0.21619,-0.16196,-0.014914,0.055572,-0.0082704,0.050307,0.081572,0.059147,0.072486,0.069081,0.32572,-0.054435,-0.16361,-0.14988,0.059722,-0.098304,-0.10436,-0.15849,0.15532,0.14404,-0.10731,-0.058979,0.081899,0.079838,-0.038492,0.075766,-0.1527,0.16446,-0.031696,0.094162,0.12724,0.017879,0.031089,0.0052514,-0.07653,0.017336,-0.038911,-0.0033174,-0.04648,-0.11753,0.03376,0.030701,-0.0078049,-0.029102
-0.12487,-0.11288,-0.12883,-0.081876,0.05647,-0.065327,-0.36944,0.019577,0.051926,0.01651,-0.074142,0.036774,-0.20331,0.20751,0.096721,-0.083289,-0.23073,0.15562,-0.0070921,-0.043598,0.059892,0.13287,0.047491,0.0081129,-0.17128,-0.013277,-0.13704,0.32519,0.16582,-0.072321,-0.27021,0.1259,-0.10604,0.11207,0.017428,-0.31586,0.23017,0.012349,0.1853,0.061294,-0.011701,-0.05923,0.031634,-0.051769,-0.047094,-0.11096,-0.063837,-0.067343,0.027677,-0.062344,-0.11639,-0.027743,0.11474,0.15613,0.033236,-0.059533,0.072485,-0.029254,0.041983,-0.018151
-0.11392,-0.17958,0.017589,-0.095538,-0.016845,-0.040834,-0.26675,-0.088688,0.087983,0.16748,0.0063928,-0.33765,-0.055178,-0.053356,-0.16812,0.051464,0.34115,0.13992,-0.04274,0.058923,0.20209,-0.23916,0.011967,-0.10752,0.1104,-0.16806,0.20664,0.13577,-0.21046,0.15565,0.00080849,0.17012,0.23556,0.13029,0.073795,0.046904,0.034162,0.21039,-0.07801,-0.046155,-0.16511,-0.058995,0.089199,-0.11673,0.066491,-0.083622,-0.052214,-0.011095,-0.03159,0.067757,0.080665,-0.012753,0.065149,0.037231,0.05104,0.065555,0.0033178,-0.04892,-0.0059136,-0.010921
-0.10368,-0.18695,0.10738,0.11325,-0.03997,0.004389,-0.18496,0.3406,-0.025001,-0.079142,-0.32338,-0.12712,0.066275,-0.15106,-0.056464,-0.025451,0.14393,-0.0021234,-0.071082,-0.13545,-0.1069,0.21096,0.21174,0.10483,0.056973,-0.10538,0.0042738,-0.00407,0.16501,0.23216,-0.11443,0.068014,-0.14756,-0.30803,0.033467,0.058571,0.11178,-0.066447,-0.16001,0.026117,-0.029015,-0.024497,-0.22247,0.13857,0.066691,0.14662,-0.037703,-0.010642,-0.091101,-0.082001,0.12792,-0.049379,0.05002,-0.16811,0.070577,-0.058588,-0.066069,-0.085443,-0.035388,-0.048869
-0.1317,0.022088,-0.0071872,-0.27881,-0.084951,-0.093988,0.17452,-0.079855,0.07876,-0.21559,-0.13563,-0.11893,0.1302,0.0035432,-0.03657,-0.071796,0.050819,0.21755,0.0088433,0.23109,-0.26087,0.018376,-0.23846,0.074617,0.061098,0.21222,0.24461,0.059468,0.14414,0.12619,-0.25741,-0.04557,0.093294,0.17588,-0.04806,0.098298,0.14801,0.048915,0.06956,-0.11056,0.0041617,0.12449,-0.24989,0.075753,-0.13571,0.15414,0.13374,-0.05555,-0.040257,0.070736,-0.13549,-0.0038284,0.0056944,0.085031,-0.12106,0.0098646,0.0090741,0.0032325,-0.012694,-0.065876
-0.12104,-0.042858,0.25455,-0.098402,0.14005,-0.069721,0.091373,0.047633,0.18364,0.11502,-0.035575,0.3112,-0.044326,-0.042997,-0.12347,0.066442,-0.026863,0.026897,-0.0025721,0.15976,-0.027591,-0.13815,0.043366,0.022118,-0.22994,0.065754,0.016917,-0.018759,0.10933,0.34306,0.098868,-0.28418,-0.1141,-0.24663,-0.0017648,-0.093452,0.17786,0.31706,0.031078,-0.16128,-0.040465,0.050162,0.29459,0.025928,0.062045,-0.029295,-0.044723,0.021099,0.093747,0.039814,0.021276,-0.083912,-0.050848,0.076783,-0.010547,0.035268,0.023553,-0.083841,0.032437,0.037076
-0.1127,-0.10319,-0.15555,-0.20781,-0.31823,0.011027,-0.021939,-0.13325,0.082322,0.032008,0.063145,-0.1495,0.15964,0.025132,0.13824,-0.0049818,-0.1418,-0.044081,0.031049,-0.1424,-0.11311,-0.12677,0.24984,-0.0065217,0.16025,0.06562,0.015467,-0.021563,0.051116,-0.13666,-0.05717,-0.16476,0.073994,-0.39209,-0.11739,-0.0045094,-0.012886,-0.11867,0.0068924,-0.17277,-0.14173,0.093741,0.18232,-0.011145,0.085775,-0.17713,0.23853,-0.13431,0.11345,0.06336,0.037472,0.069266,0.24563,0.045853,0.060502,-0.014637,-0.070479,0.036078,0.0495,-0.045335
-0.10524,-0.037969,0.26485,-0.19138,0.0044758,-0.1259,-0.13159,-0.006126,0.2079,0.16429,0.081905,0.012762,0.20779,-0.18019,-0.1937,-0.12041,-0.11104,0.08949,-0.082956,0.36528,0.0816,0.05921,-0.15382,0.043546,0.080483,-0.050566,-0.20506,0.10631,0.031461,-0.18321,0.23901,0.23451,-0.065056,-0.19909,-0.15611,-0.054735,-0.18821,-0.23482,0.11142,-0.013007,0.088264,-0.027378,-0.076678,-0.060162,0.0017192,0.084421,0.02397,0.040312,-0.095602,-0.077184,-0.055779,0.051467,0.053591,-0.035613,-0.0086959,0.087744,-0.022783,-0.040446,-0.0061589,0.024256
-0.13884,0.17813,0.018283,-0.036632,-0.020399,0.13532,-0.06923,-0.18115,-0.050285,0.063722,0.0049152,0.0056377,0.10627,-0.047754,-0.061117,0.019779,0.011261,-0.072585,-0.15204,-0.022908,0.0014383,-0.088139,0.018138,0.19597,-0.20678,0.1094,0.063191,-0.099737,-0.22313,0.2488,-0.16736,0.1683,0.029697,-0.10458,-0.011812,-0.088759,-0.037881,-0.16401,0.032828,0.2446,0.037307,0.1509,-0.044136,-0.10969,-0.052655,-0.099954,-0.15415,-0.31017,0.2866,-0.16805,-0.13124,0.026516,-0.1575,-0.048252,-0.066589,-0.079978,-0.30981,-0.062114,-0.081305,0.041602
-0.11394,-0.052935,0.29486,-0.094614,0.034932,-0.13676,-0.087442,0.12882,0.00031119,-0.033671,0.015114,0.16939,-0.10787,0.10182,-0.00074864,0.16787,-0.071221,0.17766,0.22268,-0.15254,-0.011668,-0.023,0.071383,-0.18077,0.030244,0.23176,-0.033477,-0.21431,-0.046962,-0.022325,-0.17617,-0.065907,0.31514,0.10582,-0.30931,-0.059625,-0.068254,-0.12346,-0.1116,0.0050553,0.00012827,0.15133,-0.10889,-0.26191,0.023083,-0.054119,-0.12027,0.13705,-0.11309,-0.16297,0.16312,-0.023089,2.8314e-06,-0.13495,0.076588,0.020365,-0.041796,0.017122,-0.023221,-0.021756
-0.1511,-0.047088,-0.17189,0.071481,0.12636,0.053747,0.0085724,-0.0331,-0.051989,-0.066482,0.054459,0.079691,0.011161,0.070605,-0.18599,-0.1596,-0.042858,0.030212,-0.11307,-0.15693,0.018771,0.098238,-0.11302,0.17449,-0.16681,0.015005,0.042181,0.11897,-0.045112,0.049416,0.0062877,-0.094755,0.095607,-0.082613,-0.0562,0.17966,-0.17906,0.078968,-0.21911,-0.11754,0.06067,-0.07732,-0.016967,-0.02487,-0.1998,-0.31726,0.24842,0.14771,-0.2429,-0.21035,-0.19031,-0.074128,0.024684,0.038892,0.24748,0.21454,-0.099516,-0.17804,-0.074081,0.012099
-0.15223,-0.066142,-0.15718,0.0088682,0.15051,-0.053554,0.18056,0.084078,0.029835,0.057049,-0.055035,0.044504,0.059625,0.01922,-0.059905,-0.04538,-0.0072302,0.052086,0.023954,-0.072363,0.010714,-0.093016,-0.015923,-0.13898,-0.11139,-0.17903,0.19723,-0.067167,-0.071077,-0.062872,0.11014,0.0075524,-0.10126,-0.067485,-0.1085,-0.0065125,0.14319,-0.081447,-0.11659,0.12886,-0.070652,-0.025411,0.080026,-0.11235,-0.28499,-0.050062,-0.048592,-0.0046043,-0.19241,-0.12075,-0.039126,0.27339,0.2306,-0.12705,-0.47777,-0.2475,0.061835,-0.063098,0.14655,-0.083911
-0.14817,0.16278,0.012088,0.014129,0.0072494,0.11498,-0.066951,-0.0016971,0.094547,-0.10294,-0.08106,0.079006,-0.10763,0.10511,0.017804,-0.0028299,0.0298,-0.1052,0.09234,0.020696,0.0096994,-0.041169,0.087208,0.0087039,0.21272,0.095038,-0.15875,-0.012962,0.22834,0.0073115,0.15931,0.24015,0.071124,0.073283,0.22663,0.049889,0.15936,-0.013372,0.022006,-0.17739,-0.010861,0.035393,0.058115,-0.038693,-0.030392,-0.26247,0.056745,0.11259,0.048887,0.1101,-0.081002,-0.033778,-0.015294,-0.33996,-0.34098,0.19067,-0.16191,-0.087175,-0.28227,-0.12233
