-0.1399,0.039092,-0.11173,-0.18209,0.075085,-0.16686,0.13792,-0.052027,0.06905,-0.041813,0.091236,-0.089527,0.27213,-0.15682,0.012718,-0.10964,0.11176,-0.092944,0.10911,-0.029683,0.1881,0.0082739,0.061778,-0.015253,-0.044688,0.16701,0.33836,-0.026571,-0.040763,-0.035141,-0.13365,0.22708,0.11809,0.25944,-0.092183,-0.14632,-0.030124,-0.011442,-0.32876,0.090371,0.030204,0.084,0.012304,0.1329,0.15372,-0.049517,-0.034369,-0.011439,-0.15965,-0.14105,0.083301,0.064761,0.077694,0.14134,0.10037,0.057323,-0.14513,-0.18812,-0.035008,0.13546
-0.14912,-0.041348,-0.15228,-0.099343,-0.14446,0.011791,-0.10265,-0.13416,-0.20205,0.13825,0.0011003,-0.018126,-0.14287,0.048517,0.074451,-0.10006,-0.1041,0.090682,-0.06646,-0.05157,0.11731,-0.10769,0.00038282,0.10667,0.088427,0.078215,0.050663,0.066973,-0.056187,0.16746,-0.034134,-0.013162,0.20993,-0.034298,-0.079802,0.030354,-0.025753,0.01391,0.059489,0.20407,0.13872,-0.051766,0.015691,-0.11167,-0.049522,0.054256,0.10057,-0.15229,-0.33486,-0.30704,-0.32961,0.084629,0.20029,-0.15498,-0.092588,0.052438,0.12834,0.25881,0.082093,0.13671
-0.10907,0.074657,0.26585,-0.085768,0.11548,-0.18016,-0.040579,0.12948,0.080602,0.23568,-0.12144,0.088809,0.022826,-0.11341,0.22174,0.18947,0.035689,0.11366,0.12649,-0.24614,-0.33558,0.091168,-0.27379,-0.0098545,-0.012742,-0.096002,0.1691,-0.037167,0.07212,0.062774,-0.15933,0.095936,0.031746,0.05722,-0.027544,0.051465,-0.1652,0.04107,0.078327,-0.017894,-0.039474,-0.10255,0.19152,0.13955,-0.062903,-0.07877,-0.059168,-0.17306,-0.073172,0.019254,0.071494,-0.011822,0.040521,-0.21583,-0.1491,0.127,0.12067,-0.080781,0.11605,-0.015514
-0.11854,-0.15033,0.091186,-0.123,-0.13869,-0.15213,0.16279,0.040178,-0.14293,0.13595,-0.020672,-0.020435,0.095556,0.14762,-0.25993,-0.048758,0.33948,-0.12462,-0.27049,0.067506,-0.010877,0.39141,-0.015805,0.13829,-0.080527,0.11796,0.023576,0.084518,0.015274,0.23753,0.053126,0.12783,0.14568,-0.13366,0.025968,0.052984,0.035564,-0.10798,-0.056573,-0.030316,-0.096731,-0.025193,-0.032714,0.01262,-0.25984,-0.015469,-0.18921,-0.017283,0.0074301,0.2163,-0.09668,-0.0091502,-0.031601,0.038866,-0.041994,-0.004095,0.07774,0.028147,-0.0394,-0.0062252
-0.15251,-0.033455,-0.12132,-0.0023543,-0.10488,0.014174,0.016453,0.068584,0.14574,0.056148,-0.24805,-0.028777,-0.1816,0.13679,-0.093372,-0.17102,0.071345,-0.18549,-0.044595,-0.13134,-0.10725,-0.0086725,0.084883,-0.21031,0.019524,-0.00062533,-0.039754,-0.20156,-0.08424,0.13405,0.0022232,0.08175,0.12538,0.065157,-0.16473,-0.069193,0.0014992,0.1078,0.061066,0.011647,0.099412,-0.0099387,0.16854,-0.2802,-0.081069,-0.046043,0.044327,0.29525,0.12357,-0.18965,0.32969,0.30434,-0.063612,-0.10272,-0.055001,-0.043663,0.05964,-0.11328,0.025012,-0.031889
-0.11405,0.046273,-0.064771,-0.017,-0.14047,0.2394,-0.28665,0.060581,0.096063,0.27092,0.43497,0.08005,0.19779,0.031944,0.11161,0.080002,0.30675,0.086626,-0.18241,-0.014841,-0.14968,-0.27045,0.10303,0.12403,-0.024291,0.30746,-0.041263,-0.09109,0.10376,0.043461,-0.034608,-0.011373,-0.018965,-0.017044,0.04175,0.042538,0.0076327,0.14243,0.027565,0.041993,0.017162,0.017689,0.11357,0.024954,0.009287,-0.048956,0.044569,0.088555,0.19981,-0.00091639,-0.0068184,-0.027771,-0.021019,0.0058581,0.015887,0.012098,-0.051067,-0.059564,0.0015497,0.056828
-0.091524,-0.16971,0.047797,-0.07619,0.19212,-0.14565,-0.11597,-0.032473,0.52001,0.1935,0.1506,-0.16768,-0.21471,0.082484,-0.1785,0.16493,-0.11081,0.20815,0.18275,0.21748,0.16035,0.086749,-0.00099203,-0.10645,0.12146,0.25024,-0.11433,0.10474,-0.096469,0.061563,0.060683,-0.009527,0.06208,0.05404,0.073698,-0.063042,-0.12473,-0.17068,0.062123,-0.047751,-0.10153,0.0051542,0.040905,-0.069693,-0.018191,0.039475,-0.028132,0.071859,-0.006435,0.013139,-0.057752,0.0019847,0.09755,-0.0071286,-0.028026,0.068431,-0.024934,-0.021872,-0.013213,-0.027219
-0.13175,-0.10485,0.12057,-0.20556,-0.050948,-0.21534,-0.067263,0.17085,-0.15658,0.069311,-0.12627,0.14677,-0.015517,-0.15251,0.08373,0.15572,0.15799,0.12351,0.10067,-0.067714,-0.0057892,-0.0393,0.049235,0.022086,-0.030123,-0.090238,-0.044998,0.03939,0.064085,-0.069789,0.21567,-0.11896,0.11675,-0.10376,-0.082536,0.0022264,-0.072014,-0.082679,-0.12961,-0.0761,0.088526,0.15322,0.050176,-0.13053,0.11665,0.18811,0.025739,0.38616,-0.028262,-0.092915,-0.048679,-0.13954,-0.011382,0.17267,0.21363,-0.016252,-0.18732,0.18152,0.23533,-0.15135
-0.1415,0.10574,0.026552,0.159,-0.14681,0.03151,-0.256,-0.11541,0.016578,0.1573,0.066963,0.068962,0.067743,0.015816,-0.079322,0.16803,0.046886,-0.098882,-0.12865,0.093696,0.066253,-0.022559,-0.11539,-0.061228,-0.029567,-0.28969,0.09426,-0.0094937,-0.10193,-0.057235,0.061191,0.067624,0.016855,0.12038,-0.15258,0.11623,-0.059262,-0.28653,-0.078158,0.031091,-0.074895,-0.23608,0.064729,-0.035478,0.22458,0.17094,0.066252,-0.044682,-0.17875,0.1436,0.081839,0.19097,0.0013275,0.076576,-0.17156,-0.27746,-0.1376,0.065179,-0.19763,-0.15944
-0.15688,0.052767,-0.053933,0.031263,-0.18724,-0.050679,-0.17427,0.029608,0.01089,-0.090739,-0.16261,-0.071485,-0.039377,0.098966,0.040598,-0.012315,-0.12353,0.042691,0.01152,-0.052516,-0.026235,0.081115,0.11952,-0.080987,-0.14343,0.16898,0.17844,0.030343,0.015826,-0.16089,0.00029831,-0.16756,-0.080064,0.11903,0.25667,0.12702,-0.088777,0.045701,0.046706,-0.12327,-0.17516,0.0086901,0.15427,0.072484,-0.1039,-0.20437,0.02297,-0.027268,-0.090258,0.18636,-0.009676,0.21206,0.037172,0.26488,0.11992,-0.27329,0.046906,0.1362,0.29406,0.25151
-0.14431,0.046743,-0.016721,0.13886,-0.20765,0.049671,-0.21851,-0.060228,0.064135,-0.013559,-0.026048,-0.10105,-0.25881,0.16061,0.05231,-0.15162,0.02371,0.12348,0.13414,-0.12696,-0.093868,0.10232,0.075061,-0.065507,-0.27722,0.0069217,0.11965,0.037004,-0.10418,-0.010898,-0.01897,0.089735,0.048325,-0.10966,0.020993,-0.062407,-0.04772,-0.041347,-0.12368,0.0036771,0.1467,0.25136,-0.24909,0.32359,0.09411,-0.11275,-0.19782,0.043792,0.061119,-0.099364,0.00114,-0.23345,-0.087311,-0.075421,-0.19509,-0.057725,-0.066549,0.093318,-0.12216,-0.18095
-0.141,0.012165,-0.15517,-0.14891,-0.084701,-0.2153,0.00049046,0.12373,-0.0085194,-0.12331,0.16152,-0.089864,0.081738,0.041443,-0.075425,0.05251,-0.0023377,-0.077536,0.13308,-0.06519,0.13026,-0.11279,-0.094289,0.18685,-0.17245,-0.10856,-0.033225,-0.19159,-0.011611,-0.08612,0.11205,-0.22121,-0.17079,0.038234,-0.21449,-0.14048,0.051715,-0.31487,0.14493,0.05846,0.029746,0.10836,0.016196,-0.042594,-0.29477,-0.063202,0.056006,-0.14995,0.16082,-0.024648,0.078793,-0.15484,0.090477,-0.12602,-0.24408,-0.13686,-0.062059,-0.07112,0.124,0.10778
-0.10593,-0.21606,0.039235,-0.040717,0.25958,-0.046901,-0.16276,-0.074508,0.013243,-0.13616,0.011363,-0.27087,0.023888,-0.10254,-0.27145,-0.089758,0.0060885,0.03886,-0.10552,-0.089559,-0.070095,-0.17471,-0.14526,-0.068596,-0.19073,-0.071294,0.054669,-0.12374,0.015017,-0.072412,0.20134,-0.020657,-0.10907,-0.01081,-0.0075447,0.27901,-0.1163,0.2855,-0.13277,0.29746,0.064448,0.055779,0.01858,-0.043382,0.0027512,0.17918,-0.22578,-0.047451,0.052499,0.13018,-0.10209,0.080617,-0.0032814,-0.16395,0.11211,-0.034482,0.027726,0.0098933,0.0047593,0.0068016
-0.10752,-0.19134,0.072956,-0.025977,0.21234,-0.087819,-0.1779,-0.019996,-0.20148,0.21822,-0.053801,-0.17263,0.048294,-0.057056,0.17428,-0.30353,-0.20659,-0.078123,-0.067252,0.17347,-0.14915,-0.0013117,0.12788,0.20987,0.146,0.093403,0.13854,-0.1426,-0.26311,0.10515,0.17741,-0.1753,-0.13523,-0.061437,-0.15708,0.0050458,0.076012,0.030915,0.047914,-0.26334,-0.05701,-0.016011,0.0058335,0.0063619,0.12369,-0.13464,0.013501,-0.017837,-0.087401,0.086985,0.12833,-0.078892,-0.047973,0.04372,-0.062492,0.075893,-0.09207,-0.053927,-0.081919,-0.036857
-0.11213,-0.10439,-0.204,0.07398,0.27633,-0.038374,-0.098598,-0.11493,-0.056599,-0.073276,-0.11917,-0.07438,-0.1426,0.061237,-0.056467,0.30276,0.19106,-0.32057,0.035893,0.15432,-0.11608,-0.053055,0.13814,0.1937,-0.12217,-0.012291,-0.036576,-0.13761,0.031856,-0.050855,-0.43183,0.10405,-0.053492,-0.10074,0.034841,0.06639,-0.15444,0.058293,0.019292,-0.19937,-0.038337,0.077431,-0.056278,0.042855,-0.067277,0.13457,0.18213,0.015265,-0.096071,-0.065889,0.020886,-0.096762,0.14157,-0.0040635,0.051483,-0.010927,0.011667,0.076382,-0.017214,-0.030652
-0.11363,-0.10136,-0.17944,0.17643,0.23702,0.019843,0.013279,0.020426,-0.24444,0.30208,0.035355,-0.0039669,-0.010589,0.17346,0.011241,-0.032169,0.0096288,0.076361,0.10097,0.17452,0.07362,0.096388,-0.10735,-0.2776,0.10795,-0.057431,0.13219,0.048933,0.30502,-0.2731,-0.11686,-0.14577,0.19659,0.039385,-0.21111,0.13023,0.27305,-0.056081,0.057545,0.078038,0.068858,0.1001,0.026793,0.1622,-0.084779,-0.074436,-0.014813,0.055111,0.14766,0.03581,-0.0099271,0.035941,0.011829,-0.01944,0.099108,-0.019375,0.045066,-0.039045,0.0052835,-0.0097616
-0.11459,-0.10712,0.21504,0.204,0.026926,0.013067,-0.14556,0.13875,0.0075971,-0.27076,-0.027503,0.14746,0.056776,0.15995,0.0093453,0.0017322,0.019641,-0.067152,-0.13628,-0.094862,0.14821,-0.0036979,-0.27566,0.0041141,0.1907,0.24624,-0.36158,-0.040986,0.041482,0.10878,-0.09654,-0.19734,0.036538,0.11614,-0.27924,0.022088,-0.10097,0.049686,-0.14404,0.0073382,-0.01785,0.11054,-0.15503,0.18541,0.046516,-0.094572,-0.033934,0.0062412,-0.23868,-0.010215,0.11423,-0.0034755,0.047732,0.039333,0.014673,-0.043298,0.050884,-0.06475,0.082391,-0.011585
-0.12266,-0.21096,0.08509,-0.075725,-0.070261,-0.043921,-0.046853,0.073988,0.11011,-0.15601,-0.05164,0.21501,-0.14259,0.093906,0.013701,0.037034,0.096428,-0.061622,0.10895,0.017378,0.061886,-0.14839,0.38338,-0.094121,0.2178,-0.10541,0.18252,-0.041742,0.19225,-0.0029466,0.03598,-0.10945,0.039348,0.096515,0.028645,0.017997,0.034228,0.096714,-0.21959,0.052575,0.089344,-0.34623,-0.035902,-0.063859,-0.081419,-0.13665,0.023348,-0.06043,-0.072529,0.21506,-0.044841,-0.30223,-0.060959,-0.15665,-0.057698,-0.015945,0.032904,-0.036204,-0.15582,0.080326
-0.13884,-0.06421,-0.15831,-0.019467,-0.079803,0.0035589,-0.040144,-0.088726,0.027485,-0.035048,0.21815,0.039693,-0.14216,-0.40643,0.0088484,0.12201,-0.0096854,-0.041039,0.13762,-0.081532,0.15991,0.27634,-0.13698,-0.1028,0.025837,-0.076408,0.02967,0.17777,-0.11371,0.31861,-0.1184,-0.093352,-0.17863,-0.15385,-0.1071,0.24019,0.18958,0.27315,-0.068871,-0.015764,-0.0063046,0.014487,0.029042,-0.008118,-0.041592,-0.063727,0.17843,0.059567,0.051566,-0.0091664,0.046738,-0.065022,-0.15305,0.090517,-0.06251,-0.11843,0.020399,-0.055239,0.0087652,0.064215
-0.11352,-0.22575,0.0983,-0.081612,-0.13034,0.028949,0.19761,-0.11635,0.056571,-0.10862,0.11849,0.2024,-0.016115,0.075972,-0.20188,0.064299,-0.10412,-0.016729,-0.0034076,0.033023,-0.13749,0.036049,0.0050124,-0.02449,-0.019885,0.0010817,0.13535,-0.20388,0.27105,0.0091962,0.031415,-0.0292,-0.020563,-0.030483,0.079441,0.26125,0.051668,-0.014776,0.18689,-0.072677,0.091796,0.20188,-0.083594,-0.11259,0.3386,-0.10729,0.015302,-0.16029,-0.016347,-0.11183,0.019478,0.11262,0.10633,0.21879,-0.25436,0.21798,-0.10166,-0.040935,0.079352,-0.065432
-0.12226,-0.12722,-0.20785,0.10938,0.10609,0.11139,-0.014554,0.070139,0.030445,-0.29594,0.012141,0.20121,0.070383,-0.15861,0.051216,0.033286,-0.04798,0.21785,0.040145,0.076685,-0.18779,0.018392,0.045908,0.051939,-0.17385,0.0023216,0.075887,0.0012803,-0.079083,0.25753,-0.087404,0.076642,0.22577,0.047852,-0.13969,-0.19262,0.15028,-0.090988,0.28962,0.13309,-0.13677,0.01528,-0.032696,-0.12143,0.12622,-0.077756,-0.16567,0.058037,-0.037948,0.29616,0.029123,0.0039546,0.1371,-0.11352,0.17138,-0.06259,-0.056854,0.11801,0.0015501,-0.012782
-0.12176,-0.2154,0.089453,-0.033694,-0.043911,-3.5155e-05,-0.076064,0.011072,0.013876,-0.063262,-0.059828,0.034068,0.012673,-0.0091637,0.25745,-0.32373,0.048975,-0.09496,0.18967,0.10344,-0.16957,-0.15217,-0.11704,-0.080616,0.066974,-0.066895,-0.15678,0.022256,0.0055027,0.1749,-0.22843,0.02002,-0.13409,0.060104,0.32311,0.056095,0.22202,-0.30765,-0.19522,0.17128,-0.10894,0.1013,0.061019,-0.0027529,-0.10997,0.23248,0.023547,0.0019099,0.10696,0.016518,-0.11035,0.11892,0.042391,0.1106,-0.07285,0.019823,-0.034005,-0.040322,-0.013965,-0.016897
-0.14095,0.17626,0.039726,-0.01866,0.11895,-0.0010377,0.050716,-0.012055,-0.0543,0.011344,0.096012,0.073096,-0.19642,-0.14431,0.11844,0.00052832,-0.17582,-0.057279,-0.23427,-0.068508,-0.13057,0.10571,0.042583,-0.075489,-0.036812,0.22087,-0.045069,0.030032,-0.054435,-0.25739,-0.18503,0.014673,-0.0023004,0.073366,-0.06367,-0.0054669,-0.059491,-0.042711,-0.12607,0.12203,0.073023,-0.021193,-0.20379,-0.37529,-0.24227,-0.10361,0.0071734,-0.082348,0.010944,0.13484,-0.18112,0.024662,-0.085675,0.049152,-0.060072,0.02247,-0.30264,-0.1108,0.085094,-0.25734
-0.10144,-0.22933,-0.020963,0.032326,0.25482,-0.015113,-0.12615,-0.041735,0.039345,-0.15479,0.049389,-0.10489,0.16539,0.11465,0.064699,0.11995,-0.054933,0.0053505,-0.29956,-0.30925,0.020197,-0.011783,0.13879,0.081523,0.068591,-0.22815,0.023666,0.47027,0.062237,0.015554,0.078704,0.079845,0.023808,-0.078321,0.17117,-0.05613,0.034346,-0.1764,-0.00072146,-0.013886,0.086782,0.068428,0.046101,0.032886,-0.023732,-0.23851,0.17515,0.030294,0.047364,-0.12089,0.088752,0.15004,-0.059578,-0.071987,-0.026188,0.049346,-0.066857,-0.050698,0.022066,-0.045126
-0.14202,-0.10582,-0.13677,0.041954,-0.11096,0.021988,0.089258,0.13212,0.097656,0.0031036,0.1317,0.038043,0.051082,0.11409,0.22802,-0.177,0.0421,-0.023469,-0.13769,-0.12944,0.14758,0.21119,0.035055,-0.063698,0.22829,-0.11846,0.16168,0.089764,0.039756,-0.075088,-0.046468,0.028139,-0.28079,0.18021,-0.01362,-0.022674,-0.23015,0.14362,0.2413,-0.18878,-0.056963,0.16894,-0.062967,-0.087204,0.015776,0.40439,-0.13822,-0.025537,0.010702,0.03722,-0.036998,-0.069715,0.10573,-0.15657,0.071772,-0.020939,-0.049206,0.039904,-0.017873,-0.05217
-0.082299,0.033193,0.0066403,-0.1176,-0.02628,0.010303,-0.037984,-0.082314,0.11128,0.0098572,-0.020823,-0.19472,0.34345,-0.1484,0.14139,-0.12419,-0.11571,-0.20511,0.09038,0.0069847,-0.011315,0.20423,0.16803,-0.27879,-0.11521,0.11303,-0.2787,-0.044073,0.35361,0.011382,-0.0018041,-0.056745,0.053618,-0.33792,-0.017927,-0.084318,-0.10508,-0.025684,0.14152,0.050954,0.15823,-0.17083,-0.0094782,0.080256,0.079883,0.068235,0.058838,-0.026068,-0.13253,0.082887,0.024938,-0.0036535,0.040573,-0.10983,-0.041835,-0.10073,-0.072208,0.072034,-0.0020041,-0.040703
-0.14093,0.18753,0.019695,-0.018901,0.08753,-0.098412,0.032661,-0.15195,0.0031922,-0.096718,-0.016173,-0.0073227,0.17225,0.13773,0.089412,-0.022499,0.05565,-0.0086255,0.073616,0.066583,-0.057315,0.012092,-0.031105,-0.087367,-0.060572,-0.029304,-0.0049464,0.019208,-0.037453,0.09492,0.20335,-0.029694,0.18952,0.20589,-0.034255,0.085925,-0.024161,0.18537,-0.043783,-0.085973,-0.31806,-0.086588,-0.38826,0.046991,0.013186,0.063378,0.3525,0.11563,0.27744,0.015685,-0.12116,0.068895,-0.010742,-0.15025,-0.17638,0.15014,-0.060311,0.15546,0.11812,0.063162
-0.10371,0.024339,0.21484,-0.35873,0.15264,0.19906,-0.04278,0.066222,-0.1447,0.028697,0.095722,0.077986,-0.15018,0.055161,0.093991,0.079773,0.10795,0.07101,0.14992,-0.014063,-0.06866,0.16076,0.054759,0.0044503,0.0055898,-0.05473,-0.12848,-0.05075,-0.00044232,-0.1261,0.15247,0.12119,-0.09225,-0.04075,0.028279,-0.027149,0.05965,0.0056811,0.056315,0.025892,-0.099575,0.1338,-0.29204,-0.068497,0.0072392,-0.062782,0.017139,-0.047083,-0.1202,-0.11605,0.072378,0.2297,0.063115,-0.070968,0.12836,-0.29917,0.051771,-0.10329,-0.30158,0.26329
-0.14364,0.18213,0.05039,0.020318,0.1113,0.074794,0.032323,-0.1191,0.09422,0.077672,-0.039857,0.035829,-0.015313,-0.18093,-0.010663,-0.029865,-0.14713,-0.15963,-0.1648,-0.10063,-0.049866,-0.023884,0.048837,0.020933,0.002535,0.02787,0.00024349,0.019794,0.098289,-0.03938,0.10475,0.01407,0.11615,0.17519,0.022944,0.039716,-0.019488,-0.16989,0.062404,0.11202,0.0040881,0.35574,0.039499,-0.07307,0.013575,0.11644,0.11141,0.18558,-0.078727,0.1767,0.0498,-0.32062,-0.10666,0.13295,-0.12408,0.036867,0.45051,0.047007,-0.14916,0.20606
-0.12099,0.10082,-0.038846,-0.11427,0.049109,0.37915,0.04285,0.021198,0.1358,0.12203,-0.25811,-0.024738,0.25817,-0.033257,-0.10033,0.085792,-0.088595,0.0024595,0.0078259,0.09347,0.088998,0.11019,-0.070232,0.22905,0.18561,-0.12401,0.14949,-0.091194,-0.036266,0.078043,-0.15452,-0.3487,0.079464,-0.013568,0.24848,0.073542,-0.11184,-0.016158,-0.065505,0.17855,-0.042944,0.016059,-0.1622,-0.058083,-0.049309,-0.082328,-0.18744,0.10363,0.051081,-0.17436,0.073685,-0.075531,-0.056226,-0.080154,-0.015365,-0.11468,-0.11472,0.025724,0.052812,-0.075976
-0.14959,0.14591,0.010134,0.099308,0.0016841,0.088742,0.014797,-0.2272,-0.035133,0.030796,-0.11682,0.07762,-0.089131,-0.1055,-0.006079,-0.027158,0.13475,0.17049,-0.095256,0.065142,0.13573,-0.05108,0.040739,0.0040817,0.020369,0.0056173,0.010582,0.046317,-0.028937,-0.073134,0.038009,0.066122,-0.22458,-0.21548,0.044088,0.018723,0.10027,-0.13995,-0.078421,-0.07377,0.1234,-0.11786,-0.17257,0.030496,0.038173,0.081693,-0.12077,0.20987,-0.066351,0.17748,0.16595,0.051693,0.31022,-0.17852,-0.1089,0.17038,0.049514,-0.27767,0.35019,0.20668
-0.14147,0.17065,0.013967,0.023495,0.048879,0.0099729,0.11277,-0.11866,0.06554,-0.080426,-0.12915,-0.05241,0.06898,-0.0059989,-0.061538,-0.036908,0.12275,0.31186,0.052398,0.15996,-0.090167,-0.22875,0.14458,-0.013577,0.2297,0.045126,0.0011465,0.14127,0.11961,0.091589,0.0012706,0.12696,0.005837,-0.15806,-0.21246,0.031709,-0.013224,0.017721,-0.052316,-0.11514,-0.032851,0.2099,0.032948,-0.068755,-0.14383,0.15568,-0.030989,-0.38054,-0.042821,-0.022049,0.18715,0.031808,-0.33297,0.0605,-0.064569,-0.18189,-0.048403,0.097135,0.11639,-0.012998
-0.13891,0.14456,0.018312,0.13633,0.029157,0.096179,0.05872,-0.25986,0.11237,0.14418,-0.11462,0.16159,-0.020605,-0.062289,-0.073131,-0.048174,0.13775,-0.22164,0.098348,-0.078907,0.049373,-0.034256,-0.081039,-0.019707,-0.013984,-0.076854,-0.16682,0.019986,0.021844,0.041817,0.243,-0.060099,-0.018993,0.085105,0.087504,-0.10409,0.14188,0.11647,-0.074462,-0.19274,-0.018237,0.25941,0.27182,-0.027541,-0.066641,-0.23178,-0.041467,-0.17502,-0.074191,0.062038,-0.15881,-0.036691,0.22128,-0.18226,0.17183,0.040608,-0.27923,0.087907,-0.093052,-0.049967
-0.13779,0.14559,0.032372,0.11375,-0.01945,-0.13117,0.10665,0.29867,-0.12906,-0.03408,0.074659,-0.064763,-0.20807,-0.087526,-0.15259,-0.010024,-0.00081772,-0.11888,-0.10762,0.078653,0.046472,-0.052178,-0.0157,-0.037306,0.12138,0.10221,0.075773,-0.10257,0.014893,0.06622,-0.0006368,0.0054472,0.062903,-0.10907,0.27008,-0.027229,0.015569,-0.11785,0.091501,0.067248,-0.11425,0.10701,0.071204,0.14075,0.30855,0.030142,0.19839,-0.01389,-0.063468,0.0091287,-0.11981,0.007126,-0.28458,-0.39866,0.087854,-0.11164,-0.13557,-0.1658,0.11588,0.041383
-0.14953,0.1792,0.0080135,-0.025162,0.055315,-0.1241,0.0096494,-0.1382,-0.0501,-0.10553,0.017762,-0.0083431,0.12861,0.13954,0.031324,-0.074166,0.082205,0.093194,0.056222,0.017689,-0.0084271,0.024953,0.036987,-0.021255,-0.028281,0.014714,-0.025437,0.021024,-0.11101,0.099978,-0.0025571,-0.073776,0.024165,0.033135,0.071208,0.1117,-0.019818,-0.043126,0.032252,-0.10343,0.12461,-0.081572,0.049156,-0.17433,0.18987,-0.076488,0.042694,-0.11264,0.13871,-0.10838,-0.17195,-0.15192,0.15801,0.030941,0.2071,-0.27613,0.40728,-0.35208,0.036128,-0.36727
-0.14954,-0.033497,-0.1725,-0.076861,-0.13188,0.017866,0.045471,0.070046,0.0035586,0.01286,-0.26887,-0.011052,-0.031816,-0.098421,-0.040875,0.0068169,-0.045909,0.20667,0.059136,-0.14113,0.15316,-0.14241,-0.10933,0.22263,-0.046243,0.17771,0.078901,0.010772,0.22721,-0.063323,0.060584,-0.052818,-0.084137,-0.091955,0.013252,-0.10731,0.019332,0.097635,0.030882,-0.01147,-0.13758,0.0079297,-0.055022,0.1201,-0.091489,0.063457,0.25106,0.067919,-0.064777,0.18935,-0.051718,0.22661,0.027983,0.042442,-0.04117,0.10479,0.087017,-0.17503,-0.35176,-0.35991
-0.12547,-0.016708,0.25902,0.075695,-0.10393,-0.057609,-0.10597,0.024998,0.28305,0.06859,-0.20411,0.045345,0.048138,0.14067,0.094123,0.079307,-0.013705,-0.25627,-0.040467,0.070715,0.11211,-0.034284,-0.053373,0.06392,-0.09731,0.02507,0.18705,0.12017,-0.08967,-0.15967,-0.023428,0.070558,-0.10807,-0.28873,-0.19287,-0.14009,0.2771,0.11844,0.14226,0.27528,-0.1444,0.00059551,-0.09288,-0.10926,0.11003,0.038243,0.034353,-0.144,0.10649,-0.096342,-0.086212,-0.06158,-0.060141,0.098011,0.20773,0.09304,0.06884,-0.014577,0.082537,0.05812
-0.13027,-0.060236,0.15992,-0.20968,0.084448,-0.10335,-0.039553,-0.17262,-0.10285,0.044122,-0.11191,0.21759,-0.11422,-0.13633,0.04979,-0.056546,0.018824,0.067244,-0.17332,0.14115,0.35914,-0.0087505,0.17421,0.069745,-0.097601,-0.088222,-0.22928,-0.045606,-0.083778,-0.038516,-0.13851,0.039626,0.063349,0.21804,0.093585,-0.09377,-0.049318,0.17482,0.27189,0.13566,0.086487,-0.017219,0.1269,0.28275,0.051107,0.0081016,-0.071429,-0.096854,0.24707,0.026803,0.07989,0.063703,-0.10887,0.062675,-0.11862,-0.04479,-0.03614,0.034114,0.05073,-0.078332
-0.14961,0.16188,-0.00083895,-0.012347,0.036969,-0.09812,-0.0017615,-0.12817,0.0039597,-0.13498,-0.064716,-0.075157,0.10117,0.17228,-0.069402,-0.022357,0.092628,0.15597,0.003507,-0.14551,-0.05887,-0.058027,-0.040202,-0.085418,0.060597,-0.12332,-0.094063,-0.06298,-0.1059,-0.026991,-0.13311,-0.046589,-0.0036536,-0.053776,-0.022641,0.089959,0.068767,0.026446,0.34371,-0.028702,-0.025336,-0.11847,0.092758,0.03931,-0.078232,0.012312,-0.12501,0.25383,-0.21762,-0.064015,-0.28975,-0.12682,-0.20018,0.20343,-0.033309,0.11858,-0.27065,-0.23191,-0.21736,0.21844
-0.13213,-0.085977,-0.15965,0.0073317,-0.095272,0.043817,0.16232,0.12013,0.26956,-0.02384,-0.055548,-0.12622,-0.057725,-0.077656,0.009322,-0.19706,0.15871,0.25856,-0.17891,0.12095,-0.21464,0.26413,-0.035064,0.19819,0.014629,-0.18284,-0.27007,-0.065974,-0.075121,-0.32298,0.001589,0.011157,0.0040468,0.066397,-0.061897,0.08876,0.070481,0.015772,-0.13228,0.099103,0.0197,-0.11282,0.096317,0.077566,0.13822,-0.091068,0.28694,-0.10093,-0.061104,-0.052632,0.021316,-0.12918,0.044707,0.0090687,0.074664,0.055382,0.0093464,0.07092,0.02334,0.065011
-0.12254,0.17802,0.071675,0.070735,0.16708,0.0059511,0.17613,0.023514,0.095059,0.030955,0.21696,0.054577,-0.2812,0.046118,-0.0068905,-0.22508,-0.18739,-0.04986,-0.041383,-0.11509,-0.0088704,-0.044034,0.13008,0.25717,-0.11429,-0.17324,-0.0071217,0.038092,0.3037,0.15089,-0.036502,-0.11112,0.046708,-0.16523,-0.18214,-0.015922,-0.12968,-0.020825,-0.15289,-0.015202,-0.28454,-0.19091,0.11084,0.11329,0.042629,0.061048,-0.16292,0.074469,0.13446,-0.12356,-0.048146,0.076225,0.12404,0.15672,0.065907,-0.07745,-0.025757,-0.020356,0.002764,0.06328
-0.12592,0.13866,-0.029373,-0.21976,0.1441,0.28617,0.0042099,0.091746,-0.033543,-0.092422,0.23927,-0.042731,-0.072455,0.16442,-0.045907,-0.048069,0.045659,-0.12111,0.091429,-0.028748,0.057725,-0.0089275,0.015512,-0.11008,0.0092939,-0.076289,0.035694,-0.071088,-0.10047,-0.0072683,0.15232,0.11558,-0.053156,0.0095336,0.071738,-0.003898,0.16203,0.0293,0.088087,0.10347,-0.13821,-0.107,0.086349,0.1687,-0.14913,0.025643,0.017202,0.0074083,-0.32029,0.026657,0.16267,-0.095667,-0.056021,0.12242,0.044332,0.21119,0.096666,0.11737,0.28187,-0.38605
-0.13419,0.14685,0.035414,0.054572,-0.075439,-0.11868,-0.12323,0.19219,-0.1341,-0.080452,-0.0076758,0.10721,0.092221,-0.018913,-0.13647,0.031577,-0.2119,0.089203,-0.18754,0.46874,-0.14314,0.027933,-0.023888,-0.1938,-0.076755,-0.088473,0.039276,0.14631,0.11662,0.1058,0.084497,0.085833,-0.18885,0.019976,0.080172,-0.14202,-0.10324,0.19142,-0.046805,0.10857,-0.016232,0.057319,0.090311,0.014883,-0.19861,-0.045337,0.053724,0.085291,-0.051588,-0.25157,0.09433,-0.14069,0.24043,0.033969,-0.037754,0.057469,-0.041308,-0.076591,-0.15245,-0.0040161
-0.11525,0.12289,-0.042271,-0.289,0.029033,0.27327,-0.068826,0.089176,-0.12881,-0.10892,-0.10986,-0.094866,-0.025634,0.29821,-0.052165,0.14353,-0.17412,-0.017614,0.070909,0.05503,-0.025837,0.13815,-0.10513,0.064752,0.046167,0.022737,-0.036462,0.090594,0.015415,0.088499,-0.082509,0.089161,-0.13142,0.032678,-0.17158,-0.17065,-0.016695,0.036439,-0.20502,-0.064545,0.22514,0.030792,0.2788,-0.026734,0.26207,0.070653,0.03093,0.0012413,0.21495,0.26775,-0.19643,0.015231,-0.049607,-0.0018905,-0.092823,0.10035,-0.03475,0.015564,0.036568,0.13005
-0.14367,-0.052949,-0.14764,-0.10092,-0.19888,-0.028537,0.026908,-0.091111,-0.16831,0.12172,-0.082101,-0.043155,-0.064109,0.069975,-0.11323,0.082841,-0.26106,-0.082278,0.058493,-0.19938,-0.12399,-0.10792,-0.089102,0.034858,0.076479,0.15434,-0.18235,0.19892,-0.0027485,0.0074366,0.051124,0.1507,0.1151,0.11216,0.082702,0.17944,0.036733,-0.020045,0.065573,0.051349,-0.07865,-0.1885,-0.10365,0.056296,0.048511,0.14558,-0.051333,-0.15638,0.13999,-0.0022849,0.34952,-0.28674,0.097319,0.015508,0.2524,0.0034499,-0.19775,-0.1001,-0.034768,0.070857
-0.13074,0.16794,0.061812,0.073819,0.01905,-0.18767,0.033887,0.23039,0.1347,0.048427,0.16128,0.047102,0.0769,0.08505,-0.046875,-0.052265,-0.12175,-0.071576,0.14886,0.096774,-0.027369,-0.049665,-0.014257,0.28493,-0.18337,-0.055691,-0.071888,0.19265,-0.032009,-0.034381,-0.07379,-0.10762,0.12755,0.10586,0.16255,0.082761,0.26824,0.19607,0.0080494,-0.17553,0.42355,-0.036342,-0.12589,-0.05685,-0.035322,0.17026,-0.089761,0.030756,-0.1718,0.08751,0.11854,0.19802,-0.094949,-0.061534,0.0085855,0.026061,0.041242,0.068405,-0.049286,0.025883
-0.10377,-0.079412,0.19599,-0.081309,-0.0052366,0.37444,0.055747,0.29759,0.020208,-0.10239,-0.077179,-0.13539,-0.048101,-0.2402,-0.030906,-0.079568,0.089977,-0.058763,-0.099549,0.057772,0.12155,-0.20524,-0.067975,-0.21868,-0.22375,0.027358,0.093891,0.17949,-0.13465,-0.057097,-0.049582,-0.079045,0.24056,-0.010357,-0.085876,0.13608,-0.050429,-0.11468,0.097294,-0.36816,0.034019,-0.088,0.01743,0.025645,-0.070936,0.042414,0.033884,-0.1342,0.10581,-0.098423,-0.064075,-0.057876,0.12613,0.029321,-0.029179,0.073268,-0.0088955,-0.044187,-0.091566,0.072706
-0.12592,-0.050548,0.081283,0.21026,-0.025299,0.066763,0.2477,-0.025126,0.002151,-0.0089925,-0.042252,-0.30806,-0.078589,0.019858,0.33147,0.43454,-0.057467,0.08382,-0.18228,-0.005322,0.0047448,0.06815,0.12208,-0.0539,-0.081827,0.022841,0.0060634,-0.27791,0.025929,0.23369,0.197,-0.08462,-0.0061027,0.15982,0.042091,-0.077283,0.2247,0.00085495,-0.082445,0.024347,0.1362,-0.034538,0.0024788,0.11373,-0.094904,0.19451,-0.058872,-0.077295,0.0019272,-0.086723,-0.033741,0.035963,0.015544,0.098577,0.064102,-0.016045,-0.030374,-0.059105,-0.031035,0.004072
-0.12895,-0.10188,-0.15241,0.065903,-0.061247,0.0099535,0.34911,0.00031967,-0.045839,0.019024,0.079081,-0.018801,-0.053922,0.044032,0.23579,0.11636,0.118,-0.21234,0.15358,0.19304,-0.13751,-0.18938,-0.075195,-0.0077585,0.075002,-0.049844,-0.066009,0.24848,-0.22574,-0.087188,0.18528,-0.11378,0.081389,-0.15033,0.014335,-0.04275,-0.38292,0.11627,0.058564,0.22244,0.058896,0.043512,0.014793,0.080254,0.051085,-0.13193,-0.11224,0.030893,-0.0291,0.14952,-0.011967,0.10668,-0.00038117,0.13037,-0.1297,-0.015595,0.054382,-0.11831,-0.01138,0.021518
-0.11824,-0.15737,-0.017072,0.118,0.041639,0.029486,0.24278,0.19157,-0.058427,0.26753,-0.0037307,0.13259,0.25891,0.17004,0.0042304,0.042794,-0.25736,0.16901,0.048744,-0.11715,0.23743,-0.13393,0.15687,-0.13287,-0.25244,-0.085402,-0.20141,-0.14855,-0.20257,0.012104,-0.12656,0.22108,-0.083897,-0.14384,0.027535,0.14217,-0.046457,0.053878,-0.19153,-0.042192,-0.1692,0.085193,0.029813,-0.11394,0.020237,-0.099046,0.046035,0.01239,-0.077962,0.068284,-0.039041,-0.086942,-0.042444,-0.06588,-0.074997,-0.027019,0.050154,0.022202,0.0086635,0.03665
-0.10635,-0.20099,0.097841,-0.095839,0.0090746,0.042615,0.22223,-0.31445,0.043986,-0.035751,0.14479,0.2892,0.067247,0.069317,-0.14604,-0.012354,-0.15598,0.049629,-0.11567,-0.045889,-0.22181,-0.035226,-0.17258,-0.11369,-0.028312,0.1319,0.16112,-0.049937,-0.20161,-0.1453,-0.065414,-0.17715,-0.034475,-0.12702,0.023559,-0.28829,0.017376,-0.023953,-0.090171,-0.1327,0.091202,-0.1032,0.071218,0.2043,-0.11377,0.18796,0.14797,0.098766,0.0057517,-0.071011,0.016595,-0.0025781,-0.091593,-0.11606,0.10309,-0.18247,0.059497,0.11052,-0.025319,0.020181
-0.13221,0.0080661,-0.042295,0.27515,0.042994,0.073595,-0.19854,0.092127,-0.058341,-0.17973,0.013929,0.25048,0.12695,-0.12001,-0.059263,0.034995,-0.10755,-0.045763,0.227,-0.065952,0.0084941,0.27508,0.17942,0.13578,0.1857,0.10189,-0.0078144,-0.16044,-0.17667,-0.18206,0.22753,0.14091,0.19097,-0.16028,0.034967,0.099136,-0.086452,-0.052006,-0.037915,0.014673,0.041411,-0.027419,0.15944,0.091509,-0.16927,0.20221,-0.035044,-0.11252,0.17875,-0.12367,-0.087427,0.11613,0.00082108,0.039535,-0.043295,0.14484,0.040106,-0.10223,-0.043157,0.043422
-0.12149,-0.07229,0.2263,0.1222,-0.1723,-0.0025979,-0.074882,-0.094159,-0.20145,-0.046733,0.20392,-0.32814,0.014049,-0.072,-0.095186,0.019799,0.011278,0.082483,0.076279,-0.084154,0.03646,0.012289,-0.05707,0.017,0.15886,-0.17438,-0.048232,-0.068421,0.020493,-0.18487,-0.18513,-0.030166,0.28721,-0.078051,0.15995,-0.37893,0.068954,0.24449,-0.063638,-0.072621,-0.1963,0.044822,0.045649,-0.24139,0.045097,0.017878,-0.034698,-0.011773,0.021589,0.088698,0.11182,-0.050536,0.12086,0.063536,-0.14126,0.015371,0.076213,-0.018353,0.030564,-0.0066586
-0.1154,-0.097523,-0.19269,0.19763,0.30979,0.054619,-0.016743,0.096627,-0.072576,0.078939,-0.098431,0.10917,-0.039534,-0.013288,-0.012673,-0.096995,0.18517,0.016718,0.048202,-0.073254,0.069995,0.040818,-0.27723,-0.013634,-0.13898,0.15572,-0.0024626,0.010634,0.16053,0.01701,0.17894,0.067877,-0.11892,0.049555,0.22754,-0.27604,-0.018555,0.038501,0.022914,-0.04928,0.05289,-0.28877,-0.069044,-0.20277,0.14219,0.021189,-0.04369,-0.1067,-0.0063123,-0.16789,0.0055305,-0.14772,-0.17419,0.21019,-0.20921,-0.10579,0.0035892,0.080632,0.044068,0.11121
-0.10714,-0.069708,0.2368,0.23089,-0.05793,0.12853,0.11317,0.015809,-0.16572,0.13752,-0.0099286,-0.11752,0.086033,-0.14135,-0.34018,0.011761,0.096286,-0.0042591,0.25822,-0.10637,-0.15932,0.036448,0.31011,0.029838,-0.018337,0.063664,-0.060724,0.20934,-0.024228,0.031434,-0.089169,-0.10063,-0.33632,0.30434,-0.15845,-0.098549,-0.058511,-0.0839,0.11855,0.14641,0.018003,-0.086127,-0.060325,0.047589,0.040938,-0.018,0.063596,0.053683,-0.00092156,-0.088149,-0.10398,0.081094,-0.033839,-0.023935,0.032791,0.06836,0.057027,0.069749,0.055451,-0.048084
-0.13761,0.18638,0.037209,0.041539,0.098753,-0.14029,0.056169,0.17062,0.033995,0.053394,0.026303,-0.048947,-0.0059094,-0.041997,-0.11491,-0.04543,0.041225,0.033923,-0.05384,-0.15785,0.03217,-0.11575,-0.06176,-0.12843,0.31121,-0.076376,0.061713,-0.20082,-0.12541,0.13969,-0.072736,0.094738,-0.090356,-0.17323,0.076797,-0.043332,-0.066414,-0.057775,0.068362,0.054365,0.27728,-0.035005,-0.20392,0.093989,-0.018211,-0.14644,0.12528,-0.052541,0.21776,0.169,0.01535,0.052083,0.2416,0.25442,0.15299,0.012654,-0.0054289,0.34981,-0.12851,0.032114
-0.11398,-0.095465,0.26419,0.14206,-0.10385,0.11084,0.094837,-0.17238,-0.029646,-0.12309,0.085246,-0.12557,-0.004857,0.0082538,0.15942,-0.090157,-0.085605,0.013457,0.1507,0.1819,0.16712,-0.018285,-0.24237,0.2479,0.0030467,0.040531,0.09799,-0.087121,0.17566,-0.015119,0.039581,0.3886,-0.038367,0.056385,-0.020761,0.15249,-0.16281,-0.067037,0.11554,-0.035495,0.14913,-0.095208,0.07526,-0.091054,-0.16155,-0.20815,0.099986,0.25205,0.040805,-0.0030575,0.017609,-0.063888,-0.12445,-0.095224,0.15981,-0.082909,-0.058401,0.10087,0.0076563,-0.018356
-0.15039,-0.022657,-0.15791,-0.12006,-0.084815,-0.082742,0.019847,0.061352,0.067937,-0.041186,-0.024294,-0.048825,0.066603,-0.22225,-0.019553,0.14508,-0.13205,-0.14795,-0.089911,0.048093,-0.10195,-0.15724,-0.023463,-0.013701,0.23224,0.017197,-0.13606,-0.010087,0.054536,-0.17541,0.028031,0.23982,-0.09611,0.067563,-0.058976,-0.0070259,0.23322,0.003473,-0.033779,-0.22586,-0.12222,-0.09291,-0.089903,0.12969,0.058347,-0.1686,-0.38153,0.14855,0.062878,-0.15917,-0.2523,0.070592,-0.03664,-0.067088,-0.12745,-0.12935,0.20417,0.15458,0.04446,-0.090424
-0.15331,-0.040338,-0.15927,-0.030204,-0.16148,0.0041257,-0.17762,-0.094197,-0.016556,0.080093,0.075864,0.045229,-0.014692,-0.072562,-0.01489,0.011116,-0.057309,0.00011238,-0.018898,0.096412,0.012635,-0.0097849,-0.065743,-0.086962,-0.099749,-0.26665,-0.095108,-0.12857,0.078924,0.088469,-0.0139,-0.077145,-0.010911,0.032751,0.0034807,-0.17047,-0.23705,-0.1576,-0.067064,-0.16158,0.013575,-0.013069,-0.20512,-0.03519,-0.042726,-0.093885,-0.071795,-0.16664,-0.0064715,0.0044119,-0.029222,0.12871,-0.35413,0.022864,0.37923,0.37767,0.18054,-0.099984,0.032659,0.084898
-0.14853,0.15549,0.0083642,-0.013054,0.015395,-0.13677,0.087788,-0.063596,-0.13571,-0.19232,0.044445,-0.022814,-0.01341,0.038295,0.14575,0.08215,0.12674,0.056279,-0.013821,0.010183,0.11207,0.052954,0.0040823,-0.064601,-0.06179,0.22695,-0.010017,0.045695,-0.04498,-0.11776,-0.084704,-0.22799,-0.1484,-0.079265,0.054886,0.15192,0.013613,-0.14445,-0.071451,0.049601,-0.13792,-0.074961,0.20576,-0.17172,0.1405,-0.067544,-0.17881,0.0035426,0.080575,-0.11533,0.25617,0.053948,-0.055215,-0.1811,0.020448,0.28688,0.08996,0.34086,-0.31071,-0.013273
