-0.13051,-0.057917,-0.25151,0.030158,-0.11596,0.12327,-0.2128,0.066825,-0.025954,0.067124,-0.10588,0.0043404,-0.088274,0.30371,-0.16599,0.10619,-0.053073,0.036735,-0.067577,0.0041597,-0.1005,-0.0042896,0.12253,0.024657,-0.34685,-0.014071,0.12189,0.0011223,-0.044306,-0.12938,-0.089128,0.015844,0.073478,0.13651,0.086067,0.27066,-0.068683,-0.12288,-0.15437,-0.13119,0.049391,0.026551,0.07627,0.11084,0.023753,0.077047,0.0049348,0.25202,-0.069796,-0.11155,-0.075517,-0.16709,-0.14838,0.29301,0.061176,0.071064,0.037835,0.16116,0.15372,-0.097707
-0.13595,-0.11297,-0.12991,0.059008,0.14695,-0.090888,-0.10362,0.058317,-0.099096,-0.10121,0.20498,-0.2156,0.032767,-0.11804,0.089941,-0.11862,-0.12329,0.05942,0.049794,0.056081,0.045413,-0.10135,0.015247,0.11259,-0.0027584,0.036275,0.02489,0.026283,0.099244,0.075404,0.18029,0.10442,0.17034,0.038698,0.16112,0.19403,-0.077526,0.045183,0.070582,0.30416,-0.10452,-0.021275,0.1785,-0.07523,0.092713,-0.23663,0.29629,0.065372,0.26745,0.044007,-0.055177,-0.37444,-0.0060242,-0.11505,-0.000904,0.098754,-0.027231,0.038811,-0.015049,-0.0082706
-0.11475,0.13907,0.073621,0.24269,-0.22984,-0.011199,0.06891,-0.17403,0.1221,-0.19453,0.07548,0.20639,-0.193,-0.042119,-0.26061,-0.28767,0.059814,0.039897,0.10118,-0.11475,-0.020065,-0.16645,0.094808,-0.021108,-0.042614,0.22639,0.086126,0.20696,-0.08868,0.065818,0.18298,0.11001,-0.15469,0.085949,-0.051243,0.02979,0.060843,0.015559,0.021606,0.10158,0.078349,-0.20983,-0.0019676,0.11135,-0.063344,-0.033586,-0.17214,-0.030735,-0.091984,0.24485,-0.039801,-0.21215,0.11862,0.11355,-0.046616,0.017366,0.014931,-0.065978,0.0095219,-0.016484
-0.12497,-0.11888,-0.033938,0.24403,-0.041649,0.050941,0.12175,-0.016415,-0.0012794,0.025131,0.096142,-0.022651,0.087271,0.14877,0.13448,0.37899,-0.0083524,0.31582,0.26201,-0.11287,-0.25561,-0.31845,-0.072375,0.10228,0.103,-0.2781,0.022543,-0.012973,-0.043784,-0.15405,-0.21855,0.13377,-0.060054,0.11834,-0.075913,0.043037,0.064043,0.024102,0.036482,0.14626,-0.074628,-0.047024,-0.085891,0.076509,-0.16264,-0.065617,-0.016356,-0.094034,-0.080481,0.081158,0.022229,0.016256,0.028248,-0.081944,-0.054675,-0.028091,-0.065709,-0.0039826,-0.035943,-0.020973
-0.13942,-0.10375,-0.15355,0.032237,0.094127,-0.097277,0.022023,-0.057858,0.10058,-0.22673,0.034122,-0.25993,0.095515,0.0029318,-0.13154,-0.00079318,-0.018603,0.11129,-0.013702,-0.071789,-0.062954,0.08607,-0.080883,-0.051676,-0.010496,0.060548,-0.13334,-0.03417,-0.015464,-0.072237,0.067276,-0.12281,-0.12179,-0.013491,0.12828,-0.10121,0.047838,-0.083315,0.10233,0.077096,-0.027433,0.050501,0.077825,0.11559,0.092131,-0.077244,-0.095992,0.05239,-0.2435,-0.21383,0.024801,0.059848,0.19452,-0.10615,0.025921,-0.1966,0.57648,-0.029376,0.12069,-0.13414
-0.1142,0.023345,0.0147,-0.022014,0.24435,-0.26798,-0.10705,0.032265,0.41134,0.464,0.41193,0.027775,-0.18198,0.22363,-0.095308,-0.099691,0.0047759,-0.090104,0.10072,0.093653,-0.092674,-0.052955,-0.16273,-0.044468,-0.04123,0.059296,-0.1653,-0.064721,0.040404,0.041962,-0.051511,-0.076623,0.0036383,0.13276,-0.077801,-0.080232,-0.0017082,-0.041604,-0.047177,-0.042885,-0.080875,-0.060693,0.082056,-0.023352,-0.00353,0.020227,-0.018054,-0.054995,0.045446,-0.0010065,-0.016361,0.026982,0.064548,0.04099,-0.037439,0.0046189,-0.018893,0.026985,0.017393,0.010546
-0.10076,-0.16437,0.042731,-0.073388,-0.21722,-0.2339,-0.33901,-0.035065,0.43858,-0.18407,-0.24561,0.12512,-0.2031,-0.20854,0.18587,0.10056,-0.0358,0.10711,-0.010086,0.018698,0.11195,0.027387,-0.047954,0.18086,-0.14281,-0.15924,0.17837,-0.23744,0.14157,0.010955,0.1045,0.035513,-0.043014,0.021479,-0.10047,-0.097967,-0.046581,0.094546,0.011583,-0.01868,-0.16152,0.038805,-0.0088121,-0.0012912,-0.079236,-0.01428,0.0063774,-0.031729,0.036768,0.00040313,0.036401,0.0021703,0.0014309,0.036056,0.031059,-0.0075732,0.048008,-0.035139,-0.0087824,0.027102
-0.12593,-0.082428,-0.053603,0.30416,-0.2048,-0.0057505,0.12691,-0.07207,-0.047309,-0.044516,0.2167,0.25993,0.070662,-0.0080886,-0.043743,-0.097061,0.043513,-0.083639,0.1135,0.02445,-0.021246,0.10791,0.13713,0.035083,0.096225,0.013724,-0.012429,-0.20046,-0.017544,0.078657,-0.080587,0.13073,-0.026839,0.097151,0.072735,-0.012333,-0.3072,0.094622,0.06831,-0.11433,-0.10036,0.026864,-0.00035462,0.040566,0.096393,0.15918,-0.036432,0.18409,0.3246,-0.21759,0.08531,0.16239,-0.19062,-0.18569,0.066071,-0.14789,0.075742,-0.046831,0.14567,0.13297
-0.13715,0.10405,0.075528,-0.056842,0.15276,-0.24178,0.027731,0.12252,0.1104,0.056494,0.049548,0.21265,0.051215,-0.018615,0.051624,0.087967,-0.071093,0.01865,-0.03502,-0.014391,-0.10327,-0.022933,0.27654,-0.12579,0.20896,-0.064853,0.16269,0.080805,-0.073296,-0.070526,0.1033,-0.0036642,0.022996,-0.20663,0.14243,-0.0012419,-0.098456,0.036548,-0.010636,0.11931,0.13275,0.12892,-0.098903,0.1546,-0.048131,0.031131,0.18196,0.2786,-0.11195,0.12486,-0.16888,0.10665,-0.20423,0.13848,-0.15873,0.071063,0.25184,-0.082565,-0.24776,0.11665
-0.14531,0.05666,-0.053611,-0.0021423,0.096291,-0.22628,0.14984,-0.053119,-0.13347,-0.075607,-0.064136,0.011011,0.02306,-0.0603,0.07439,-0.025239,0.065199,-0.1365,-0.17033,0.14707,-0.010669,-0.092426,0.022495,-0.15752,-0.037181,-0.12694,-0.044999,-0.098917,0.0005652,-0.11839,0.032029,-0.10797,-0.18141,-0.0038198,-0.20059,-0.17813,-0.022902,-0.021272,0.10792,-0.1018,-0.13412,0.057338,0.0058947,0.17542,-0.033094,-0.14962,-0.14203,0.12033,-0.077883,-0.054378,-0.13253,-0.31831,-0.16753,-0.079162,-0.31361,-0.18616,-0.25934,0.25134,0.14692,-0.0087984
-0.1346,0.056101,-0.0065156,-0.018048,0.17879,-0.28742,-0.0093715,0.068486,-0.099401,-0.21364,-0.065074,-0.08175,0.076088,0.070791,0.25203,-0.29234,-0.029397,-0.11686,0.15363,-0.12158,-0.070938,-0.006724,-0.028152,-0.2092,-0.025674,0.0017805,0.24579,-0.014811,0.026621,-0.21607,-0.01082,0.089097,-0.023982,0.29704,-0.16793,0.32709,0.12158,-0.027071,-0.13328,-0.13414,0.042819,0.029636,-0.080615,-0.20616,0.10685,0.022947,-0.12212,-0.064455,0.0045755,-0.029742,0.019988,0.16912,0.019718,-0.0094073,0.057158,-0.025953,0.011166,-0.088535,-0.053115,0.102
-0.12832,-0.076324,-0.29183,0.061059,-0.11884,-0.016537,0.078088,0.17143,-0.018906,-0.021641,-0.05016,0.16558,-0.10006,0.069026,0.049011,0.063384,0.092771,-0.26207,-0.03989,0.19483,-0.027009,0.0094527,0.094449,0.10212,-0.022624,-0.20318,-0.10137,-0.039446,-0.078129,0.19604,-0.016198,-0.023406,0.090581,0.094051,0.086852,-0.036846,0.22922,0.020818,0.13096,0.12649,0.22163,0.083244,-0.0062676,-0.20534,0.13797,-0.12388,-0.059691,-0.02506,0.0018952,-0.050535,-0.21402,0.034184,0.22734,0.14606,-0.091968,-0.21116,-0.090522,-0.32077,-0.098808,-0.075255
-0.11013,-0.19688,0.13095,-0.07057,-0.24772,-0.16716,-0.1973,-0.021456,-0.105,0.0080353,-0.10284,-0.15493,-0.077963,-0.067891,0.0081928,0.17959,0.056965,-0.18889,0.13477,0.047769,-0.065748,0.020874,0.020788,-0.2263,0.14749,0.072972,-0.14681,0.21285,-0.082375,-0.24057,-0.072853,0.11067,0.045209,0.061128,0.20696,-0.24506,-0.22075,-0.01513,-0.089069,-0.0032504,0.097831,-0.37207,0.058681,-0.24475,0.021981,-0.082571,-0.040074,-0.02151,0.056607,0.0090549,-0.051345,0.034841,-0.031336,0.057279,-0.073351,-0.011617,0.020044,0.1132,-0.0091756,-0.034491
-0.11257,-0.17563,0.141,-0.0010631,-0.23514,-0.16612,-0.18639,-0.079289,-0.20866,-0.095095,0.1657,-0.17771,-0.15683,0.15094,-0.11015,-0.076381,0.020373,0.041614,-0.23119,0.11435,-0.051618,-0.19538,-0.15778,-0.11848,0.18527,-0.1344,-0.074732,-0.091298,-0.093953,0.19772,-0.016073,0.10405,-0.034046,-0.31761,-0.052384,0.22726,-0.066789,0.037458,-0.049915,-0.11453,0.029706,0.22951,-0.025706,0.059264,0.13297,0.14305,0.011902,-0.23342,-0.094894,0.0058321,0.021627,-0.00093203,-0.020573,0.048973,-0.069938,0.083902,0.003754,-0.09552,-0.0001883,0.012692
-0.11095,-0.17636,-0.0024985,-0.26586,-0.14782,-0.094199,-0.061227,-0.10897,-0.052439,0.13935,0.13284,0.19089,0.40051,0.042065,0.018126,0.084483,0.12882,-0.028267,-0.017984,-0.080654,-0.081625,0.0024253,-0.16705,0.060461,-0.069331,-0.026487,0.14401,0.25257,0.18215,0.1178,0.23714,0.23665,-0.17483,-0.094705,0.07113,-0.030913,0.33484,-0.13858,0.083226,-0.14136,0.022608,-0.086643,0.092148,0.066164,0.081023,0.042118,6.8762e-05,0.12685,0.035575,-0.098762,0.0098419,-0.0064538,0.03058,-0.058032,0.069236,-0.012194,-0.065511,0.049795,-0.031763,0.067639
-0.11008,-0.16961,0.072997,-0.28296,-0.14537,0.092525,-0.0032849,-0.0088552,0.021222,-0.12967,0.24771,0.070261,-0.05179,0.1477,0.23707,-0.040013,-0.19213,0.090811,0.07025,0.066293,0.39128,-0.16669,0.23917,0.042446,0.031234,0.1689,-0.16776,0.07298,-0.015165,-0.22973,-0.15484,-0.25149,0.056799,-0.02819,-0.085884,0.063935,0.19019,0.091213,0.14015,-0.056589,0.060064,-0.092104,-0.040875,0.2087,0.12452,-0.029039,-0.042331,0.07339,0.066657,-0.037061,0.065711,0.061799,0.011064,0.023847,-0.010701,-0.015904,-0.028548,-0.014142,-0.012583,-0.025396
-0.12606,0.04785,0.25093,-0.0055999,-0.069343,-0.13583,0.33761,0.12172,0.057532,0.04024,-0.12775,-0.059189,0.056541,-0.046049,-0.076724,0.17203,-0.24991,-0.046085,-0.075393,0.14738,-0.038961,-0.16407,-0.011382,0.42907,0.16351,0.097662,-0.13369,-0.043456,0.10212,-0.010676,0.21479,-0.14395,-0.11518,0.084473,0.066756,0.20968,-0.1167,-0.15037,-0.21152,-0.21239,0.065244,-0.044413,-0.0075437,-0.14472,0.054481,-0.018184,-0.047082,0.082391,-0.057537,0.023398,0.047071,-0.065276,0.037776,-0.00042214,0.09724,-0.043755,-0.01589,-0.043555,0.055444,0.018111
-0.12583,-0.15403,0.087564,0.18653,-0.045022,-0.023589,0.21321,0.059322,0.091926,0.13446,-0.063628,0.062851,0.15633,-0.0141,0.099893,-0.064464,-0.11256,-0.088274,0.030788,0.089418,0.212,0.40452,-0.031224,-0.10042,-0.16558,-0.23604,-0.01174,0.10506,-0.11508,-0.0717,-0.016696,0.029153,-0.08205,-0.16028,-0.031518,0.20802,-0.15228,-0.1344,-0.18041,0.11088,-0.015101,-0.14706,0.12851,0.31916,0.010323,-0.11372,0.042212,-0.25916,-0.00018094,-0.021802,0.051623,0.0038418,0.15449,0.043514,-0.064864,0.077844,-0.032827,-0.048877,-0.037896,-0.034273
-0.13216,-0.12125,-0.08271,-0.009431,0.13889,0.028162,-0.26985,0.14625,-0.10014,0.031972,-0.030397,0.10453,0.047663,-0.21006,-0.17158,-0.071315,0.060848,-0.13708,0.24555,-0.14343,0.087178,0.025751,0.10998,0.33462,0.16132,0.1233,-0.086291,0.11149,-0.18915,-0.077612,-0.10427,0.02689,-0.088854,-0.047277,-0.022869,-0.011997,0.12009,0.073106,-0.30508,-0.13655,-0.13075,0.20592,-0.076329,0.066058,-0.15431,0.07968,0.032881,-0.1509,-0.056916,-0.17328,-0.17994,-0.11081,0.067507,-0.13954,-0.15243,0.026127,-0.0079966,0.0041286,-0.014827,-0.021013
-0.12212,-0.16168,0.078589,0.23057,0.048692,0.14271,-0.010614,-0.051903,0.10994,0.24629,-0.17889,-0.080276,0.056001,-0.21133,0.096464,-0.041826,-0.043399,0.04939,0.041413,0.098149,0.1279,-0.070698,0.11211,-0.13966,-0.02152,-0.010672,-0.20172,0.20604,-0.042145,-0.024074,0.1044,0.080867,0.10067,0.017778,-0.038198,0.10878,0.16653,-0.10242,0.23823,0.012525,-0.2664,0.16876,0.11586,-0.24223,0.072908,0.34407,-0.1165,0.063295,-0.14171,0.10938,0.052778,-0.022671,-0.19231,0.082404,-0.076289,-0.048346,0.054747,-0.069745,0.059025,0.032866
-0.12087,-0.18385,0.002049,-0.18045,-0.0026232,0.071144,0.053789,-0.093188,-0.05757,0.27327,-0.23092,-0.071133,-0.091753,-0.044362,0.041121,-0.25453,0.013004,-0.014326,-0.025726,-0.21558,-0.17576,-0.029187,-0.22346,0.15794,0.025626,0.07657,0.012476,-0.12404,-0.30941,-0.021533,0.077911,-0.052193,-0.00069031,-0.031372,0.13337,0.089837,-0.046794,0.19595,0.080075,0.15175,-0.16607,-0.044667,-0.070112,0.16324,0.12899,-0.23855,-0.14538,0.20748,-0.0079702,0.09031,-0.059052,0.25751,-0.063613,0.046322,0.023015,0.010133,-0.14412,-0.058119,0.056645,-0.0043991
-0.12258,-0.15722,0.1513,0.14895,-0.042806,0.020119,-0.051169,0.083057,-0.10213,0.0068898,-0.074065,-0.16231,-0.046812,0.27741,-0.27446,-0.18576,-0.0019207,-0.11621,-0.16753,-0.10245,0.17585,0.1549,-0.0588,0.14006,0.29078,-0.22585,0.15887,0.078348,0.24188,-0.085406,0.036123,-0.1536,0.049248,0.17756,-0.15204,-0.12648,0.14218,0.018872,0.065747,0.18539,-0.02664,-0.092571,0.0062056,0.023996,-0.22686,0.11298,0.16583,0.15327,0.01023,0.01874,0.054611,0.080193,-0.038525,0.036494,-0.013722,-0.10406,-0.02736,0.023866,-0.029119,0.033476
-0.13811,0.15309,-0.049636,-0.025082,-0.079059,0.1178,-0.096648,0.043439,-0.049201,0.052109,0.15669,-0.046224,0.084301,-0.12576,-0.037441,0.022175,0.20042,-0.089521,-0.095408,0.011864,0.012506,-0.17064,0.10752,0.020903,-0.186,0.063199,0.10838,-0.097978,0.041655,-0.16339,0.038131,-0.10695,-0.017709,-0.12582,0.094996,0.072962,-0.013799,-0.0081398,-0.06504,0.056791,-0.041826,-0.051228,0.15642,-0.12415,-0.2046,-0.16307,0.16417,-0.074757,-0.14998,-0.0057546,0.3459,0.21137,0.051703,0.063483,-0.26058,-0.11049,-0.048095,-0.18366,0.24915,0.33347
-0.11315,-0.19789,0.046872,-0.18141,-0.14009,-0.099604,0.19468,-0.051363,-0.088212,0.11561,0.068207,-0.056927,-0.013486,-0.25596,-0.14468,0.13845,-0.12633,0.043859,0.046443,-0.010854,-0.1873,0.13781,0.18093,-0.1408,0.010009,0.19706,0.26543,-0.064037,-0.016478,0.31851,-0.12444,-0.11298,0.40245,0.083389,-0.30364,0.055538,0.094854,-0.067634,-0.020489,0.015624,-0.069485,-0.039767,-0.022799,0.024089,-0.13617,-0.066517,-0.011037,-0.073293,-0.064923,-0.073058,-0.018313,-0.029823,0.018825,0.012229,-0.013948,-0.073313,0.058637,0.031944,0.045079,0.001419
-0.13441,-0.14261,-0.030142,-0.01576,0.12139,0.047143,0.20986,0.085016,0.061135,-0.078,0.092915,-0.10579,-0.07669,0.067435,-0.080285,-0.072852,-0.17538,-0.021691,-0.099431,-0.046363,-0.065353,0.13122,0.035819,0.25582,-0.13938,0.13584,0.1302,-0.020221,0.016849,-0.25039,-0.075103,0.40735,0.092049,-0.21637,-0.07231,-0.21536,-0.060602,0.030992,0.26451,-0.23075,0.17684,0.14,0.17894,-0.11277,-0.067536,-0.052326,-0.057646,-0.15371,-0.0019498,0.18526,-0.043788,0.089073,-0.05348,0.0231,-0.045853,0.014784,-0.03123,0.050568,-0.015094,-0.029323
-0.13766,0.12815,-0.022178,-0.032613,0.067556,-0.0034895,-0.13103,-0.13311,-0.14659,0.11697,-0.16738,0.18028,-0.025103,0.049024,-0.16256,0.022294,-0.18284,0.20936,-0.2636,0.0027034,-0.019917,-0.012464,0.1621,0.046452,0.0037198,-0.070936,0.035004,-0.046454,-0.099924,-0.079675,-0.16323,0.019178,-0.072881,-0.01315,-0.18328,-0.12348,0.047304,-0.22961,-0.053735,0.1079,-0.10152,-0.086209,0.043268,-0.16489,0.32632,-0.012581,-0.056975,0.034352,0.24135,0.09459,0.019836,0.038043,0.27928,-0.21559,-0.14796,0.17351,0.12501,0.0073258,-0.02037,0.1648
-0.13454,0.1459,-0.10431,-0.038766,-0.10185,0.054717,-0.083561,-0.014507,-0.07378,0.058755,-0.14868,0.079123,-0.048504,0.1382,0.01148,-0.074706,-0.29292,0.15229,0.15648,-0.087125,-0.14164,0.014714,-0.013098,-0.17601,0.07269,-0.077101,-0.0031605,0.025437,-0.094652,0.0033182,0.21219,-0.27673,0.013716,-0.024487,0.12092,-0.15827,0.090551,-0.032846,-0.04208,-0.21375,0.045036,0.1011,0.34765,0.045511,-0.13999,-0.063666,0.063066,-0.24883,0.17825,0.08238,0.039701,-0.059093,-0.22401,-0.14906,0.11776,-0.19028,-0.037401,-0.19004,-0.037533,-0.036621
-0.12289,0.13217,0.1101,0.2325,-0.20527,0.078519,-0.02155,-0.26783,0.0076207,0.11371,0.14823,-0.041625,0.0091275,-0.10013,0.026032,-0.15181,-0.041206,-0.040278,0.16057,-0.090465,0.011049,0.075701,0.12049,-0.048165,0.0097995,-0.16853,-0.0082696,-0.19322,0.10965,-0.099828,-0.025672,-0.095849,0.03178,-0.19848,0.028405,-0.054951,0.13841,-0.037413,-0.054997,-0.15762,-0.0024953,0.14681,-0.043342,-0.24571,0.070846,-0.28896,0.13332,0.19499,-0.22673,-0.076431,-0.094507,0.031875,0.12647,0.011817,0.18547,0.14838,-0.088862,0.20193,-0.1439,-0.15039
-0.14111,0.14027,0.018233,-0.053043,0.044522,0.02586,-0.16592,-0.013492,-0.01536,-0.0040535,0.1467,-0.086773,0.11129,-0.13465,-0.15562,0.056715,0.075863,0.035806,-0.24539,0.10269,-0.0098991,-0.024633,0.10395,0.010189,-0.13329,-0.012803,0.058354,0.042939,-0.0087684,-0.12689,-0.019181,-0.019111,0.035308,0.053074,-0.00014988,0.11191,-0.2233,0.048175,0.072033,-0.011838,-0.1707,-0.14178,0.050496,0.055146,-0.077595,0.114,-0.17298,0.025006,-0.095453,-0.030908,-0.067325,0.075806,0.025317,-0.21521,0.20515,-0.17749,-0.2105,-0.22461,-0.46433,-0.28355
-0.13084,0.11783,0.047724,-0.085692,0.20827,-0.020029,-0.00533,-0.39127,0.020123,-0.001654,0.00035262,-0.085659,-0.076569,0.0072968,-0.074529,0.11548,0.026607,0.082854,0.023143,-0.069644,0.13272,0.064692,0.013544,0.11108,-0.13977,-0.20145,-0.15639,0.32433,-0.065115,0.12347,0.005121,0.076966,-0.030503,-0.11695,-0.26482,0.11705,-0.070186,0.17564,-0.11777,0.028386,0.20258,0.015157,-0.11517,-0.1706,-0.091335,-0.19222,-0.0038341,0.073767,0.18731,-0.13272,-0.0032282,0.047025,-0.19801,0.088514,0.059906,-0.23882,0.069954,-0.077844,0.1012,0.01964
-0.14251,0.11958,0.047361,-0.076038,0.15258,0.054489,-0.098568,-0.020081,-0.026354,-0.021742,-0.018459,0.094567,0.17834,0.025385,0.078073,0.034049,0.093811,-0.11681,0.049557,0.094963,-0.005303,0.034855,0.044075,0.0096094,0.22638,0.0012263,0.090923,-0.18825,-0.088222,0.0304,-0.08648,0.12479,0.029731,-0.12862,-0.05009,-0.00083677,0.052538,0.091109,-0.10078,-0.027057,-0.11313,-0.085277,0.036312,0.030038,0.10005,0.083174,0.10232,0.02413,0.071171,0.38526,0.21445,-0.096293,0.14247,0.24462,0.15063,-0.31708,0.083693,0.088591,0.20928,-0.37948
-0.13668,0.14167,-0.065774,-0.057435,0.010938,0.087174,-0.08039,-0.18682,-0.072102,0.066653,-0.12265,0.030729,-0.13813,0.19908,0.10548,0.11257,-0.12812,-0.059685,0.13953,0.085466,0.11183,0.14697,-0.029241,-0.0076971,0.018495,0.20245,-0.0081299,-0.15478,0.13129,0.10416,0.080437,0.12946,-0.098626,-0.033353,0.0083355,0.21635,-0.057598,-0.0041077,0.1768,0.040382,0.027304,-0.21723,-0.084918,-0.014556,-0.062581,0.14569,0.25341,-0.077957,-0.28053,0.061849,-0.34238,0.11495,0.022937,-0.30998,-0.1069,-0.11472,-0.018889,0.045489,0.12197,0.042082
-0.13416,0.1172,0.073276,-0.099311,0.16087,0.12015,-0.11726,-0.0075874,0.11788,-0.17478,-0.034946,0.069996,0.23219,-0.024642,-0.25198,0.037137,-0.054539,0.13193,0.05013,0.036954,0.11193,0.065576,0.046321,-0.058077,0.2679,-0.099016,-0.049072,-0.054985,0.17848,0.19031,-0.11951,0.075081,0.019774,0.22756,0.16622,0.063286,-0.041491,0.072522,0.11842,-0.051012,-0.052636,-0.011435,0.18199,0.047661,0.13351,-0.25399,-0.2054,-0.18035,-0.12675,-0.056991,-0.11196,0.14537,-0.13551,0.23499,-0.067773,0.17568,-0.15173,0.053378,0.090522,0.092207
-0.13295,0.14854,-0.093279,-0.052842,-0.15823,0.023507,0.094562,0.22808,0.08283,-0.065963,0.087905,-0.12743,-0.0075052,-0.12212,-0.083037,0.1441,0.13075,0.035973,-0.047338,-0.10142,0.058913,0.069709,-0.065481,-0.15351,-0.030857,-0.17116,-0.13803,0.066613,-0.030484,-0.0031567,0.18705,-0.045323,0.096586,0.061547,-0.063645,0.14727,0.081013,0.20845,-0.017136,-0.2181,-0.016386,0.031866,0.025562,0.019514,-0.11779,0.072588,-0.020815,0.15826,0.25066,0.26853,-0.17536,0.22052,0.17767,-0.18626,-0.15307,0.24841,0.047569,0.10144,0.20161,-0.15165
-0.14031,0.12971,-0.12435,-0.03821,-0.10004,0.058756,-0.047438,0.0073329,-0.071482,0.097806,-0.11775,0.019905,0.10231,0.044215,0.10656,-0.098991,-0.16156,0.020461,0.073395,0.02384,-0.10951,-0.063132,-0.030852,0.026411,0.0065545,0.037964,-0.074053,0.15729,0.11457,0.085177,0.12579,-0.033312,0.064452,0.029436,-0.071491,0.00070971,-0.29165,0.27175,0.11494,0.037975,0.053564,0.1795,-0.008627,0.025969,-0.07081,0.12681,-0.076989,-0.057637,0.016474,-0.12852,0.18666,0.034717,0.3847,0.18319,-0.12157,-0.11752,0.021371,0.40078,-0.24615,0.12097
-0.13526,-0.10459,-0.1741,0.044615,0.14622,0.01718,0.078849,-0.1876,-0.065233,-0.24769,-0.055626,0.0014148,-0.0052605,0.042989,0.040411,0.037876,0.09754,-0.11989,0.038617,0.23198,0.011985,0.013506,-0.15156,0.065921,-0.028155,0.035825,-0.13963,-0.075934,-0.22762,0.18835,-0.11185,-0.092468,-0.01332,0.012728,-0.057661,-0.017277,0.098115,0.0072062,-0.040104,-0.20007,-0.10606,-0.18199,0.22109,-0.0041075,-0.22571,0.011989,0.080401,0.18061,-0.057429,0.1657,0.099184,0.036739,-0.033658,0.059914,0.10234,0.22654,0.10927,0.072994,-0.34366,0.2769
-0.13038,0.10306,0.14095,0.096315,0.022302,-0.12901,0.11525,-0.17622,0.28897,-0.20688,-0.21289,0.064218,0.1275,0.11554,-0.13626,0.0087537,-0.016621,-0.09939,-0.076617,0.075348,-0.071961,-0.12241,-0.17346,-0.046549,-0.086185,0.13168,0.084336,0.14005,-0.068111,-0.086277,-0.24641,-0.11101,0.31015,-0.19099,0.30493,0.053753,0.18185,0.067451,0.0093446,0.088001,-0.070713,0.079727,-0.087616,-0.015226,-0.022505,0.12919,0.11981,-0.060521,0.16681,-0.15308,-0.045143,0.021039,0.06394,-0.12171,-0.019706,-0.026018,-0.17392,0.095313,0.074144,-0.0048436
-0.13129,-0.060494,0.023903,0.23428,-0.057334,-0.033301,-0.1353,-0.060172,-0.00071019,0.019659,0.097516,0.098216,0.38542,0.077305,0.22343,0.04411,0.013582,0.1055,-0.3907,-0.2981,0.06558,0.11486,-0.11133,0.034906,-0.068634,0.25816,-0.1998,-0.15228,-0.096693,0.035878,0.056445,-0.12179,0.13892,0.1668,-0.047326,-0.095183,-0.036642,0.052387,-0.090635,-0.0013357,0.15088,-0.01267,-0.15437,-0.10947,-0.051717,-0.020961,0.019037,-0.14564,-0.034199,0.12747,-0.13613,-0.089695,-0.11317,0.092203,-0.060303,0.0044315,0.02327,-0.014032,-0.02052,0.0077343
-0.14327,0.12349,-0.11065,-0.027832,-0.038051,-0.021093,0.015503,-0.047615,-0.041673,-0.042878,-0.1297,-0.070445,0.11564,0.056784,0.074645,-0.04797,-0.1177,-0.03265,0.087467,0.032052,-0.18192,0.039987,-0.041893,-0.049586,0.041536,0.18199,-0.18342,-0.0084993,0.27216,-0.013468,-0.05741,0.084322,-0.042902,-0.12465,-0.20779,-0.1576,-0.057777,0.0088036,-0.0026372,0.057434,-0.096591,-0.029888,-0.064887,0.055809,-0.1336,0.066836,0.042685,0.16552,0.062553,-0.17768,0.077743,-0.042018,0.023011,0.17754,-0.08582,0.36848,-0.096573,-0.47968,0.096629,-0.22982
-0.12689,-0.1369,-0.082538,0.0070894,0.18882,0.085806,0.068535,-0.10038,0.13627,-0.092781,-0.059084,-0.095937,-0.10916,0.041265,0.041562,0.20714,0.11703,-0.31388,0.011691,-0.53755,0.011255,-0.17027,0.24169,-0.072888,0.044593,-0.020422,-0.042105,-0.10756,0.15238,0.12223,0.098981,-0.12101,0.0053331,-0.16783,-0.041023,0.011255,-0.12555,-0.15529,-0.040625,0.066316,0.065397,-0.034367,0.15732,0.080097,0.14931,0.17658,-0.088696,-0.074292,0.070088,-0.0035915,0.024364,-0.0033323,0.058929,-0.014562,0.078271,0.055987,-0.15831,0.040932,-0.05764,0.04389
-0.12864,0.15834,-0.054513,-0.069133,-0.1093,0.14466,-0.084801,0.16029,0.21427,-0.056978,0.067345,-0.24956,0.085742,-0.056205,0.13465,-0.17924,0.022369,0.08683,0.034344,0.010413,-0.046696,0.051672,-0.011197,0.099675,0.14357,-0.021686,0.10992,-0.0609,-0.23729,0.17376,-0.10235,-0.07561,-0.1929,-0.15979,0.0035884,0.07044,-0.0033223,-0.44123,0.16228,0.058357,0.11337,-0.143,-0.14235,-0.13275,-0.18273,0.083072,-0.11017,0.010245,0.21888,-0.1191,-0.050863,0.0063166,-0.11669,0.082479,-0.11485,-0.030645,-0.036238,0.15407,-0.043015,-0.047751
-0.14037,0.1495,-0.047031,-0.059529,-0.062001,0.047741,-0.075426,-0.0080093,0.0456,0.089045,0.061003,-0.25395,0.015018,-0.083791,0.0010549,0.0536,-0.066657,-0.069429,0.04001,0.020499,-0.024328,0.22276,-0.020849,-0.021265,0.046536,-0.11041,-0.028944,-0.053309,0.051848,-0.10848,-0.12296,0.047593,0.081585,-0.03547,0.13496,-0.059816,0.07618,0.099259,0.0094399,-0.0081627,0.10901,0.024747,-0.23595,0.18044,0.023663,0.10861,-0.24198,0.058784,-0.018234,0.17762,-0.012002,-0.35934,0.098786,-0.046638,0.2547,-0.033321,-0.031493,-0.16115,0.082477,0.49626
-0.1292,0.14068,-0.09429,-0.019345,-0.066906,-0.073034,0.23643,0.071406,-0.10343,0.18244,-0.049438,0.06199,-0.18618,0.047516,0.09308,0.1036,0.20536,0.20188,-0.077856,-0.12911,0.42735,-0.049904,-0.21737,-0.1139,0.19003,0.19042,0.1573,-0.061722,0.071639,-0.055944,-0.11859,0.13282,-0.0044062,-0.10305,0.097619,0.031015,-0.011407,-0.004084,-0.088574,0.028234,-0.13921,0.081235,0.20705,-0.11333,-0.14849,-0.044621,-0.16323,0.040933,0.069977,-0.1702,-0.13062,-0.12343,0.07144,0.13235,0.098561,-0.051439,0.10088,-0.039308,-0.087554,0.021605
-0.12836,0.15328,-0.090173,-0.00070324,0.02354,-0.1105,0.081255,-0.33143,-0.14983,0.091979,0.10818,-0.11882,-0.16511,-0.17882,0.19409,0.007436,0.012458,-0.021252,-0.020459,-0.012725,0.10886,0.054438,-0.053706,0.24285,-0.023782,-0.10607,0.21781,0.11972,0.052135,0.089407,-0.11692,-0.089152,0.038408,0.26723,0.30232,-0.13619,0.0073387,-0.058567,-0.038687,-0.069056,0.12461,0.051722,-0.0046386,0.14318,0.11278,0.21794,-0.0089816,-0.096173,-0.057326,0.064933,0.16748,0.053239,-0.084496,0.016387,-0.248,0.15715,0.034009,-0.020854,0.01152,-0.22502
-0.13488,-0.10997,-0.17183,0.090741,0.13179,-0.080507,0.033732,-0.012686,-0.16291,-0.11431,0.079398,0.0077338,-0.088,-0.11552,-0.017537,-0.011855,0.11402,0.314,0.052234,0.21753,-0.019556,0.040151,0.023619,0.00609,-0.031883,0.084208,-0.028784,0.078656,0.10005,-0.09721,0.216,-0.12524,0.0067167,-0.077704,0.014705,-0.18628,-0.030979,-0.21644,-0.14085,0.084404,-0.061698,0.043245,-0.17399,0.074601,0.039682,0.12847,0.059413,-0.10901,0.064204,0.079178,-0.20805,0.30555,0.067381,0.23926,0.27645,-0.04624,-0.24597,0.095983,0.14062,0.10245
-0.12761,0.16321,-0.11936,-0.046204,-0.15949,0.030587,0.067359,0.18282,0.19089,-0.037523,-0.071222,-0.083041,-0.033766,0.1265,0.12006,-0.050289,0.20507,0.01036,-0.074217,-0.076656,0.026585,-0.020091,0.01819,0.044377,0.10342,0.031012,0.0088252,0.36315,-0.12296,0.12839,-0.091074,0.077869,0.10858,0.11257,-0.17541,-0.15949,-0.19479,-0.11945,0.023841,-0.15597,-0.19972,0.074117,-0.079197,0.064582,0.28315,-0.1723,0.33349,-0.025157,-0.22608,0.012786,0.076934,-0.017086,-0.043369,-0.12805,0.15328,-0.014681,-0.044752,-0.038587,0.033558,0.08084
-0.13024,0.091508,0.25815,0.065115,0.080537,0.083766,-0.030949,-0.021437,-0.047055,0.012672,0.051038,-0.11284,-0.10652,0.030614,-0.021213,0.32761,-0.056814,-0.14637,-0.054751,0.044467,0.042589,0.067464,0.059034,-0.11533,-0.010719,0.14284,0.11612,-0.083834,-0.36769,-0.050629,0.26208,0.10596,-0.22805,0.24953,-0.0038039,-0.077456,0.13408,0.039517,0.225,0.012003,-0.04765,0.1811,-0.087852,0.084299,-0.017426,-0.042494,0.16634,-0.081956,0.1454,-0.24402,0.098436,-0.003881,0.10952,0.13813,0.12802,0.14306,-0.06322,-0.0074189,-0.015849,0.00036004
-0.13125,0.032203,0.14141,-0.10264,0.088839,0.16263,-0.0021651,0.10773,-0.086718,-0.14187,0.13653,0.34242,-0.2653,-0.35013,0.074322,-0.047891,-0.16232,-0.035479,-0.18327,-0.20843,-0.19794,0.031781,-0.30733,-0.070045,0.01777,-0.14217,-0.21986,0.068732,0.045354,-0.092075,-0.18129,0.030895,0.0098227,0.085811,0.0097645,0.099513,-0.012443,-0.14526,0.10975,0.0069628,0.052879,-0.057924,0.077006,0.011273,-0.056263,0.097629,0.20863,0.064866,-0.075116,-0.11053,-0.012394,-0.051855,0.057824,0.093325,0.099768,-0.081867,0.0046614,0.020308,0.071795,0.018642
-0.12969,-0.13252,-0.037798,-0.016858,0.1366,0.34932,0.092785,0.067278,0.021357,-0.048686,0.11028,0.066008,0.032109,0.0085805,-0.11285,0.027195,-0.1308,-0.026224,0.11372,0.031502,0.11613,-0.13066,-0.28224,-0.12324,-0.078627,-0.1253,0.31563,-0.0090872,-0.01234,-0.002979,0.17823,-0.15739,0.047588,-0.1023,-0.01171,-0.16151,-0.14978,0.12976,-0.066366,-0.18734,-0.114,-0.21074,-0.29599,-0.19452,0.20711,0.059694,0.00036693,-0.038252,-0.025533,-0.073506,-0.063874,-0.14326,-0.025471,0.066596,-0.16634,0.024816,0.1049,-0.11953,-0.054162,-0.00019082
-0.12416,-0.15279,0.060791,-0.12058,0.088963,0.23755,0.1572,-0.029896,0.1143,-0.027189,0.0063934,-0.0064391,-0.19424,0.15192,0.19619,-0.15039,0.10256,0.14529,-0.27869,0.071769,-0.2326,0.13931,0.32281,-0.092969,0.056466,-0.032134,-0.087078,0.020337,0.14538,0.081473,0.072306,0.15074,-0.094946,0.060754,0.26171,-0.00012418,0.14442,0.14308,-0.27591,-0.059756,-0.1779,-0.075884,-0.15692,-0.086358,-0.15409,-0.034797,-0.035423,-0.092875,0.019695,-0.092202,0.084236,-0.076355,0.022375,-0.089855,-0.066682,-0.0018345,0.026161,0.061565,-0.043594,-0.027316
-0.12199,-0.15254,0.097921,0.19151,0.083712,0.21185,-0.063276,0.026259,0.098956,0.18313,-0.19121,-0.13113,0.033847,-0.21718,0.058482,-0.073662,0.17141,0.067711,-0.08268,0.19393,-0.076935,-0.20059,-0.026197,-0.11897,0.02158,0.16264,0.15359,0.019187,0.19493,0.04417,-0.21961,-0.08479,-0.2224,0.061007,-0.1085,-0.00269,0.013445,0.14724,-0.025714,-0.14093,0.39997,0.013863,0.127,0.17906,0.093251,-0.063619,0.15924,0.027157,0.14807,-0.0048039,-0.15485,0.023284,0.044986,-0.071922,0.048859,-0.028778,0.074899,-0.043452,-0.012466,0.0062404
-0.12771,0.01541,0.15615,-0.26895,0.0030489,-0.095777,0.18134,-0.00080503,-0.088415,0.10187,-0.18025,-0.0029817,0.14062,0.0068502,-0.15691,-0.24811,0.2589,0.12973,0.14295,-0.04685,0.11617,-0.21918,0.14245,0.011263,-0.21637,-0.22657,-0.19328,-0.27958,-0.061415,-0.03626,0.024767,0.10119,0.12729,0.12885,0.061859,-0.097618,-0.075899,-0.062069,0.14841,-0.038037,0.11933,-0.084776,-0.090312,0.029557,-0.094589,0.14558,0.22202,-0.15754,0.022047,-0.065485,-0.054993,-0.11583,0.025486,0.036205,0.091271,0.076621,0.13105,-0.027092,-0.025482,-0.0055561
-0.12766,0.050393,0.22345,0.10465,0.018191,-0.18043,-0.012882,0.34303,-0.22504,-0.016391,-0.019292,-0.077845,-0.035798,0.047339,-0.0043782,0.040497,-0.11923,0.024493,0.089507,-0.17723,0.031449,0.022435,0.080084,-0.002855,-0.39437,0.046689,-0.029117,0.079447,0.12452,0.34454,-0.2746,-0.11223,-0.29229,-0.11681,0.16367,-0.099468,0.06444,0.14929,0.081747,-0.0096735,-0.19854,-0.047986,-0.073544,-0.064507,0.04734,-0.0056776,-0.0040462,0.016682,0.014397,0.13323,-0.0011715,0.057229,-0.051891,0.057606,0.052969,-0.056554,0.014981,0.030727,-0.023126,0.0030276
-0.11441,-0.16426,0.093031,-0.31556,-0.11534,0.15748,0.10184,-0.10354,0.069245,-0.10352,0.090187,0.058255,0.10902,0.086878,-0.062928,-0.0051529,0.028354,-0.0673,0.10961,0.071299,0.03174,0.069977,-0.088046,-0.10924,-0.098292,0.047197,0.047455,0.014611,-0.0055564,0.0011804,-0.12842,-0.10317,-0.26149,0.18,0.0053326,-0.052549,-0.22059,-0.083619,-0.14767,0.31684,0.030846,0.46527,0.069597,-0.20381,-0.07062,0.055829,0.004471,0.085887,-0.039227,0.2558,-0.048105,-0.053732,0.0031699,-0.11325,0.017568,0.033786,-0.058287,-0.024627,0.010333,-0.034772
-0.11923,0.062256,0.33058,0.024121,0.058629,0.059004,-0.069102,0.075361,-0.11813,-0.066077,-0.0085097,0.12418,-0.12009,0.14816,0.10081,0.08773,0.45965,0.12086,0.19529,0.073997,-0.22864,0.30211,-0.05051,0.19513,-0.025808,0.065547,0.017636,0.023694,0.071088,-0.10466,0.099259,-0.25807,0.16415,-0.10903,-0.09284,0.10606,-0.039607,-0.00028346,0.17001,0.020769,0.031732,0.034407,0.12025,-0.036754,0.15991,-0.010414,-0.15109,-0.03256,0.011384,-0.039238,0.025311,-0.15247,-0.043822,-0.053791,-0.10207,0.099133,0.075045,-0.020674,-0.028437,0.0026003
-0.13514,0.15068,-0.094296,-0.045742,-0.12881,0.014151,0.12267,0.16323,0.083072,-0.040838,0.0083232,-0.082515,-0.035773,-0.10998,-0.13734,0.039754,-0.0092994,0.11442,0.06136,0.01199,-0.014789,0.10012,-0.097758,-0.010977,-0.047909,0.074267,-0.11659,-0.19072,-0.036903,-0.05773,0.05681,0.13353,-0.05126,-0.020496,-0.13947,-0.068732,0.25425,0.21659,-0.27031,0.28685,0.15615,-0.092075,0.12011,-0.0082294,0.32499,0.195,0.090585,-0.0014881,-0.099899,-0.11984,0.16056,0.028871,-0.30311,-0.036937,-0.071702,-0.048566,-0.11977,0.15293,-0.19229,-0.0048402
-0.12853,0.065282,0.27749,0.084711,0.095791,0.15938,-0.15101,0.14065,-0.084211,-0.069147,-0.018806,0.0019171,-0.044323,0.07891,0.13547,-0.029857,-0.077436,-0.049981,0.076051,0.097592,0.12849,-0.18107,-0.10048,-0.033579,-0.13333,0.0024367,-0.033543,-0.057057,-0.01122,0.20897,0.1234,0.26257,0.32951,0.016385,0.0081092,-0.21571,0.011852,-0.24291,-0.25277,0.074252,0.12607,0.083079,0.0053445,0.19868,-0.095285,-0.1069,-0.23593,0.21815,-0.059687,-0.036231,0.046646,0.14348,0.027539,-0.1978,-0.042765,-0.055255,0.0080546,0.011557,0.023515,-0.023573
-0.13744,-0.11083,-0.19022,0.036502,0.05258,-0.035934,-0.04582,0.049165,-0.013682,0.063601,-0.12983,0.13417,-0.10284,-0.058098,-0.24199,0.087234,0.076195,0.00074553,0.05001,-0.010716,0.10674,0.066061,-0.10768,-0.14826,0.031655,0.14356,-0.13558,-0.051214,0.19433,-0.045295,-0.0027112,0.028452,-0.00083583,-0.0027154,0.087146,0.17241,0.026074,-0.2145,0.14411,-0.081412,0.10267,0.11953,-0.4116,0.041448,-0.025062,-0.24834,0.011368,-0.026445,0.10127,0.17314,0.40626,-0.0072744,-0.11661,-0.10905,-0.064495,-0.02364,-0.019062,0.046542,-0.20601,-0.10729
-0.13909,-0.1161,-0.12156,0.03788,0.15512,-0.15543,-0.04132,0.14548,-0.007055,0.062129,-0.028909,0.1783,0.0059663,0.0032129,0.030579,-0.03556,-0.024151,0.11285,-0.061803,0.052965,0.086468,-0.0086376,0.065593,-0.053361,0.090035,-0.06067,0.12109,0.064895,-0.18406,0.099485,0.018158,-0.096528,-0.035882,-0.089914,0.013921,-0.03434,-0.072136,0.18671,0.10466,0.085903,0.29027,-0.10168,0.013588,-0.19929,-0.13081,0.072075,-0.1272,0.052268,-0.26489,-0.11256,0.25829,-0.061096,0.03412,-0.24048,0.27044,0.26954,-0.154,0.065638,0.28258,-0.10754
-0.13774,0.142,-0.089921,-0.01812,-0.1146,0.097514,0.013815,0.035798,-0.071187,0.082046,0.019217,0.1008,0.015556,-0.03208,0.059822,-0.0049484,-0.0082118,-0.37075,-0.11653,0.14624,-0.060512,-0.19025,-0.011732,0.088371,-0.027608,-0.043624,0.0090386,0.06347,0.14803,-0.084897,0.015261,-0.039925,-0.0033054,-0.042864,-0.11022,0.0014613,0.07168,0.032181,0.019265,0.23706,-0.11551,-0.0045536,-0.084895,0.032393,-0.055718,-0.10139,-0.16448,-0.32886,0.055931,0.014398,-0.099456,0.086974,-0.29009,-0.047823,0.28753,0.21057,0.35872,0.1683,0.048659,-0.050569
