1.0,0.8287449489171779,0.48908402215484925,0.400120381897992,0.4945436931974167,0.5168355890963555,0.35153940097172054,0.41810433292670135,0.8068403877081591,0.43077013877309406,0.4449599956617215,0.4808653962759646,0.4425091655877804,0.515031377040147,0.7061776631617641,0.7756105696811058,0.8463784838976378,0.5046947504130106,0.7397746840997087,0.5572016112166294,0.47781757814461945,0.4413441338679741,0.7076223315455341,0.8452319854811965,0.8617633506064489,0.7756217389757073,0.3958747625133331,0.44801495869225516,0.44724744788237925,0.4650342379046662,0.7946882569275442,0.8036499971447582,0.8441342425053586,0.7821772858367095,0.4813719190876577,0.5490174181697071,0.4092537551995139,0.539708394948476,0.4021656198825131,0.4932824228896975,0.44662128429011727,0.6666280850517546,0.46353924286569015,0.5667529492411888,0.5645673109233003,0.5536465186397079,0.4497074609158882,0.48489180571575075,0.44889599609217656,0.4811567102036307,0.3718403019668566,0.42012380268176236,0.478692468450038,0.3840661753982773,0.4669718034710666,0.35381704559334126,0.8199166731190288,0.4212624168355016,0.4786050727031382,0.7242757723408355,0.7248951506046861,0.8332717722271257,0.8052496023156954,0.5103014484547963,0.6023623646513805,0.5095604255636387,0.4907032833138584,0.7401383900096338,0.7382722503807913,0.8186405715985521,0.7813367502216535,0.4918290562307379,0.8035747089970793,0.8357906880549055,0.8720436364209174,0.5065149051135095,0.48096356785721434,0.4793459399902495,0.823907973411143,0.7772392886941224
0.8287449489171779,1.0,0.4989653232917123,0.4645627371927149,0.4822468047503231,0.5351091062031411,0.39508703091362146,0.3928969624995049,0.7490002412106576,0.4495095058625823,0.49561444869313553,0.5110694913620174,0.46224744690538766,0.5598858215164877,0.748466072169931,0.7067115217463289,0.8416251680725713,0.5157291746093422,0.648613024571325,0.5025813127613125,0.45965163000607057,0.45120488277193016,0.7439982432988589,0.8635571579023487,0.792975061597371,0.7762892815392805,0.42960400878673144,0.49404035015397263,0.4661595835379311,0.4080106072839418,0.8347527256109475,0.8602058988490513,0.7239968018971119,0.8466542285906977,0.45130957005711814,0.5138122275435696,0.4535430435529706,0.554687416036582,0.43009213400431473,0.4791521631189988,0.5653240701897243,0.5467134447951126,0.4792731167049966,0.5512001054437979,0.5105379080928685,0.5003657591385821,0.46522163856216087,0.5150057959509509,0.4737941723204595,0.4993204346351581,0.46468197266243105,0.4685077964184208,0.48733452045796,0.48079331257017066,0.4452636596477922,0.4278117530607963,0.8723327142179149,0.4697158510010597,0.4921430393959455,0.7905067262361647,0.8465021517299018,0.8026901757992064,0.818685568875577,0.4713625899193538,0.5392730108842532,0.489218716401824,0.5050074023897139,0.748910965841289,0.7330125987897698,0.7778610809784576,0.7952071912350329,0.578270778079552,0.8195400758579552,0.8450838795494935,0.8081606886142916,0.5270705036191816,0.4703236522874422,0.46074871697532416,0.8025300982125287,0.83050727227976
0.48908402215484925,0.4989653232917123,1.0,0.6510425286859134,0.8733561511747714,0.8804195850273635,0.5874125703325226,0.5334090581785957,0.4845629153419393,0.6985525608772059,0.9261430297547888,0.890278020474956,0.8003789498830778,0.7372993233972607,0.586100857469313,0.6112382636286189,0.47083651440989105,0.5127220653377252,0.622048104904496,0.7617910755013685,0.649241049081375,0.6435078146541078,0.5593970662603691,0.4436909596630746,0.5601386662379886,0.5477241947649915,0.7076516181101609,0.6492915329403933,0.6587290982433665,0.6504763477958995,0.5597798865672909,0.545510487939839,0.6323731835433934,0.46919830967129317,0.8861680763581143,0.887153492231385,0.7073127696512853,0.8492305224055936,0.6897855053383057,0.8923421665977331,0.7507928464884295,0.756292308815218,0.6393233310850122,0.897568024644973,0.8561474925919399,0.6750527899498957,0.9559655530383167,0.8164661209629986,0.740449877430615,0.6711069676021841,0.6948048808481533,0.6387291232217592,0.723784683160058,0.6726664706810214,0.7244879020847953,0.7827900143093682,0.5550399895300454,0.7179123665077773,0.6391926909464213,0.48265677319850275,0.5109508473627113,0.47617260778641335,0.5092873244963692,0.9189990994441066,0.8055911864257936,0.7108540478047032,0.745678508768354,0.594523588325945,0.6159693532875883,0.510029491761167,0.5041757384343423,0.8038089835603479,0.5075031142820161,0.5156798220164762,0.5517917438570075,0.790809678505894,0.5864864641452956,0.7531070583609748,0.5241281289036682,0.546565323749443
0.400120381897992,0.4645627371927149,0.6510425286859134,1.0,0.6250333289871789,0.6751471128124256,0.7695799775941045,0.8542343954583589,0.4414239201976113,0.9051938499638366,0.6666429788030023,0.7023037113834645,0.6700070665610356,0.7352789346321053,0.4489225607698253,0.4830833828775481,0.3927487484055478,0.7538928450573101,0.43838829534942114,0.5895227476517162,0.8036620633277249,0.7717788663039145,0.4562370013721536,0.38779152975522296,0.4621049747443753,0.47997270547516624,0.8156056011450187,0.9381426693670971,0.7751690018124641,0.8173881836786444,0.45460422258082633,0.485029347324232,0.4697924343586893,0.4157380162357052,0.6520382068809284,0.6777093967253596,0.895649860076887,0.633272669142714,0.6802517928767666,0.6350599001363069,0.7812528370278105,0.5548216100488224,0.7040811534071434,0.6416770037358475,0.6346896178848171,0.6604875352821624,0.6517599051485619,0.7680741957220842,0.7896429588685532,0.703318173268706,0.8605114796807125,0.8625792730676125,0.7392625059559911,0.8573676515890711,0.6508194034898582,0.819673997921327,0.5019758313847186,0.7749415327737832,0.8650161943261451,0.3820868924342957,0.4567242877836241,0.41884705655499876,0.4282406198351358,0.5922776330091155,0.5558389649355062,0.7143930774842626,0.7448139020952484,0.4761461801216317,0.5280227094781987,0.4343147420262143,0.4947013657576149,0.6704511434830497,0.43072225513442264,0.4311173033683581,0.43132541895309817,0.7941176886711518,0.8080313438738376,0.7677562256689658,0.39035918877785286,0.5054157769381787
0.4945436931974167,0.4822468047503231,0.8733561511747714,0.6250333289871789,1.0,0.901833662531329,0.5660369690676752,0.5476726679621329,0.46433916743440323,0.6877767876888015,0.8093581685540947,0.8633316751045015,0.8977492375653162,0.7512268453603058,0.4688155528262362,0.5436575093398388,0.4787981084991545,0.5359341425978665,0.4843434789212152,0.6604774437458161,0.630279823992568,0.6512932089192286,0.4555165960734528,0.44007049980683954,0.5214932958739082,0.4624161224255335,0.7257691494721774,0.647654119524157,0.7607051840975574,0.6560264180359072,0.4210947645110132,0.45291267449999467,0.617312375085468,0.4544697495310173,0.8644700665270173,0.8282926356695212,0.699189944414895,0.8028776921603968,0.7751545818452487,0.9291027175223134,0.7705350117372699,0.7854868876705352,0.6141590569473321,0.8516629418654245,0.9059606704605838,0.691208071479601,0.8874322734241102,0.8050251374426569,0.8178823374264766,0.7268846625506191,0.7131464955316278,0.6767587842023467,0.796849252173287,0.7003835850570627,0.7143397370984559,0.7214398047410374,0.5266024048557133,0.7685056448340963,0.6693935731374935,0.40271922702422036,0.45874946211824186,0.4876504720148646,0.4969249058494661,0.8624414647741931,0.7951175451925133,0.782388207626391,0.7435104444298342,0.48126630346262045,0.553119918284299,0.5164052005646028,0.480599040353814,0.7714551512109742,0.4586749220864771,0.5034686242559866,0.5563856761892628,0.8376984938925411,0.6453471311762932,0.7812622716077178,0.42880898016188707,0.45020751268434733
0.5168355890963555,0.5351091062031411,0.8804195850273635,0.6751471128124256,0.901833662531329,1.0,0.5624002893666626,0.5941948070846845,0.502790110668802,0.6924611540897021,0.8341152441035065,0.8975850861494133,0.8596720011523059,0.7669470486323673,0.5075506179322672,0.6080814679575293,0.48848271738582,0.5383818823271096,0.5698512093459376,0.7495680667855122,0.6486438031943833,0.6454783743308529,0.4594356903149797,0.4771657310154471,0.5488010029202834,0.5195159862418002,0.6984605009095399,0.6794722076735078,0.7037171773885651,0.6534164570720427,0.45540047243107923,0.5365693045398963,0.6354687492820079,0.5010305498848426,0.7925699591756145,0.8738020930476986,0.6778096547725767,0.8576120142978534,0.7544204736141077,0.8949228151573432,0.7843027327230696,0.7704328843939809,0.606005242499911,0.8775926644435534,0.8219677564756223,0.695036606424667,0.8707654800040576,0.8389411323024883,0.7662098217559716,0.7136006484449482,0.698770892752681,0.7118167477788446,0.7263606038694461,0.7207366307059895,0.6783647160219373,0.7104995438328974,0.5778373474847477,0.7381196339851512,0.7084553353977381,0.4346961962829843,0.5095728124807557,0.47998618905135226,0.5007976673992722,0.8354687037294574,0.8012769048816313,0.7102172587548603,0.7162721646390504,0.5121425496759239,0.6078845710934146,0.5204955306641822,0.5140420510557523,0.798173008867827,0.49298789352681144,0.5129568452540203,0.5660247141116499,0.808155561863388,0.6246230340069583,0.7359347575532736,0.45014710139220243,0.5152059567306807
0.35153940097172054,0.39508703091362146,0.5874125703325226,0.7695799775941045,0.5660369690676752,0.5624002893666626,1.0,0.8522750741958623,0.3677747456456504,0.7564549235805652,0.6254458857327447,0.5823162245179636,0.578641444288812,0.6708688966592642,0.5084958546622885,0.4920316484453805,0.35108339905317804,0.6405424121486172,0.47224900625543,0.4487805987215674,0.7100114409849486,0.6666409800268644,0.5198281827513478,0.4319298465227984,0.40025330191849356,0.40963536128905836,0.7491286833536626,0.741426472267336,0.6437622088631725,0.6844704734373287,0.42741481381767854,0.39027449130578473,0.36967054274984024,0.40287107654530624,0.5969333592584813,0.5237600688783437,0.8338208535308509,0.5039084132062231,0.6065827621993805,0.5485209229681461,0.6283476211353158,0.4694936183389534,0.818210135842636,0.5073444426748678,0.5005270959294271,0.5780759469223733,0.609553782998586,0.6264966230639942,0.6491022066348693,0.6317506048468269,0.7437183931807088,0.6845588493568695,0.571467705637828,0.7000823274392989,0.8090317188869016,0.7414169498327101,0.39170534657020895,0.7144515008434302,0.7108796692585166,0.5297607496605128,0.3628594647437876,0.3369384831051637,0.3505528126190151,0.5788812679492432,0.4932927703415594,0.6396337053932966,0.6624745483752361,0.49458512526208775,0.46077804915776355,0.39264604154039223,0.43888048753756453,0.6025901765475101,0.39004144965835386,0.3626126009728017,0.3258167475644649,0.6499807647505254,0.6996323452411721,0.6104446901034097,0.4406969971302793,0.3925722520614502
0.41810433292670135,0.3928969624995049,0.5334090581785957,0.8542343954583589,0.5476726679621329,0.5941948070846845,0.8522750741958623,1.0,0.4035655258169715,0.8225414326708904,0.5186537132091684,0.5654146301432363,0.5741396285620437,0.6575707170469397,0.40281411850505594,0.5205426331709646,0.40398415781094377,0.6849850139717957,0.4245112394754904,0.48539774072969843,0.7107198237503325,0.6433252046446601,0.4331982964054354,0.4815046938107458,0.4577488628407787,0.4034243588894835,0.7249128469567085,0.7994395364921546,0.7092494939026877,0.7511733403774021,0.36479284140121915,0.3945219845744679,0.40682702400319815,0.3666521536291668,0.535527053641613,0.5593714927627065,0.8350910931241137,0.5210793465778549,0.5821248291994144,0.5489374810204612,0.6315033322792587,0.5266904048003658,0.7972804889676157,0.5298202558133991,0.53497156459517,0.6426072286802011,0.528752121352337,0.6322564107247249,0.7060707048350212,0.6603471951125685,0.7552531822924007,0.8129286118873198,0.6505351397099333,0.7005590641050302,0.7554833415202871,0.7299729212892216,0.42528635490332967,0.7271647724875521,0.7893146035897048,0.4637068847560703,0.3759272591368854,0.39867821910458234,0.3951836137768287,0.5303220444499722,0.5056495397459412,0.6970792978872791,0.6937288598773594,0.44672233225900254,0.49985986128082416,0.42098343991384285,0.46467417363029057,0.5882106135570074,0.4059571018093924,0.39891082585259124,0.3547960210698568,0.708112397794413,0.7815949372219602,0.6546237192328141,0.34220777664202895,0.38526660693339637
0.8068403877081591,0.7490002412106576,0.4845629153419393,0.4414239201976113,0.46433916743440323,0.502790110668802,0.3677747456456504,0.4035655258169715,1.0,0.4809401113905306,0.4748550167678031,0.4686573269928599,0.47128636145336245,0.45763913897416164,0.798352311921747,0.6845008103873053,0.8330741750833419,0.42782292596837423,0.7444977828490904,0.6053596484135835,0.5477256475499608,0.5308497934812303,0.8146370289224125,0.7704172239083571,0.8254022764224966,0.7743690919514539,0.4133959879492704,0.49042998527405446,0.4431147747833506,0.469652427963601,0.7640377810590239,0.7999213705142745,0.7321027931006078,0.8090069641050609,0.4582695041457421,0.4985226148040561,0.40831977391498636,0.5394444445665942,0.5005763593330539,0.44700758926601003,0.48834000084526874,0.5262203351881135,0.33229621965190376,0.5110046706307905,0.5092881622877543,0.49131599347960747,0.46554663325015433,0.5083640162676197,0.47263704393828554,0.4377664673593743,0.38978564308294034,0.3567765533535341,0.43261489491199867,0.4250415356595548,0.43610163053979284,0.36785647824175977,0.8342985665151653,0.42368933324092434,0.4109113587984382,0.7229944351223633,0.7591784097967063,0.8888328739161964,0.8301102898141367,0.41871797097968444,0.46516289402249755,0.47606692515244464,0.4756944429424156,0.831002576536972,0.7826521823730432,0.8307673347617094,0.8685872070510525,0.45783748358832477,0.8345458947288891,0.8499262911200723,0.8748022512316183,0.552004785963163,0.45551406328632826,0.51808816797366,0.7610062305560747,0.8315838035311898
0.43077013877309406,0.4495095058625823,0.6985525608772059,0.9051938499638366,0.6877767876888015,0.6924611540897021,0.7564549235805652,0.8225414326708904,0.4809401113905306,1.0,0.674004858598655,0.7092108372963496,0.701870762531231,0.7437018823552836,0.4234808314081602,0.4640308661190695,0.40501802728328273,0.7301906466534758,0.4764082024153647,0.6474033425827951,0.89602963225172,0.7994320215465753,0.4294603528234206,0.3853687103976066,0.47928521430695115,0.46144271285997873,0.8180050751938824,0.8892737645656221,0.8131556102872168,0.8323328952771902,0.4308414455217596,0.4547889198360306,0.4744217049455439,0.38785174868459055,0.690388052151037,0.6725001301854973,0.8807952731654677,0.63106072372315,0.7370132349048434,0.6875592943640194,0.7632098594672378,0.6038423286554525,0.7004315180229939,0.6640606256160315,0.6989879284290799,0.6819527248517328,0.6925931694184799,0.7768029572685539,0.8381518984815578,0.745067897785534,0.8418700699573731,0.8641294653150928,0.8131740323123791,0.7974324903228615,0.674876481627345,0.8605385192962601,0.5127745473533021,0.8296407047044849,0.8213310439284032,0.35514826864804294,0.44918549040910977,0.4440568263670499,0.44273713738828835,0.6535557229633384,0.6157247913714393,0.7953681292321977,0.7688544041024697,0.4705872571470659,0.5042980630651255,0.4356417687177667,0.46453782267416543,0.6784624966152087,0.4078572483318905,0.45325984491046084,0.46854423249174815,0.8470016322298511,0.8195579201079324,0.7674053060858854,0.3911045254267151,0.48204866314312395
0.4449599956617215,0.49561444869313553,0.9261430297547888,0.6666429788030023,0.8093581685540947,0.8341152441035065,0.6254458857327447,0.5186537132091684,0.4748550167678031,0.674004858598655,1.0,0.8992491191812997,0.8135799751426314,0.7776410707954591,0.5964227668503914,0.6144807841164102,0.4262514589687412,0.5768063641078507,0.6229301265154787,0.7456102800285253,0.6733076150868941,0.7150575805168724,0.5558325646371475,0.420072192042384,0.5138430994157563,0.5701733653270316,0.7399870978742112,0.6745850649020488,0.6735014077432838,0.6702366784162317,0.5692470801706828,0.5545543819355594,0.5723317531913998,0.48743653916798063,0.8680481561362187,0.841775050197366,0.7213512894259813,0.8280737240726211,0.7218483202076571,0.8415235986192141,0.7640756444521171,0.6932845304526574,0.6526052750712475,0.8086984036692901,0.7830664986548816,0.6337529846562323,0.9074920170116758,0.8246684271798815,0.7217839166203542,0.6937192064015059,0.7318641025545072,0.6129766093840561,0.678360764785323,0.7225507921843207,0.6945549626126273,0.7749697252199799,0.5489176417973678,0.7081037624172558,0.6595348254857174,0.47901699668252234,0.5098338981779261,0.44474311909389774,0.4807509168353721,0.8408449892972525,0.7591145390803326,0.6718378555928326,0.7256944167095092,0.5858167870993605,0.6028140735129717,0.4602379836705515,0.49685117743042817,0.8426510828020424,0.5027825328683864,0.4940307728790958,0.5327902617454807,0.7668402133012924,0.6247293251000519,0.7345544380586615,0.5572830889797503,0.5656865533319646
0.4808653962759646,0.5110694913620174,0.890278020474956,0.7023037113834645,0.8633316751045015,0.8975850861494133,0.5823162245179636,0.5654146301432363,0.4686573269928599,0.7092108372963496,0.8992491191812997,1.0,0.8889597455908119,0.7954302711610836,0.505485086188652,0.6061743442291491,0.45583084363373705,0.6000846533545274,0.5429607287306418,0.734704727757224,0.6654605345974209,0.7273367039601073,0.4782812198969984,0.44618428241539754,0.5442237632107222,0.5629891741758131,0.7205491839337423,0.6985396101619081,0.7236646970114631,0.6965464423018926,0.4826050767273276,0.5653525086900333,0.618921243151519,0.4986140213686309,0.880154273435893,0.9142609519853551,0.6970147801310346,0.8756788667011162,0.7328051755928939,0.9012108524848537,0.8023422767471491,0.7934277404785806,0.6288728592083718,0.9134066732707736,0.8805263027083077,0.6938391200028691,0.8994252341174214,0.8707549759037123,0.7627055433443433,0.7090674657251013,0.7506034328017048,0.68656192102429,0.7543741746624599,0.7673438919859472,0.6816941819813731,0.7281083396460664,0.5530690378686015,0.7179027260363158,0.6840493049885705,0.40577246776329584,0.5260438712995639,0.45765834849599063,0.5058610900086794,0.8617949554069302,0.8517241805106883,0.7136883419426933,0.754633972159537,0.5068934500835264,0.6033951581130559,0.49482688079685955,0.4892913322904631,0.8518869526801937,0.4822993569212475,0.5103077751563847,0.5336207303745213,0.8147765908810869,0.6364641904774034,0.7720577155433239,0.4590661348158027,0.568567507445321
0.4425091655877804,0.46224744690538766,0.8003789498830778,0.6700070665610356,0.8977492375653162,0.8596720011523059,0.578641444288812,0.5741396285620437,0.47128636145336245,0.701870762531231,0.8135799751426314,0.8889597455908119,1.0,0.7620561068201814,0.4704248522482648,0.4909913326973744,0.46152714371443226,0.5758189397148865,0.5009305821908666,0.679708785192267,0.6711505127044148,0.6846450007043758,0.44150863823687236,0.39929680629333775,0.5040190182742501,0.44345289849586067,0.7478158330972036,0.6720525027896835,0.7871085863052376,0.7082390919564423,0.40001290295214775,0.4705865805454733,0.5805012938359437,0.46717720108510274,0.8454841734527392,0.8131286380664747,0.7063805124944178,0.7740740296044988,0.7946240139326404,0.8960286362062375,0.7444666132425359,0.7189255801989929,0.5933782772040771,0.8079652528158726,0.8590607973180513,0.6708636345420076,0.8476747604770956,0.8082784235024987,0.8080135857281759,0.7603568563330395,0.7567693572985206,0.715771338408823,0.76177833265547,0.7332491988802794,0.6377180934944393,0.7100700951937524,0.5202911635758045,0.7899674863245496,0.7071684096170814,0.37257144218077576,0.45631879048356694,0.47456120443395666,0.48385119211437666,0.7939367189106904,0.7898958637550555,0.7442551713759437,0.7458161305878235,0.457179917391741,0.527811119488228,0.5150591810961007,0.44999214645847063,0.7692152444854436,0.4398386875476473,0.48844264014187444,0.5357313631810292,0.8182328661945569,0.6880303648010465,0.7590806502586211,0.41830248788227337,0.4807355632951109
0.515031377040147,0.5598858215164877,0.7372993233972607,0.7352789346321053,0.7512268453603058,0.7669470486323673,0.6708688966592642,0.6575707170469397,0.45763913897416164,0.7437018823552836,0.7776410707954591,0.7954302711610836,0.7620561068201814,1.0,0.44394591191491845,0.5321376015683076,0.48632388739029286,0.6955462921422964,0.5068365588811514,0.6485840364471843,0.754105653772397,0.8133510438507059,0.44162400430123916,0.4984405338616001,0.5086244756730194,0.5553166381910304,0.8213321433805743,0.7492565691649207,0.8401197242355889,0.7701599998143998,0.49665633449164387,0.5558494273796417,0.5624947970980805,0.5016854528604853,0.7105851614767582,0.780566514342925,0.7842707698616003,0.7606013182386124,0.8129069352781377,0.7632028010420414,0.8656138552507537,0.7061184764215154,0.7453000366912363,0.7320470948016433,0.7259634285450343,0.783403942339127,0.7243652120962115,0.8509921449515059,0.839603049780066,0.8824189141843358,0.8156425034150963,0.7799625639348664,0.8364788470259887,0.8423070410368978,0.7265233021608715,0.8123414671370444,0.6071680908904544,0.8263052748827434,0.8266298916133803,0.44788873547254493,0.5166374545668677,0.4726356457828513,0.5296928720035722,0.715223029056431,0.7480385998910952,0.8344789305690917,0.8819499196506808,0.4613832364028374,0.4671340171652443,0.5005952637410638,0.4302509153857723,0.8266891514932223,0.5012326564339543,0.5439672040375436,0.5270590638081425,0.8342259392515603,0.7862302830486008,0.802354278598709,0.529848689987311,0.5350106998076878
0.7061776631617641,0.748466072169931,0.586100857469313,0.4489225607698253,0.4688155528262362,0.5075506179322672,0.5084958546622885,0.40281411850505594,0.798352311921747,0.4234808314081602,0.5964227668503914,0.505485086188652,0.4704248522482648,0.44394591191491845,1.0,0.7435545676010729,0.8270275934685436,0.38199155170192334,0.778749074130805,0.51101324666714,0.4426068768276348,0.3985712494130708,0.938569856417254,0.7558774450784935,0.7924220793516276,0.7170162943754543,0.48604371101424737,0.42917047532594876,0.40764484076005036,0.4358432271109344,0.8617128229554432,0.8585493220028877,0.7097165876225269,0.8567167059899483,0.5276668709117238,0.5218798453010447,0.4793398894728581,0.5164617670559868,0.4204233656806816,0.4778085864814231,0.48391692579718215,0.47228762406510283,0.47979143346503594,0.5497624679502624,0.4883730145608435,0.419884782506252,0.5820415258044735,0.4998057187220925,0.42648744299117247,0.41258558004011636,0.47968884457417327,0.3567018551439602,0.3975551329565559,0.4665238789495896,0.5426020561676772,0.4655468679164586,0.7867183428328838,0.4463082353812741,0.3850785447530601,0.8659550679505477,0.770384778095154,0.8225259890087382,0.8143990918462631,0.5154656508252248,0.4750921777751077,0.42146256484278466,0.4742014777313957,0.947043312409251,0.8211438455449855,0.7943692007165103,0.878338853575412,0.5105058019565542,0.8441810489952392,0.8074377581425555,0.7988594817873786,0.4733820515809605,0.3731558608476472,0.4822205480430753,0.8138051106598687,0.8002064617657416
0.7756105696811058,0.7067115217463289,0.6112382636286189,0.4830833828775481,0.5436575093398388,0.6080814679575293,0.4920316484453805,0.5205426331709646,0.6845008103873053,0.4640308661190695,0.6144807841164102,0.6061743442291491,0.4909913326973744,0.5321376015683076,0.7435545676010729,1.0,0.7117737947856162,0.5496142779038955,0.778324363484894,0.6044302553576199,0.485736940407854,0.48318795452074753,0.6952430555659168,0.7579794532698119,0.7755672430916167,0.743458357336174,0.40607748412647504,0.5191306455351442,0.42356983223532835,0.4914782320403521,0.6807119333347529,0.7423213616565598,0.8225730052861455,0.7131078596724698,0.5385672689277625,0.6465573247768718,0.46018551065774976,0.6672171623026544,0.4471943713988692,0.5785630980386478,0.4969861409387384,0.6765655271505838,0.5216594838558657,0.6553290285335849,0.5941624977427908,0.5191066360828165,0.5509473973901942,0.558042643336061,0.4495881968142812,0.47565526577455824,0.42045479871535385,0.384213772279977,0.4564286611263081,0.4555106874262297,0.5777834181188493,0.4023801446207312,0.7136787800091299,0.40267758878013993,0.45477781235547876,0.7002953184812202,0.6694949176694376,0.6963491479006205,0.6940623681005005,0.5873748389259549,0.6451500446236429,0.5150132574138863,0.5472242358936674,0.7506370055219426,0.8761304425291092,0.6955537166285857,0.7767716659051151,0.6510762522003045,0.7528519002931384,0.7128160535256448,0.7279098318133304,0.5348867488772558,0.501267675162851,0.5115170795470689,0.6967755933664777,0.6966187092282051
0.8463784838976378,0.8416251680725713,0.47083651440989105,0.3927487484055478,0.4787981084991545,0.48848271738582,0.35108339905317804,0.40398415781094377,0.8330741750833419,0.40501802728328273,0.4262514589687412,0.45583084363373705,0.46152714371443226,0.48632388739029286,0.8270275934685436,0.7117737947856162,1.0,0.412394173668594,0.6998890910662926,0.4443487923189901,0.407652776828962,0.3590134677109149,0.8452682398793548,0.8991407394622051,0.9001133928635698,0.6656169098870413,0.4446048760819804,0.4153388463536093,0.5175577102812492,0.433551004423521,0.8234500188984999,0.8766598118611559,0.8126631998061052,0.9140587378252566,0.46602847520842805,0.5187303059786779,0.37710133310430793,0.469147467194313,0.42215716242694684,0.4586045984170914,0.5007488764990634,0.5482873291193695,0.45047865401814086,0.542041909385411,0.5436517583595205,0.4898687185181969,0.4535627221220953,0.46563203209646603,0.5035474946473272,0.45785629808926065,0.4282639923973449,0.41159229046701634,0.5239808973655697,0.43503815593573025,0.4811188176587582,0.39318027133256445,0.8329976194443562,0.46565996676667065,0.4008644009219716,0.8205426821265569,0.8371744468162268,0.9448793237895271,0.9437759886542572,0.4260699372967808,0.49065478885373515,0.49714094370078177,0.4682253349734359,0.859397240883408,0.7961391902018362,0.9187053657395008,0.8908222139295001,0.447620379819673,0.9073805418352565,0.9507974251298201,0.8861702147774375,0.5273899056990259,0.4237524744791289,0.5070323431650412,0.7590595645121012,0.7904464485674186
0.5046947504130106,0.5157291746093422,0.5127220653377252,0.7538928450573101,0.5359341425978665,0.5383818823271096,0.6405424121486172,0.6849850139717957,0.42782292596837423,0.7301906466534758,0.5768063641078507,0.6000846533545274,0.5758189397148865,0.6955462921422964,0.38199155170192334,0.5496142779038955,0.412394173668594,1.0,0.415408885732984,0.5252624342178771,0.7339771802052275,0.7125871971267705,0.3931030689542635,0.422014783435926,0.43866778230396875,0.5003905725993789,0.6732619847510823,0.7885409492360034,0.6745740038263617,0.7275452917574075,0.426957957330665,0.4519777489551948,0.4587392742989628,0.39932098401653715,0.5730865946015109,0.570318548351107,0.7396749014915192,0.5395766741036614,0.5339276426392506,0.5523881078800692,0.6380678000990948,0.573299980506692,0.66846503139536,0.5440679145588888,0.5728296465548299,0.6185420834614848,0.5104353770601477,0.6719803411974703,0.6905001937350308,0.6901023416537131,0.640233192200499,0.6477547611197183,0.6717695740929504,0.6236033529436551,0.5849866486141608,0.6146401959916856,0.48538404762539744,0.6732574883945373,0.7807868975129701,0.35833550768967454,0.3893059742320629,0.4250091427361521,0.38025063988540075,0.5454132469590971,0.6173307806457523,0.7174134556227194,0.7095083547051753,0.39334861620934425,0.49996868700304553,0.42213892294507394,0.4593696538911082,0.6293221132843894,0.4244770962904059,0.4079927721636662,0.43433719755268174,0.692814635355909,0.8362185540198706,0.6386747626714171,0.46203515294495817,0.464758640038588
0.7397746840997087,0.648613024571325,0.622048104904496,0.43838829534942114,0.4843434789212152,0.5698512093459376,0.47224900625543,0.4245112394754904,0.7444977828490904,0.4764082024153647,0.6229301265154787,0.5429607287306418,0.5009305821908666,0.5068365588811514,0.778749074130805,0.778324363484894,0.6998890910662926,0.415408885732984,1.0,0.6976585817222815,0.564990649576717,0.4972584939756266,0.7408436082831673,0.6896375926596754,0.7834188299773601,0.6723769094147407,0.4834193905015436,0.4587175248115572,0.4209069885178726,0.427515189705964,0.7785480989193331,0.7494184991358626,0.7818781817698864,0.6774264571290587,0.5553683863644603,0.592783875461209,0.45000081095095296,0.6021172494622922,0.45346868575616,0.5225158250519172,0.4750546621070407,0.5565743663385023,0.4827304747001052,0.5813804122659165,0.5176508522478657,0.48957008548186287,0.5859146587265083,0.5480710800500631,0.41610075122462986,0.47134941332243707,0.4613428135281499,0.4164134936331882,0.4042109948132473,0.45986131973978944,0.4837638930682921,0.49240346587048744,0.684636927860348,0.4419999511061515,0.4391169328971117,0.7078574443422979,0.6668126618872691,0.684514749096653,0.6969295170680034,0.5473064609647429,0.5669848374931188,0.4056201801614502,0.44993661834298737,0.7620612159328466,0.7965649981733393,0.7395445084365264,0.7036575660410214,0.509223000928074,0.7754248064369491,0.7254107847602003,0.7277736477548624,0.4692188946271146,0.4298010282323828,0.4544292578109288,0.7711935744254035,0.7043244139076736
0.5572016112166294,0.5025813127613125,0.7617910755013685,0.5895227476517162,0.6604774437458161,0.7495680667855122,0.4487805987215674,0.48539774072969843,0.6053596484135835,0.6474033425827951,0.7456102800285253,0.734704727757224,0.679708785192267,0.6485840364471843,0.51101324666714,0.6044302553576199,0.4443487923189901,0.5252624342178771,0.6976585817222815,1.0,0.7237477640566132,0.7361763341072782,0.4702899285567403,0.4262652417494983,0.5421803840588104,0.5735473961393828,0.5359236060461752,0.6186459089990965,0.5041443051775656,0.6126635871786206,0.4883527604460387,0.5206660877629574,0.5946940774688211,0.4629508273880063,0.6518746859664658,0.7705413558589335,0.5870313823342596,0.8242148601688921,0.6631471680235189,0.6823043502266478,0.6347101483599881,0.671207783928222,0.47385529108321045,0.7414313484261862,0.7069219021523852,0.6023321163499199,0.7230785604859509,0.7350264780317353,0.6101688828968178,0.637784657945614,0.557255322029947,0.5349881396276402,0.5775145149879173,0.5614412688729632,0.5401181324417604,0.5675911383805695,0.5521541335484361,0.5640240733720441,0.5963342842831112,0.35996342113842694,0.434183028027993,0.4728202016728152,0.4519400754515852,0.7032627554178761,0.7287947838637736,0.593575339800842,0.6327180339356796,0.506102347895344,0.5942072101071194,0.4905230506309944,0.5112557860618694,0.7022028318894302,0.5269257282088415,0.48216790116192865,0.5680145509113124,0.6734679126591523,0.5786733174437995,0.6339637214814684,0.5359571827530674,0.5547360204137214
0.47781757814461945,0.45965163000607057,0.649241049081375,0.8036620633277249,0.630279823992568,0.6486438031943833,0.7100114409849486,0.7107198237503325,0.5477256475499608,0.89602963225172,0.6733076150868941,0.6654605345974209,0.6711505127044148,0.754105653772397,0.4426068768276348,0.485736940407854,0.407652776828962,0.7339771802052275,0.564990649576717,0.7237477640566132,1.0,0.8619313219468239,0.44181361991725887,0.39073274506903566,0.48541487192373056,0.5113070039724972,0.7287663467238659,0.8395077073192407,0.7070231353503018,0.7337101417923444,0.4676276314741372,0.47021094129262264,0.4863968486629512,0.40987035273039857,0.6249943932801763,0.6464040920520764,0.8081994680012128,0.6258567838403951,0.7513922756151168,0.6536243177958347,0.7107128095755615,0.5799055070055343,0.647687711913753,0.6125199385630278,0.6303065975723809,0.6500216395861935,0.6309072447811626,0.7785125724853568,0.7615375888922187,0.7160726735024197,0.7611657415985221,0.7588013365702101,0.7171503278788831,0.7292403550765519,0.615528114691163,0.7720029160832542,0.5048689138369982,0.7316084246200005,0.7380013986188807,0.34951318010727045,0.4024335672652302,0.43316930518124447,0.4187299239125991,0.6002698739426298,0.6165301085275771,0.7214891695115497,0.7210019364683992,0.46829475721826874,0.4758978511156217,0.4437962338018751,0.44977236955146715,0.6662153919074121,0.448255237730897,0.4606499397385383,0.4889094647231419,0.7837049560181657,0.7823546770604272,0.6703324973731332,0.478706990877399,0.5055158438060781
0.4413441338679741,0.45120488277193016,0.6435078146541078,0.7717788663039145,0.6512932089192286,0.6454783743308529,0.6666409800268644,0.6433252046446601,0.5308497934812303,0.7994320215465753,0.7150575805168724,0.7273367039601073,0.6846450007043758,0.8133510438507059,0.3985712494130708,0.48318795452074753,0.3590134677109149,0.7125871971267705,0.4972584939756266,0.7361763341072782,0.8619313219468239,1.0,0.38950582434854547,0.3476338701897443,0.43713393306644477,0.5246947874041743,0.7174923618961397,0.8459207679376433,0.7251141813884707,0.7574541269413684,0.40421841402456343,0.43686715462068015,0.45324630549013634,0.3958877240090559,0.6560368591209107,0.6715097956356814,0.7388586318711019,0.6747829730535007,0.7510631117685274,0.6310655136768943,0.7793688941320999,0.5958395501797792,0.5935510339578747,0.6312763261017345,0.6432347239175787,0.6173942106662658,0.6293750421421986,0.8077794299747616,0.7413898980385656,0.7311967463129703,0.7279340329840502,0.6815405270705058,0.6880647430463878,0.7744943071109258,0.5877376689598985,0.6894672248504061,0.4728866930004342,0.6858007676277089,0.7512474777072993,0.28289633307996087,0.4276619091794868,0.40352976066442886,0.3993545966537652,0.5716539910085298,0.6327275661009146,0.6969731476065069,0.7356116886321649,0.40308213393330833,0.45239096618482433,0.40207318493405453,0.4345723982166582,0.699750703149908,0.44758855940828424,0.436413255256457,0.46928776394905874,0.7771328625705343,0.7970622372608314,0.7324075839652098,0.4393906580983491,0.4964740665303555
0.7076223315455341,0.7439982432988589,0.5593970662603691,0.4562370013721536,0.4555165960734528,0.4594356903149797,0.5198281827513478,0.4331982964054354,0.8146370289224125,0.4294603528234206,0.5558325646371475,0.4782812198969984,0.44150863823687236,0.44162400430123916,0.938569856417254,0.6952430555659168,0.8452682398793548,0.3931030689542635,0.7408436082831673,0.4702899285567403,0.44181361991725887,0.38950582434854547,1.0,0.7939878687666141,0.8219303918906533,0.7627607296683713,0.4871671340129219,0.4263554818307979,0.4070659743539818,0.4268669893039097,0.8746161291886141,0.846767475824078,0.6706343443346263,0.841705965899689,0.5241809409578084,0.4948659795509712,0.4893156663740572,0.476639350920961,0.4156008718870208,0.4525412322002417,0.4473245909553812,0.4367960982599874,0.4956464469173922,0.5118504747185026,0.4760586619369639,0.46912544501548176,0.5524357835657046,0.4789430415409795,0.436957001945113,0.40324579915955117,0.4656646689837035,0.36857964850197367,0.39447400884842243,0.4302728185925232,0.5899622566631016,0.4623265871604878,0.8028275263538033,0.44614987215445007,0.3911584923584503,0.8989858640360049,0.772171502828174,0.8325075151315089,0.8384611667273688,0.49971727758524376,0.44073860674872223,0.43258392722060907,0.4695839062898919,0.967303139353607,0.8250006773689691,0.815925037374428,0.8982980914697217,0.47039623750877185,0.838405867316164,0.8284021703860002,0.7558072397898369,0.48094286912561746,0.38103913688089397,0.48524826376764363,0.8074904527514413,0.834053016131721
0.8452319854811965,0.8635571579023487,0.4436909596630746,0.38779152975522296,0.44007049980683954,0.4771657310154471,0.4319298465227984,0.4815046938107458,0.7704172239083571,0.3853687103976066,0.420072192042384,0.44618428241539754,0.39929680629333775,0.4984405338616001,0.7558774450784935,0.7579794532698119,0.8991407394622051,0.422014783435926,0.6896375926596754,0.4262652417494983,0.39073274506903566,0.3476338701897443,0.7939878687666141,1.0,0.8912940083018456,0.7135127941215074,0.3866274599954431,0.4177710112431283,0.4431123069605666,0.3683346777513756,0.8164355231116407,0.8528127307601293,0.7489335728912476,0.8348894395576576,0.42896118295597846,0.49391216963204776,0.3925980080613487,0.4982549023378897,0.38147986075556856,0.45260856255654586,0.4832532063486465,0.5370495685217775,0.529490408838108,0.5033822246568321,0.485033555253711,0.5059450910302457,0.41490542788433754,0.45845590007816933,0.4371338907270983,0.447764414390724,0.3935818265646792,0.4096122952423739,0.45555151358058565,0.4132363645521534,0.5535426672200563,0.3699028946382411,0.8441407752372403,0.4060681045827136,0.42168860086737614,0.8907678937951016,0.8223652190390347,0.8324066345839508,0.8872813480764077,0.4392309327954221,0.48575418836153594,0.4758819058809628,0.45721392064299804,0.8188375224175728,0.7750431156139801,0.856601188422502,0.838129446614922,0.47148420623848386,0.8492961215820405,0.908277022106138,0.8214509603969731,0.48252466381680814,0.41866218755491375,0.45926559632658837,0.7649624454843873,0.7838244244828048
0.8617633506064489,0.792975061597371,0.5601386662379886,0.4621049747443753,0.5214932958739082,0.5488010029202834,0.40025330191849356,0.4577488628407787,0.8254022764224966,0.47928521430695115,0.5138430994157563,0.5442237632107222,0.5040190182742501,0.5086244756730194,0.7924220793516276,0.7755672430916167,0.9001133928635698,0.43866778230396875,0.7834188299773601,0.5421803840588104,0.48541487192373056,0.43713393306644477,0.8219303918906533,0.8912940083018456,1.0,0.7405690691019844,0.45727293440977757,0.4911813546092863,0.5062504928839152,0.47511335364290963,0.8242150766308063,0.8590360718205567,0.8360895456521817,0.8202069121353488,0.5466267883662959,0.5953032971671335,0.4162258905317616,0.5477044501713062,0.4492461663464402,0.5409139726123442,0.5134541030486516,0.5791578562422011,0.4925063068102535,0.5944486823333124,0.5886247870097717,0.522190931754996,0.5289536088306467,0.5422429656659342,0.5044767332035982,0.4661579736779363,0.44071032056048814,0.4615146622035634,0.5132074153486904,0.460235216188219,0.5295406391100048,0.43969348603924796,0.8435730449746749,0.46799120907758196,0.47392469199429466,0.7921717536302759,0.8094045800265578,0.8691707175196401,0.8968605461926837,0.516763015497937,0.5396165850723615,0.49560220325443705,0.4962116755092757,0.8573729114963237,0.8501541953632583,0.9185337604879557,0.8603333427644178,0.4975763960678159,0.8579131690666865,0.9150578637956802,0.8862161523987976,0.5536793376724771,0.45501259312061726,0.5621108649242897,0.7402133291293429,0.8128726556597093
0.7756217389757073,0.7762892815392805,0.5477241947649915,0.47997270547516624,0.4624161224255335,0.5195159862418002,0.40963536128905836,0.4034243588894835,0.7743690919514539,0.46144271285997873,0.5701733653270316,0.5629891741758131,0.44345289849586067,0.5553166381910304,0.7170162943754543,0.743458357336174,0.6656169098870413,0.5003905725993789,0.6723769094147407,0.5735473961393828,0.5113070039724972,0.5246947874041743,0.7627607296683713,0.7135127941215074,0.7405690691019844,1.0,0.39669638479705926,0.4897091886063134,0.3701640545353482,0.44377110015907284,0.7967478629886349,0.8364471630219728,0.6575170055052924,0.716775647978678,0.4589820508686019,0.5662102295907353,0.45885149237796663,0.6010737779699983,0.4504821022442516,0.5175367997483304,0.4783855280004509,0.5503575261064747,0.4226416740284154,0.5579589883231991,0.48686232579990973,0.5126639557337336,0.5018252829291794,0.569684563052171,0.4196759965518029,0.4817374917287177,0.42006964804951424,0.40439941542900865,0.4003021509651273,0.45384832946101256,0.4887865408915111,0.42194123000067524,0.8275204163624182,0.4049345241573538,0.4654734452194303,0.7055759452846507,0.7399898806131407,0.6963501538218789,0.7012576212641737,0.5352688555411117,0.5696784668875288,0.4478455578035188,0.5524802152863464,0.755558663259086,0.7143990289878024,0.6563873085040142,0.7446114458130906,0.6197711121004217,0.7261879282799533,0.7230807952115368,0.7268440790407669,0.5154692969167666,0.45335204752062563,0.4733198070071011,0.7768162898087415,0.9023180016165375
