labels 5 1 3 2 4
5.0 0.8165411287447047 0.04612674809839145 0.022912707363599735 0.0355402850484829 0.07887913074482134 
5.0 0.835384334813536 0.046409676176361304 0.032081486727705284 0.025601034120825324 0.06052346816157179 
1.0 0.008967517816086859 0.8782035899377449 0.047685999362740726 0.04685058196415818 0.018292310919269743 
3.0 0.020223355572925757 0.028064528294327564 0.7919482746245157 0.13070544394930692 0.02905839755892399 
1.0 0.011020865925499926 0.8891783841391123 0.05332227565382763 0.031051541355692495 0.01542693292586771 
1.0 0.01577603681994949 0.9098290620763699 0.011622402673996309 0.02480439895606538 0.037968099473618885 
2.0 0.01311943656275754 0.010598426707727435 0.013708352855969566 0.9203865150430589 0.04218726883048616 
2.0 0.012733128557216433 0.0072529569299061205 0.013472818070348563 0.9414035951355558 0.02513750130697321 
4.0 0.18502540150127786 0.03193327974755255 0.015986339339597425 0.028381960023698687 0.7386730193878736 
2.0 0.02262060304321306 0.02626716490338785 0.036409325653496784 0.8827515485578127 0.03195135784208959 
1.0 0.017723874364647667 0.8338482502072463 0.0340641658025301 0.07798653665374636 0.0363771729718297 
1.0 0.013589643981658102 0.8849572516940891 0.06398356658066277 0.01605855023525065 0.021410987508339484 
1.0 0.007342460955544947 0.916343259774559 0.019917024797160076 0.04261951370688078 0.013777740765855173 
3.0 0.01828037157165379 0.041475479616386285 0.8571739801869861 0.06297810980733942 0.02009205881763435 
4.0 0.021785110673829617 0.012337748038734409 0.006865574253271709 0.013588631778512546 0.945422935255652 
4.0 0.07079699729899418 0.07870382496601429 0.02834513836453737 0.04703302941714895 0.7751210099533055 
5.0 0.8959805259507055 0.013060182662211 0.007847371175688657 0.0131781797107994 0.06993374050059507 
2.0 0.025109417508940673 0.03682426300385041 0.0245127021174768 0.8731761357368236 0.04037748163290851 
4.0 0.07031240906647374 0.06214711590022174 0.023330490011385523 0.03813408724122143 0.8060758977806972 
1.0 0.010481826813680584 0.8758547248038686 0.007264290743600277 0.07513623501695217 0.03126292262189849 
2.0 0.009719028832901823 0.03519841666281844 0.012909234800860401 0.9142862179387695 0.02788710176464983 
2.0 0.010361163556680673 0.03278869260940071 0.022995002433308466 0.9155873539218374 0.0182677874787729 
4.0 0.0227070175204618 0.013621849020120428 0.008044104501121226 0.01694461483896962 0.9386824141193273 
5.0 0.8734158022892321 0.017220612957988123 0.010067190622093752 0.019052942049550263 0.0802434520811355 
5.0 0.8839060940244065 0.017519226314016433 0.01027487338805251 0.014054476780069523 0.07424532949345469 
4.0 0.09141170008892116 0.06871423012436659 0.027517576861295072 0.03845894798669161 0.7738975449387256 
3.0 0.014491197019374295 0.015334821456020593 0.8796637346005257 0.0774606927115272 0.01304955421255253 
2.0 0.021883449417810702 0.03678027720828978 0.1800014899984412 0.73562807708904 0.02570670628641841 
3.0 0.01569523201514943 0.011151328816960624 0.9332554402495689 0.02884099778886055 0.011057001129460394 
2.0 0.008281125063939876 0.05303297997241391 0.05105621795791971 0.8755599894347372 0.012069687570989408 
4.0 0.07775219005737181 0.0195470056271602 0.009893343647465287 0.016427013393353465 0.8763804472746493 
4.0 0.209554280929395 0.021399120040815536 0.01108086860415253 0.014801558561220715 0.7431641718644161 
5.0 0.8015023413677879 0.06071189795847529 0.02839382356160977 0.028432094254442427 0.0809598428576849 
5.0 0.8972801943744438 0.014768804314370455 0.01039671546326839 0.017212845234450862 0.060341440613466586 
1.0 0.007703798089766741 0.843346019921286 0.08827042127203086 0.049037485630088994 0.011642275086827284 
1.0 0.011021963272798458 0.8816060891835146 0.07011082363878192 0.016234757086385422 0.02102636681851974 
2.0 0.010770412837222127 0.046647565368048496 0.09585552922523306 0.83387960321886 0.012846889350636251 
1.0 0.016572000142358552 0.8793779641659439 0.04128375370535732 0.03482705326699383 0.027939228719346683 
2.0 0.0103625396300407 0.05317655829328436 0.05147244502997298 0.8718836463650718 0.013104810681630299 
1.0 0.00972068773557072 0.924021778561548 0.029429340595476236 0.018224513676760302 0.0186036794306448 
3.0 0.02637472003762353 0.04271774552232365 0.844423566332362 0.06255798377653929 0.023925984331151433 
1.0 0.03882150840394725 0.7935863753505011 0.07368725757675941 0.048973868899443246 0.0449309897693491 
2.0 0.02652487968130431 0.035087783126292245 0.05802830025879927 0.8372282848250215 0.04313075210858277 
1.0 0.01596722030031783 0.8574742261021113 0.048980275570877536 0.04612712298674114 0.03145115503995196 
1.0 0.010748558279216983 0.8385609963980067 0.06721238916350039 0.0659131445943264 0.017564911564949368 
3.0 0.02982996432195782 0.0409956111744528 0.8185870808094738 0.08017652751951627 0.030410816174599332 
1.0 0.008906821153685069 0.910258396091386 0.03803859835303975 0.02879702773458017 0.013999156667309028 
3.0 0.015402324891691745 0.12009452822084579 0.819917945670558 0.02479011909942906 0.019795082117475167 
3.0 0.009495905679804332 0.042580323545090185 0.9080230044893438 0.028659188690723675 0.011241577595037943 
3.0 0.009042407047166967 0.040937053463379294 0.8589641867605383 0.08076297125215325 0.010293381476762396 
3.0 0.01493504815960487 0.018001810824738847 0.8778872781564753 0.07186850173530857 0.01730736112387261 
3.0 0.015661593301907303 0.010126742164640923 0.8747080810815909 0.0862025377864212 0.01330104566543936 
3.0 0.01973725982943603 0.02578996322693224 0.9090822267230869 0.029187404697008364 0.016203145523536053 
3.0 0.014439439474596576 0.022375698188917506 0.8693404133925158 0.07510987029612597 0.018734578647843905 
2.0 0.025147158817004255 0.057336669831052685 0.043198271550176144 0.8325152448048541 0.04180265499691279 
3.0 0.010935265994403465 0.03604562768920841 0.8119204923549396 0.1263434736998483 0.01475514026159989 
5.0 0.7708136244636402 0.056328431043662835 0.038962410698932595 0.04554967181864798 0.08834586197511626 
2.0 0.0135162101572571 0.016389312915783865 0.07139689691390501 0.8882837352245126 0.010413844788541396 
2.0 0.021023244430744322 0.012164675571537614 0.22618762439885984 0.7266155275700221 0.014008928028836036 
4.0 0.27732414103178976 0.026555890038675225 0.017169004995386816 0.04212956999878731 0.6368213939353609 
5.0 0.7896903951838701 0.03423557383172606 0.01843994070699968 0.025889858429506776 0.1317442318478973 
5.0 0.9182903669903246 0.01666473758052684 0.009743191800872504 0.014075747813200583 0.04122595581507568 
5.0 0.8652626153265395 0.022303051357424348 0.012852646295222162 0.018931606250650084 0.08065008077016418 
1.0 0.010042981135707441 0.9354126494054901 0.012075498604015323 0.020744963958409295 0.02172390689637778 
1.0 0.021283466099150772 0.891233324757811 0.02673171865469349 0.023334042564541593 0.03741744792380291 
3.0 0.011019605205060018 0.033002167783093804 0.8767900961721792 0.06797721109350759 0.011210919746159549 
3.0 0.007482495033462861 0.037464627372125865 0.8706231577473112 0.074579131674402 0.009850588172698245 
4.0 0.1266557722431956 0.02203791843771063 0.010814094335317126 0.02140404562692258 0.8190881693568537 
4.0 0.085887638890311 0.05620894425550102 0.020229314359816328 0.030209911724345086 0.8074641907700265 
5.0 0.8367552411516271 0.03586951457064941 0.02097317507991778 0.026263310300678074 0.0801387588971276 
5.0 0.6409501512231628 0.01506391045094673 0.008033459279751192 0.015088920579149737 0.3208635584669893 
1.0 0.009830058644613492 0.8480956992196121 0.04930059221404015 0.07584093967148826 0.016932710250246043 
5.0 0.8247028648855779 0.0139434380729404 0.008210814883561719 0.014436977631053583 0.13870590452686618 
5.0 0.9229154949517472 0.021471579127192626 0.01658602827372888 0.01647447903066472 0.022552418616666747 
5.0 0.8585171997580485 0.030757974448814545 0.0169895155479467 0.020493527495098477 0.0732417827500915 
3.0 0.011270090163912616 0.046089156215565745 0.8986414068071219 0.03064305942879956 0.013356287384600148 
2.0 0.01970968195062941 0.014279868813124133 0.046096399412717114 0.8998230159353013 0.02009103388822806 
3.0 0.015295228837558473 0.03538262137708795 0.8603869121693826 0.07501824888347185 0.013916988732499452 
5.0 0.7165162112542873 0.04803167821829458 0.025791225991444282 0.03773717871368533 0.17192370582228847 
4.0 0.022900339464125626 0.027801493434126967 0.01689110980940821 0.0831925885784706 0.8492144687138685 
Accuracy = 100.0% (80/80) (classification)
