labels 5 1 3 2 4
5.0 0.24929143210427945 0.11330163815208093 0.22066695190640043 0.2446643928342881 0.17207558500295128 
5.0 0.2650577498721888 0.12939767325617063 0.2354291840806471 0.26329390390237467 0.10682148888861913 
2.0 0.14007091178961265 0.23705497582682603 0.22747038167877576 0.26612191483194947 0.12928181587283608 
2.0 0.1393751222584465 0.23889269837516308 0.22199321950634288 0.262094786514622 0.13764417334542564 
2.0 0.141757658488033 0.236781256339806 0.22742269396275777 0.26853182771039386 0.1255065634990098 
2.0 0.1336798364367749 0.23468541117145914 0.22566928205234454 0.2607077328688277 0.14525773747059373 
4.0 0.10938331457507429 0.14852010407107222 0.21892967276422653 0.24519361715180837 0.27797329143781846 
2.0 0.11324505807044512 0.20218225020086836 0.21147657516632223 0.2408831156962228 0.23221300086614147 
4.0 0.13922301782407487 0.10627971148511416 0.23049057951825458 0.25542055631770466 0.26858613485485183 
2.0 0.12096478412120165 0.2232047377212281 0.21453146202719206 0.24652994635481223 0.19476906977556624 
2.0 0.12851264724089237 0.23160267502043036 0.2213944735965933 0.2547736921417827 0.16371651200030143 
2.0 0.14209486224600634 0.236692759981613 0.22732987116733588 0.26905270842237217 0.12482979818267233 
2.0 0.14056811771119238 0.23693468804416987 0.2279423160406936 0.26658521466244456 0.1279696635414995 
2.0 0.1399264126522683 0.23887054849763853 0.22361173276716367 0.26421833043599857 0.13337297564693118 
4.0 0.11454103180949203 0.11027368637430301 0.2394355843271243 0.26366452871023843 0.27208516877884203 
4.0 0.11343783286458961 0.1156428650433055 0.2329045067610394 0.2600105736888639 0.27800422164220145 
5.0 0.2621685912253029 0.12762393793878715 0.23865465850192238 0.2617907329169216 0.10976207941706587 
2.0 0.11423936571973112 0.2067739494660029 0.21232662591654852 0.2421689190363751 0.2244911398613425 
4.0 0.11372149608513249 0.1128238586762164 0.23518668482835087 0.261236930162548 0.2770310302477523 
2.0 0.12593931690523252 0.22848581525362316 0.22071162065196903 0.25188269441876904 0.17298055277040664 
2.0 0.11404289110961775 0.20406528936249219 0.2129650483365713 0.2412319069737035 0.22769486421761523 
2.0 0.12290723334564604 0.22540304969516547 0.21589534746161002 0.247396710800785 0.18839765869679354 
4.0 0.11516492720299758 0.11010036953190011 0.23942076310906873 0.26387809104265814 0.271435849113376 
5.0 0.2578164804294989 0.1190116371728477 0.22927550214891657 0.2517346686236275 0.14216171162510957 
5.0 0.26257887495362847 0.1278324253829088 0.2383407382571721 0.2623096726189416 0.10893828878734865 
4.0 0.12752134036498597 0.10938217456479384 0.23086753960662604 0.2582718108082222 0.2739571346553719 
2.0 0.13906593331134173 0.23930923194448814 0.22202746812067906 0.2622472680480212 0.13735009857546998 
2.0 0.13394289622940456 0.236829677766706 0.22053932912854657 0.2574508212977261 0.15123727557761685 
2.0 0.14334029118666494 0.23962979360537973 0.22226950914373442 0.2653173699097005 0.12944303615452032 
2.0 0.13557644180521553 0.23703545750073413 0.22317469168037932 0.2590649080481897 0.14514850096548157 
4.0 0.11613534658521862 0.1099377686389826 0.2384715616969858 0.2632382157853699 0.2722171072934432 
4.0 0.15137554936608844 0.10476025690317771 0.22856912068956417 0.2529683284320822 0.2623267446090875 
5.0 0.26565343347018117 0.12899709797151085 0.2337766710961625 0.26116875211772306 0.11040404534442241 
5.0 0.262743324980565 0.12677225526693234 0.2371803898300375 0.2604630722422069 0.11284095768025869 
2.0 0.14236570943915483 0.23737028497879 0.22681308099764685 0.26809575063525715 0.1253551739491516 
2.0 0.14204381397773547 0.23650378301253006 0.2277916069846436 0.26925515902527564 0.12440563699981522 
2.0 0.13534354185719005 0.2374377544490498 0.2221987210215541 0.2584150184649931 0.14660496420721295 
2.0 0.13800970794864692 0.23671177760699083 0.2272149955804691 0.26508300036532745 0.13298051849856563 
2.0 0.12874280703346228 0.2323136741749258 0.2193563768270003 0.25304788724600724 0.16653925471860473 
2.0 0.14136922574245847 0.23671576083646523 0.2280348525586031 0.26813513573015024 0.12574502513232316 
2.0 0.14167387820760233 0.2385544022935848 0.22313744463295546 0.26468082251630987 0.13195345234954745 
2.0 0.13746359955202156 0.2339852284238449 0.22309875371732546 0.2601855112370243 0.14526690706978376 
2.0 0.11297061016501413 0.2024860862730954 0.21180411586171094 0.24230277893329127 0.23043640876688865 
2.0 0.13718092719260344 0.23648832698171926 0.22673849304568802 0.26420205854406503 0.13539019423592466 
2.0 0.14115696025317023 0.23712568575801352 0.2275008019291875 0.2674360278827718 0.12678052417685698 
2.0 0.13673815071946602 0.23672532937226914 0.22139869390449907 0.2598259121748353 0.14531191382893033 
2.0 0.14086590825312692 0.23695762852802787 0.227834845343158 0.2674421008235782 0.126899517052109 
2.0 0.14646786052395488 0.23691742979013053 0.2233654527112205 0.2689611577081069 0.12428809926658693 
2.0 0.14701540626737314 0.23763540305071354 0.22201615383899037 0.2688711784887578 0.12446185835416512 
2.0 0.14356550900372275 0.23906476587618725 0.22393806789283704 0.26718763443046023 0.12624402279679242 
2.0 0.13756068731401133 0.23878191971370574 0.22169541709983576 0.26112891621629736 0.14083305965614934 
2.0 0.14126831003530074 0.23967903540367558 0.22248562992076634 0.2633725424192621 0.13319448222099514 
2.0 0.14705809702166603 0.23778655392645237 0.2219700460255561 0.26608448349670005 0.12710081952962551 
2.0 0.13656087324261182 0.23821838903908207 0.221753167773026 0.26044758472683516 0.14301998521844497 
2.0 0.11390159118458142 0.20582826655635697 0.2129377986907576 0.24311794088235653 0.22421440268594775 
2.0 0.14008950081340837 0.2391832233713416 0.22364530924033046 0.2634689914766179 0.13361297509830133 
5.0 0.26327169712219883 0.12217494712697237 0.22535358528544794 0.25181562973968796 0.13738414072569302 
2.0 0.13041673874803475 0.23441344050969687 0.21906300466351136 0.2542314393732212 0.16187537670553645 
2.0 0.12586411209767862 0.23022275756098823 0.21621767334165368 0.2504044789670907 0.17729097803258878 
4.0 0.11943174561338135 0.10952012849654394 0.23583495481694233 0.26110970506199954 0.27410346601113283 
5.0 0.25319113146701916 0.11516730992283707 0.22368326457507867 0.24767057940475393 0.1602877146303111 
5.0 0.2635023527439845 0.1273891530763978 0.23727588225830626 0.26100460577887225 0.11082800614243923 
5.0 0.26293815428044337 0.12395336395231892 0.23290057350205273 0.2568645095266021 0.12334339873858334 
2.0 0.13963749692573793 0.2364529850358456 0.22855396171951417 0.26673076973579674 0.12862478658310542 
2.0 0.13733783781042222 0.23600388849362533 0.22763349879868716 0.265464380886595 0.13356039401067013 
2.0 0.14485888581115502 0.23886422120841722 0.22316822810220746 0.2677734720178446 0.12533519286037578 
2.0 0.14428083660103078 0.23898853551759155 0.22369149986297682 0.26756358830939425 0.12547553970900654 
4.0 0.13018389065790564 0.10747928519577882 0.23421154406560954 0.25899105692260793 0.2691342231580979 
4.0 0.12773622203334864 0.10929731107166042 0.2316943441524794 0.2585079184010833 0.2727642043414285 
5.0 0.26513505193109654 0.12784942819942363 0.23533370867515052 0.2611744053488944 0.11050740584543456 
5.0 0.25416891961522564 0.11730175950926126 0.22888837266664142 0.25089233106223024 0.14874861714664173 
2.0 0.13853709763071603 0.23724097412972742 0.2262319600977862 0.26394998600093444 0.13403998214083643 
5.0 0.25218379891395865 0.11569520267834528 0.2270440256212557 0.24910544441923888 0.1559715283672014 
2.0 0.26199116588707183 0.1294322465620404 0.23866246691538404 0.2646223256800152 0.10529179495548853 
5.0 0.26460505682377605 0.12628480354153818 0.23424087029571194 0.25936546113739983 0.11550380820157438 
2.0 0.1475513793936184 0.23751463947010834 0.22178712908727377 0.26856682961114375 0.12458002243785571 
2.0 0.12506092271486177 0.22926772386711625 0.215813360012676 0.24927823619659847 0.18057975720874792 
2.0 0.1441053879285275 0.23898012325984316 0.22321321957115842 0.2664151891469545 0.12728608009351675 
5.0 0.24826677692529292 0.11277606290961015 0.22042551304222396 0.24504849157516273 0.17348315554770985 
4.0 0.11395954609786933 0.11695466966351753 0.23266794134740248 0.25584052798678136 0.28057731490442944 
Accuracy = 52.5% (42/80) (classification)
