labels 5 1 3 2 4
5.0 0.8406844728411204 0.010946489393565734 0.019560666446739036 0.04121780213374832 0.08759056918482659 
5.0 0.8996652890472605 0.015455951597200486 0.021868855340060247 0.029349361437630186 0.0336605425778488 
1.0 0.012980135813894891 0.49078000933450294 0.33237462692793446 0.1261332824876604 0.037731945436007164 
2.0 0.01984851424303099 0.11237616457522037 0.3227148670824327 0.48270140419416396 0.0623590499051519 
1.0 0.018389509248178688 0.49760384877496394 0.33267878531080847 0.10985817785767878 0.041469678808370436 
1.0 0.02196650229053072 0.4748594105806309 0.32742077139838155 0.10926404657751343 0.06648926915294313 
2.0 0.022892849051049092 0.11156049519554137 0.3078103560754078 0.43127428608293517 0.1264620135950666 
2.0 0.020593280251688415 0.10909404302292028 0.32746844085433113 0.4629558821500814 0.07988835372097877 
4.0 0.16708189466973472 0.024204337763839755 0.03771148934491379 0.12655154536509924 0.644450732856412 
2.0 0.023757954896797696 0.10900390386754119 0.32496173427069586 0.4604763671890146 0.08180003977595059 
1.0 0.013991728676762748 0.4432514779830955 0.309067389855484 0.1821754185790921 0.05151398490556571 
1.0 0.01838203868031207 0.49647155290628747 0.332026094081547 0.10995537183326462 0.04316494249858889 
1.0 0.013466601379850831 0.4952151991241643 0.3400392603021503 0.11508867769395585 0.03619026149987865 
2.0 0.013374920695415567 0.1648451840117069 0.31041158653605594 0.46497064150047773 0.04639766725634377 
4.0 0.04345611717339516 0.019725717533603547 0.03134834747320427 0.11840394556791768 0.7870658722518793 
4.0 0.1058224889622256 0.07854363153456713 0.07286808608788704 0.17767567836865814 0.5650901150466622 
5.0 0.9409402082653229 0.002427765460331267 0.005089404196814414 0.010885899371762816 0.04065672270576846 
2.0 0.02534814407643099 0.10936889991717066 0.320066733334875 0.45302351113251976 0.09219271153900391 
4.0 0.0859803266274442 0.055087596839475415 0.05766548552178524 0.15756210569520746 0.6437044853160879 
1.0 0.01321892622738802 0.4551024696340803 0.3274514608659238 0.15268627030306126 0.05154087296954626 
2.0 0.0162944769502204 0.10868919451480583 0.34026884921488554 0.4604121549032934 0.07433532441679473 
2.0 0.014687837281923959 0.10910404344309026 0.3378313319143928 0.4813726556712245 0.05700413168936859 
4.0 0.04745036312862794 0.01983573432956519 0.032850579468903414 0.12214512651345759 0.7777181965594459 
5.0 0.8635867010174373 0.003437836751598353 0.007869098650707411 0.02229437869623191 0.10281198488402493 
5.0 0.9225883815788015 0.0046574906138198945 0.007455244017045616 0.014218534254044166 0.05108034953628903 
4.0 0.10698207661753896 0.056703194208780054 0.060336710560711666 0.1563752578718652 0.6196027607411041 
2.0 0.015969542297923876 0.11104620390066262 0.3197195409806996 0.5051498474037869 0.0481148654169269 
2.0 0.021289126831760125 0.11051502855745539 0.3251418572963903 0.4779343471907478 0.06511964012364654 
2.0 0.017631745493021406 0.11803173123952378 0.3137735893003537 0.5069497472211817 0.043613186745919574 
2.0 0.011819354304873277 0.13418605117103602 0.3293186216460964 0.47835096806046806 0.0463250048175263 
4.0 0.058720800500904 0.023486291060435652 0.03469716623166974 0.12439423880607563 0.7587015034009149 
4.0 0.16088756138404156 0.02661451358241185 0.03102139318291277 0.10678177996506687 0.6746947518855672 
5.0 0.8885608865906444 0.020444881412648087 0.022683118193784713 0.02586423700594457 0.04244687679697832 
5.0 0.9260565313718475 0.002666376430271727 0.006772510575417422 0.014498718491959755 0.05000586313050343 
1.0 0.011033748386965426 0.4863804965188196 0.32261997845185264 0.150474422136684 0.029491354505678247 
1.0 0.017895908881887416 0.49563558285344306 0.33695961242161054 0.10717266989914419 0.04233622594391467 
2.0 0.01490348462707713 0.11098254630571368 0.3335035900790136 0.4874062793235325 0.05320409966466311 
1.0 0.020355068438676776 0.4884974312079981 0.33092665871985594 0.11040422796939404 0.04981661366407521 
2.0 0.012602366577018182 0.1304915555038033 0.32852365129039496 0.47873621116578136 0.04964621546300229 
1.0 0.01608822617326839 0.4928187215041809 0.3384958248040036 0.11079254118275846 0.04180468633578895 
2.0 0.017054028956410026 0.18420934955971918 0.30295502034905186 0.4493195009730534 0.04646210016176578 
1.0 0.04844926801648556 0.4602945769505905 0.2926797745418478 0.12187366427314969 0.07670271621792615 
2.0 0.033031258915530944 0.11200770001350495 0.30368089754599614 0.4386471237101004 0.1126330198148677 
1.0 0.02363492259169482 0.48085549983387504 0.32538951557890544 0.11631343840614286 0.05380662358938163 
1.0 0.01664929730778167 0.49330553213814443 0.33143691509831763 0.1211310957292857 0.03747715972647088 
2.0 0.026638894759861052 0.15470863823937747 0.30776847501269733 0.4481156174591758 0.06276837452888846 
1.0 0.01576643348603655 0.4955502078850632 0.3372525366103639 0.11294245248113427 0.03848836953740211 
1.0 0.008300083558605766 0.4329199990869213 0.294338467720156 0.23998003301549545 0.024461416618821695 
2.0 0.006462187885011736 0.26608459307239124 0.29186181778076536 0.4086306686910182 0.026960732570813207 
2.0 0.008756267867147578 0.1798550223168372 0.3068306286252104 0.46994757176780155 0.034610509423003546 
2.0 0.015593962395540284 0.11186549097373434 0.3211820683449506 0.5005035001436929 0.050854978142082154 
2.0 0.017892542868657914 0.10959494923090203 0.3211028798584472 0.5040200467318866 0.04738958131010636 
2.0 0.016982745751458906 0.18785623740968807 0.30022330427181637 0.45586380187545966 0.03907391069157712 
2.0 0.015280467537071069 0.11616164092012983 0.32177719974631314 0.49563117228271303 0.051149519513772806 
2.0 0.02747155284122052 0.13067706557611888 0.3053328136537278 0.4349525186585787 0.1015660492703542 
2.0 0.01363747619556041 0.12141781866946333 0.3241524018459265 0.49377056876876163 0.04702173452028827 
5.0 0.8267987848216621 0.017281357399845734 0.03313775422829828 0.058500465470504665 0.06428163807968916 
2.0 0.01576199851787988 0.10918561863427673 0.3280424113079757 0.49238743202084845 0.054622539519019464 
2.0 0.018962546286010126 0.10757080503870181 0.32440650755804945 0.49381601183987134 0.05524412927736704 
4.0 0.12980055052470527 0.021974570821487027 0.04049599009036039 0.13570170004328327 0.6720271885201645 
5.0 0.8134534870263576 0.0094621144304687 0.015633082942064853 0.03590548124222204 0.12554583435888697 
5.0 0.9576806902897268 0.0031088578694143227 0.006671882297563003 0.011032941372116878 0.021505628171179084 
5.0 0.9209098478188746 0.004997793899529804 0.009655241213876236 0.017698830562874246 0.046738286504845294 
1.0 0.0190639877255206 0.48323493215224794 0.3406132486540826 0.10660631775282078 0.05048151371532809 
1.0 0.031200328852857794 0.4747187286470789 0.3223933680849485 0.10416771471986003 0.06751985969525452 
2.0 0.010181913593489545 0.1821502096786369 0.3045255818147642 0.46836206475498743 0.03478023015812191 
2.0 0.008690732062759107 0.16773655952518268 0.30986192010923436 0.47913328974377134 0.03457749855905261 
4.0 0.10460597606115771 0.027389162634947156 0.03493061131237834 0.12064719699454587 0.7124270529969707 
4.0 0.12104169320686106 0.055174636193890535 0.05354593929820575 0.12226033328038571 0.6479773980206571 
5.0 0.9186904406691435 0.009640925293336142 0.01500942859054233 0.023164040584073266 0.03349516486290477 
5.0 0.6370681511249665 0.006544557372041158 0.010954262484365724 0.04535683800236676 0.3000761910162599 
1.0 0.009052872013850143 0.4646536415388769 0.31619877013332787 0.1778653008708166 0.03222941544312891 
5.0 0.7574857781562798 0.004124686441001857 0.008349053164861855 0.031460159409438054 0.19858032282841845 
5.0 0.9634478671610341 0.005103916618863315 0.010326637668829363 0.013068374231790744 0.008053204319482447 
5.0 0.9140728373644164 0.00807193361495173 0.013245915793662674 0.021931134860407413 0.04267817836656171 
2.0 0.007841981169955948 0.24756606821174224 0.29375282140324666 0.42095603285092636 0.02988309636412897 
2.0 0.020901423321387926 0.10793958154901809 0.3271402511164103 0.47811174158095837 0.06590700243222539 
2.0 0.014978700512593333 0.1541353868326827 0.30976277993017753 0.4793371298188358 0.04178600290571089 
5.0 0.6836552017245231 0.014320619032920241 0.024457977130125853 0.06300884516265247 0.21455735694977815 
4.0 0.08258696463120892 0.02705956944252202 0.06208791909913772 0.2786884187748213 0.54957712805231 
Accuracy = 77.5% (62/80) (classification)
