labels 5 1 3 2 4
5.0 0.7939921050505813 0.03232879621618479 0.03404795253137811 0.03190363553869604 0.10772751066315973 
5.0 0.8520127136709003 0.03727951836672903 0.038164149108107524 0.028506583248096937 0.044037035606165696 
1.0 0.014508474620569888 0.4126467785541635 0.3581945607257589 0.1872176816844201 0.027432504415087516 
3.0 0.01942811993847805 0.28256311386491256 0.33882539976945797 0.32964334101901177 0.029540025408139516 
1.0 0.021006982266951787 0.4205910715939583 0.35984870521946194 0.16717129107410256 0.031381949845525545 
1.0 0.024561973060983004 0.40894394073929546 0.3423835846341908 0.16735021401108474 0.056760287554445864 
2.0 0.024091060734351803 0.15824955431939244 0.2990092013635146 0.43735708753973557 0.0812930960430058 
2.0 0.020683536645449148 0.20071066034192442 0.32413829930200594 0.40778343664256905 0.046684067068051165 
4.0 0.1538212619730037 0.011830563187533756 0.02202769788903194 0.01336959535824876 0.7989508815921819 
2.0 0.02502241740924433 0.23858870291648057 0.3217017207251874 0.36725284190657814 0.047434317042509416 
1.0 0.01999014020691426 0.38545907732843554 0.3368242797840319 0.21345642291201206 0.044270079768606224 
1.0 0.020637371770506435 0.420165746335605 0.3597523208321722 0.16675385845621238 0.032690702605503795 
1.0 0.014348412887587354 0.41936131787873265 0.36245665516156905 0.17851655568989053 0.02531705838222056 
3.0 0.014466627568257331 0.3414857741343212 0.3474051847985979 0.27796535371935865 0.018677059779465127 
4.0 0.004279936644001218 0.0037407830090945165 0.00990170970637056 0.004477732812692104 0.9775998378278418 
4.0 0.033086191663077476 0.05177607187330377 0.06085540356314576 0.04201714022045628 0.8122651926800165 
5.0 0.9135664255937325 0.011945738907574369 0.012002370822530164 0.011380408777105567 0.05110505589905746 
2.0 0.027054238543518804 0.2336501289138115 0.3147708767155538 0.36715687155639726 0.05736788427071872 
4.0 0.01737028571923975 0.025176743871262054 0.037465248640184474 0.022109863136151393 0.8978778586331622 
1.0 0.016472373136611457 0.39111301993182984 0.33796992533500486 0.21196782231203698 0.042476859284516694 
2.0 0.014095293593759889 0.2344479479841746 0.3194187785683891 0.39319897738126186 0.0388390024724145 
2.0 0.011899941145790242 0.26009904029263137 0.3337562240494232 0.369546179301669 0.024698615210486406 
4.0 0.0067005109932399545 0.004113101782041485 0.010855571047281186 0.005087394288705687 0.9732434218887316 
5.0 0.8344709718235768 0.014631262732325678 0.015382945719117327 0.015163693697126944 0.12035112602785333 
5.0 0.894324101024008 0.01612682247862471 0.015251423919619471 0.01364158011474572 0.060656072463002114 
4.0 0.05162549951227094 0.029799972821350745 0.04629054546695542 0.02528821366330467 0.8469957685361187 
3.0 0.014246011510836157 0.2908549454070261 0.3503970123273754 0.3272761013488985 0.017225929405863788 
2.0 0.02149999303520809 0.2701092790573769 0.33394874709165395 0.3419177302208934 0.03252425059486751 
3.0 0.014140127049599396 0.31222636844375096 0.353221388934633 0.30662787744272973 0.0137842381292866 
3.0 0.009010295727724493 0.32049863816643864 0.34208257218330346 0.31250283407874435 0.015905659843788823 
4.0 0.02095317046360675 0.005525502180169639 0.013678367390373388 0.006163643700295219 0.953679316265555 
4.0 0.1558460923063 0.008709310625298446 0.01679106739851298 0.008011036473785205 0.8106424931961032 
5.0 0.8220503457633074 0.04830065367655538 0.040741770074767834 0.029787191199289204 0.05912003928608006 
5.0 0.8963474471125854 0.013188666141797239 0.014314900592305436 0.014201154135194186 0.061947832018117946 
1.0 0.013705391884856697 0.40938825753307745 0.35983176218539803 0.19680604590284645 0.020268542493821692 
1.0 0.01950010796151748 0.4236121430091231 0.3633566216551226 0.16212167727510748 0.03140945009912932 
2.0 0.012330283428815474 0.27811832790329205 0.33907697101353473 0.3497680365037794 0.020706381150578178 
1.0 0.02328908084758341 0.4144473185634884 0.35289389673171045 0.16938622544465823 0.03998347841255939 
3.0 0.010492082109732214 0.3152491371743791 0.340716062819971 0.31484074461524714 0.018701973280670397 
1.0 0.017574180367035376 0.42060944036060827 0.3608130740034142 0.17038962820385875 0.030613677065083576 
1.0 0.01933406606913518 0.34701755008217217 0.34626450643173917 0.2661509027908257 0.021232974626127818 
1.0 0.05460644926187088 0.3808854635530534 0.3174616786579113 0.171799547771374 0.07524686075579029 
2.0 0.035092418728752274 0.2437213646635025 0.3069075222080738 0.3369226699792203 0.0773560244204515 
1.0 0.02753743222051642 0.4060405986663357 0.3451200105103149 0.17601046695347236 0.04529149164936023 
1.0 0.019249142533652664 0.4147813015143046 0.35707455668133636 0.1810752559309917 0.027819743339714573 
3.0 0.029043888245670495 0.32437107554130096 0.33424123837407743 0.27715692110640916 0.035186876732541915 
1.0 0.017352469392515318 0.420113957476113 0.361280169652187 0.1734139428929468 0.02783946058623786 
1.0 0.0138508682026311 0.39808010550228695 0.35968331481569166 0.2126081007750001 0.0157776107043901 
1.0 0.009054443694184218 0.3773656962482268 0.3574749593496716 0.2466831240018628 0.009421776706054433 
3.0 0.008037410271026486 0.3546530621956857 0.35481445379702853 0.2726809037168851 0.00981417001937412 
3.0 0.014130087258845654 0.29040361262565983 0.3484254722921593 0.327764551320869 0.019276276502465956 
3.0 0.015222683754777628 0.2854092191333648 0.34943483191279806 0.3331380051838421 0.01679526001521736 
1.0 0.017475975982657446 0.35312717951027184 0.35093346444380696 0.26286203556563875 0.015601344497624904 
3.0 0.013730577334773298 0.30024421682152086 0.3470869932228926 0.3196154007419445 0.0193228118788689 
3.0 0.02979403393230068 0.2885398397459966 0.31017523040488293 0.3014503653910723 0.07004053052574781 
3.0 0.011310985271689911 0.31055850243803057 0.34722632185136565 0.3152999033370683 0.01560428710184556 
5.0 0.7731658873672239 0.0449382211954834 0.054063965641016246 0.04534357641474114 0.08248834938153542 
2.0 0.014411726570283952 0.26990448166053543 0.34155869769055613 0.35108305265933476 0.023042041419289578 
2.0 0.018813363858933025 0.25600577590916607 0.34274302306727233 0.35716372436254457 0.025274112802084085 
4.0 0.09702802491061577 0.010328044278962943 0.022984199278264995 0.01406814850182937 0.8555915830303271 
5.0 0.7745612362639773 0.025323078582801535 0.027498498076864126 0.02269700362742294 0.14992018344893396 
5.0 0.9293426563409979 0.014173870025467253 0.01451395074002913 0.01348568958276736 0.028483833310738185 
5.0 0.8868585993733008 0.018044079011899725 0.0189573522202474 0.01686971798269272 0.05927025141185944 
1.0 0.02117702470392428 0.4204019978316446 0.3574607276461724 0.1616610860537299 0.03929916376452869 
1.0 0.03553990075528203 0.4142362575289885 0.34486596182245577 0.1450254406371101 0.06033243925616373 
1.0 0.009551348474076063 0.35593505626964606 0.3547843729883413 0.26951893010422523 0.01021029216371163 
3.0 0.00689463527247328 0.3510894860901266 0.35509239477370685 0.27804081754006926 0.008882666323623674 
4.0 0.07910222620618333 0.007883632570161772 0.015518440968364276 0.00806348717074979 0.8894322130845406 
4.0 0.06865714605436983 0.027125943131854152 0.035779960235276284 0.018888180214721047 0.849548770363779 
5.0 0.8761013079870976 0.02818572676075452 0.02785630591487498 0.023449997892684926 0.04440666144458788 
5.0 0.6316001781378675 0.011571711609856369 0.01294402356930865 0.011443643525189019 0.33244044315777843 
1.0 0.012912150358251497 0.3992223181538638 0.35404166221897987 0.210076804442687 0.023747064826218106 
5.0 0.7416193811406129 0.011491610348015836 0.013103542045612544 0.011779030735916305 0.22200643572984255 
5.0 0.9340787478988117 0.018609795262821395 0.01992745392820119 0.01661040952498061 0.010773593385185437 
5.0 0.877390259119053 0.024234977930203638 0.024604936026319447 0.02093587072170271 0.052833956202721244 
1.0 0.010124117298553727 0.3729469910133989 0.35605579403763277 0.2502116610310592 0.010661436619355516 
2.0 0.02212319917991192 0.22932882817254785 0.3336127890007934 0.37991130320808036 0.03502388043866646 
3.0 0.013629005156739041 0.34045316670101156 0.35074053402223576 0.28105204578560294 0.014125248334410659 
5.0 0.6481951224680279 0.032041929598526336 0.03762009879200096 0.03152479198006561 0.25061805716137947 
4.0 0.01938377288870061 0.02390301165733718 0.03583355034965726 0.0627731359223183 0.8581065291819865 
Accuracy = 88.75% (71/80) (classification)
