1.0,0.8365061366862108,0.04162769692964261,0.8523579629780912,0.7483789001163378,-0.2168761586051488,0.6915231124027079,0.8146415969470112,0.09151902897675218,0.4109266689985513,0.253209562214229,0.9012164220901141,0.8014305906195037,0.7778685183374349,0.9017077720549611,0.8621735253867158,0.15143038225366387,0.8519445857340591,0.768899286562404,0.7893585000894354,0.7986211607098191,0.7103525236864232,0.08389305424572305,0.7619959010632626,0.7388180232904505,0.1707399590871584,0.16352255126935356,-0.01751900889082609,0.06570875369466445,-0.020992248298293974,0.17176688322979275,0.1700244772195983,0.17412141096117567,0.09886376093524796,0.27542604954778954,0.9230088469050779,0.12292143485922406,0.7271179756611195,0.2309531229244691,0.6452156707901533,0.0439941569744446,0.01253234792293303,0.08383997447423637,-0.04324712222109414,0.9366682135279026,0.008908975552790388,0.032009782270124694,0.2075252969102114,0.8473636803105293,0.7608801003717783,0.7364070983750916,0.27837979181945777,0.15464824166482938,0.8465607004001996,0.05029666272550579,0.0351581566347174,0.1469857511489136,0.8848092395141858,0.8290220470318841,0.14005080435874537
0.8365061366862108,1.0,6.714463140886695E-4,0.6878691322014385,0.8525769888465143,-0.2494056862004066,0.8038068658311005,0.7958053307269852,0.07679108749355253,0.3762861006566949,0.27433579209356324,0.8336576339140983,0.7894090466419613,0.8172728797437475,0.8631767664639274,0.8142722015239412,0.1238188327283241,0.8063810038740105,0.7768801718992646,0.7955998642609026,0.7611246785282144,0.7608760874852256,0.0015302866025750095,0.6574482859406838,0.6809502693391962,0.10927668251994616,0.16316740840571503,-0.05233470299836679,0.022243997351108803,-0.09591108854885302,0.12490914239337636,0.11408281924527182,0.1196420539853719,0.06109261264914465,0.25201725384769935,0.857661469479653,0.09232306942215208,0.6910230042859613,0.23636384121689002,0.7116533887083523,0.054476025233223105,-4.6981275375143074E-4,0.036568661086619506,-0.045927464332614854,0.8712332235881884,0.05228386011898138,-0.04658243457226215,0.17267690655449502,0.7685632889158771,0.7536829265906144,0.7840146671358467,0.20949225096145913,0.17921684040971503,0.7686380136489225,-0.008129557438007706,0.019060373775069406,0.062419944038979394,0.864805900491762,0.8027461211650175,0.07011136527260255
0.04162769692964261,6.714463140886695E-4,1.0,0.0937299002852074,0.06647944604620756,0.22383527370584103,0.05677027508369516,0.13607071141153493,0.8587764419502996,0.653054785649769,0.5184664064391209,0.06395015727361042,-0.10627780722825801,0.1183387166217205,0.06940431086325889,0.09130388257419941,0.8216704678397182,-0.025667094675586644,-0.04793404588337524,-0.08951472700792094,-0.055004712648696205,0.025381614613278074,0.962323426409986,-0.0721057291738991,0.07600709458964341,0.8219069116183071,0.7792370897294976,0.9124431520712626,0.9196794134729721,0.8083730564486042,0.8852991040897775,0.836955595504417,0.8274035351475317,0.8851088793441274,0.695783103113228,0.05649895392710793,0.8356088568933655,0.27407097867083985,0.7420350866403125,-0.02647378605519889,0.8856545302929646,0.8457780442023821,0.9184942358098833,0.8892175570709622,0.08128744265154625,0.86476518228907,0.8774825886139299,0.6119002747810665,0.15102289084389037,0.09023317911359748,-0.0039040031580764188,0.704427345834733,0.6245846700579389,0.06575800067218251,0.7803968882934844,0.9355934440848801,0.79521948411012,-0.05114154990556713,0.1422622742393928,0.9110630747313687
0.8523579629780912,0.6878691322014385,0.0937299002852074,1.0,0.820638177454566,-0.13990246860550226,0.6086204469628573,0.7290482888031014,0.10120645183191197,0.44133214775629453,0.3336320879813105,0.8113981965667403,0.7262488201756003,0.8081610998890003,0.763591804030918,0.8347470110768859,0.20177846415582473,0.7325994861592784,0.6819644976620288,0.7272984219534798,0.7132938422242499,0.8418218397551345,0.10804964447472987,0.824650921034061,0.8318149972549026,0.1787149014860281,0.24833231108868975,0.05089110138871785,0.0820234617800732,0.027071728467949106,0.1986404896959014,0.17574466948534337,0.20216521218083913,0.12156877648440964,0.28733714598904636,0.7905656002284445,0.12434375951150459,0.6959607676404395,0.304764891157579,0.7614439286058804,0.06798102652445406,0.0298425008020565,0.07522028230049213,-0.03764166050292086,0.782582041805831,0.011340852729894591,0.09544248102642386,0.3239698487241566,0.8661790231988453,0.7770856632633275,0.754908196524267,0.22580599053564665,0.2745286207223233,0.8392741286825005,0.1155816565629189,0.1165120907288976,0.21430503256131678,0.738041141571965,0.8138383573834262,0.15451684363268914
0.7483789001163378,0.8525769888465143,0.06647944604620756,0.820638177454566,1.0,-0.14319111685515715,0.7991615226509381,0.8022602357621894,0.12779012528646314,0.4340380305854315,0.3871846617981051,0.7629617512626568,0.7506922399795672,0.9390706672802305,0.7517871726416738,0.8071263429449905,0.2185707332841189,0.7838553719089197,0.7404011948308755,0.7423233637899828,0.7377303308944272,0.9161967033032518,0.07215892672579753,0.753402943813209,0.7801286565378205,0.17332512974219755,0.2565504835909072,0.0511751256904873,0.07504597131833703,-0.04087197672060845,0.1703774352020644,0.1918964151736408,0.186062065972007,0.10139708149917474,0.35623099393591945,0.7627834101693423,0.15421132315768232,0.6809837494989149,0.31800254782638365,0.8179857689903807,0.09971638737145641,0.05512186890581945,0.09579661754202311,0.047387932517911985,0.8041787618230185,0.12976304077441428,0.04856167967750603,0.27037098348369293,0.8784715899031506,0.855336948132625,0.8453097040010812,0.2083970829079147,0.3160807522500673,0.806320343085126,0.028070280232832718,0.13730726584779696,0.13707077110253557,0.7146033958390634,0.8878376597653947,0.15010636011886147
-0.2168761586051488,-0.2494056862004066,0.22383527370584103,-0.13990246860550226,-0.14319111685515715,1.0,-0.1627385728173066,-0.15568812435152243,0.20202140190408152,-0.06580643051235138,-0.10078063822786634,-0.21028593473554116,-0.3143059305039424,-0.1479530833318792,-0.13658890206804963,-0.0907135557941383,0.1904686771325207,-0.19337147484645856,-0.2200759433416871,-0.2825568442518763,-0.27809636516236624,-0.12393016495233133,0.18690181981456003,-0.10823140585474826,-0.04735402916166107,0.12546447380214615,0.004083859191000047,0.18202129268081094,0.22541355424811269,0.2615881158774368,0.1408638214183193,0.15790852260134053,0.16584833013869008,0.1810488751825406,-9.87206759225981E-4,-0.17826376743105155,0.1823852392793292,-0.09419848123113847,-0.02885550248479276,-0.16016968066531034,0.22411038095669947,0.2680141316347271,0.18923683668476346,0.24403784154663982,-0.16250644488512928,0.2184655266098689,0.25288637966674304,0.051140293340486156,-0.09304538233438739,0.005701459180740274,-0.2516095692925212,0.04834211170507376,-0.032164213649661474,-0.09018655907091155,0.20187320913391904,0.14444539605550094,0.13172306902595082,-0.27638267581926296,-0.1178798336929429,0.20676222587843
0.6915231124027079,0.8038068658311005,0.05677027508369516,0.6086204469628573,0.7991615226509381,-0.1627385728173066,1.0,0.7814815928485415,0.06144645330177008,0.25194773412935073,0.309595815501071,0.7702374973322661,0.8298598077255097,0.7834192206814113,0.7280780279776787,0.7296823851032872,0.0590044677842345,0.7355181730742312,0.8800553079107587,0.8334736485575428,0.8699389705055822,0.7234348968367628,0.007478727870630053,0.6895895648207823,0.668922886491717,0.013711106745789192,0.10800935874099835,0.054108177335610054,-0.01693905605717717,-0.10635134775749969,0.056789045959068016,0.11883210045737487,0.05787321423382339,-0.037265934006988334,0.22692528997813147,0.7260162792143114,0.06458582506128885,0.6156357062381199,0.2132241013380968,0.8105215932993343,0.003933589793810688,-0.0040782487337203245,-0.004130919066585581,0.06222270027715267,0.764432359808824,0.04551820096207111,-0.07792430087659272,0.2581197163092323,0.7458042243711465,0.749084617096287,0.8564187732059081,0.12290294982391,0.16937727848156964,0.6826617892042756,-0.09415410659437037,0.07933020444874213,0.026131670287883303,0.7752920976396173,0.7920592856676254,0.09141408450507174
0.8146415969470112,0.7958053307269852,0.13607071141153493,0.7290482888031014,0.8022602357621894,-0.15568812435152243,0.7814815928485415,1.0,0.17505734895729055,0.35688700223867437,0.342226498782405,0.8087136749183674,0.7737255696652581,0.8112530721936272,0.8111544650006006,0.7563339270583819,0.21240304102298194,0.8434293085110269,0.8130532470612823,0.7607395297175591,0.7993770972694347,0.7601769154228843,0.13904144071630511,0.6443445416237474,0.7004361999122394,0.20647666262316716,0.25871514075656105,0.10001930014433695,0.11255546920886275,0.016611013066100487,0.19869474244660895,0.24150890231138145,0.23306504701166642,0.10174202339264851,0.39805112305241297,0.8306764749728224,0.19572153579333446,0.8075775176408012,0.3548190697585271,0.6581599723920222,0.09342020153075863,0.05987310235277454,0.1336198916632411,0.11020832438209396,0.8485926294858281,0.1316998511297343,0.080030057761089,0.2795062853852586,0.7804729879344274,0.775030631755439,0.7084863700333491,0.20774676949857862,0.24990049436270273,0.7464478433987968,0.08163462904559411,0.18010276048694732,0.17878121960522123,0.7028251895843994,0.8267917732947054,0.2197497355778566
0.09151902897675218,0.07679108749355253,0.8587764419502996,0.10120645183191197,0.12779012528646314,0.20202140190408152,0.06144645330177008,0.17505734895729055,1.0,0.7424613494516527,0.5869024076617899,0.0955134853753246,-0.06145078020133149,0.15380050468916712,0.16283269797314323,0.19645800599435428,0.94016976775997,0.08805060161726255,0.014674758848595999,-0.038390173147982,-0.0130170414450958,0.07315575597081903,0.8459906871936062,0.04237815015951423,0.1216669742294417,0.9297986301382581,0.8047954637955579,0.7573330447905603,0.8716601594464471,0.7687015426718303,0.9441566757160382,0.8074682131395189,0.9481497540455868,0.8284689948144072,0.7985327775152997,0.09018265282974701,0.976524761352713,0.2667105662802932,0.7481084361638246,0.011418658093451889,0.8699344750301907,0.8241250983490286,0.8527718442087588,0.8113983009547144,0.1213847632928489,0.8711977013651587,0.8433591649954227,0.6434292212216294,0.18072359548517292,0.22459153980842322,0.038659217273173965,0.8176441578328489,0.6640873808792378,0.17612300367327838,0.7405785737027428,0.7881747492418364,0.8593816848409157,0.010586387269025683,0.18356094777794024,0.9249731111969652
0.4109266689985513,0.3762861006566949,0.653054785649769,0.44133214775629453,0.4340380305854315,-0.06580643051235138,0.25194773412935073,0.35688700223867437,0.7424613494516527,1.0,0.7136927926476029,0.34692694272196184,0.24323502998435198,0.4485920346612035,0.4129632167962492,0.4762108378154785,0.7865612381363848,0.33621241761666,0.2426622374825056,0.260912333729189,0.2389000577331138,0.3812319972528068,0.6911232072413234,0.3210247049038487,0.35471940978645666,0.7957312618786412,0.7634705203644518,0.5976979694031883,0.7105219814176673,0.6017539967077561,0.7958718589624328,0.7129303536178084,0.7984028268153635,0.7165576157639666,0.8078221798646776,0.38738329651791936,0.752863775650143,0.4325883276558213,0.7675897310291326,0.26576644765679547,0.6883723470436973,0.6614712858402112,0.698667716781583,0.5842871669372507,0.41204544311958735,0.650575069911469,0.6771711499268644,0.6155319743784688,0.468322544939911,0.4061186482962863,0.3473599235575445,0.815664271319919,0.6836339746877604,0.4481621533355865,0.6154849919982774,0.6285509013367707,0.7147368836696404,0.3455947824284236,0.43968375970273443,0.7283222969279347
0.253209562214229,0.27433579209356324,0.5184664064391209,0.3336320879813105,0.3871846617981051,-0.10078063822786634,0.309595815501071,0.342226498782405,0.5869024076617899,0.7136927926476029,1.0,0.3240014974640283,0.30120528767340515,0.4259758216745664,0.2892840499948864,0.3729969513166688,0.6110479841951699,0.3626530595933818,0.3460904866053318,0.2976578319668719,0.2982436252185011,0.42778347918675613,0.4892531965058494,0.2479113860342841,0.3742450395761175,0.5778641408386446,0.712997774846571,0.4891918328333518,0.4890753244224569,0.5005815162705599,0.5823285333016534,0.6480220995559033,0.6407727936630445,0.4780639023933266,0.7553805943637528,0.27199069143508525,0.6017102877452557,0.2924558833922575,0.7672003932734478,0.29548528122469786,0.5295514472299135,0.47080200814974954,0.4807036938569504,0.4831367030279575,0.27735807482840125,0.5532653881842877,0.5043040536631777,0.4474415298912621,0.3235656790024301,0.4285579659399156,0.3004722061966655,0.6891256088765128,0.847784089568339,0.38683550762736607,0.51375449048458,0.5839622610876385,0.6830346642294833,0.15283664428108087,0.37318712090359785,0.6091931925458488
0.9012164220901141,0.8336576339140983,0.06395015727361042,0.8113981965667403,0.7629617512626568,-0.21028593473554116,0.7702374973322661,0.8087136749183674,0.0955134853753246,0.34692694272196184,0.3240014974640283,1.0,0.7989865204305708,0.7783458329839263,0.7914762356982209,0.8493196217755642,0.10615042227600091,0.7738164668927935,0.7448583734207774,0.7932063712646047,0.794221247072434,0.7148672057300874,0.009729588194037315,0.6509525298437595,0.7142740009034909,0.07614130019498602,0.21832638882870609,0.026768848724203043,-0.028800345368919567,-0.1162620615001047,0.1663838613758045,0.12031758692462172,0.11197066696618255,0.036530339294661804,0.237030346667583,0.8468577476476773,0.12983048087410848,0.73557077006946,0.29221085095769744,0.6883273449284322,0.07458048828368859,-4.025879669468102E-4,-0.010753481977254708,-0.07389539122546024,0.8435450620556674,0.03475997181529326,-0.06547581806566063,0.13711823764921385,0.7507593105021014,0.7231428860090157,0.7298164224004624,0.1823702514835575,0.1494209170078821,0.740526174463971,-0.050199696168157684,0.10483894366839963,0.08877952352755965,0.8224095355182147,0.7640050801189904,0.1072908613772408
0.8014305906195037,0.7894090466419613,-0.10627780722825801,0.7262488201756003,0.7506922399795672,-0.3143059305039424,0.8298598077255097,0.7737255696652581,-0.06145078020133149,0.24323502998435198,0.30120528767340515,0.7989865204305708,1.0,0.7867636238017252,0.7505672404978224,0.7354164676239648,-0.011042617075656702,0.8309214559163083,0.9375758261638009,0.9866004552076528,0.9757897863221139,0.759582176052364,-0.08756756565944238,0.8159145011581792,0.626243605186726,0.018396381660755984,0.12704915768901204,-0.050209112845257364,-0.0866901085427735,-0.09591665332778249,-0.005218405566071305,0.032549440311832795,0.037193015473125465,-0.05829736796605763,0.18367084160746527,0.7444959662100679,-0.03355301786109779,0.6956860229032162,0.15242413501958701,0.8224815342328426,-0.07771816658282447,-0.06633128122257782,-0.08625376744780691,-0.09029234968586355,0.7443652458909022,-0.06503061283963577,-0.08857475490329948,0.2188555268700263,0.6736060194222602,0.6951958090361072,0.8954575311397408,0.1484902381720513,0.20762450935274016,0.7248891094846321,-0.052236198084896754,-0.008387434492379008,0.034836515119071376,0.879578730531156,0.6988463623737853,-0.018819799556229443
0.7778685183374349,0.8172728797437475,0.1183387166217205,0.8081610998890003,0.9390706672802305,-0.1479530833318792,0.7834192206814113,0.8112530721936272,0.15380050468916712,0.4485920346612035,0.4259758216745664,0.7783458329839263,0.7867636238017252,1.0,0.7670504215016238,0.827632818867335,0.21201461368056007,0.8254561153460305,0.7641847098963268,0.7781589256381398,0.7704331681831371,0.9162309643405241,0.13746625677144203,0.7083039448757229,0.767919491641416,0.22916708025239574,0.3492183468686319,0.12955985411877916,0.13035139886212987,0.04111745886281712,0.20921063384626581,0.22629996777706324,0.22864916280031333,0.15404206880560306,0.3421221132076581,0.7867823153779467,0.18033025478162856,0.7429100549992748,0.3520571431660046,0.7573504028730117,0.12899064756951573,0.10092428106379008,0.1414262070220452,0.09221995283121469,0.815757198575867,0.14776089923573216,0.11295407332164498,0.21980328601986784,0.8688630356621377,0.8625053149848878,0.8446825774486986,0.3093132471584049,0.39774180343345045,0.8234948555862538,0.06739737963711542,0.20415067517079705,0.19770254843769042,0.7110019858125797,0.8826707637203348,0.2062920064272141
0.9017077720549611,0.8631767664639274,0.06940431086325889,0.763591804030918,0.7517871726416738,-0.13658890206804963,0.7280780279776787,0.8111544650006006,0.16283269797314323,0.4129632167962492,0.2892840499948864,0.7914762356982209,0.7505672404978224,0.7670504215016238,1.0,0.87906851641763,0.18914322274843326,0.8921975337302722,0.8214748663398781,0.78404396064949,0.781021224452157,0.7662171835935092,0.09406323694725727,0.7560455996166036,0.7763856981899289,0.18502222503417703,0.11491278712178951,-0.035982886257167404,0.1296366666750602,0.056834066403168085,0.14684045138636703,0.18372042304582573,0.2257131015302536,0.07601168906255487,0.2863341945827306,0.8831859453070121,0.13461485648706645,0.6885402358513459,0.18739056987086522,0.6982068083418167,0.029415690275139027,0.01582382746753657,0.09305960284818858,0.029613833632633514,0.902432369185939,0.022613241691463226,0.0860309513719707,0.27537664464567085,0.8525764805214149,0.8489655313931971,0.7354718709690199,0.3395399345141096,0.2248697898790494,0.9021276869857864,0.13291975514125737,-0.012065885355313355,0.20220232874328214,0.8145369122951003,0.8428869181568464,0.14665901003137344
0.8621735253867158,0.8142722015239412,0.09130388257419941,0.8347470110768859,0.8071263429449905,-0.0907135557941383,0.7296823851032872,0.7563339270583819,0.19645800599435428,0.4762108378154785,0.3729969513166688,0.8493196217755642,0.7354164676239648,0.827632818867335,0.87906851641763,1.0,0.2049684959456502,0.8318358119797145,0.7673371831017355,0.759546268728218,0.7264257441197017,0.8247920024229481,0.0773445267297932,0.7514814674221393,0.8559518609114368,0.19400684992194844,0.2275431913203708,0.010677437310406273,0.10873517019234118,0.07760472065911754,0.22131071739296299,0.20286653029460266,0.25776974810419306,0.1263190260618357,0.2943840092081493,0.8472290988793445,0.20651637124961209,0.7011565959194822,0.2751943307319883,0.691508541689221,0.14808530298455302,0.09350453714220651,0.07358479388564669,-0.016868870125201652,0.8478886061560157,0.0967161344347588,0.10726844365729662,0.24443675181413543,0.8444133998526331,0.8769369683323609,0.7457544651110801,0.319294929827372,0.2397366751208836,0.9479320173167155,0.10936047875175,0.07784978608392981,0.2319167594811323,0.7702137756997708,0.8433088756452285,0.17411399069544692
0.15143038225366387,0.1238188327283241,0.8216704678397182,0.20177846415582473,0.2185707332841189,0.1904686771325207,0.0590044677842345,0.21240304102298194,0.94016976775997,0.7865612381363848,0.6110479841951699,0.10615042227600091,-0.011042617075656702,0.21201461368056007,0.18914322274843326,0.2049684959456502,1.0,0.12288702531804363,0.03798548054561034,-0.0011998299938604461,0.02131245061309448,0.1545282114019202,0.8421467542726837,0.1346738840939592,0.1651456492086659,0.9448766553070028,0.8122982183575443,0.7418313965068061,0.8601450948329152,0.746890328548407,0.9359624288161111,0.8184343426459986,0.9572002344942124,0.8365634039041787,0.8430748694647248,0.1444124093555455,0.9434266062203396,0.3122282995372757,0.7818074794589449,0.0739900690346638,0.8384117185512239,0.8089465137766471,0.8573409208667236,0.7877232322552947,0.17892191434932553,0.8377950763403481,0.8363754337736635,0.6852484776718178,0.2611594679972539,0.2581884325531165,0.1009499446161767,0.8097276630945214,0.7090323587932573,0.21068294733094878,0.7708417928662282,0.7737826109087642,0.8689560682015751,0.07138721870508906,0.24654942522686793,0.9133932333661292
0.8519445857340591,0.8063810038740105,-0.025667094675586644,0.7325994861592784,0.7838553719089197,-0.19337147484645856,0.7355181730742312,0.8434293085110269,0.08805060161726255,0.33621241761666,0.3626530595933818,0.7738164668927935,0.8309214559163083,0.8254561153460305,0.8921975337302722,0.8318358119797145,0.12288702531804363,1.0,0.8724858506501187,0.8110331387602366,0.8406480636552451,0.8348648009237349,0.017382703816470946,0.7626592546407341,0.767638596054534,0.14799792208932802,0.1439993559955839,-0.052480009250721396,0.0439808779972611,0.03144091516529136,0.07265738799561024,0.16691797179104095,0.1687667635028391,0.032788947531549074,0.295496677895606,0.8498629859995956,0.1022915470389271,0.718189629360896,0.18126249729974167,0.6570636139319197,0.007208425804881552,-0.014666389995515228,0.03732412876956573,-0.006972938434716014,0.8705678368600787,0.04465017166438628,0.0613023446841347,0.17315981807737044,0.8070166263112213,0.8559721072034858,0.716218178537884,0.2918015141924769,0.2984832869531251,0.8733054837502771,0.10965820767515463,0.010504773442701926,0.18726976240273138,0.7282734402166039,0.8177973820413891,0.10543730760242664
0.768899286562404,0.7768801718992646,-0.04793404588337524,0.6819644976620288,0.7404011948308755,-0.2200759433416871,0.8800553079107587,0.8130532470612823,0.014674758848595999,0.2426622374825056,0.3460904866053318,0.7448583734207774,0.9375758261638009,0.7641847098963268,0.8214748663398781,0.7673371831017355,0.03798548054561034,0.8724858506501187,1.0,0.9372704780463575,0.9567701574601548,0.7806022957755197,-0.04512503608263576,0.8304240480832821,0.7235287542574131,0.042541527132840665,0.08624595843451217,-0.05616065705914873,-0.039977450920045766,-0.03331137350734616,0.006497206737536276,0.0839658328564735,0.09573830273557864,-0.07334061502702373,0.22904660862741819,0.7800078493769478,0.01800766572418716,0.6696866242981341,0.15828444381004225,0.8180212784293899,-0.07938643951028285,-0.06754180684726513,-0.053527408285425716,-0.020149243407526118,0.7819157897863844,-0.04376866872326592,-0.042325820910846426,0.2974531922059068,0.7251031258992563,0.7931312996883156,0.8381092822177745,0.19750571668116587,0.251323287334154,0.7902456529206487,0.009133310312909764,-0.01257175527717389,0.12297140461828975,0.8083656459518123,0.7706414066663466,0.04344419734330686
0.7893585000894354,0.7955998642609026,-0.08951472700792094,0.7272984219534798,0.7423233637899828,-0.2825568442518763,0.8334736485575428,0.7607395297175591,-0.038390173147982,0.260912333729189,0.2976578319668719,0.7932063712646047,0.9866004552076528,0.7781589256381398,0.78404396064949,0.759546268728218,-0.0011998299938604461,0.8110331387602366,0.9372704780463575,1.0,0.9697759415268612,0.7653008777879917,-0.0832899851071419,0.8129915530037429,0.6292663838513555,0.018680611399080255,0.11995208952273222,-0.05192509101983837,-0.06485843908104869,-0.08459431669159113,1.5114840047202315E-4,0.02662188306807046,0.05484980863249274,-0.060927454500384226,0.1684915144392077,0.731931025465989,-0.032210147318841774,0.6950183596050961,0.1422556334576569,0.8520516927662427,-0.07555502411579537,-0.06139561990057537,-0.09180407239048863,-0.08790632013814739,0.7261758406314129,-0.07389336460206866,-0.07715342204470535,0.24269123391770447,0.6693115298680758,0.7078592385513132,0.909680400393605,0.16580971226016222,0.20480895117112144,0.7375441824220508,-0.040236034498442506,-0.02209943548546922,0.03720949210143758,0.8834783119530387,0.6897282093825328,-0.021131079535726273
0.7986211607098191,0.7611246785282144,-0.055004712648696205,0.7132938422242499,0.7377303308944272,-0.27809636516236624,0.8699389705055822,0.7993770972694347,-0.0130170414450958,0.2389000577331138,0.2982436252185011,0.794221247072434,0.9757897863221139,0.7704331681831371,0.781021224452157,0.7264257441197017,0.02131245061309448,0.8406480636552451,0.9567701574601548,0.9697759415268612,1.0,0.752924401149422,-0.05446710184120035,0.823480512483475,0.6539799708954919,0.025777804909611686,0.10578216683819952,-0.021502348209809917,-0.06540266203869188,-0.10666285010509355,0.0038292996142541445,0.05490385104481556,0.053890360897461534,-0.08156391597386406,0.2015218754242977,0.747706562958792,-0.009360528900728915,0.6832652721469418,0.15215624861991947,0.8488601239556312,-0.0940360200421699,-0.07502039271895608,-0.07114078031596285,-0.03373578943410703,0.7543693785144739,-0.06337215578310024,-0.07905675358041676,0.26552222987177737,0.712874756939697,0.7205043486666162,0.8963891766450613,0.16396965234537228,0.20529832351832833,0.7236786874435251,-0.05819526794587061,-0.0030818244038497535,0.04743177686299908,0.8533281730239995,0.736802259457815,0.013054826024093991
0.7103525236864232,0.7608760874852256,0.025381614613278074,0.8418218397551345,0.9161967033032518,-0.12393016495233133,0.7234348968367628,0.7601769154228843,0.07315575597081903,0.3812319972528068,0.42778347918675613,0.7148672057300874,0.759582176052364,0.9162309643405241,0.7662171835935092,0.8247920024229481,0.1545282114019202,0.8348648009237349,0.7806022957755197,0.7653008777879917,0.752924401149422,1.0,0.024927707748237042,0.7724109920753259,0.8789809200924343,0.1227278347569424,0.2324793456262319,0.024652803022807313,0.03645360067381602,0.007312599544866172,0.10060774973503687,0.13812348354237186,0.1615365358859341,0.033447887916622135,0.2800894694790366,0.7682085315145359,0.07614343177084111,0.6879456963600388,0.2858740362545811,0.811565326170032,0.023315538570077503,-0.004709873431439004,0.011889096249333448,-0.008764229251455735,0.7469072448374832,0.034591391805536845,0.070148118421381,0.2559682506279904,0.8469062977396126,0.8833873574854071,0.7912079946052487,0.22677506379900256,0.4134731807473523,0.8489444416827719,0.09998929031417939,0.09221021205966363,0.1972261384771254,0.6260373684519306,0.8607961712579423,0.09077585217172729
0.08389305424572305,0.0015302866025750095,0.962323426409986,0.10804964447472987,0.07215892672579753,0.18690181981456003,0.007478727870630053,0.13904144071630511,0.8459906871936062,0.6911232072413234,0.4892531965058494,0.009729588194037315,-0.08756756565944238,0.13746625677144203,0.09406323694725727,0.0773445267297932,0.8421467542726837,0.017382703816470946,-0.04512503608263576,-0.0832899851071419,-0.05446710184120035,0.024927707748237042,1.0,-0.022566734308176038,0.05228637601814683,0.8859822546009095,0.7725045248871603,0.8903565855998112,0.9721448229242189,0.8565628888377578,0.8890558494254519,0.8704456028761658,0.862428504981397,0.9418806972036629,0.7356821352747708,0.08918013389307225,0.8401406666212262,0.27827893614393007,0.7242620342942592,-0.07178116748060287,0.8877754247817725,0.8675380674561343,0.9800402293355182,0.8964084919823531,0.12105659421388122,0.8756988070856841,0.9343552502990649,0.6162964083242877,0.18233340387056626,0.09214687482558973,0.004951352619117094,0.7587512147292538,0.6441762257461527,0.09780291724621074,0.8297507270948685,0.9174815143300299,0.8103623021850741,-0.017896789537224178,0.16403302494197125,0.9314818118925544
0.7619959010632626,0.6574482859406838,-0.0721057291738991,0.824650921034061,0.753402943813209,-0.10823140585474826,0.6895895648207823,0.6443445416237474,0.04237815015951423,0.3210247049038487,0.2479113860342841,0.6509525298437595,0.8159145011581792,0.7083039448757229,0.7560455996166036,0.7514814674221393,0.1346738840939592,0.7626592546407341,0.8304240480832821,0.8129915530037429,0.823480512483475,0.7724109920753259,-0.022566734308176038,1.0,0.759546095080191,0.10429103866497487,0.05451119639810651,-0.10201290031866797,0.0090572833715185,0.0071716430938984724,0.045099252817646554,0.11995433966741018,0.13581381310060325,-0.0031737305183710427,0.22858162938734772,0.6950497204525341,0.05665156072075781,0.5169037601363057,0.10094939191691625,0.8559775766464867,-0.03950710864137893,-0.01977644763669185,-0.005637890892982178,-0.04858072417147761,0.7040702274799717,-0.034792458359440295,0.045478128099445646,0.3886292070666807,0.7808525465739631,0.7999061660748633,0.8226831499677442,0.19590138969434281,0.1971562208838456,0.8231210450467927,0.07648204016106988,-0.07614345715607276,0.13875227999392598,0.7992043597379472,0.7512747107310322,0.06617734949372409
0.7388180232904505,0.6809502693391962,0.07600709458964341,0.8318149972549026,0.7801286565378205,-0.04735402916166107,0.668922886491717,0.7004361999122394,0.1216669742294417,0.35471940978645666,0.3742450395761175,0.7142740009034909,0.626243605186726,0.767919491641416,0.7763856981899289,0.8559518609114368,0.1651456492086659,0.767638596054534,0.7235287542574131,0.6292663838513555,0.6539799708954919,0.8789809200924343,0.05228637601814683,0.759546095080191,1.0,0.11644193666054352,0.15592110136042797,-0.01575608204239981,0.03325278798675345,0.03451773493768445,0.13632307077209865,0.16169911533358972,0.18180717020550713,0.017259466663690253,0.2600960402104857,0.838384426162901,0.12181443353874444,0.5815318185958407,0.2889397439367056,0.6980563954203145,0.019724230284122853,-0.03002574746748372,0.01671236276758133,-0.0273726823122978,0.7902565307150085,-0.005043888735013868,0.06891876761215142,0.2908063207502322,0.8715453199810049,0.8768993056993212,0.6485750677883262,0.22765038619994815,0.3331395445830712,0.8871340122062309,0.1092515130452548,0.04908735993200424,0.2632593785187157,0.5915413513145715,0.8922665445473623,0.13817778623264645
0.1707399590871584,0.10927668251994616,0.8219069116183071,0.1787149014860281,0.17332512974219755,0.12546447380214615,0.013711106745789192,0.20647666262316716,0.9297986301382581,0.7957312618786412,0.5778641408386446,0.07614130019498602,0.018396381660755984,0.22916708025239574,0.18502222503417703,0.19400684992194844,0.9448766553070028,0.14799792208932802,0.042541527132840665,0.018680611399080255,0.025777804909611686,0.1227278347569424,0.8859822546009095,0.10429103866497487,0.11644193666054352,1.0,0.8548092825574173,0.7623558504123263,0.9061239474585638,0.8109586300673474,0.9501557732131267,0.8189230501942786,0.9742938942849015,0.8972445901729991,0.8395965212254607,0.16135292112228744,0.9480294215500775,0.3398236314702293,0.7749921806013986,-0.010237770012559955,0.8564342983568747,0.8369533103287905,0.9059587912474776,0.795247290750756,0.19364969177816035,0.8497942839978767,0.8901087696536759,0.6600980181955176,0.23669185615262162,0.21222752938391592,0.0894529809925617,0.8715161951178481,0.7256134574127022,0.21915330352965298,0.7837201660383158,0.8037208687644736,0.8732500911257877,0.08352127186298097,0.222874749203601,0.9315800507045328
0.16352255126935356,0.16316740840571503,0.7792370897294976,0.24833231108868975,0.2565504835909072,0.004083859191000047,0.10800935874099835,0.25871514075656105,0.8047954637955579,0.7634705203644518,0.712997774846571,0.21832638882870609,0.12704915768901204,0.3492183468686319,0.11491278712178951,0.2275431913203708,0.8122982183575443,0.1439993559955839,0.08624595843451217,0.11995208952273222,0.10578216683819952,0.2324793456262319,0.7725045248871603,0.05451119639810651,0.15592110136042797,0.8548092825574173,1.0,0.7898736775195361,0.7471625687991965,0.6756638223388696,0.8862714263895193,0.7911489351379448,0.8385316203560235,0.7951744969865729,0.8041606610614336,0.17017709183356838,0.8355888219832887,0.4173781919709647,0.9210090951357447,0.08706753724625815,0.8042653939868943,0.7574126652926031,0.7541874702625158,0.6839110409589855,0.17762219998251788,0.7681372124729816,0.7460627277183445,0.5517512436019225,0.2133730434927076,0.20324088920554803,0.16342255637486072,0.7223986954761077,0.8237599973968204,0.17691073420298067,0.6454324645121411,0.8475429312032017,0.7818508631016362,0.10067763963731469,0.21098054284780213,0.8447436377025559
-0.01751900889082609,-0.05233470299836679,0.9124431520712626,0.05089110138871785,0.0511751256904873,0.18202129268081094,0.054108177335610054,0.10001930014433695,0.7573330447905603,0.5976979694031883,0.4891918328333518,0.026768848724203043,-0.050209112845257364,0.12955985411877916,-0.035982886257167404,0.010677437310406273,0.7418313965068061,-0.052480009250721396,-0.05616065705914873,-0.05192509101983837,-0.021502348209809917,0.024652803022807313,0.8903565855998112,-0.10201290031866797,-0.01575608204239981,0.7623558504123263,0.7898736775195361,1.0,0.8382998011230797,0.8103567387940316,0.8229541347832207,0.7659728221235567,0.7409929502292997,0.840275632078488,0.6395070753111928,-0.007453378555134338,0.7506609680915077,0.2713373490677817,0.7229211151149022,-0.025603783741662178,0.8360608532150833,0.8991273482346351,0.8488724018399834,0.9186038908542322,0.015179748569439927,0.818702749123203,0.8093067716127308,0.5476420306727604,0.08463460101513227,1.087482137219875E-4,0.03173275562862906,0.6303725747541142,0.6159308623426466,-0.027574563624590154,0.6976402013419329,0.923544139202584,0.7034189002278715,-0.05506926429870248,0.07195449337281828,0.8251960587356175
0.06570875369466445,0.022243997351108803,0.9196794134729721,0.0820234617800732,0.07504597131833703,0.22541355424811269,-0.01693905605717717,0.11255546920886275,0.8716601594464471,0.7105219814176673,0.4890753244224569,-0.028800345368919567,-0.0866901085427735,0.13035139886212987,0.1296366666750602,0.10873517019234118,0.8601450948329152,0.0439808779972611,-0.039977450920045766,-0.06485843908104869,-0.06540266203869188,0.03645360067381602,0.9721448229242189,0.0090572833715185,0.03325278798675345,0.9061239474585638,0.7471625687991965,0.8382998011230797,1.0,0.8974215825032139,0.874766727649748,0.8841618023720927,0.8937514874574294,0.958089945685753,0.7398286414678089,0.05845217094397641,0.8575562646440072,0.24615740923677992,0.6724896897736966,-0.0656136662978796,0.9144843247791021,0.8997172806902679,0.9804636854686011,0.8889034636760822,0.09066257327106299,0.9085833021337011,0.9697557748200758,0.601793723695985,0.15120358414104035,0.1331517993273496,0.01394655452156971,0.7930118907781635,0.6422147162748983,0.13805159589948995,0.8711280029852182,0.866198522160101,0.8085064320533688,-0.011593934315138377,0.13559211813865044,0.924146276910693
-0.020992248298293974,-0.09591108854885302,0.8083730564486042,0.027071728467949106,-0.04087197672060845,0.2615881158774368,-0.10635134775749969,0.016611013066100487,0.7687015426718303,0.6017539967077561,0.5005815162705599,-0.1162620615001047,-0.09591665332778249,0.04111745886281712,0.056834066403168085,0.07760472065911754,0.746890328548407,0.03144091516529136,-0.03331137350734616,-0.08459431669159113,-0.10666285010509355,0.007312599544866172,0.8565628888377578,0.0071716430938984724,0.03451773493768445,0.8109586300673474,0.6756638223388696,0.8103567387940316,0.8974215825032139,1.0,0.7684474035832395,0.7988676610976618,0.819232194487363,0.8714583372587897,0.6468884946714177,-0.02282912832579894,0.7619418842746224,0.1690051957526176,0.5839150944416532,-0.11752251277890938,0.8380300103448792,0.8985951585325449,0.8676089699945271,0.8635409783488777,-0.0050394676144495,0.8211021926525464,0.9218808703835919,0.546568204605453,0.036828324299967755,0.09956518820393186,-0.0722748611474677,0.7252948212700362,0.6436273703810873,0.14060498628995882,0.888236941405913,0.7771566276511624,0.8275061105566011,-0.08932321428634588,0.023940064438911557,0.8258756268501347
0.17176688322979275,0.12490914239337636,0.8852991040897775,0.1986404896959014,0.1703774352020644,0.1408638214183193,0.056789045959068016,0.19869474244660895,0.9441566757160382,0.7958718589624328,0.5823285333016534,0.1663838613758045,-0.005218405566071305,0.20921063384626581,0.14684045138636703,0.22131071739296299,0.9359624288161111,0.07265738799561024,0.006497206737536276,1.5114840047202315E-4,0.0038292996142541445,0.10060774973503687,0.8890558494254519,0.045099252817646554,0.13632307077209865,0.9501557732131267,0.8862714263895193,0.8229541347832207,0.874766727649748,0.7684474035832395,1.0,0.8076092760496131,0.943820398050516,0.8941776231532748,0.8049664788411389,0.17000137793564188,0.9532498584546009,0.36180830013347165,0.8325924876503364,0.0034511374491395298,0.8967493190472877,0.8514554563997034,0.8808293162673687,0.7827539046064925,0.19150584470059492,0.8523158095122941,0.8475926041778983,0.6604845706180849,0.2246351175789742,0.17338137802111522,0.07294182124631474,0.8133489380029493,0.6773877950672728,0.17523585767094702,0.7426645892363581,0.8622045875414226,0.8696375115370788,0.0948634350923016,0.20810816588809672,0.9328931059814505
0.1700244772195983,0.11408281924527182,0.836955595504417,0.17574466948534337,0.1918964151736408,0.15790852260134053,0.11883210045737487,0.24150890231138145,0.8074682131395189,0.7129303536178084,0.6480220995559033,0.12031758692462172,0.032549440311832795,0.22629996777706324,0.18372042304582573,0.20286653029460266,0.8184343426459986,0.16691797179104095,0.0839658328564735,0.02662188306807046,0.05490385104481556,0.13812348354237186,0.8704456028761658,0.11995433966741018,0.16169911533358972,0.8189230501942786,0.7911489351379448,0.7659728221235567,0.8841618023720927,0.7988676610976618,0.8076092760496131,1.0,0.8325246769481426,0.8716484959894549,0.8558328987959152,0.1708585268526363,0.8217964948808072,0.24328725045632377,0.80661806693555,0.019579156924653278,0.8743847087380795,0.840249929244474,0.8911280930648854,0.8128324375517145,0.20153074980697644,0.8832711366169932,0.8750027664505785,0.5436880374490431,0.2399086027497928,0.2689013948271573,0.08764860603375205,0.6879016175654746,0.7287395833142735,0.23120216793455112,0.7967632465346863,0.8242874829661273,0.7607748642752206,0.06648160618123979,0.25072408483270114,0.9130156733178894
0.17412141096117567,0.1196420539853719,0.8274035351475317,0.20216521218083913,0.186062065972007,0.16584833013869008,0.05787321423382339,0.23306504701166642,0.9481497540455868,0.7984028268153635,0.6407727936630445,0.11197066696618255,0.037193015473125465,0.22864916280031333,0.2257131015302536,0.25776974810419306,0.9572002344942124,0.1687667635028391,0.09573830273557864,0.05484980863249274,0.053890360897461534,0.1615365358859341,0.862428504981397,0.13581381310060325,0.18180717020550713,0.9742938942849015,0.8385316203560235,0.7409929502292997,0.8937514874574294,0.819232194487363,0.943820398050516,0.8325246769481426,1.0,0.8640098355011709,0.854220058645183,0.17466977364124556,0.9540774343205977,0.355860406723301,0.7888950406591348,0.04280622707160975,0.855549663984051,0.8253493871300535,0.8726560271603244,0.7844234966593151,0.19564040334947003,0.8456591929260611,0.8842713588856388,0.6870839900560972,0.24275889469458903,0.27065825936287313,0.10334723480316217,0.8635266282049343,0.7458989493752263,0.26987415620880745,0.8156727357954547,0.7932408547448001,0.9106186435002931,0.08144323908372801,0.2433663851762596,0.9323134769261634
0.09886376093524796,0.06109261264914465,0.8851088793441274,0.12156877648440964,0.10139708149917474,0.1810488751825406,-0.037265934006988334,0.10174202339264851,0.8284689948144072,0.7165576157639666,0.4780639023933266,0.036530339294661804,-0.05829736796605763,0.15404206880560306,0.07601168906255487,0.1263190260618357,0.8365634039041787,0.032788947531549074,-0.07334061502702373,-0.060927454500384226,-0.08156391597386406,0.033447887916622135,0.9418806972036629,-0.0031737305183710427,0.017259466663690253,0.8972445901729991,0.7951744969865729,0.840275632078488,0.958089945685753,0.8714583372587897,0.8941776231532748,0.8716484959894549,0.8640098355011709,1.0,0.729001918457636,0.08416027174857929,0.8533782068211003,0.27714125231681747,0.7053998600202074,-0.1052219507070109,0.9543112817436468,0.9235218868323484,0.965004186413616,0.8276351342762055,0.11132261707938484,0.9203716629583012,0.9417122002864566,0.5497262154720017,0.13322055941676997,0.0953517920314525,0.007014592602557823,0.7570075529766292,0.614805166872341,0.12144796642656423,0.8410939760463322,0.897195110236291,0.7800627767648279,0.03562278546980828,0.11247327339663885,0.9099760650512696
