1.0,0.7886,0.08675000000000001,0.8273999999999999,0.71855,0.0207,0.60545,0.7417,0.2274,0.47285000000000005,0.3256,0.77015,0.75675,0.6235999999999999,0.7817000000000001,0.6576,0.23304999999999998,0.7737499999999999,0.73675,0.76275,0.72175,0.6667,0.059199999999999996,0.7202,0.73675,0.07944999999999999,0.23765,0.027200000000000002,0.10745,0.13415,0.26875,0.269,0.2577,0.19595,0.30665,0.8747,0.19355,0.57365,0.30495,0.7303,0.0629,0.0309,0.13274999999999998,0.06470000000000001,0.76165,0.1145,0.04925,0.26,0.7001000000000001,0.6111500000000001,0.7453000000000001,0.33655,0.34595,0.70885,0.23165,0.19790000000000002,0.30870000000000003,0.7527999999999999,0.7253499999999999,0.3115
0.7886,1.0,0.08070000000000001,0.7302,0.7457499999999999,0.05675,0.75285,0.80885,0.21869999999999998,0.53275,0.40505,0.7874,0.78765,0.7748,0.8843,0.7804,0.24525000000000002,0.8878999999999999,0.8269500000000001,0.7481,0.75715,0.8237,0.09815,0.75315,0.7664500000000001,0.07415000000000001,0.22139999999999999,0.030199999999999998,0.05625,0.0344,0.2926,0.27725,0.22820000000000001,0.16635,0.31595,0.9162000000000001,0.1913,0.71365,0.30985,0.75365,0.060250000000000005,0.03255,0.12165,0.02975,0.89275,0.10769999999999999,0.0463,0.33725,0.835,0.69975,0.749,0.3225,0.28045,0.774,0.13065,0.18455,0.24165,0.8029999999999999,0.8413999999999999,0.33945
0.08675000000000001,0.08070000000000001,1.0,0.15089999999999998,0.27795000000000003,0.077,0.16160000000000002,0.29009999999999997,0.73105,0.50315,0.53705,0.0735,0.0632,0.1935,0.0993,0.20779999999999998,0.618,0.11425,0.10955,0.04655,0.041499999999999995,0.11425,0.7495,0.0309,0.1407,0.0086,0.7248,0.11095,0.7726,0.28815,0.6511,0.6799000000000001,0.7149,0.8103999999999999,0.66435,0.07355,0.7222500000000001,0.33255,0.6247499999999999,0.07794999999999999,0.8175000000000001,0.10085,0.7732,0.08080000000000001,0.0646,0.8332499999999999,0.2178,0.63435,0.10945,0.24755,0.07235,0.5492,0.51525,0.23359999999999997,0.6293,0.8195,0.5489499999999999,0.0427,0.17315,0.6536
0.8273999999999999,0.7302,0.15089999999999998,1.0,0.7021499999999999,0.02475,0.57355,0.77805,0.28295,0.479,0.2922,0.7262500000000001,0.69515,0.6165,0.72695,0.62315,0.2394,0.6942999999999999,0.65915,0.7017,0.6634,0.6328,0.09995000000000001,0.68315,0.705,0.0801,0.31779999999999997,0.018,0.17304999999999998,0.13495,0.3257,0.3024,0.30175,0.27385000000000004,0.35365,0.80665,0.24695,0.6449499999999999,0.3746,0.71065,0.09235,0.020399999999999998,0.21325,0.04765,0.71365,0.18495,0.062150000000000004,0.31720000000000004,0.70085,0.5730999999999999,0.7026,0.3027,0.3346,0.65245,0.26595,0.26595,0.29755,0.70545,0.6738999999999999,0.36135
0.71855,0.7457499999999999,0.27795000000000003,0.7021499999999999,1.0,0.01895,0.6486500000000001,0.7184999999999999,0.38570000000000004,0.52835,0.4574,0.6998,0.6618999999999999,0.7163,0.72,0.73875,0.34104999999999996,0.76625,0.7131000000000001,0.6734,0.66875,0.7338,0.22654999999999997,0.6529,0.7359,0.0756,0.36805,0.052849999999999994,0.23359999999999997,0.09809999999999999,0.42469999999999997,0.35924999999999996,0.44089999999999996,0.3328,0.43289999999999995,0.77115,0.3601,0.7013499999999999,0.44995,0.70465,0.21985000000000002,0.0622,0.29015,0.07285,0.74055,0.3129,0.10485,0.4518,0.7396499999999999,0.7433,0.7231,0.3532,0.2929,0.79035,0.29510000000000003,0.38144999999999996,0.3214,0.6496999999999999,0.78895,0.40380000000000005
0.0207,0.05675,0.077,0.02475,0.01895,1.0,0.06935,0.0637,0.0412,0.0115,0.03365,0.0529,0.01575,0.018349999999999998,0.0591,0.0772,0.07139999999999999,0.00745,0.0228,0.00925,0.014050000000000002,0.0104,0.15495,0.00745,0.06495,0.035949999999999996,0.04475,0.31934999999999997,0.11259999999999999,0.12244999999999999,0.06205000000000001,0.08315,0.03855,0.05689999999999999,0.029249999999999998,0.025750000000000002,0.08615,0.01095,0.0171,0.0206,0.12184999999999999,0.33075,0.0653,0.2745,0.0242,0.10164999999999999,0.21335,0.06835,0.041999999999999996,0.0566,0.0112,0.0188,0.00375,0.07465000000000001,0.077,0.08275,0.08095,0.027600000000000003,0.027850000000000003,0.09495
0.60545,0.75285,0.16160000000000002,0.57355,0.6486500000000001,0.06935,1.0,0.6291,0.10745,0.40380000000000005,0.32525,0.67035,0.73835,0.6436,0.7086,0.6354,0.13879999999999998,0.6940500000000001,0.79525,0.7022999999999999,0.724,0.69555,0.1176,0.7057,0.6635,0.007549999999999999,0.1492,0.0998,0.05765,0.0533,0.1079,0.20745,0.11884999999999998,0.13445000000000001,0.19755,0.72195,0.07255,0.5337,0.18475,0.7796000000000001,0.1481,0.09805,0.1305,0.04315,0.7248,0.1525,0.05405,0.3024,0.7076,0.6182000000000001,0.7197,0.17715,0.15245,0.6599,0.06899999999999999,0.20425,0.13799999999999998,0.7038,0.7491,0.1608
0.7417,0.80885,0.29009999999999997,0.77805,0.7184999999999999,0.0637,0.6291,1.0,0.35565,0.45725,0.32330000000000003,0.705,0.69145,0.7362,0.78185,0.73345,0.29485,0.78755,0.7483500000000001,0.6537499999999999,0.6763,0.73225,0.1612,0.6786,0.7186,0.08555,0.36865000000000003,0.05895,0.22725,0.1685,0.35059999999999997,0.31215000000000004,0.3393,0.26825,0.3592,0.77295,0.356,0.74585,0.3318,0.63425,0.1694,0.0528,0.22749999999999998,0.08635000000000001,0.7813,0.27094999999999997,0.1424,0.3767,0.75705,0.66925,0.6592,0.3773,0.26005,0.70865,0.21960000000000002,0.2954,0.23279999999999998,0.68345,0.7534,0.386
0.2274,0.21869999999999998,0.73105,0.28295,0.38570000000000004,0.0412,0.10745,0.35565,1.0,0.6648,0.65655,0.149,0.059550000000000006,0.27075,0.1489,0.30215000000000003,0.7584,0.24845,0.1643,0.09505,0.09659999999999999,0.1649,0.64395,0.1031,0.20529999999999998,0.054000000000000006,0.84975,0.0217,0.76165,0.24689999999999998,0.86195,0.78605,0.9009,0.8025,0.7997,0.20505,0.94345,0.4565,0.75685,0.09245,0.73095,0.03975,0.78755,0.0521,0.1622,0.8252499999999999,0.1411,0.6348,0.16175,0.344,0.12655,0.74415,0.60395,0.2759,0.7106,0.8190500000000001,0.67055,0.11065,0.21025,0.80615
0.47285000000000005,0.53275,0.50315,0.479,0.52835,0.0115,0.40380000000000005,0.45725,0.6648,1.0,0.8260500000000001,0.45765,0.44939999999999997,0.4989,0.5191,0.4554,0.6204500000000001,0.521,0.46929999999999994,0.43255,0.3933,0.5277000000000001,0.5252,0.39055,0.47115,0.08125,0.71475,0.0536,0.50605,0.11810000000000001,0.6931499999999999,0.6776,0.6919,0.64135,0.7447,0.56005,0.6353500000000001,0.5421,0.7055,0.4827,0.5429,0.0628,0.6317,0.059199999999999996,0.49205,0.603,0.06684999999999999,0.6475,0.48955000000000004,0.4316,0.46005,0.6809999999999999,0.6437,0.50415,0.5516,0.6237,0.61315,0.3927,0.5608,0.68635
0.3256,0.40505,0.53705,0.2922,0.4574,0.03365,0.32525,0.32330000000000003,0.65655,0.8260500000000001,1.0,0.40664999999999996,0.34914999999999996,0.3934,0.39344999999999997,0.41275000000000006,0.6864,0.37045,0.38075000000000003,0.30215000000000003,0.2952,0.42785,0.53095,0.2928,0.40774999999999995,0.0759,0.7556,0.0753,0.51545,0.04245,0.68565,0.6881999999999999,0.72405,0.5819,0.79645,0.38115,0.67015,0.3565,0.7614,0.38079999999999997,0.6247499999999999,0.10364999999999999,0.58755,0.0405,0.39315,0.67085,0.0299,0.66155,0.3983,0.3982,0.32685,0.69685,0.6877,0.49335000000000007,0.54085,0.62225,0.67555,0.23254999999999998,0.48244999999999993,0.7058
0.77015,0.7874,0.0735,0.7262500000000001,0.6998,0.0529,0.67035,0.705,0.149,0.45765,0.40664999999999996,1.0,0.7766,0.6872,0.77965,0.6738999999999999,0.22585000000000002,0.7809,0.7851,0.7596,0.75525,0.7169,0.041999999999999996,0.75815,0.7852,0.09495,0.23220000000000002,0.06675,0.0726,0.02505,0.17465,0.1776,0.2306,0.073,0.2854,0.83985,0.18665,0.5904499999999999,0.3161,0.76685,0.10629999999999999,0.10495000000000002,0.0332,0.05245,0.8109500000000001,0.1545,0.0315,0.24295,0.7458,0.6589,0.7516499999999999,0.27349999999999997,0.26525,0.693,0.12535000000000002,0.1503,0.28215,0.72865,0.7874,0.23664999999999997
0.75675,0.78765,0.0632,0.69515,0.6618999999999999,0.01575,0.73835,0.69145,0.059550000000000006,0.44939999999999997,0.34914999999999996,0.7766,1.0,0.7322,0.81615,0.65325,0.13369999999999999,0.7614,0.8502000000000001,0.8580500000000001,0.851,0.78075,0.0571,0.8340500000000001,0.73575,0.088,0.14245000000000002,0.0671,0.03375,0.05735,0.11539999999999999,0.12605,0.11805000000000002,0.0619,0.2138,0.82225,0.05689999999999999,0.6054999999999999,0.23079999999999998,0.8865999999999999,0.03835,0.0553,0.0758,0.038400000000000004,0.79365,0.02715,0.0386,0.3488,0.76415,0.6013,0.8472,0.22285,0.292,0.6931499999999999,0.0841,0.0756,0.19855,0.8214,0.7642,0.17045
0.6235999999999999,0.7748,0.1935,0.6165,0.7163,0.018349999999999998,0.6436,0.7362,0.27075,0.4989,0.3934,0.6872,0.7322,1.0,0.75785,0.7419,0.2804,0.7887,0.7126,0.64605,0.6844,0.8145,0.24714999999999998,0.6710499999999999,0.7152000000000001,0.10245,0.28565,0.0591,0.19770000000000001,0.1308,0.23885,0.16255,0.28295,0.2545,0.25555,0.7317,0.29015,0.7474000000000001,0.22490000000000002,0.68845,0.2133,0.0779,0.25255,0.01935,0.779,0.25515,0.12595,0.30724999999999997,0.77325,0.7777499999999999,0.67755,0.40564999999999996,0.28450000000000003,0.7297,0.12975,0.28225,0.21925,0.6932,0.77385,0.22959999999999997
0.7817000000000001,0.8843,0.0993,0.72695,0.72,0.0591,0.7086,0.78185,0.1489,0.5191,0.39344999999999997,0.77965,0.81615,0.75785,1.0,0.7712,0.27454999999999996,0.8371999999999999,0.83665,0.7683,0.7404499999999999,0.82445,0.1271,0.7229,0.7928499999999999,0.0804,0.20875,0.03605,0.03715,0.05620000000000001,0.23405,0.20590000000000003,0.21025,0.14835,0.2601,0.88925,0.15855,0.6643,0.2459,0.74595,0.05815,0.01495,0.0964,0.044700000000000004,0.85545,0.1072,0.019950000000000002,0.39705,0.8553000000000001,0.6822,0.764,0.31225,0.2995,0.84435,0.14350000000000002,0.15425,0.2509,0.7392000000000001,0.8505,0.29
0.6576,0.7804,0.20779999999999998,0.62315,0.73875,0.0772,0.6354,0.73345,0.30215000000000003,0.4554,0.41275000000000006,0.6738999999999999,0.65325,0.7419,0.7712,1.0,0.31284999999999996,0.75505,0.7123,0.6523,0.64815,0.76335,0.17075,0.6428499999999999,0.74275,0.0605,0.2783,0.028349999999999997,0.13045,0.11279999999999998,0.30245,0.22890000000000002,0.29714999999999997,0.22374999999999998,0.26755,0.7464000000000001,0.30684999999999996,0.6247,0.2592,0.6423,0.16765000000000002,0.02425,0.17945,0.04815,0.739,0.22085,0.0639,0.42394999999999994,0.7397,0.8092499999999999,0.6416000000000001,0.3902,0.29815,0.8500500000000001,0.21115,0.25465,0.28825,0.6246,0.7485999999999999,0.32175
0.23304999999999998,0.24525000000000002,0.618,0.2394,0.34104999999999996,0.07139999999999999,0.13879999999999998,0.29485,0.7584,0.6204500000000001,0.6864,0.22585000000000002,0.13369999999999999,0.2804,0.27454999999999996,0.31284999999999996,1.0,0.2576,0.22915000000000002,0.11745000000000001,0.12384999999999999,0.23075,0.6062000000000001,0.11705000000000002,0.27705,0.0665,0.72075,0.0571,0.592,0.1555,0.7484,0.6597999999999999,0.80625,0.64175,0.717,0.22135,0.7541,0.40869999999999995,0.6873,0.15235,0.6532,0.05405,0.6246,0.0746,0.2343,0.71325,0.0871,0.65545,0.23205,0.3226,0.13015000000000002,0.7388,0.65585,0.35215,0.64005,0.6775,0.70345,0.13520000000000001,0.2651,0.72065
0.7737499999999999,0.8878999999999999,0.11425,0.6942999999999999,0.76625,0.00745,0.6940500000000001,0.78755,0.24845,0.521,0.37045,0.7809,0.7614,0.7887,0.8371999999999999,0.75505,0.2576,1.0,0.83125,0.7464500000000001,0.7691,0.8521000000000001,0.1006,0.7776500000000001,0.75705,0.09535,0.21444999999999997,0.04505,0.10834999999999999,0.0902,0.28504999999999997,0.24315000000000003,0.27535,0.16805,0.2774,0.8775999999999999,0.22225,0.7416,0.27565,0.71455,0.0814,0.0522,0.13055,0.05184999999999999,0.8518000000000001,0.13215,0.09659999999999999,0.31825000000000003,0.8243,0.7015,0.7463,0.3862,0.25179999999999997,0.7447,0.1864,0.19290000000000002,0.2285,0.7554000000000001,0.8031499999999999,0.26880000000000004
0.73675,0.8269500000000001,0.10955,0.65915,0.7131000000000001,0.0228,0.79525,0.7483500000000001,0.1643,0.46929999999999994,0.38075000000000003,0.7851,0.8502000000000001,0.7126,0.83665,0.7123,0.22915000000000002,0.83125,1.0,0.84235,0.83205,0.7592,0.08535000000000001,0.8298500000000001,0.7636000000000001,0.07515,0.17755,0.033100000000000004,0.07445,0.08345,0.1767,0.17615,0.23445,0.07039999999999999,0.23935,0.8519,0.15735,0.6268,0.23015,0.8158,0.09015,0.0523,0.08120000000000001,0.08070000000000001,0.82165,0.09240000000000001,0.06305,0.4029,0.7697,0.6809999999999999,0.8369,0.31110000000000004,0.2502,0.73855,0.12695,0.11334999999999999,0.2125,0.78285,0.8333999999999999,0.20379999999999998
0.76275,0.7481,0.04655,0.7017,0.6734,0.00925,0.7022999999999999,0.6537499999999999,0.09505,0.43255,0.30215000000000003,0.7596,0.8580500000000001,0.64605,0.7683,0.6523,0.11745000000000001,0.7464500000000001,0.84235,1.0,0.88615,0.7152499999999999,0.0514,0.8819000000000001,0.75315,0.08335000000000001,0.11259999999999999,0.03575,0.06275,0.10389999999999999,0.12095,0.11810000000000001,0.1575,0.053149999999999996,0.1639,0.8345,0.09635,0.5413,0.21595,0.83575,0.01365,0.028849999999999997,0.0412,0.07715,0.75645,0.00835,0.056499999999999995,0.3658,0.7353,0.6228,0.9089,0.21805,0.27315,0.6849999999999999,0.15055000000000002,0.05600000000000001,0.22014999999999998,0.7952,0.75085,0.15525
0.72175,0.75715,0.041499999999999995,0.6634,0.66875,0.014050000000000002,0.724,0.6763,0.09659999999999999,0.3933,0.2952,0.75525,0.851,0.6844,0.7404499999999999,0.64815,0.12384999999999999,0.7691,0.83205,0.88615,1.0,0.7852,0.060950000000000004,0.90115,0.7786,0.0949,0.10369999999999999,0.060450000000000004,0.07730000000000001,0.06695,0.1441,0.14135,0.151,0.01225,0.17545,0.7802,0.0939,0.5559499999999999,0.22959999999999997,0.8229,0.0050999999999999995,0.04675,0.0248,0.06625,0.77425,0.0081,0.09245,0.33875,0.78615,0.61925,0.9077999999999999,0.2447,0.25844999999999996,0.6740999999999999,0.10075,0.045950000000000005,0.1907,0.8044499999999999,0.7519,0.16375
0.6667,0.8237,0.11425,0.6328,0.7338,0.0104,0.69555,0.73225,0.1649,0.5277000000000001,0.42785,0.7169,0.78075,0.8145,0.82445,0.76335,0.23075,0.8521000000000001,0.7592,0.7152499999999999,0.7852,1.0,0.12275,0.75155,0.76565,0.09135,0.23715000000000003,0.08399999999999999,0.068,0.0429,0.24255,0.2265,0.2273,0.14545,0.30595,0.7803,0.16499999999999998,0.6753,0.26885,0.76425,0.09135,0.0712,0.13015000000000002,0.03585,0.8449,0.133,0.07435,0.33535,0.8619,0.6929000000000001,0.75305,0.32094999999999996,0.32799999999999996,0.77545,0.1444,0.17609999999999998,0.24695,0.67745,0.8343,0.26265
0.059199999999999996,0.09815,0.7495,0.09995000000000001,0.22654999999999997,0.15495,0.1176,0.1612,0.64395,0.5252,0.53095,0.041999999999999996,0.0571,0.24714999999999998,0.1271,0.17075,0.6062000000000001,0.1006,0.08535000000000001,0.0514,0.060950000000000004,0.12275,1.0,0.034350000000000006,0.1145,0.06775,0.6612,0.22195,0.7744,0.2993,0.61925,0.63095,0.6524,0.72095,0.5934999999999999,0.08265,0.6776500000000001,0.3257,0.53415,0.0485,0.81695,0.22164999999999999,0.7614,0.1387,0.0912,0.7379,0.27685,0.5974,0.13035000000000002,0.2152,0.1115,0.56785,0.5017,0.20224999999999999,0.58685,0.7182999999999999,0.507,0.0703,0.14695,0.60775
0.7202,0.75315,0.0309,0.68315,0.6529,0.00745,0.7057,0.6786,0.1031,0.39055,0.2928,0.75815,0.8340500000000001,0.6710499999999999,0.7229,0.6428499999999999,0.11705000000000002,0.7776500000000001,0.8298500000000001,0.8819000000000001,0.90115,0.75155,0.034350000000000006,1.0,0.7466999999999999,0.10069999999999998,0.10095000000000001,0.03615,0.09375,0.07515,0.1452,0.1288,0.15960000000000002,0.0056,0.17604999999999998,0.78365,0.10115,0.56345,0.23690000000000003,0.8182499999999999,0.00585,0.0477,0.0261,0.055349999999999996,0.80175,0.0034500000000000004,0.0967,0.33435000000000004,0.79305,0.6178,0.8916499999999999,0.2528,0.25585,0.65945,0.11479999999999999,0.0308,0.1943,0.8023999999999999,0.7363500000000001,0.15855
0.73675,0.7664500000000001,0.1407,0.705,0.7359,0.06495,0.6635,0.7186,0.20529999999999998,0.47115,0.40774999999999995,0.7852,0.73575,0.7152000000000001,0.7928499999999999,0.74275,0.27705,0.75705,0.7636000000000001,0.75315,0.7786,0.76565,0.1145,0.7466999999999999,1.0,0.06665,0.22010000000000002,0.0639,0.08725000000000001,0.0671,0.23735,0.18545,0.27565,0.1264,0.25745,0.81375,0.20045000000000002,0.5807,0.33125,0.7531,0.0997,0.0546,0.07215,0.09215,0.77525,0.1524,0.0683,0.35195,0.8016,0.73795,0.78625,0.2725,0.28085,0.81645,0.14875,0.1849,0.2602,0.6977,0.8336499999999999,0.2651
0.07944999999999999,0.07415000000000001,0.0086,0.0801,0.0756,0.035949999999999996,0.007549999999999999,0.08555,0.054000000000000006,0.08125,0.0759,0.09495,0.088,0.10245,0.0804,0.0605,0.0665,0.09535,0.07515,0.08335000000000001,0.0949,0.09135,0.06775,0.10069999999999998,0.06665,0.15,0.1076,0.05765,0.07915,0.0377,0.086,0.022600000000000002,0.09455,0.02525,0.0877,0.0804,0.09335,0.09085,0.07335,0.0635,0.048299999999999996,0.07015,0.0521,0.026250000000000002,0.10005,0.04575,0.0377,0.0902,0.1025,0.06394999999999999,0.0878,0.10175000000000001,0.0842,0.06925,0.028100000000000003,0.0279,0.079,0.0879,0.07525,0.0861
0.23765,0.22139999999999999,0.7248,0.31779999999999997,0.36805,0.04475,0.1492,0.36865000000000003,0.84975,0.71475,0.7556,0.23220000000000002,0.14245000000000002,0.28565,0.20875,0.2783,0.72075,0.21444999999999997,0.17755,0.11259999999999999,0.10369999999999999,0.23715000000000003,0.6612,0.10095000000000001,0.22010000000000002,0.1076,1.0,0.0898,0.7241500000000001,0.182,0.8154,0.7953,0.8452500000000001,0.798,0.8926999999999999,0.2226,0.86175,0.43425,0.8234999999999999,0.17070000000000002,0.76705,0.11259999999999999,0.79825,0.0507,0.20735,0.86235,0.07794999999999999,0.6708000000000001,0.2076,0.31005,0.1412,0.669,0.6879,0.3135,0.6411,0.8267,0.6950000000000001,0.11435,0.2794,0.83635
0.027200000000000002,0.030199999999999998,0.11095,0.018,0.052849999999999994,0.31934999999999997,0.0998,0.05895,0.0217,0.0536,0.0753,0.06675,0.0671,0.0591,0.03605,0.028349999999999997,0.0571,0.04505,0.033100000000000004,0.03575,0.060450000000000004,0.08399999999999999,0.22195,0.03615,0.0639,0.05765,0.0898,1.0,0.13955,0.6541,0.0314,0.1001,0.04565,0.0878,0.07805,0.030199999999999998,0.039850000000000003,0.0491,0.04255,0.0663,0.1629,0.954,0.10500000000000001,0.8695,0.03275,0.119,0.6985,0.049,0.0548,0.04045,0.0419,0.0411,0.05225,0.04295,0.10729999999999999,0.1271,0.0935,0.03375,0.0512,0.06575
0.10745,0.05625,0.7726,0.17304999999999998,0.23359999999999997,0.11259999999999999,0.05765,0.22725,0.76165,0.50605,0.51545,0.0726,0.03375,0.19770000000000001,0.03715,0.13045,0.592,0.10834999999999999,0.07445,0.06275,0.07730000000000001,0.068,0.7744,0.09375,0.08725000000000001,0.07915,0.7241500000000001,0.13955,1.0,0.38195,0.69135,0.6982999999999999,0.77435,0.7422,0.65405,0.06555,0.8049,0.3422,0.61785,0.00995,0.8168,0.18085,0.8207000000000001,0.0861,0.0823,0.80955,0.325,0.55465,0.07544999999999999,0.1943,0.1102,0.651,0.524,0.13394999999999999,0.774,0.7417,0.56495,0.07744999999999999,0.07395,0.6335
0.13415,0.0344,0.28815,0.13495,0.09809999999999999,0.12244999999999999,0.0533,0.1685,0.24689999999999998,0.11810000000000001,0.04245,0.02505,0.05735,0.1308,0.05620000000000001,0.11279999999999998,0.1555,0.0902,0.08345,0.10389999999999999,0.06695,0.0429,0.2993,0.07515,0.0671,0.0377,0.182,0.6541,0.38195,1.0,0.16419999999999998,0.1777,0.2445,0.2934,0.12755,0.08595,0.24914999999999998,0.19524999999999998,0.09735,0.02915,0.29914999999999997,0.65685,0.29775,0.6425500000000001,0.051449999999999996,0.2537,0.6746000000000001,0.16565000000000002,0.0363,0.16040000000000001,0.10105,0.21150000000000002,0.1762,0.08965,0.36960000000000004,0.2702,0.1945,0.0675,0.03805,0.14465
0.26875,0.2926,0.6511,0.3257,0.42469999999999997,0.06205000000000001,0.1079,0.35059999999999997,0.86195,0.6931499999999999,0.68565,0.17465,0.11539999999999999,0.23885,0.23405,0.30245,0.7484,0.28504999999999997,0.1767,0.12095,0.1441,0.24255,0.61925,0.1452,0.23735,0.086,0.8154,0.0314,0.69135,0.16419999999999998,1.0,0.8388500000000001,0.8628,0.7585,0.8657999999999999,0.25455,0.8358000000000001,0.46369999999999995,0.8188000000000001,0.14105,0.6535,0.040999999999999995,0.7575999999999999,0.03885,0.2243,0.7478,0.09955,0.686,0.25485,0.28135,0.1695,0.69675,0.6521,0.3282,0.7067,0.7631,0.7011000000000001,0.1525,0.26,0.8810499999999999
0.269,0.27725,0.6799000000000001,0.3024,0.35924999999999996,0.08315,0.20745,0.31215000000000004,0.78605,0.6776,0.6881999999999999,0.1776,0.12605,0.16255,0.20590000000000003,0.22890000000000002,0.6597999999999999,0.24315000000000003,0.17615,0.11810000000000001,0.14135,0.2265,0.63095,0.1288,0.18545,0.022600000000000002,0.7953,0.1001,0.6982999999999999,0.1777,0.8388500000000001,1.0,0.7832,0.7886,0.86385,0.2435,0.7519,0.3789,0.8026,0.1514,0.6928,0.09375,0.7888,0.027500000000000004,0.22014999999999998,0.791,0.12079999999999999,0.62005,0.22469999999999998,0.202,0.1555,0.60375,0.65465,0.26655,0.7313500000000001,0.7993,0.64505,0.1066,0.2643,0.8511
0.2577,0.22820000000000001,0.7149,0.30175,0.44089999999999996,0.03855,0.11884999999999998,0.3393,0.9009,0.6919,0.72405,0.2306,0.11805000000000002,0.28295,0.21025,0.29714999999999997,0.80625,0.27535,0.23445,0.1575,0.151,0.2273,0.6524,0.15960000000000002,0.27565,0.09455,0.8452500000000001,0.04565,0.77435,0.2445,0.8628,0.7832,1.0,0.7537499999999999,0.8532500000000001,0.23304999999999998,0.91045,0.46304999999999996,0.7943,0.1426,0.74175,0.08575,0.7674000000000001,0.07189999999999999,0.23115000000000002,0.834,0.14225000000000002,0.70335,0.22525,0.34235000000000004,0.19215,0.75155,0.66625,0.33955,0.78445,0.7864,0.75285,0.12165,0.2902,0.79945
0.19595,0.16635,0.8103999999999999,0.27385000000000004,0.3328,0.05689999999999999,0.13445000000000001,0.26825,0.8025,0.64135,0.5819,0.073,0.0619,0.2545,0.14835,0.22374999999999998,0.64175,0.16805,0.07039999999999999,0.053149999999999996,0.01225,0.14545,0.72095,0.0056,0.1264,0.02525,0.798,0.0878,0.7422,0.2934,0.7585,0.7886,0.7537499999999999,1.0,0.7737499999999999,0.18225,0.7656,0.425,0.6929000000000001,0.08255,0.752,0.0857,0.8724000000000001,0.034949999999999995,0.09885000000000001,0.85565,0.14775,0.6214999999999999,0.12010000000000001,0.25615,0.0732,0.6113000000000001,0.64165,0.25055,0.7152000000000001,0.9399,0.58755,0.0862,0.1671,0.76925
0.30665,0.31595,0.66435,0.35365,0.43289999999999995,0.029249999999999998,0.19755,0.3592,0.7997,0.7447,0.79645,0.2854,0.2138,0.25555,0.2601,0.26755,0.717,0.2774,0.23935,0.1639,0.17545,0.30595,0.5934999999999999,0.17604999999999998,0.25745,0.0877,0.8926999999999999,0.07805,0.65405,0.12755,0.8657999999999999,0.86385,0.8532500000000001,0.7737499999999999,1.0,0.29145,0.78075,0.45605,0.8775499999999999,0.25515,0.689,0.10685,0.74695,0.0424,0.27565,0.7783,0.06344999999999999,0.6870499999999999,0.2801,0.26549999999999996,0.20425,0.63815,0.7464999999999999,0.3344,0.66435,0.80765,0.71355,0.15435000000000001,0.34904999999999997,0.89915
0.8747,0.9162000000000001,0.07355,0.80665,0.77115,0.025750000000000002,0.72195,0.77295,0.20505,0.56005,0.38115,0.83985,0.82225,0.7317,0.88925,0.7464000000000001,0.22135,0.8775999999999999,0.8519,0.8345,0.7802,0.7803,0.08265,0.78365,0.81375,0.0804,0.2226,0.030199999999999998,0.06555,0.08595,0.25455,0.2435,0.23304999999999998,0.18225,0.29145,1.0,0.1768,0.69305,0.3223,0.7997,0.0496,0.0353,0.11850000000000001,0.0659,0.8583999999999999,0.0979,0.0441,0.33525,0.8018000000000001,0.70785,0.81615,0.30745,0.3175,0.7716999999999999,0.18045,0.1839,0.2616,0.8135,0.8404,0.2932
0.19355,0.1913,0.7222500000000001,0.24695,0.3601,0.08615,0.07255,0.356,0.94345,0.6353500000000001,0.67015,0.18665,0.05689999999999999,0.29015,0.15855,0.30684999999999996,0.7541,0.22225,0.15735,0.09635,0.0939,0.16499999999999998,0.6776500000000001,0.10115,0.20045000000000002,0.09335,0.86175,0.039850000000000003,0.8049,0.24914999999999998,0.8358000000000001,0.7519,0.91045,0.7656,0.78075,0.1768,1.0,0.4316,0.72005,0.06985,0.7683500000000001,0.0777,0.7766,0.04485,0.16865000000000002,0.86235,0.13915,0.63435,0.17335,0.34754999999999997,0.13520000000000001,0.75225,0.6066,0.27605,0.71085,0.7885,0.6809999999999999,0.07755,0.21475,0.78645
0.57365,0.71365,0.33255,0.6449499999999999,0.7013499999999999,0.01095,0.5337,0.74585,0.4565,0.5421,0.3565,0.5904499999999999,0.6054999999999999,0.7474000000000001,0.6643,0.6247,0.40869999999999995,0.7416,0.6268,0.5413,0.5559499999999999,0.6753,0.3257,0.56345,0.5807,0.09085,0.43425,0.0491,0.3422,0.19524999999999998,0.46369999999999995,0.3789,0.46304999999999996,0.425,0.45605,0.69305,0.4316,1.0,0.44025,0.55675,0.2851,0.0573,0.41900000000000004,0.0441,0.67485,0.3769,0.1504,0.44455,0.6381,0.6451,0.5523,0.4104,0.33965,0.59435,0.3476,0.44880000000000003,0.3061,0.615,0.6396499999999999,0.4306
0.30495,0.30985,0.6247499999999999,0.3746,0.44995,0.0171,0.18475,0.3318,0.75685,0.7055,0.7614,0.3161,0.23079999999999998,0.22490000000000002,0.2459,0.2592,0.6873,0.27565,0.23015,0.21595,0.22959999999999997,0.26885,0.53415,0.23690000000000003,0.33125,0.07335,0.8234999999999999,0.04255,0.61785,0.09735,0.8188000000000001,0.8026,0.7943,0.6929000000000001,0.8775499999999999,0.3223,0.72005,0.44025,1.0,0.27575,0.60355,0.06495,0.67335,0.0391,0.29,0.7221,0.06445,0.6735,0.29415,0.28195000000000003,0.25684999999999997,0.5859,0.6912,0.3229,0.63995,0.71045,0.7054,0.21844999999999998,0.33115,0.81355
0.7303,0.75365,0.07794999999999999,0.71065,0.70465,0.0206,0.7796000000000001,0.63425,0.09245,0.4827,0.38079999999999997,0.76685,0.8865999999999999,0.68845,0.74595,0.6423,0.15235,0.71455,0.8158,0.83575,0.8229,0.76425,0.0485,0.8182499999999999,0.7531,0.0635,0.17070000000000002,0.0663,0.00995,0.02915,0.14105,0.1514,0.1426,0.08255,0.25515,0.7997,0.06985,0.55675,0.27575,1.0,0.0715,0.07405,0.0828,0.05325,0.7497499999999999,0.0611,0.02305,0.3491,0.7686,0.62745,0.8522500000000001,0.16595,0.2887,0.69135,0.06985,0.1234,0.2273,0.78135,0.79225,0.18725
0.0629,0.060250000000000005,0.8175000000000001,0.09235,0.21985000000000002,0.12184999999999999,0.1481,0.1694,0.73095,0.5429,0.6247499999999999,0.10629999999999999,0.03835,0.2133,0.05815,0.16765000000000002,0.6532,0.0814,0.09015,0.01365,0.0050999999999999995,0.09135,0.81695,0.00585,0.0997,0.048299999999999996,0.76705,0.1629,0.8168,0.29914999999999997,0.6535,0.6928,0.74175,0.752,0.689,0.0496,0.7683500000000001,0.2851,0.60355,0.0715,1.0,0.20095000000000002,0.8045500000000001,0.074,0.055700000000000006,0.8824,0.1872,0.5519999999999999,0.0612,0.229,0.04005,0.6006,0.5326500000000001,0.19045,0.62185,0.79535,0.5991500000000001,0.0079,0.13985,0.62895
0.0309,0.03255,0.10085,0.020399999999999998,0.0622,0.33075,0.09805,0.0528,0.03975,0.0628,0.10364999999999999,0.10495000000000002,0.0553,0.0779,0.01495,0.02425,0.05405,0.0522,0.0523,0.028849999999999997,0.04675,0.0712,0.22164999999999999,0.0477,0.0546,0.07015,0.11259999999999999,0.954,0.18085,0.65685,0.040999999999999995,0.09375,0.08575,0.0857,0.10685,0.0353,0.0777,0.0573,0.06495,0.07405,0.20095000000000002,1.0,0.1193,0.85125,0.0514,0.15894999999999998,0.7016,0.0342,0.03455,0.05325,0.0376,0.053849999999999995,0.05845,0.03095,0.1222,0.1333,0.11015,0.03695,0.056299999999999996,0.061
0.13274999999999998,0.12165,0.7732,0.21325,0.29015,0.0653,0.1305,0.22749999999999998,0.78755,0.6317,0.58755,0.0332,0.0758,0.25255,0.0964,0.17945,0.6246,0.13055,0.08120000000000001,0.0412,0.0248,0.13015000000000002,0.7614,0.0261,0.07215,0.0521,0.79825,0.10500000000000001,0.8207000000000001,0.29775,0.7575999999999999,0.7888,0.7674000000000001,0.8724000000000001,0.74695,0.11850000000000001,0.7766,0.41900000000000004,0.67335,0.0828,0.8045500000000001,0.1193,1.0,0.0299,0.08199999999999999,0.8528,0.16605,0.6072,0.09,0.21575000000000003,0.0757,0.6265,0.57875,0.1921,0.70405,0.8582000000000001,0.5791999999999999,0.0867,0.13485,0.7125
0.06470000000000001,0.02975,0.08080000000000001,0.04765,0.07285,0.2745,0.04315,0.08635000000000001,0.0521,0.059199999999999996,0.0405,0.05245,0.038400000000000004,0.01935,0.044700000000000004,0.04815,0.0746,0.05184999999999999,0.08070000000000001,0.07715,0.06625,0.03585,0.1387,0.055349999999999996,0.09215,0.026250000000000002,0.0507,0.8695,0.0861,0.6425500000000001,0.03885,0.027500000000000004,0.07189999999999999,0.034949999999999995,0.0424,0.0659,0.04485,0.0441,0.0391,0.05325,0.074,0.85125,0.0299,1.0,0.038650000000000004,0.03665,0.67705,0.07075000000000001,0.04255,0.07255,0.06835,0.04775,0.034949999999999995,0.06520000000000001,0.09985000000000001,0.055700000000000006,0.1034,0.04625,0.0792,0.04295
0.76165,0.89275,0.0646,0.71365,0.74055,0.0242,0.7248,0.7813,0.1622,0.49205,0.39315,0.8109500000000001,0.79365,0.779,0.85545,0.739,0.2343,0.8518000000000001,0.82165,0.75645,0.77425,0.8449,0.0912,0.80175,0.77525,0.10005,0.20735,0.03275,0.0823,0.051449999999999996,0.2243,0.22014999999999998,0.23115000000000002,0.09885000000000001,0.27565,0.8583999999999999,0.16865000000000002,0.67485,0.29,0.7497499999999999,0.055700000000000006,0.0514,0.08199999999999999,0.038650000000000004,1.0,0.10974999999999999,0.07085,0.3262,0.87675,0.7001999999999999,0.7781,0.34245000000000003,0.2938,0.7683500000000001,0.151,0.13285,0.27555,0.7698,0.8474,0.25834999999999997
0.1145,0.10769999999999999,0.8332499999999999,0.18495,0.3129,0.10164999999999999,0.1525,0.27094999999999997,0.8252499999999999,0.603,0.67085,0.1545,0.02715,0.25515,0.1072,0.22085,0.71325,0.13215,0.09240000000000001,0.00835,0.0081,0.133,0.7379,0.0034500000000000004,0.1524,0.04575,0.86235,0.119,0.80955,0.2537,0.7478,0.791,0.834,0.85565,0.7783,0.0979,0.86235,0.3769,0.7221,0.0611,0.8824,0.15894999999999998,0.8528,0.03665,0.10974999999999999,1.0,0.13799999999999998,0.59565,0.11105000000000001,0.28165,0.036699999999999997,0.6476,0.5785,0.23845,0.7137,0.8891500000000001,0.65605,0.01575,0.19824999999999998,0.7216
0.04925,0.0463,0.2178,0.062150000000000004,0.10485,0.21335,0.05405,0.1424,0.1411,0.06684999999999999,0.0299,0.0315,0.0386,0.12595,0.019950000000000002,0.0639,0.0871,0.09659999999999999,0.06305,0.056499999999999995,0.09245,0.07435,0.27685,0.0967,0.0683,0.0377,0.07794999999999999,0.6985,0.325,0.6746000000000001,0.09955,0.12079999999999999,0.14225000000000002,0.14775,0.06344999999999999,0.0441,0.13915,0.1504,0.06445,0.02305,0.1872,0.7016,0.16605,0.67705,0.07085,0.13799999999999998,1.0,0.0892,0.0716,0.11855,0.079,0.14730000000000001,0.04365,0.05885,0.21725,0.15535000000000002,0.06420000000000001,0.0726,0.03725,0.0799
0.26,0.33725,0.63435,0.31720000000000004,0.4518,0.06835,0.3024,0.3767,0.6348,0.6475,0.66155,0.24295,0.3488,0.30724999999999997,0.39705,0.42394999999999994,0.65545,0.31825000000000003,0.4029,0.3658,0.33875,0.33535,0.5974,0.33435000000000004,0.35195,0.0902,0.6708000000000001,0.049,0.55465,0.16565000000000002,0.686,0.62005,0.70335,0.6214999999999999,0.6870499999999999,0.33525,0.63435,0.44455,0.6735,0.3491,0.5519999999999999,0.0342,0.6072,0.07075000000000001,0.3262,0.59565,0.0892,1.0,0.37629999999999997,0.37575,0.37915,0.54565,0.62185,0.4809,0.5958,0.63765,0.6042500000000001,0.29495,0.3821,0.7106
0.7001000000000001,0.835,0.10945,0.70085,0.7396499999999999,0.041999999999999996,0.7076,0.75705,0.16175,0.48955000000000004,0.3983,0.7458,0.76415,0.77325,0.8553000000000001,0.7397,0.23205,0.8243,0.7697,0.7353,0.78615,0.8619,0.13035000000000002,0.79305,0.8016,0.1025,0.2076,0.0548,0.07544999999999999,0.0363,0.25485,0.22469999999999998,0.22525,0.12010000000000001,0.2801,0.8018000000000001,0.17335,0.6381,0.29415,0.7686,0.0612,0.03455,0.09,0.04255,0.87675,0.11105000000000001,0.0716,0.37629999999999997,1.0,0.68995,0.79715,0.30310000000000004,0.2889,0.787,0.11955,0.1412,0.2673,0.7003999999999999,0.86205,0.28135
0.6111500000000001,0.69975,0.24755,0.5730999999999999,0.7433,0.0566,0.6182000000000001,0.66925,0.344,0.4316,0.3982,0.6589,0.6013,0.7777499999999999,0.6822,0.8092499999999999,0.3226,0.7015,0.6809999999999999,0.6228,0.61925,0.6929000000000001,0.2152,0.6178,0.73795,0.06394999999999999,0.31005,0.04045,0.1943,0.16040000000000001,0.28135,0.202,0.34235000000000004,0.25615,0.26549999999999996,0.70785,0.34754999999999997,0.6451,0.28195000000000003,0.62745,0.229,0.05325,0.21575000000000003,0.07255,0.7001999999999999,0.28165,0.11855,0.37575,0.68995,1.0,0.6433500000000001,0.37120000000000003,0.2978,0.77885,0.2184,0.32225000000000004,0.30619999999999997,0.60185,0.73175,0.2828
0.7453000000000001,0.749,0.07235,0.7026,0.7231,0.0112,0.7197,0.6592,0.12655,0.46005,0.32685,0.7516499999999999,0.8472,0.67755,0.764,0.6416000000000001,0.13015000000000002,0.7463,0.8369,0.9089,0.9077999999999999,0.75305,0.1115,0.8916499999999999,0.78625,0.0878,0.1412,0.0419,0.1102,0.10105,0.1695,0.1555,0.19215,0.0732,0.20425,0.81615,0.13520000000000001,0.5523,0.25684999999999997,0.8522500000000001,0.04005,0.0376,0.0757,0.06835,0.7781,0.036699999999999997,0.079,0.37915,0.79715,0.6433500000000001,1.0,0.25115,0.2846,0.69865,0.1367,0.07835,0.2233,0.8009999999999999,0.7986,0.1887
0.33655,0.3225,0.5492,0.3027,0.3532,0.0188,0.17715,0.3773,0.74415,0.6809999999999999,0.69685,0.27349999999999997,0.22285,0.40564999999999996,0.31225,0.3902,0.7388,0.3862,0.31110000000000004,0.21805,0.2447,0.32094999999999996,0.56785,0.2528,0.2725,0.10175000000000001,0.669,0.0411,0.651,0.21150000000000002,0.69675,0.60375,0.75155,0.6113000000000001,0.63815,0.30745,0.75225,0.4104,0.5859,0.16595,0.6006,0.053849999999999995,0.6265,0.04775,0.34245000000000003,0.6476,0.14730000000000001,0.54565,0.30310000000000004,0.37120000000000003,0.25115,1.0,0.6232,0.353,0.6418999999999999,0.6126,0.6607000000000001,0.251,0.28905,0.6364
0.34595,0.28045,0.51525,0.3346,0.2929,0.00375,0.15245,0.26005,0.60395,0.6437,0.6877,0.26525,0.292,0.28450000000000003,0.2995,0.29815,0.65585,0.25179999999999997,0.2502,0.27315,0.25844999999999996,0.32799999999999996,0.5017,0.25585,0.28085,0.0842,0.6879,0.05225,0.524,0.1762,0.6521,0.65465,0.66625,0.64165,0.7464999999999999,0.3175,0.6066,0.33965,0.6912,0.2887,0.5326500000000001,0.05845,0.57875,0.034949999999999995,0.2938,0.5785,0.04365,0.62185,0.2889,0.2978,0.2846,0.6232,1.0,0.3247,0.64,0.6064499999999999,0.73065,0.18675,0.3085,0.68865
0.70885,0.774,0.23359999999999997,0.65245,0.79035,0.07465000000000001,0.6599,0.70865,0.2759,0.50415,0.49335000000000007,0.693,0.6931499999999999,0.7297,0.84435,0.8500500000000001,0.35215,0.7447,0.73855,0.6849999999999999,0.6740999999999999,0.77545,0.20224999999999999,0.65945,0.81645,0.06925,0.3135,0.04295,0.13394999999999999,0.08965,0.3282,0.26655,0.33955,0.25055,0.3344,0.7716999999999999,0.27605,0.59435,0.3229,0.69135,0.19045,0.03095,0.1921,0.06520000000000001,0.7683500000000001,0.23845,0.05885,0.4809,0.787,0.77885,0.69865,0.353,0.3247,1.0,0.229,0.2808,0.31989999999999996,0.6346499999999999,0.81455,0.36195
0.23165,0.13065,0.6293,0.26595,0.29510000000000003,0.077,0.06899999999999999,0.21960000000000002,0.7106,0.5516,0.54085,0.12535000000000002,0.0841,0.12975,0.14350000000000002,0.21115,0.64005,0.1864,0.12695,0.15055000000000002,0.10075,0.1444,0.58685,0.11479999999999999,0.14875,0.028100000000000003,0.6411,0.10729999999999999,0.774,0.36960000000000004,0.7067,0.7313500000000001,0.78445,0.7152000000000001,0.66435,0.18045,0.71085,0.3476,0.63995,0.06985,0.62185,0.1222,0.70405,0.09985000000000001,0.151,0.7137,0.21725,0.5958,0.11955,0.2184,0.1367,0.6418999999999999,0.64,0.229,1.0,0.6917500000000001,0.6894,0.07155,0.13174999999999998,0.64005
0.19790000000000002,0.18455,0.8195,0.26595,0.38144999999999996,0.08275,0.20425,0.2954,0.8190500000000001,0.6237,0.62225,0.1503,0.0756,0.28225,0.15425,0.25465,0.6775,0.19290000000000002,0.11334999999999999,0.05600000000000001,0.045950000000000005,0.17609999999999998,0.7182999999999999,0.0308,0.1849,0.0279,0.8267,0.1271,0.7417,0.2702,0.7631,0.7993,0.7864,0.9399,0.80765,0.1839,0.7885,0.44880000000000003,0.71045,0.1234,0.79535,0.1333,0.8582000000000001,0.055700000000000006,0.13285,0.8891500000000001,0.15535000000000002,0.63765,0.1412,0.32225000000000004,0.07835,0.6126,0.6064499999999999,0.2808,0.6917500000000001,1.0,0.6056,0.09265,0.21444999999999997,0.78865
0.30870000000000003,0.24165,0.5489499999999999,0.29755,0.3214,0.08095,0.13799999999999998,0.23279999999999998,0.67055,0.61315,0.67555,0.28215,0.19855,0.21925,0.2509,0.28825,0.70345,0.2285,0.2125,0.22014999999999998,0.1907,0.24695,0.507,0.1943,0.2602,0.079,0.6950000000000001,0.0935,0.56495,0.1945,0.7011000000000001,0.64505,0.75285,0.58755,0.71355,0.2616,0.6809999999999999,0.3061,0.7054,0.2273,0.5991500000000001,0.11015,0.5791999999999999,0.1034,0.27555,0.65605,0.06420000000000001,0.6042500000000001,0.2673,0.30619999999999997,0.2233,0.6607000000000001,0.73065,0.31989999999999996,0.6894,0.6056,1.0,0.16955,0.2942,0.66425
0.7527999999999999,0.8029999999999999,0.0427,0.70545,0.6496999999999999,0.027600000000000003,0.7038,0.68345,0.11065,0.3927,0.23254999999999998,0.72865,0.8214,0.6932,0.7392000000000001,0.6246,0.13520000000000001,0.7554000000000001,0.78285,0.7952,0.8044499999999999,0.67745,0.0703,0.8023999999999999,0.6977,0.0879,0.11435,0.03375,0.07744999999999999,0.0675,0.1525,0.1066,0.12165,0.0862,0.15435000000000001,0.8135,0.07755,0.615,0.21844999999999998,0.78135,0.0079,0.03695,0.0867,0.04625,0.7698,0.01575,0.0726,0.29495,0.7003999999999999,0.60185,0.8009999999999999,0.251,0.18675,0.6346499999999999,0.07155,0.09265,0.16955,1.0,0.6889000000000001,0.1678
0.7253499999999999,0.8413999999999999,0.17315,0.6738999999999999,0.78895,0.027850000000000003,0.7491,0.7534,0.21025,0.5608,0.48244999999999993,0.7874,0.7642,0.77385,0.8505,0.7485999999999999,0.2651,0.8031499999999999,0.8333999999999999,0.75085,0.7519,0.8343,0.14695,0.7363500000000001,0.8336499999999999,0.07525,0.2794,0.0512,0.07395,0.03805,0.26,0.2643,0.2902,0.1671,0.34904999999999997,0.8404,0.21475,0.6396499999999999,0.33115,0.79225,0.13985,0.056299999999999996,0.13485,0.0792,0.8474,0.19824999999999998,0.03725,0.3821,0.86205,0.73175,0.7986,0.28905,0.3085,0.81455,0.13174999999999998,0.21444999999999997,0.2942,0.6889000000000001,1.0,0.30155
0.3115,0.33945,0.6536,0.36135,0.40380000000000005,0.09495,0.1608,0.386,0.80615,0.68635,0.7058,0.23664999999999997,0.17045,0.22959999999999997,0.29,0.32175,0.72065,0.26880000000000004,0.20379999999999998,0.15525,0.16375,0.26265,0.60775,0.15855,0.2651,0.0861,0.83635,0.06575,0.6335,0.14465,0.8810499999999999,0.8511,0.79945,0.76925,0.89915,0.2932,0.78645,0.4306,0.81355,0.18725,0.62895,0.061,0.7125,0.04295,0.25834999999999997,0.7216,0.0799,0.7106,0.28135,0.2828,0.1887,0.6364,0.68865,0.36195,0.64005,0.78865,0.66425,0.1678,0.30155,1.0
