-0.14692,-0.10706,0.0057029,0.075701,-0.035322,0.25033,-0.1255,0.11073,-0.045987,0.2784,-0.10276,-0.10379,0.057442,-0.068513,0.21825,-0.031072,0.093754,-0.073408,0.0079185,-0.019301,0.094565,-0.065575,0.2834,-0.11438,-0.027584,0.083316,0.027798,-0.1281,-0.17405,0.025801,0.067019,0.17084,0.060098,0.026055,0.22737,-0.39423,-0.081647,0.12028,0.24757,0.13037,0.024055,0.063245,0.045624,0.088547,0.0029734,0.27297,0.036889,-0.10166,-0.10605,-0.059974,-0.11629,-0.10854,-0.10382,-0.13319,0.010746,0.11557,0.073218,0.013186,0.0027922,0.041555
-0.15716,-0.12354,0.018762,-0.016926,0.13299,0.054861,-0.10324,-0.021329,0.14285,-0.075159,-0.11302,-0.15817,0.041337,-0.006634,-0.040716,0.02046,0.11084,-0.07396,-0.16797,0.17226,-0.12257,0.024645,-0.039908,-0.05824,0.038779,0.045067,0.025491,0.057164,0.19917,0.025703,0.03071,0.0062952,0.091652,0.078216,0.049964,0.093043,0.24602,-0.040208,0.011096,0.080064,-0.035986,-0.17524,-0.034012,0.19931,0.20956,0.051132,0.021269,0.061261,0.18786,0.17889,0.023953,0.061928,-0.17516,0.26364,0.018727,0.41274,0.24201,0.29371,0.050973,-0.083039
-0.10248,0.17337,-0.023793,-0.2096,-0.14243,-0.16113,-0.046883,-0.02816,-0.18201,-0.0068606,0.014242,-0.060569,0.023339,-0.30323,-0.03721,0.043587,0.057672,0.26242,0.11407,-0.059184,-0.051554,0.3637,0.15268,-0.26256,-0.028613,0.011588,-0.19361,0.019681,0.036613,-0.045187,0.12999,0.0053598,-0.012829,0.026044,-0.18831,-0.042878,0.083033,0.019103,-0.016592,-0.07474,-0.38493,-0.025521,-0.14987,0.099122,0.010356,0.058276,-0.074747,-0.046421,-0.14792,-0.042621,-0.011057,-0.044443,-0.23178,0.053218,0.056681,-0.050502,-0.083144,0.11399,0.012737,0.0778
-0.14603,-0.085414,0.011322,0.014932,-0.053866,0.29289,-0.2531,0.093053,-0.084677,0.17878,-0.033237,0.13772,0.028429,-0.14347,0.17108,-0.043131,-0.029183,0.041145,0.17864,-0.26501,-0.10023,-0.15082,-0.16666,0.30581,0.20624,-0.11961,-0.17942,-0.12074,0.0070603,-0.04227,-0.017421,-0.12841,0.04844,-0.03183,0.044663,0.3905,0.0039809,-0.033315,-0.05879,0.034756,-0.1708,-0.15391,-0.1455,0.070354,-0.11119,0.026286,-0.01465,-0.17241,0.066747,-0.089137,-0.059726,-0.055257,0.027221,0.0018954,0.00027304,0.016458,0.035085,0.061044,-0.041536,0.067562
-0.16041,-0.0658,0.0063931,-0.10132,0.094098,0.050184,-0.079081,-0.054113,-0.22137,-0.039237,0.192,-0.0055248,-0.12397,0.26621,0.038893,-0.26082,0.03123,-0.11785,0.050064,-0.23033,0.071028,-0.057833,0.41175,0.019483,-0.15583,0.046294,-0.2607,0.14951,0.13053,0.003558,-0.17737,0.12696,0.068828,-0.0066619,-0.039097,0.026532,0.088911,-0.19708,0.10705,-0.050529,0.022671,-0.10953,0.10181,-0.18483,-0.12385,-0.18625,0.07524,0.15451,-0.0070234,-0.12108,0.092675,-0.011537,-0.047135,0.14496,-0.030822,0.069894,-0.043201,0.061823,0.047602,0.030519
-0.014504,0.01543,-0.17897,0.011793,0.23093,-0.33137,-0.30173,0.75876,0.15492,-0.019508,-0.073389,0.091474,-0.035755,0.16404,-0.013921,0.055625,-0.09467,0.16289,0.040949,0.029585,-0.022703,-0.038552,0.052821,-0.063052,-0.08417,0.012738,-0.082421,-0.0071482,-0.015939,-0.0068774,-0.034741,0.015348,-0.032805,-0.0010197,0.022347,0.026786,-0.02441,0.0014767,-0.0075869,0.014522,-0.0061164,0.010071,-0.0055541,-0.021168,-0.0047902,0.013148,-0.010806,-0.0092569,-0.0099674,0.006116,0.014669,-0.0069111,-0.0082375,0.017512,-0.0015765,-0.0019253,0.001168,-0.011722,-0.011304,-0.0010946
-0.13187,-0.11758,-0.024938,-0.088715,-0.10796,-0.27045,-0.15821,-0.10977,-0.016506,0.066078,0.0044891,-0.36614,0.065285,0.090428,-0.28967,0.14426,0.18775,-0.0035551,0.13254,0.0096906,-0.11803,-0.20578,-0.11448,0.26358,-0.0050986,-0.028256,-0.017277,-0.17046,0.035916,-0.17801,-0.22862,0.071376,0.037029,0.28027,-0.16404,-0.14202,0.087737,-0.053888,0.10902,0.12129,-0.088285,0.14461,-0.014387,-0.075231,-0.12003,0.11503,-0.075315,0.01189,0.045738,-0.0051392,-0.053428,0.10144,0.023064,-0.097887,-0.050835,-0.015511,-0.050807,-0.06074,0.024661,0.054159
-0.15486,-0.080905,-0.01583,-0.17823,0.09317,0.18988,-0.12799,0.050885,0.028763,-0.076419,0.086806,-0.0022338,0.082707,-0.36121,-0.047174,0.28434,-0.12948,0.11544,0.094021,-0.11842,-0.037884,0.10075,0.017323,0.040704,0.082259,0.19442,0.018536,0.088593,0.0021399,-0.078596,-0.0039991,0.17718,0.074006,-0.073228,0.11115,0.031858,0.20399,0.046559,0.22236,-0.099165,0.05426,0.050964,0.25223,-0.12676,0.1885,-0.13533,0.087229,0.20003,0.12162,0.17067,0.015338,0.113,0.21422,-0.14071,0.028975,-0.13747,-0.025428,-0.12168,0.033779,-0.096983
-0.12424,0.17731,0.038365,-0.075091,0.04838,0.15034,0.043177,0.059898,-0.005873,-0.038706,0.20159,-0.046616,0.14169,0.15579,0.039444,0.15166,0.037143,0.025334,0.13803,0.13905,-0.042797,-0.00046945,0.0029782,-0.032983,0.1236,-0.046176,0.053381,0.033071,0.12193,0.088968,0.0041354,0.086613,0.14243,0.24668,0.10579,-0.057269,-0.18869,-0.032972,-0.1729,-0.013415,-0.10994,-0.054571,-0.060447,0.01454,-0.0069743,-0.045486,-0.085745,0.006944,0.098294,-0.072676,0.26639,-0.32831,0.061183,-0.1987,0.061821,0.18206,-0.28952,-0.014573,-0.094203,-0.387
-0.15539,0.071494,0.049821,0.1553,0.030808,-0.059175,0.007327,-0.16517,0.19826,-0.011346,-0.13162,-0.11415,0.090172,0.26501,0.30053,-0.077606,-0.2827,0.22624,0.10146,0.035024,-0.18411,0.092546,-0.14858,-0.0043069,0.13788,-0.15187,-0.018534,-0.093088,0.046888,-0.036899,0.057841,0.17988,-0.13218,-0.099871,-0.046849,-0.13034,-0.0065629,-0.13201,0.22557,-0.11094,-0.13207,0.083477,0.020957,0.079353,-0.18451,-0.12661,0.21876,0.17114,-0.12894,0.10071,0.0051956,-0.06888,0.14835,0.017076,0.037393,0.0020077,0.051606,0.14651,-0.042066,0.059553
-0.14057,0.10138,0.059196,0.23904,0.13245,-0.24032,0.13731,-0.16079,0.096742,0.074148,0.053708,-0.11915,-0.016881,0.11749,0.1736,0.062534,-0.09058,0.1529,-0.1933,-0.13842,-0.010998,-0.042315,-0.068958,-0.043424,-0.052396,0.09481,-0.10544,0.12441,-0.028678,-0.042264,0.032043,-0.043766,0.050303,0.17271,0.15285,0.11746,0.099505,0.20141,0.15925,0.11284,-0.12088,-0.20797,0.02794,-0.23136,0.20127,-0.086514,0.045932,-0.29052,0.13878,-0.20761,-0.14798,0.011775,-0.15373,-0.0823,0.11118,-0.092252,-0.019779,-0.14919,0.0284,-0.069397
-0.14516,-0.12156,-0.00094764,0.077213,0.04072,0.0016168,-0.044297,0.026151,0.088295,0.32882,0.23248,0.0030814,-0.0055248,-0.16095,-0.0647,-0.13096,-0.049914,0.060846,-0.31478,0.024102,0.12118,0.12084,-0.057087,0.053018,-0.046439,-0.35607,-0.036149,0.20564,0.07222,-0.024445,-0.0051077,-0.12112,-0.15218,-0.14036,-0.15996,0.0041282,-0.23386,-0.14718,0.14074,0.092861,-0.15576,0.17459,0.077226,-0.12268,0.10416,0.028214,-0.16496,0.084492,0.040531,0.087144,0.09867,0.018361,-0.020887,-0.162,-0.096958,0.18625,0.012248,-0.073457,0.081288,-0.071702
-0.14241,-0.14295,-0.0064689,0.081868,-0.19345,-0.090061,-0.035195,-0.031624,0.075003,0.017168,-0.089689,0.12935,0.1305,-0.027193,-0.060345,0.050495,-0.05732,0.069782,-0.1104,-0.2061,0.087654,-0.069881,0.085693,-0.21999,0.079149,0.11518,0.10456,0.2819,-0.1311,-0.094337,0.1134,-0.05751,0.21052,0.11042,0.01914,-0.1392,-0.057317,-0.1733,-0.16048,-0.038173,-0.029384,0.13819,-0.189,-0.11125,-0.33247,-0.066314,0.082216,-0.18293,0.28094,0.15724,-0.01751,0.015029,0.15261,0.10554,-0.17089,-0.048857,0.077707,0.12765,0.071265,-0.095839
-0.14973,-0.092602,-0.015491,-0.2543,0.079209,-0.054797,0.14425,-0.11083,0.22621,0.059155,-0.061348,0.30924,-0.0079429,0.10505,0.030284,0.016145,0.012142,0.044128,0.080151,-0.045071,-0.0013047,-0.076567,0.0097661,0.0042256,-0.11075,0.060942,0.18596,0.19135,0.14554,0.089083,0.053007,-0.10564,0.13593,0.062351,0.17852,0.18334,0.14244,-0.034056,0.11075,0.28892,-0.042901,0.1661,0.032879,0.16214,-0.2243,0.054792,-0.16807,0.12764,-0.25392,0.10682,-0.024939,0.032271,-0.21694,-0.15374,0.084519,-0.073523,-0.11375,-0.031629,-0.084523,0.083823
-0.15389,-0.12665,0.01476,-0.0065826,0.12092,-0.018607,-5.6781e-06,0.013105,-0.0014978,-0.044199,-0.2554,-0.095736,0.076413,-0.21959,0.050836,-0.11075,-0.1786,-0.037629,-0.05425,0.0064536,0.007665,-0.037857,0.0076683,0.013747,-0.020706,-0.012675,0.19022,0.14129,-0.1267,0.063468,-0.02914,-0.035535,0.072132,0.17862,-0.31203,0.097888,-0.1159,-0.058411,-0.039259,-0.07732,0.09442,-0.031286,0.12266,0.023069,-0.065649,0.25137,0.18898,0.032999,-0.027748,-0.2689,0.21291,0.074835,0.027579,0.13448,0.42632,0.036095,-0.20324,-0.098858,0.073063,0.046283
-0.14916,-0.087765,0.0062926,-0.16039,0.21798,-0.030879,0.15966,0.076205,-0.21603,-0.0052014,-0.10363,-0.032602,0.014799,0.079748,0.034356,0.25483,0.10027,-0.15389,-0.21684,-0.16218,0.029381,0.094344,-0.14135,-0.097001,0.36368,-0.084141,-0.20066,0.031201,0.22826,0.090501,-0.25156,-0.11194,-0.054425,-0.25166,-0.005866,-0.23354,0.0027655,0.063459,-0.10806,0.12459,0.080618,0.065013,-0.054779,-0.0052018,-0.093726,0.023621,0.16181,-0.12585,-0.07808,0.081267,-0.035755,0.0046338,-0.011956,0.016275,0.16529,-0.082056,-0.035118,-0.045272,-0.036903,-0.0094629
-0.12023,0.14511,0.039797,0.075075,0.1569,-0.0080321,0.22818,0.089511,0.012305,-0.018408,-0.020257,-0.050456,0.28835,-0.17845,-0.19989,-0.28856,0.20941,0.16628,0.20259,0.011032,0.2628,-0.36368,-0.073746,-0.0011467,0.032226,-0.050627,-0.040488,0.091834,-0.014002,0.26879,0.070284,0.23954,-0.187,-0.129,-0.093202,-0.022534,0.16408,0.0022036,-0.018273,0.088123,-0.031154,-0.051105,0.073107,0.045275,-0.011398,-0.080307,0.051835,-0.14539,0.05034,0.11649,-0.010509,-0.037821,-0.000264,0.0075959,-0.03609,-0.053418,-0.040859,0.040899,0.017949,0.015381
-0.15553,-0.11815,-0.00022329,-0.075699,0.084893,0.1186,0.030306,-0.027411,0.18799,-0.074977,-0.02327,-0.16075,-0.03883,0.070959,-0.094741,-0.042802,-0.02711,-0.021908,0.0013043,0.06438,0.17138,0.21803,0.10595,-0.19108,-0.056237,-0.21601,-0.099087,-0.31828,-0.052596,0.14357,0.10113,0.090265,0.21615,0.022027,-0.013631,0.15164,-0.093562,0.066794,-0.090666,0.17835,-0.044273,-0.034457,0.048364,-0.10787,-0.075019,-0.09147,-0.27784,-0.071466,0.027,0.047897,-0.27188,0.10054,0.35308,0.17329,0.12675,-0.031807,-0.054004,-0.074371,-0.081958,0.068794
-0.15028,-0.1323,-0.0067743,0.014418,-0.091353,-0.072107,0.062939,0.015493,0.018378,-0.054114,0.071458,-0.23319,0.21716,-0.029662,-0.16094,0.06678,-0.16027,0.069815,-0.076522,0.095719,0.064217,-0.06417,0.22675,0.083136,-0.01404,0.13814,0.033536,-0.14002,-0.075718,-0.050462,-0.029557,-0.2205,0.12231,-0.18731,-0.0080435,0.19816,-0.092569,-0.014871,-0.26019,0.024817,0.023133,0.076365,0.11928,0.020541,0.049748,-0.2614,0.25764,-0.0057142,-0.25858,-0.058774,-0.092491,-0.23023,-0.13159,-0.23896,-0.002248,0.10622,0.17492,0.092123,-0.061866,0.074986
-0.13982,-0.14116,-0.012274,0.10338,-0.26929,-0.014036,0.046545,0.098013,-0.099477,0.00090488,0.026004,0.0021457,0.067956,0.093996,0.063784,0.029747,-0.12965,-0.027028,-0.018936,0.088613,0.078734,0.1355,0.056606,0.031088,0.095216,-0.1212,0.093826,0.12925,-0.10579,0.19423,-0.10745,0.054595,-0.19188,0.13161,0.037155,0.10517,0.49288,0.053641,-0.06989,-0.051101,0.10343,-0.020769,-0.22604,-0.25637,0.10061,0.15317,-0.10684,-0.047162,-0.3275,-0.0043055,0.069233,0.021208,0.19371,-0.078342,-0.069247,0.082901,-0.010455,0.073998,-0.004298,-0.022831
-0.13982,-0.14315,-0.017251,0.084828,-0.23444,-0.044292,0.063512,0.068828,0.022774,-0.12403,0.13763,0.052532,-0.089983,0.011,-0.0057957,0.13009,0.12123,-0.055217,0.12892,0.065689,0.20999,0.066058,-0.065782,-0.08793,0.007608,-0.043693,0.12605,0.068554,-0.13445,-0.11106,-0.23868,0.078824,-0.06566,-0.044845,0.040607,0.13248,-0.1318,-0.11659,0.28617,0.25784,-0.030809,0.0066576,-0.22594,0.2727,0.22537,-0.13379,0.17537,0.039088,0.056592,-0.089438,0.024048,-0.22748,0.038075,0.27016,0.036672,-0.13465,-0.061176,-0.092246,0.055459,0.060305
-0.15132,-0.11739,0.0011635,-0.022276,0.11111,-0.077755,0.068953,-0.14456,0.12681,-0.10909,-0.1255,0.11353,-0.29751,0.026917,-0.092898,0.10896,-0.039569,-0.01412,0.16781,-0.11397,0.15811,0.060387,0.010416,-0.20596,0.10835,-0.058668,0.039657,-0.14604,0.023558,-0.13379,-0.026022,0.31438,-0.19618,-0.069298,-0.0071393,0.16923,-0.061614,-0.14862,-0.1772,-0.061935,0.031475,-0.059129,0.12158,0.0031989,0.021162,0.27551,0.053913,-0.092099,0.099962,-0.1989,0.057755,0.048119,-0.12773,-0.29876,-0.23675,0.074354,0.11729,0.039639,0.028782,-0.060485
-0.096525,0.16405,-0.076272,-0.16801,-0.14666,-0.24793,0.056169,0.017545,0.11221,-0.11532,-0.13739,0.057048,-0.0087077,-0.20788,0.27453,-0.34086,0.083451,-0.26509,-0.023769,0.23044,0.01823,-0.00020201,0.062723,0.14184,0.22161,-0.0051512,-0.17395,0.081225,-0.0099902,-0.19195,-0.12473,0.11478,0.079746,0.039907,0.22563,0.051264,-0.067904,0.14156,-0.13294,0.052299,-0.15652,0.25788,0.10814,-0.085483,0.088751,-0.033316,0.038869,0.0077794,0.020622,-0.037931,0.031683,0.093436,0.090665,0.01441,-0.055037,0.011685,0.022003,0.015541,-0.036744,-0.03299
-0.13889,-0.14227,-0.013857,0.087295,-0.24324,0.0019703,0.072838,0.090244,0.053555,-0.11367,0.16208,0.044906,-0.097308,0.01172,-0.049215,0.15003,0.076878,-0.039123,0.016729,0.013937,0.05368,0.047914,-0.098004,0.04901,-0.035574,-0.091325,-0.16302,-0.15577,-0.075634,0.27528,0.20447,-0.20978,-0.18707,0.11259,0.19753,-0.065331,0.096366,0.17953,0.0020146,-0.095487,-0.1375,0.11885,0.36286,-0.01109,-0.25925,0.0017326,0.14924,0.09675,0.1858,-0.10323,0.20833,0.025509,-0.15965,0.15662,0.020866,0.0144,0.02011,-0.0093861,0.029332,0.045287
-0.14989,-0.11534,-0.0056985,0.010844,0.085835,-0.051857,0.052548,0.050338,-0.20125,0.086016,0.14949,0.049418,-0.1032,-0.1087,0.19043,-0.1573,0.029481,0.17085,0.14791,0.18451,0.18697,0.0060676,-0.41746,-0.14189,-0.084007,0.11111,0.19623,-0.22377,0.03854,-0.19157,-0.08565,-0.12818,0.23042,-0.083853,0.13537,-0.17959,0.11394,-0.16568,-0.099121,-0.1074,0.063738,-0.045906,0.038384,-0.20048,-0.019087,-0.091658,-0.047132,0.00097189,-0.049684,-0.036813,-0.018834,0.082738,-0.081109,0.074118,-0.013224,0.15109,-0.13805,0.036582,0.047975,0.084409
-0.021346,-5.3002e-05,-0.017354,0.039912,0.010409,0.021817,0.048712,0.037421,0.12026,-0.053187,0.060746,0.20436,0.02335,-0.066103,0.066184,0.010153,-0.088951,-0.18363,-0.10723,-0.073654,0.0040964,-0.044332,0.090061,0.059457,-0.19754,-0.1165,0.039192,-0.27947,-0.071813,-0.0044409,-0.030767,0.11724,0.038205,-0.11995,-0.20302,-0.15262,0.25321,0.10566,-0.041957,0.032439,-0.077838,0.13718,-0.37697,0.084659,0.0023781,-0.25152,0.092219,0.062973,0.26271,-0.113,0.018657,0.21438,-0.12205,-0.26462,0.19107,0.098172,-0.14219,0.079439,-0.023865,-0.047602
-0.12901,0.17208,0.038877,0.038014,0.068996,-0.013491,-0.085992,-0.096243,0.030247,0.072751,0.13438,0.18577,0.10038,-0.082784,0.055871,0.18857,-0.13392,-0.034626,-0.083897,-0.069088,-0.071388,-0.006336,-0.0080158,0.10595,0.027962,0.081009,0.082421,-0.16765,-0.1639,-0.0030017,-0.15807,0.32636,-0.14081,0.063837,-0.080356,0.03066,-0.11349,0.083014,-0.16158,0.088111,0.13769,0.11954,0.089448,-0.11946,-0.091027,-0.12907,-0.24599,-0.07793,-0.16607,0.13254,0.04274,-0.085425,-0.29009,0.3651,0.043691,0.030636,0.078689,0.021595,0.22525,-0.053563
-0.021641,0.022251,-0.45968,0.1269,0.094009,-0.071977,-0.068326,-0.13285,0.033515,0.018607,-0.012855,0.034175,0.031519,-0.020649,-0.039511,0.0057381,0.055674,-0.1923,0.072277,-0.094895,0.16371,0.088747,-0.092236,0.030754,0.021306,-0.035551,0.059665,0.077115,-0.086749,-0.015213,-0.0036567,0.078149,0.15398,-0.0023294,-0.068848,-0.07881,0.069989,0.075496,0.0048427,-0.16711,-0.124,-0.1743,-0.03938,-0.027021,-0.072226,-0.0605,-0.056786,0.026698,-0.040302,0.14129,0.19458,-0.18429,-0.057779,-0.019784,0.092743,0.10384,0.3123,-0.33237,-0.35455,0.1471
-0.10015,0.18189,-0.060666,-0.16001,-0.26364,0.028138,0.064965,0.14645,0.13502,-0.0018006,0.11877,-0.023837,-0.20153,-0.078652,0.080859,-0.036828,-0.065227,-0.056622,-0.15163,-0.076656,-0.0039477,-0.0019793,-0.072025,0.054267,-0.0052735,0.18587,0.026217,-0.082798,0.11995,-0.045144,0.13953,-0.0094929,-0.049277,0.085283,-0.24671,-0.15461,0.055754,-0.15049,0.055391,0.27553,0.09697,-0.29751,0.16118,0.18059,-0.097508,-0.14578,0.051326,-0.26667,-0.20025,-0.022171,0.14848,0.14331,0.18905,-0.052797,-0.084866,0.069269,0.093746,-0.081088,-0.039029,-0.1031
-0.042501,0.054417,-0.37652,-0.098358,-0.15019,0.2504,0.12959,-0.028904,-0.16597,0.08843,-0.18912,-0.018382,0.030132,0.017271,-0.050632,0.19015,-0.26456,-0.024873,-0.034213,0.23057,-0.14674,-0.34919,-0.14752,-0.30987,-0.3065,-0.097646,-0.25355,0.09777,0.0090837,-0.088055,-0.08027,0.087483,-0.048636,-0.039123,0.038729,0.079301,-0.032957,0.0012088,0.0072267,0.060512,-0.058598,0.049012,0.024739,-0.063961,0.0075281,-0.03674,-0.005477,-0.025475,-0.007406,-0.055925,0.050502,0.070299,-0.0025383,0.043335,-0.037456,0.008084,0.0065575,0.020691,-0.021508,0.001093
-0.12902,0.16327,0.05719,0.078372,0.099068,0.14432,-0.064664,0.046631,0.0038574,-0.23148,0.065104,-0.018226,-0.02229,0.079236,0.03986,-0.021034,0.1028,-0.18442,0.075317,0.03331,-0.031776,-0.096807,-0.0040349,-0.20735,0.082276,-0.018287,0.010718,-0.068896,0.045491,-0.078337,0.11218,-0.21952,0.1048,0.0072544,-0.25238,0.16123,0.12746,-0.050873,0.31441,-0.22568,0.091064,0.46478,0.030867,-0.027725,0.064465,0.0032863,-0.10942,-0.33546,-0.076947,-0.0098961,0.053253,-0.066584,-0.0539,-0.016897,-0.018571,-0.02236,0.10301,-0.047571,0.019988,-0.054481
-0.1232,0.16442,0.03334,0.09671,-0.0089192,0.033289,-0.24611,-0.038815,0.028285,-0.079624,-0.043119,-0.27816,-0.23941,0.010829,-0.048953,0.11263,0.092001,-0.098029,0.0029334,0.12757,0.083875,-0.08377,-0.040436,-0.011084,0.12958,0.084163,0.06477,0.18789,-0.20493,0.19313,0.011719,0.010511,0.043044,-0.24399,0.14338,0.084703,-0.19124,0.045763,0.070305,-0.095324,-0.086788,-0.13625,-0.18592,-3.9321e-05,-0.18515,-0.17102,-0.083899,0.033467,-0.16927,0.032585,0.11257,0.3772,-0.11607,-0.13949,0.0044383,0.0054795,-0.11948,0.044015,0.15478,0.010353
-0.13303,0.17044,0.031726,0.029983,0.034056,0.10028,0.12321,0.064618,-0.038637,-0.026505,0.2093,-0.025724,-0.0039295,0.058275,-0.079576,-0.10321,-0.15705,-0.0048216,0.065438,0.0038782,0.045075,-0.0957,0.10818,0.026197,-0.070362,0.026012,0.11478,-0.16343,0.15049,-0.055675,-0.0076426,-0.082126,0.011355,-0.0036774,0.10565,0.018308,-0.04549,-0.013174,-0.10081,-0.003758,-0.26249,-0.0048293,-0.22934,-0.053094,0.0010266,0.3492,0.2385,0.133,-0.084868,0.18812,-0.022933,0.21806,-0.0056184,0.12739,0.082528,-0.15862,0.28137,-0.28389,0.15058,-0.2384
-0.11363,0.18236,0.010058,-0.1463,-0.062445,0.026546,-0.18388,-0.082769,-0.085501,0.066738,-0.26258,0.046798,0.03137,0.12178,0.088617,0.013746,0.082659,0.086093,0.096709,0.020461,0.058084,0.19211,0.0057378,0.055641,-0.21715,-0.14499,0.062529,0.043631,0.071401,0.13836,-0.031778,-0.055547,-0.036738,0.087966,-0.0050695,0.04624,0.017835,0.081219,-0.12341,-0.046799,0.13862,0.07532,0.0043748,0.093802,0.044618,-0.15411,0.27505,-0.1226,0.094253,0.14315,-0.12769,0.0024537,-0.002395,-0.056953,-0.18519,0.2516,-0.07347,-0.41902,0.29636,0.097421
-0.13604,0.15601,0.056626,0.18296,0.070567,0.016876,-0.17664,-0.13632,0.026291,-0.043236,0.07043,0.06947,-0.052602,-0.023084,-0.062559,0.082202,-0.020891,0.0020785,-0.086518,0.0011588,0.05317,-0.10175,0.16853,-0.014617,-0.054332,0.022097,-0.0039654,-0.081387,0.054244,-0.22452,0.059589,-0.1033,-0.1634,-0.0021694,0.062925,0.020421,-0.011905,0.066407,-0.082848,0.093149,0.030192,-0.006068,0.0086414,-0.050154,0.10337,0.16403,0.18358,-0.093198,-0.02481,0.30402,0.1647,0.058797,0.074521,0.11505,-0.079856,0.064706,-0.4401,0.071153,-0.38827,0.27306
-0.15856,-0.12811,0.0093914,0.035942,0.019458,0.11583,-0.099036,0.010891,0.017078,0.094338,-0.10834,-0.10983,0.091942,0.060604,0.10013,-0.13216,-0.05355,0.019242,-0.14764,0.20697,-0.021539,0.11583,0.022246,0.028517,0.034859,-0.023146,-0.029048,-0.084789,-0.016576,0.079315,-0.032077,0.016356,0.13232,0.014586,-0.11771,-0.017928,0.10544,-0.056458,-0.11228,-0.0074189,0.10167,-0.070675,0.0045056,0.13171,0.057708,-0.032239,-0.041064,0.04584,0.10073,0.00050598,0.17784,0.037995,-0.30616,0.038866,-0.37567,-0.56066,-0.085548,-0.13547,-0.1681,-0.11156
-0.12281,0.17867,0.02716,-0.08538,0.056535,0.087665,0.11534,0.11717,0.047691,0.0095107,0.25217,0.03943,0.073927,0.032442,0.048369,0.1701,-0.12774,-0.092692,0.01709,0.10767,-0.0055932,-0.012566,0.023965,0.077326,0.082722,-0.086325,0.15517,0.16093,0.17666,0.13043,-0.015457,0.07073,0.12935,0.15731,-0.062197,-0.11744,-0.12499,-0.004008,-0.049574,-0.10469,-0.030642,-0.046348,-0.015151,-0.0045091,0.099959,0.044844,-0.0088406,-0.029807,0.13606,-0.16408,-0.084409,0.10405,0.010504,-0.044317,-0.13062,-0.11266,0.15596,0.15464,0.053878,0.62421
-0.15215,-0.030388,-0.0039557,-0.23929,0.045855,0.19365,-0.099536,-0.079008,0.16706,-0.1896,-0.032344,0.27288,0.1096,0.11318,-0.35659,-0.2557,-0.14549,0.10232,-0.061833,0.093743,0.050818,0.010711,-0.06068,-0.018735,0.17749,0.0098251,-0.093826,-0.0092322,-0.18075,-0.15711,-0.16735,-0.21347,-0.16811,0.15391,0.045208,-0.24179,-0.073353,0.19006,0.16116,-0.13558,0.016968,-0.20542,-0.074176,0.00082912,0.029829,-0.058804,-0.033081,-0.035711,-0.067461,-0.090091,-0.092385,0.0017107,-0.072264,-0.030556,-0.0035476,0.035221,-0.0090771,0.0020129,0.044151,-0.010104
-0.13216,0.13789,0.064566,0.22842,0.012916,0.04293,-0.15143,-0.074554,-0.051024,-0.064992,0.21419,0.11029,-0.08369,0.017826,-0.04391,-0.1398,0.10777,0.14687,-0.14793,0.018975,-0.09946,0.079598,-0.23396,-0.15317,-0.10765,0.21216,-0.31898,0.072161,-0.17319,0.12587,-0.20799,0.078911,0.14728,0.085403,-0.057463,0.047944,0.041584,0.030874,-0.18464,0.12152,0.13649,0.14376,0.017483,0.23583,-0.040336,0.18684,0.034996,0.16565,0.0068245,0.015769,-0.0067862,-0.036434,0.18033,-0.22971,0.099264,-0.021323,0.14368,0.013178,0.012058,0.097474
-0.14213,-0.13484,-0.0018991,0.11542,-0.16752,-0.15821,-0.098594,-0.08531,-0.066503,0.091039,0.041793,0.13419,0.074917,0.13646,-0.043315,0.013103,0.033813,0.11514,0.11486,-0.14536,-0.06072,-0.24467,0.060927,-0.10533,0.21506,-0.11291,-0.070413,0.030188,0.14552,-0.050921,0.30418,0.035724,0.091232,-0.062011,-0.0023884,-0.12868,-0.069735,0.11889,-0.17169,-0.056268,0.16488,0.053588,0.018037,0.20809,0.34771,-0.11697,-0.15545,0.15425,-0.14113,-0.17471,0.061191,0.25421,0.050598,0.11131,0.087949,0.049386,0.027937,-0.16735,0.0088064,-0.023267
-0.09959,0.18466,-0.039783,-0.1528,-0.11775,-0.25263,0.035781,-0.025938,0.074554,0.22143,0.082531,-0.048878,0.012118,-0.16313,0.0065935,-0.029276,-0.040771,-0.11779,-0.09207,0.070036,-0.0011973,-0.1413,0.07489,-0.19389,0.16721,-0.059599,-0.14067,-0.2165,0.026863,0.039406,0.10925,-0.074239,-0.056402,0.042866,0.10671,0.16784,0.030915,-0.12953,0.16448,-0.15369,0.42269,-0.17936,-0.18565,-0.029299,-0.12913,0.062161,-0.012137,0.21726,0.16808,0.11578,-0.038479,-0.19449,-0.039471,-0.081959,0.10513,-0.031326,-0.033472,-0.068349,0.096977,0.080532
-0.023646,0.026321,-0.4576,0.12246,0.091229,-0.069063,-0.058269,-0.11999,0.092391,0.097822,0.079034,0.046744,0.012261,0.030264,-0.074733,-0.0027378,-0.010373,-0.19409,-0.081061,-0.091509,0.11236,0.024274,-0.037589,0.084994,-0.030827,-0.013725,0.019982,-0.071856,0.097689,0.025095,0.032303,-0.037965,0.14861,-0.031316,0.010517,-0.014858,0.083409,0.077906,-0.015971,-0.1554,-0.097532,-0.045863,0.12891,0.20753,0.075687,0.10896,0.078777,-0.046138,-0.15674,-0.0035984,-0.1038,-0.12929,0.15974,0.012847,-0.09519,-0.1649,-0.28547,0.27187,0.41893,-0.11558
-0.10873,0.18643,-0.0037904,-0.15465,-0.15153,-0.032335,-0.12134,-0.067903,0.087286,0.004512,-0.13651,0.044157,0.012838,0.1846,0.057252,0.00028277,-0.051159,-0.12698,0.059555,-0.12408,-0.059177,-0.095069,-0.052564,-0.048456,0.045453,0.22095,0.092381,-0.066894,-0.22034,0.26825,-0.021644,-0.21371,-0.044361,-0.28985,-0.13418,-0.12863,0.066115,-0.23453,-0.087542,0.14331,-0.22288,-0.018089,0.12334,-0.20858,0.30936,0.13975,-0.13372,0.14828,0.17934,-0.021467,-0.050735,-0.14598,0.026656,0.029958,0.014828,0.0086572,-0.048991,-0.020429,0.0036459,0.036871
-0.02013,0.01184,-0.43985,0.16561,0.12184,0.050623,0.027169,-0.063391,-0.12343,-0.05459,0.065291,-0.034471,0.21764,0.015289,0.033117,-0.058412,-0.033372,-0.017975,0.23226,0.063642,-0.013521,0.28308,0.047223,0.085245,0.13742,0.25185,-0.061346,0.001626,0.032005,0.057423,0.15291,-0.1304,-0.25351,0.1037,0.0095896,0.032546,-0.13589,-0.1862,0.037657,0.27989,0.19809,0.12438,-0.10428,-0.060167,-0.020618,-0.016528,-0.010901,0.017555,0.13478,-0.093571,-0.10809,0.25627,-0.084,-0.038821,0.012017,0.056188,-0.028117,0.049033,-0.024441,-0.035496
-0.15391,-0.12872,0.0071402,0.0073303,0.080783,0.031678,0.036935,-0.013722,0.15664,-0.018782,-0.039586,-0.060873,-0.16003,-0.13628,-0.12252,-0.03973,0.019148,-0.067548,-0.09845,0.0014387,-0.20779,0.008973,-0.02388,0.18757,-0.19915,0.13521,-0.11391,0.035826,0.072183,0.11735,0.08548,0.095688,-0.20133,0.023693,0.30411,-0.15432,-0.0047488,-0.40678,-0.14773,-0.28378,-0.026195,0.14236,-0.18432,0.080361,0.12161,-0.085981,-0.089473,-0.21379,-0.089234,-0.068237,-0.078616,-0.11615,0.047697,0.056981,0.13719,-0.066851,-0.047536,-0.1573,-0.054369,0.069002
-0.11329,0.19315,-1.2424e-05,-0.14584,0.001874,-0.11566,-0.047695,-0.039406,0.0049786,0.2139,0.11674,-0.022959,-0.04808,-0.05798,-0.11431,0.019582,-0.084962,-5.0778e-05,0.018358,-0.076101,0.031684,0.041013,-0.098114,0.045971,-0.084892,-0.0034169,0.12652,0.073688,-0.026806,0.21836,-0.11127,0.021448,0.045846,-0.09321,0.0074837,0.046179,-0.03545,0.11783,0.10771,-0.16812,0.13309,0.13966,-0.022653,0.096204,-0.048375,0.069893,0.14323,0.010714,0.00078046,-0.27044,-0.28469,0.097059,0.028224,0.23353,-0.17449,0.11689,0.0095393,0.11199,-0.46265,-0.28653
-0.03037,0.031733,-0.40521,-0.075279,-0.059041,0.13241,0.090182,-0.027613,0.051104,-0.21686,0.062833,-0.071623,-0.23,-0.033481,0.15597,-0.050751,0.27992,0.49986,-0.23654,-0.087309,-0.19012,-0.15625,0.19973,0.054304,0.1292,-0.1594,0.24322,-0.06512,-0.04574,0.073498,-0.14271,-0.01551,-0.0015393,-0.035907,-0.004911,0.0031532,-0.012361,0.021101,-0.029473,-0.041253,0.079886,0.054822,-0.018386,-0.067211,0.0081904,0.042184,-0.013615,0.014019,0.066213,-0.0072824,-0.042788,-0.018426,-0.024981,0.029877,0.015375,0.0008497,-0.0038771,0.0011611,-0.018181,0.013755
-0.13404,0.09931,0.032793,0.10035,-0.097479,-0.16881,0.084702,0.053019,-0.30442,-0.45288,-0.11127,0.059749,0.24854,-0.051379,-0.079437,-0.024869,-0.15623,-0.0088568,-0.17563,-0.17077,-0.079588,0.071294,-0.056298,0.17597,-0.1515,-0.15666,0.019862,-0.099436,0.0080523,0.038448,0.036568,0.06952,0.21375,-0.16825,0.21413,-0.019873,-0.10795,-0.10503,0.22123,0.040421,0.075967,-0.10583,0.034176,0.087642,-0.031639,0.17047,-0.20005,-0.028201,0.030315,0.00099044,0.043541,0.01086,-0.029502,-0.048444,-0.15117,0.10063,-0.043306,-0.03371,0.0012111,0.0099499
-0.15215,-0.12335,0.0070308,0.0047421,0.094238,-0.055577,0.034811,-0.033276,0.037825,-0.15665,-0.036397,0.059773,-0.28456,-0.188,0.013034,-0.003705,-0.0049174,-0.078856,0.25087,-0.010956,-0.20095,-0.050358,-0.098948,0.10238,-0.13277,-0.16072,-0.12853,0.072959,-0.043233,0.15614,0.21483,-0.062206,0.15686,0.085572,-0.16418,-0.16323,-0.17713,0.15345,0.0094686,0.18044,0.17411,-0.062744,-0.183,-0.2992,0.13505,-0.0065126,0.18292,0.084493,-0.14723,0.14223,-0.035101,-0.17626,-0.063155,-0.020649,-0.1416,-0.060438,0.053869,0.15015,0.02185,-0.09144
-0.14614,-0.073646,-0.014423,-0.2281,0.15639,-0.04668,0.20645,0.034613,-0.23129,0.14352,0.08162,0.16019,-0.0090858,0.2624,-0.030592,0.078173,0.19789,0.017097,-0.16846,0.23931,-0.11713,0.042306,-0.012679,0.21646,0.047275,0.10407,-0.035073,0.0079156,-0.39753,-0.15558,0.38734,0.16676,0.040254,-0.12204,-0.12459,0.12961,0.0099891,-0.0060785,0.060749,-0.073194,-0.071521,-0.028,-0.039603,0.0094428,-0.013523,0.085588,0.11456,-0.03738,0.025357,0.034197,-0.0074565,0.015251,0.096427,0.030704,-0.024349,0.053305,-0.028826,-0.034775,0.017659,0.018312
-0.14513,-0.13542,-0.012386,0.087086,-0.2581,-0.049816,0.046878,0.062713,-0.065965,-0.071929,0.10384,0.052504,-0.069046,0.088807,0.15598,0.0011109,-0.054345,-0.073014,0.16611,0.13913,-0.01078,-0.019146,0.068178,0.078359,-0.067272,-0.017153,-0.015869,0.16974,0.020603,-0.039985,-0.12241,0.013007,-0.071898,-0.042311,-0.18234,-0.024376,-0.10931,0.017997,-0.047588,-0.22705,0.044979,-0.16094,0.21499,0.13502,0.0021088,0.074417,-0.1249,-0.14302,0.14835,0.3768,-0.37164,0.069136,-0.15207,-0.12586,0.26979,-0.051744,-0.069755,0.057518,-0.10765,-0.13444
-0.12771,0.1175,0.026757,0.017423,0.038615,0.10979,0.36961,0.1072,0.32865,0.053088,-0.066587,-0.18973,0.14221,0.030731,0.14924,0.1446,0.1669,0.021838,0.16909,-0.239,0.054628,0.093349,0.016141,0.09997,-0.20068,0.010726,-0.21768,0.083122,-0.19565,-0.25948,-0.12248,-0.20862,0.0064551,-0.077752,-0.031364,-0.034695,-0.010529,0.045991,-0.088902,-0.1471,0.17117,-0.045147,-0.065389,0.081305,0.021097,0.09647,-0.17079,0.14097,-0.035393,-0.0034782,0.11454,0.094941,0.026293,0.080874,-0.12334,0.077454,-0.018235,0.033312,0.04951,-0.0019187
-0.1221,0.11362,0.047953,0.28876,-0.064231,0.016272,0.13093,-0.010397,-0.026628,0.12304,-0.37243,0.32669,-0.10415,-0.063422,-0.090034,0.2111,0.14608,0.16307,-0.06178,0.2398,0.18884,0.0010195,0.17529,0.19243,0.030516,0.2012,-0.11635,-0.1485,0.25133,0.10699,-0.12497,-0.056846,0.10724,0.052551,-0.14911,-0.003253,-0.080092,-0.063432,0.16661,-0.10262,-0.06279,-0.034098,-0.013485,-0.12068,-0.0021961,-0.054179,-0.063759,0.11182,-0.024233,-0.068524,0.0021418,0.0017561,0.10396,0.012793,0.020498,0.0081307,0.071325,0.046215,-0.025299,-0.060746
-0.15625,-0.086805,0.010316,-0.07149,0.19859,-0.10411,0.099508,0.027229,-0.31094,-0.011151,-0.10494,-0.061182,-0.055554,-0.039095,0.1765,-0.034587,-0.0087474,-0.09502,-0.1078,-0.2076,0.065349,-0.13649,-0.025707,-0.12028,-0.075249,0.1107,0.15343,-0.14994,-0.097624,0.096734,-0.036583,-0.1352,-0.2733,0.36246,-0.016269,0.081506,-0.1648,0.10287,0.013117,-0.11542,-0.16662,0.023947,-0.021741,0.19586,0.11081,-0.20683,-0.14094,0.17978,-0.0084616,0.157,0.0089749,0.034619,0.16671,-0.099095,-0.14768,-0.041654,0.083706,0.1092,-0.065445,-0.0097136
-0.10649,0.15972,-0.025423,0.044348,-0.1575,0.18968,0.10286,0.19772,-0.1138,0.05936,-0.19303,-0.21655,-0.30146,0.1453,-0.23426,-0.17912,-0.18696,0.019891,-0.076813,-0.18423,0.17106,0.10105,-0.15463,0.14313,0.095638,0.11646,0.09472,0.088555,0.12868,-0.19639,0.19866,0.13792,0.012785,0.030368,-0.0089103,0.026205,0.053977,0.19023,-0.058791,0.047362,0.077656,0.19275,-0.042858,-0.023009,0.018834,-0.036756,-0.093101,0.1639,0.1269,0.037862,-0.053951,-0.19804,-0.1422,0.001713,0.11196,-0.012413,-0.078241,0.068402,0.0064589,0.073737
-0.11975,0.17957,-0.00048343,-0.15378,-0.0069407,-0.043145,-0.18529,-0.096609,-0.10112,0.1069,-0.086527,0.024953,0.042372,0.10324,-0.042591,0.0092365,0.14939,0.06363,0.051714,0.011123,0.12583,0.11641,0.0022399,0.097999,-0.24156,-0.23721,0.12718,-0.011293,-0.031192,-0.093441,0.038545,-0.084629,-0.070315,-0.031499,0.18369,-0.033478,-0.017251,-0.055299,-0.03362,0.056129,0.16739,-0.012713,0.056367,-0.050622,0.096264,-0.052783,0.010638,-0.14917,0.071764,-0.016376,0.25513,0.043655,0.08998,-0.082499,0.33849,-0.2989,0.29127,0.34936,-0.030743,-0.082464
-0.11896,0.129,0.022017,0.26361,0.024048,0.016497,0.19623,0.13864,-0.066448,0.24096,-0.077152,0.084405,-0.067582,-0.051937,-0.29755,-0.12912,0.10619,-0.17196,0.13552,-0.04914,-0.5251,0.1636,0.12001,-0.18116,0.10465,-0.15535,0.22411,-0.015856,-0.12584,-0.065617,-0.158,-0.065316,0.044432,0.016139,0.095716,0.014725,0.073104,-0.042269,-0.010542,0.056575,-0.045731,-0.096341,0.18447,-0.00045822,-0.02975,-0.16429,0.052919,0.00033364,-0.0027251,0.010794,-0.01399,0.06367,0.017566,-0.032878,-0.0089881,-0.0091335,-0.040884,-0.013797,0.006434,0.019706
-0.13529,-0.13637,-0.010771,-0.011793,-0.19926,0.053963,-0.07812,0.078138,0.13627,-0.026214,0.0026486,0.038454,0.29042,0.066431,0.023254,-0.12228,0.34399,-0.11248,-0.11797,-0.091795,-0.18015,0.090258,-0.17823,-0.1586,-0.19496,0.22484,0.1532,-0.053024,0.30888,-0.019152,0.042458,0.16028,-0.14943,-0.13116,-0.072748,0.15379,-0.21669,0.22919,0.028491,-0.10933,-0.0025041,-0.091927,-0.075698,-0.2607,-0.053881,0.025317,0.064925,0.049361,-0.054494,-0.074648,0.007334,-0.012263,0.021706,-0.053463,-0.0016745,-0.071423,-0.032669,0.017963,-0.02272,0.043805
-0.15832,-0.11266,0.010513,0.0054407,0.12279,-0.12553,-0.0057026,-0.11987,-0.062035,0.027317,0.051861,-0.059794,-0.11997,-0.070015,0.020914,-0.058122,-0.1826,0.051819,0.15828,0.20096,-0.15699,-0.012684,0.1724,0.048224,-0.076714,0.17107,0.10198,0.059151,0.14915,-0.023013,-0.055273,-0.13044,-0.13374,-0.32221,-0.025099,-0.061014,0.068876,0.36799,-0.0037433,0.078173,0.03128,-0.0077306,-0.089615,0.13308,-0.19146,0.047504,-0.24019,-0.12777,0.22609,-0.11179,0.18233,-0.18879,0.23718,0.046468,-0.068642,0.0083369,0.077405,-0.07225,0.11293,0.031088
-0.13165,0.15219,0.053958,0.12801,0.12102,0.070738,-0.18668,0.010972,-0.057122,-0.19629,-0.024057,0.014252,0.036672,-0.11609,0.10303,0.15642,0.15356,-0.12327,-0.11471,0.12354,0.05292,-0.087766,0.014639,-0.0093537,-0.053809,-0.18076,0.1015,0.16679,0.016538,-0.27269,0.17857,-0.072908,-0.19903,0.0037724,-0.037981,-0.082803,0.18512,-0.080861,-0.15555,0.10372,-0.026764,-0.11089,0.067292,-0.0040465,-0.2121,-0.03443,-0.065572,0.28523,-0.061807,-0.25878,-0.37062,-0.14187,0.044924,0.012396,-0.038326,-0.080332,0.041495,-0.091418,-0.015357,-0.088472
