-0.1263,-0.12488,0.056285,-0.070242,0.03349,-0.28965,0.24589,-0.10465,0.13342,-0.14831,0.13503,-0.091486,0.19735,-0.16084,0.069597,-0.094719,0.1421,-0.046761,0.03017,-0.1492,0.058307,-0.1891,0.19567,-0.066239,0.18119,0.17357,-0.13906,-0.036883,-0.11633,0.20931,0.29433,-0.32195,-0.09407,-0.13595,-0.010867,0.29116,0.010587,0.1314,0.065092,0.0009583,-0.16161,-0.020887,-0.10629,-0.028858,-0.049446,-0.027165,-0.01763,-0.01232,-0.034429,0.077857,0.027716,0.11863,0.017233,0.014207,0.017477,0.025957,0.021634,0.0021891,0.0038586,0.00054133
-0.13161,-0.14565,0.0037326,-0.054721,0.11054,0.0043831,-0.020155,-0.047362,-0.19141,-0.1493,0.062326,0.12246,0.085371,0.04301,-0.034896,0.0073749,-0.045156,0.19886,-0.031665,0.030135,-0.2557,0.022354,0.022549,0.354,-0.085565,-0.3452,0.080613,0.20389,0.12849,0.10705,-0.038189,-0.18004,0.025163,-0.21949,-0.014373,0.083724,0.00048628,0.10327,-0.038779,-0.13664,0.10185,0.050717,0.22547,-0.06923,-0.14692,-0.056918,-0.057759,0.092281,0.043533,-0.01518,0.058914,0.14561,0.28646,0.018014,0.13839,0.15552,-0.14597,0.016038,0.13209,-0.010425
-0.13065,0.13106,-0.14123,0.13396,0.007112,0.15394,-0.0014076,0.037864,0.057262,0.15278,0.12269,0.20988,-0.062836,-0.088296,0.022853,0.13941,0.11411,0.090565,0.43008,0.027809,0.091843,0.00097096,-0.11789,0.087146,-0.006836,0.017541,-0.088408,0.13028,0.048666,0.047095,-0.097281,0.054452,0.22323,-0.23947,-0.34391,0.20773,-0.076313,-0.049782,-0.13981,0.069986,-0.28051,0.074532,-0.18196,-0.19424,-0.09987,-0.0040457,-0.084931,-0.022939,0.028432,0.038953,0.0096308,-0.075299,-0.086729,0.10556,-0.043028,0.011639,0.042432,-0.0031461,0.017826,0.034206
-0.12467,-0.10512,-0.0039537,-0.0012195,0.031151,-0.27353,0.31437,0.094989,0.19181,0.14609,0.17509,-0.00075765,-0.34271,-0.18438,-0.25479,-0.12114,-0.39255,-0.075049,-0.051402,0.20374,-0.082381,0.25268,0.1564,-0.0096623,0.014166,-0.0034783,0.13598,0.11282,-0.0090949,0.11957,-0.20901,0.032785,0.0079135,0.064406,-0.014523,0.043527,0.056328,-0.037137,0.00068457,0.022774,-0.072544,-0.012532,-0.082581,-0.036021,0.10334,-0.12878,-0.049543,0.098629,-0.012015,-0.059865,-0.056769,-0.018491,0.010204,0.019997,0.049805,0.0014775,0.016414,0.07122,0.016554,-0.0042956
-0.14154,-0.097437,-0.09591,-0.0036515,0.15476,-0.0023699,-0.059488,0.2687,0.082702,0.16345,0.052603,-0.12355,0.1986,0.11212,0.14522,-0.19876,-0.1525,-0.18184,0.29412,-0.10277,-0.38021,-0.093528,-0.27059,0.10421,0.11004,0.15186,-0.0022511,-0.19934,-0.038724,-0.004908,-0.16367,-0.11973,-0.01413,0.28229,0.0012214,-0.048838,-0.026489,0.090138,-0.0049416,0.080371,-0.067402,0.074006,0.17672,-0.036156,-0.045559,-0.013593,-0.10283,-0.060866,-0.12391,-0.030661,-0.023897,0.017242,0.076176,0.02082,-0.051916,0.063384,-0.0045698,-0.00022204,-0.046636,-0.007278
-0.052185,0.044654,-0.3949,-0.050604,-0.0582,-0.43961,-0.44473,-0.50746,-0.19315,0.29525,0.032519,-0.16511,-0.0053586,-0.066802,-0.050803,-0.014981,-0.056401,-0.036794,0.070101,-0.050378,-0.0064266,0.017062,-0.042121,-0.017648,0.0090843,-0.018901,0.0056529,0.066234,-0.033243,0.025737,-0.016008,0.017597,-0.017075,0.0035248,0.029544,0.012512,0.019575,-0.0051776,0.003646,-0.017478,0.0033723,-0.006698,-0.0015821,-0.0090024,-0.003519,-0.01581,0.0053469,-0.021862,0.0073784,0.0050391,0.0033041,-0.0057196,-0.0028655,-0.00073831,-0.0034066,-0.0026085,-0.0015438,0.0026814,0.00043995,0.00022558
-0.10321,-0.13185,-0.15651,0.25129,-0.083796,0.1632,-0.22323,-0.037844,-0.026657,-0.27027,0.29349,0.28752,-0.14109,0.093388,-0.22028,-0.082031,0.092957,-0.16184,-0.18316,-0.17735,-0.092779,0.21403,-0.11962,-0.23394,0.081974,-0.10042,0.17908,-0.19423,-0.18494,-0.06319,0.043427,-0.18188,0.032443,0.018539,0.035128,0.13783,0.081307,0.077847,-0.053992,0.018548,-0.097531,0.14236,-0.025581,-0.010245,0.0053174,-0.025875,0.08897,-0.04153,0.024383,0.016682,-0.073742,-0.030395,-0.013879,-0.022496,-0.023576,0.010032,0.021045,-0.0058736,-0.048533,0.0065533
-0.13818,-0.107,-0.1617,-0.030054,0.11845,-0.15761,0.10571,0.16425,-0.13621,-0.0042906,-0.0051251,0.21986,-0.20859,-0.29878,-0.095344,0.0029498,-0.01969,0.11299,0.085281,-0.095067,0.12453,-0.26021,-0.11267,0.11463,0.16482,0.083141,0.11835,-0.16713,-0.00043303,-0.095818,0.15035,0.13861,0.119,-0.062546,0.10205,-0.012352,-0.11232,0.14773,-0.12318,0.1327,0.25513,-0.14433,0.1735,0.054899,0.083934,0.29423,0.13367,-0.015907,0.17593,-0.025025,-0.064537,-0.095424,0.020638,-0.078726,-0.0051617,-0.018768,-0.034763,-0.10348,0.0054625,0.024502
-0.13709,0.13738,-0.029274,-0.11157,0.099972,-0.12239,-0.11202,0.10712,0.14254,-0.084466,-0.17603,0.11281,-0.10526,0.022061,-0.085298,0.022703,0.092929,-0.01427,-0.054382,0.010375,0.059412,-0.0019778,-0.078046,0.11898,0.11832,-0.040675,-0.09378,0.17348,-0.092842,-0.13319,-0.0052923,-0.15135,-0.041365,0.096846,0.0072207,-0.15944,0.0058033,-0.076462,0.12176,-0.01321,-0.14531,-0.0049144,-0.092837,0.13198,-0.023029,-0.041496,-0.047576,-0.057464,0.19799,-0.07212,-0.012125,0.08002,0.029756,0.28675,0.35372,0.14768,0.06566,-0.34845,-0.38676,-0.035367
-0.15337,0.032712,0.18003,0.053062,0.054385,0.11825,-0.0064008,-0.18239,-0.17989,-0.15708,-0.2359,-0.27571,-0.24401,0.081097,-0.17712,0.071337,-0.1305,-0.00045714,0.080638,0.070539,-0.0035559,0.16661,-0.062151,0.03097,0.25539,0.030047,-0.36164,-0.29856,-0.10736,0.05731,0.014,0.01365,-0.086646,-0.1278,-0.1122,-0.054217,-0.05254,0.23408,-0.16308,0.12659,0.15548,0.012311,-0.045787,-0.11141,-0.0067765,-0.13794,-0.13597,0.033369,0.049756,-0.030115,0.057375,-0.033253,0.051319,0.072036,0.0017506,0.029877,0.029185,0.038944,-0.01676,-0.011205
-0.14097,0.059554,0.26876,0.04689,0.10878,0.19685,-0.27076,-0.15987,-0.033131,-0.18376,-0.053826,-0.10513,0.0027314,-0.076993,-0.028307,0.029182,-0.29511,0.016088,0.12297,0.13169,0.0021504,-0.077595,0.047444,0.024246,-0.18313,0.086106,0.20399,0.092093,-0.12833,0.17715,-0.02609,-0.14929,0.2121,0.085698,-0.044061,0.15523,-0.071332,0.025166,0.25682,0.25973,-0.076448,-0.24866,0.00089001,0.18834,0.053002,0.15843,0.11513,-0.064446,-0.018166,0.064863,-0.10513,0.034882,-0.1104,-0.04287,0.00082281,0.041171,-0.065388,-0.05234,0.0015325,0.015623
-0.12318,-0.14019,0.059748,0.029169,0.13744,-0.24198,-0.0055884,-0.15962,0.11061,-0.21233,0.035502,0.11806,0.06842,0.13411,0.098482,0.022379,0.070062,0.085842,0.020274,0.45935,0.00028446,0.11175,0.059017,0.037121,-0.085676,0.15828,-0.14033,-0.25888,-0.13282,-0.1251,-0.016075,0.27507,0.17841,0.11363,-0.0016555,0.11037,0.10756,-0.20065,-0.012094,-0.16303,-0.051681,0.12216,0.11305,-0.069065,-0.1231,0.16525,0.077669,-0.17296,-0.0073113,-0.034049,0.07725,0.033921,0.091274,-0.053766,-0.037477,0.052566,-0.058349,-0.081705,-0.0082918,0.012344
-0.11743,-0.16162,0.0616,0.18971,-0.17984,0.021373,0.082841,-0.1121,0.015326,0.057416,-0.14989,0.10973,0.084693,0.0072066,0.062725,-0.079962,-0.07268,-0.0090642,0.15546,-0.11269,0.12618,-0.16273,0.073476,-0.0034318,-0.058786,0.021391,0.060893,-0.0043513,-0.0099491,-0.037138,-0.11401,0.083043,-0.11945,0.050092,-0.081378,-0.030152,0.0011491,-0.010313,-0.0692,0.03149,0.086124,0.039622,-0.14954,0.1394,-0.051718,-0.39295,0.4152,-0.207,0.1061,-0.19157,0.0011215,-0.071062,0.1509,-0.10773,0.075354,0.37222,0.018386,0.068361,0.033355,-0.048904
-0.13246,-0.1113,-0.17084,-0.015516,0.12913,0.23319,0.1728,-0.20639,0.086808,0.095288,-0.28715,-0.058106,0.028977,0.045403,-0.053608,-0.044964,0.055257,0.00031011,-0.03155,-0.061588,-0.022074,-0.066972,0.18609,0.089677,-0.029678,-0.054195,0.24063,0.041487,-0.32652,-0.12236,0.043753,0.25016,0.0079723,0.0046766,0.0070137,-0.076941,0.07932,0.27865,-0.1336,-0.15741,-0.3009,-0.016698,0.12136,0.041358,0.074921,0.062779,-0.0045864,0.055704,-0.17006,0.16714,-0.035911,0.026437,-0.055568,0.16585,0.080778,0.00087721,0.15584,0.036016,0.080964,0.034892
-0.13444,-0.15102,-0.012628,-0.11654,0.020327,0.023101,0.050375,0.0076885,-0.2328,-0.059744,0.02162,-0.026365,-0.014788,-0.052683,0.039094,0.13066,0.055299,0.058662,-0.00058615,-0.050569,0.098652,-0.070312,0.083594,0.013997,-0.048872,0.02841,-0.027128,-0.025457,-0.14998,-0.045691,-0.14366,-0.066736,0.11062,-0.037311,0.088843,-0.19291,-0.026168,-0.17116,0.08998,-0.028355,-0.1972,-0.048666,-0.0024631,0.036897,-0.16819,-0.20167,-0.23497,0.035739,0.062527,0.025466,-0.44388,-0.14042,0.27678,-0.28264,-0.17339,-0.17898,0.16295,0.072706,-0.17267,-0.094411
-0.13513,-0.11344,-0.10851,-0.12376,0.1854,0.15142,-0.14895,0.047032,0.097816,-0.01958,0.1028,0.11414,0.1482,-0.16024,-0.068351,-0.29941,-0.19184,0.026032,0.054607,0.10349,0.054315,0.0019744,0.072359,-0.29778,-0.088661,-0.23847,-0.42976,0.054217,0.18906,-0.23106,0.0096093,0.074905,-0.096583,-0.065633,0.054896,-0.10741,0.015771,0.12803,-0.041689,0.022148,-0.047548,-0.22182,-0.10139,0.12679,-0.14041,0.012083,0.063256,0.015794,-0.049669,0.16094,0.047548,0.045204,0.015946,-0.046343,-0.060204,-0.032174,0.020313,-0.0057519,0.0091053,0.0095613
-0.13234,0.10188,0.10767,-0.30091,-0.032729,-0.0018614,-0.085282,-0.043184,-0.0066433,0.025816,-0.097724,0.33165,-0.20249,0.11242,0.17972,0.070019,0.031038,-0.21555,0.064963,-0.18521,-0.47155,0.045606,0.30434,-0.11819,-0.025099,0.2166,-0.019394,0.063646,0.0043741,-0.07501,0.030892,0.18212,-0.0065891,-0.21444,0.097311,0.11202,-0.033277,-0.047824,-0.015795,0.055552,0.14453,-0.119,-0.028962,0.016621,-0.01479,-0.078571,-0.069672,-0.0665,-0.0046198,-0.03454,-0.038124,0.067981,-0.060558,0.022542,-0.040013,0.00074019,-0.0076109,0.0064092,-0.0061419,-0.011285
-0.13109,-0.141,-0.053408,-0.15472,0.047296,0.066383,0.03129,-0.02539,-0.18087,-0.065944,-0.03027,0.0098953,-0.028669,-0.0011367,0.3283,-0.092881,0.11768,-0.18568,-0.016331,0.29877,0.1197,0.069463,-0.046767,0.069747,0.085704,0.0009346,0.043964,0.33671,0.024786,-0.044853,-0.076364,-0.067074,-0.12442,0.10264,0.016634,0.11553,0.09683,0.17132,-0.065645,0.23768,0.22745,0.3734,-0.20071,0.010049,0.1375,0.075131,0.082112,-0.022071,-0.047849,0.11559,-0.1398,-0.066049,0.021427,0.03717,-0.062856,-0.13219,0.076596,-0.034266,-0.011139,0.020366
-0.12714,-0.15568,-0.0080794,-0.02122,-0.13793,0.018785,-0.11296,0.034485,-0.17959,-0.10038,-0.054387,0.12961,0.080851,-0.04719,-0.077831,0.027759,-0.010871,-0.011058,-0.15242,-0.12509,0.15962,-0.052564,0.23002,0.074835,0.041771,0.13856,0.052134,-0.021907,0.22266,-0.018472,-0.12859,0.023202,0.025608,0.25097,0.034575,-0.14871,0.051467,-0.025511,0.026502,0.20395,-0.11573,-0.1525,-0.1696,-0.48236,0.068254,0.12622,-0.19585,-0.12438,-0.17963,0.014073,0.21216,0.032329,0.10933,0.096111,0.058194,0.12111,-0.019871,0.044676,0.060587,0.046753
-0.11988,-0.16713,0.040084,0.028439,-0.24673,-0.090391,0.023783,0.0054681,0.015051,-0.036088,-0.091884,0.057454,0.1208,0.012196,-0.026626,0.029354,-0.0062872,0.028431,0.066998,-0.0013044,0.078709,-0.0033253,-0.10116,-0.058528,-0.08802,-0.010888,0.027875,0.03269,-0.051862,-0.038051,-0.093468,0.073418,0.0053255,-0.016538,-0.026213,0.073834,0.031394,-0.054708,-0.068721,0.091629,0.16203,0.011995,0.15783,-0.052298,0.034775,-0.012918,-0.11507,0.42256,-0.0064503,0.25246,0.063128,0.29592,-0.29289,-0.12726,-0.10988,0.25425,0.055494,0.076176,-0.41142,-0.14122
-0.11765,-0.16692,0.03551,0.071897,-0.23729,-0.088563,-0.0016428,0.010495,0.034702,-0.063266,-0.092416,0.10851,0.01135,-0.0063698,0.10167,-0.00036003,0.1341,-0.08035,0.094841,0.051566,0.036522,-0.066685,-0.1036,-0.12102,0.028084,-0.056649,0.0051593,0.034973,-0.24655,0.06791,-0.24054,-0.012116,-0.065934,0.14332,-0.07279,-0.098726,0.030523,0.050294,0.031409,-0.082411,0.095586,-0.23085,-0.054781,0.068269,-0.18473,-0.055784,-0.19287,0.18143,0.20306,-0.032309,0.03791,0.051334,-0.12832,0.05745,0.091356,-0.27392,-0.2447,-0.14968,0.39888,0.1902
-0.12998,-0.13658,0.007599,0.050929,0.096804,0.25022,0.05088,-0.099919,-0.11045,0.14121,0.026128,-0.12275,-0.11556,-0.070318,0.24804,-0.06952,-0.049181,-0.2573,-0.1344,-0.010569,0.12057,0.027695,-0.13099,0.17962,0.18144,-0.034996,-0.012356,-0.05716,0.10195,-0.1094,-0.0036154,-0.0077186,-0.16908,-0.15806,0.13321,0.23102,0.24796,-0.37712,0.048925,-0.039398,-0.17245,-0.23591,0.13593,-0.00081981,-0.027394,0.055178,-0.012831,0.051559,0.16117,-0.12899,0.11799,-0.033869,-0.14474,-0.030538,0.05932,0.06864,-0.024566,0.043292,0.0089892,-0.00035776
-0.1326,0.15087,-0.089763,0.073373,-0.0076018,0.046027,0.17073,-0.017084,-0.0056647,-0.019082,0.02584,-0.14532,0.03582,0.088839,-0.13779,-0.031026,0.12071,0.0052321,0.040195,-0.021436,-0.087922,-0.041736,0.025904,-0.16145,0.040108,-0.031653,0.04643,0.078451,-0.012573,-0.047652,-0.15912,0.10257,-0.085072,0.072488,-0.0018978,0.204,-0.0725,-0.040955,0.38203,-0.023005,0.26105,-0.1266,0.087527,-0.23624,-0.28371,0.10815,0.1977,0.015926,0.12243,0.21419,0.03385,-0.2477,0.15403,0.20611,0.093153,-0.087657,0.1287,0.18062,-0.13785,-0.019833
-0.11856,-0.1588,0.045158,0.060516,-0.23371,-0.063474,-0.053766,0.072527,0.13393,-0.01124,-0.054264,-0.13003,0.0023459,-0.010605,0.0011088,0.04371,0.042621,-0.22473,-0.13315,0.10632,0.062222,0.14893,-0.20603,-0.011885,-0.087189,0.10344,-0.018499,0.26977,0.21321,-0.12738,0.3623,0.11996,0.20441,-0.00028297,-0.039917,0.038189,-0.16499,0.27814,0.083611,-0.0074407,-0.082647,-0.13132,0.30411,-0.10724,-0.065692,-0.22042,-0.079796,-0.15439,0.052671,-0.088433,-0.096607,-0.086208,0.0091286,0.018788,-0.046782,0.010572,0.025679,0.0055764,0.033382,-0.0011186
-0.12994,-0.13878,-0.015028,-0.024987,0.079883,-0.041108,-0.089032,0.05852,0.22886,0.037758,0.033671,-0.1263,-0.19459,0.022781,0.17603,0.40993,0.050101,0.07714,0.19056,0.049187,0.075472,0.071982,0.15339,-0.12602,0.11225,-0.33483,0.29439,-0.1643,0.17187,0.010651,0.12659,-0.089536,-0.26301,0.065798,-0.091625,-0.11511,0.02941,0.00052592,0.01866,0.0079458,0.076073,-0.075151,0.028047,-0.023376,-0.16151,0.027735,0.01038,-0.17591,-0.10754,0.018682,-0.071232,0.14349,-0.054372,0.056058,-0.17317,0.039847,0.032798,-0.022227,-0.04031,0.01342
-0.023674,-0.0035299,0.055833,-0.010521,0.022494,-0.095569,0.055307,-0.038036,-0.020112,0.063768,-0.20188,-0.15002,0.041282,-0.081444,0.0055831,-0.17902,0.2001,-0.11023,-0.16504,-0.042999,-0.078632,0.0016847,0.089212,-0.16345,0.014542,-0.066055,0.16618,-0.20747,0.29631,-0.15042,-0.21484,-0.089042,0.36888,-0.14715,-0.40736,0.0039697,0.18188,0.080418,0.03548,0.09115,2.7099e-05,0.028905,-0.042451,0.20234,-0.031524,0.12083,-0.013527,0.072183,0.07352,-0.14513,0.040746,0.092326,0.13159,0.057157,-0.092466,-0.047985,0.024547,-0.041804,-0.049167,-0.042351
-0.14035,0.12961,0.084056,0.12072,0.13557,-0.047425,0.023342,0.008401,0.0019825,0.014191,-0.15185,0.03918,-0.040979,-0.2258,-0.085028,-0.052175,-0.036033,0.020859,-0.22529,-0.066713,-0.0068906,-0.21426,-0.22816,-0.056129,0.0082228,-0.11814,0.013275,0.089266,-0.13485,-0.10972,-0.039026,0.033791,-0.031469,-0.04223,-0.15979,0.1506,0.036316,-0.16343,0.035177,-0.10584,0.23842,0.073237,-0.0099547,-0.052124,-0.056984,-0.14455,-0.23073,-0.36443,-0.43921,0.05606,-0.010793,0.074242,-0.11065,-0.16713,0.046872,-0.073166,-0.023352,-0.045511,0.024142,-0.027849
-0.1231,0.15035,-0.14385,0.14613,-0.14652,0.022696,0.0035298,0.015865,0.033754,-0.093971,-0.078899,-0.053354,-0.068444,-0.097004,0.30995,-0.20378,-0.0070301,0.10136,-0.094426,0.11123,-0.084731,0.047275,0.046942,-0.10018,0.019611,-0.064385,0.026001,-0.04448,-0.038902,0.018012,-0.098558,-0.10258,-0.067077,-0.039371,-0.044483,-0.043259,-0.45449,-0.12543,-0.064662,-0.12268,-0.066743,-0.069265,0.072601,-0.061474,0.36755,0.049406,-0.065148,-0.1846,0.25616,0.17233,0.073346,0.19401,0.13266,-0.044633,-0.063706,0.020358,0.16543,0.038416,0.072199,-0.051589
-0.13479,0.14703,-0.1162,-0.068299,-0.058063,-0.050289,0.12553,0.065856,-0.0087969,-0.11436,0.015517,-0.16406,0.058268,0.070121,-0.1662,0.14989,0.0343,-0.053518,0.007445,-0.031243,-0.036914,0.021498,-0.030287,-0.079698,0.00044199,-0.033394,-0.059229,0.064989,0.0079802,-0.11318,-0.068772,-0.013082,0.013008,-0.074694,0.13968,0.0017574,0.025708,-0.12631,0.1108,0.12689,-0.00091054,0.10918,0.015105,0.11447,0.0096082,0.098788,-0.085515,0.076929,-0.039732,0.025525,-0.018036,-0.099201,-0.034308,-0.10266,-0.17356,0.45718,0.27544,-0.30869,0.44963,0.14627
-0.12276,0.14168,-0.15143,-0.09047,-0.26856,0.04154,0.012014,0.13282,-0.0095387,-0.060693,-0.0061846,-0.15877,0.040748,-0.066324,0.027866,0.019635,-0.19037,0.26829,-0.14861,-0.065076,-0.0079398,0.094767,0.073289,0.13676,-0.065273,0.1155,0.12235,-0.056178,-0.020511,-0.13829,0.069333,0.036595,-0.048592,0.10253,0.089052,0.21594,0.010663,-0.032841,-0.24201,0.22953,-0.0752,0.1319,-0.04658,0.28539,-0.38785,-0.067104,-0.091177,-0.10763,0.099391,0.071098,0.23266,0.01929,0.0028668,0.076956,-0.038185,-0.18074,-0.056086,0.020994,-0.009766,-0.047317
-0.13852,0.12397,0.12482,-0.048123,0.096182,-0.14106,-0.074626,0.16124,-0.036488,-0.007625,-0.038162,-0.044279,-0.021226,0.081933,0.10372,-0.14193,0.11458,-0.16612,-0.002847,-0.18429,0.19023,0.022801,0.011209,0.037379,-0.037737,-0.45049,-0.017028,-0.15106,0.017631,0.36636,-0.0066852,0.38825,0.2048,0.10965,0.26058,0.1889,-0.1204,0.040997,0.028044,0.05824,-0.094733,0.085627,-0.097117,0.042738,0.0095107,-0.092002,-0.040703,0.018957,0.012854,0.020604,0.025025,0.0031073,0.010683,0.0028899,0.015283,0.0077687,-0.012261,0.0090979,-0.01037,-0.014744
-0.13571,0.12641,0.1003,0.15203,0.022476,-0.11036,-0.018989,0.054833,-0.17529,-0.14303,0.29521,-0.067917,-0.0036543,0.045744,0.12103,0.092365,-0.0088966,-0.11062,-0.12367,0.0052867,-0.0021542,-0.14812,0.044342,-0.18926,0.078374,0.10736,-0.045959,0.19374,0.064963,0.2508,-0.12485,0.13146,-0.028585,-0.047832,-0.12948,-0.28261,0.085799,0.015942,-0.32836,-0.016335,-0.068276,-0.0058799,0.23211,0.20273,-0.14175,0.16449,0.013381,-0.082775,-0.055741,0.018917,-0.021734,-0.048263,-0.10554,0.072503,0.23588,0.080351,0.13028,0.17589,-0.033148,-0.020403
-0.14427,0.12524,0.072197,-0.15457,0.04185,-0.12332,-0.070624,0.14863,0.017803,0.017492,-0.064478,-0.044767,0.01254,0.14171,-0.011567,0.033414,-0.016008,-0.10252,-0.023605,-0.12697,0.076472,0.18288,0.14602,0.15319,0.10393,-0.013685,0.0099962,0.02706,-0.025944,-0.10987,-0.085222,-0.14578,0.019774,-0.019242,-0.20779,-0.075295,-0.027659,0.05863,-0.056864,-0.077877,-0.10949,-0.0020143,0.099346,-0.16112,-0.012351,-0.031123,0.34361,0.023047,0.011089,0.25576,0.1711,-0.16489,-0.16036,-0.50456,0.11491,-0.15708,-0.084339,-0.13037,0.0442,-0.024203
-0.12896,0.14663,-0.091684,0.13235,0.024832,0.074683,0.20626,-0.083092,-0.013768,0.091718,0.015877,-0.040601,0.23361,-0.078617,-0.10236,0.091331,0.13848,-0.068946,0.11501,0.034238,-0.070319,0.22959,0.052807,0.05752,-0.066645,-0.057644,-0.056927,-0.044769,0.042915,-0.072183,0.030002,-0.088016,0.14121,0.063924,0.24298,-0.10154,0.016479,0.03138,-0.032801,0.14301,0.12553,-0.012851,-0.08694,-0.082317,-0.049348,0.085992,0.026726,-0.15575,0.10389,-0.20867,-0.1887,0.37836,-0.20903,-0.20502,0.32701,-0.12362,0.094514,0.15692,0.049273,-0.034546
-0.14297,0.11312,0.2061,0.14176,0.12927,-0.10197,-0.025087,0.029325,-0.12398,0.058601,0.028177,0.036114,0.077814,-0.079483,0.0064957,-0.007738,-0.045024,-0.018652,-0.087148,-0.13294,0.057792,0.072219,0.039964,0.16835,-0.14021,0.057424,-0.062025,-0.013474,0.017413,-0.069535,-0.019777,-0.17994,0.1054,0.12645,0.080827,-0.015182,0.051568,-0.07721,-0.22997,-0.22009,0.12879,-0.10598,0.010176,-0.11398,-0.028819,-0.1532,0.2529,0.068289,0.025824,0.071105,-0.12964,0.093483,-0.12598,0.40774,-0.37199,-0.10219,0.21088,-0.11564,0.06407,0.096858
-0.13474,-0.15363,0.016712,-0.039462,0.038437,-0.077363,0.061681,-0.043368,-0.096605,-0.05357,0.031323,-0.00019964,0.022736,0.025299,0.0028164,0.12582,0.067472,0.20284,0.081273,-0.027457,0.033266,-0.039568,0.037817,-0.15158,-0.026218,-0.020432,-0.074125,-0.12,0.15898,-0.18629,-0.18098,-0.09932,0.048667,-0.097452,0.15155,0.014555,-0.16617,-0.09476,0.14774,0.16675,-0.12293,0.1857,0.28018,0.11049,0.29638,-0.26727,0.082439,0.0025645,-0.17149,-0.010073,0.052719,-0.12981,-0.24155,0.27015,0.18737,-0.1862,-0.14596,0.060554,0.074858,-0.029662
-0.13801,0.13816,-0.029933,-0.10585,0.10507,-0.12867,-0.10498,0.10187,0.13214,-0.083119,-0.17605,0.084519,-0.079617,0.034503,-0.083394,0.021432,0.11878,-0.0061543,-0.061517,0.0044455,0.059025,-0.012734,-0.090732,0.099485,0.085499,-0.012635,-0.07895,0.10318,-0.099506,-0.13214,0.0466,-0.13487,0.016151,0.094292,-0.036611,-0.062902,-0.0015068,-0.066236,0.050984,-0.0072567,-0.067098,0.02287,-0.066528,0.12192,0.019869,0.094365,0.037634,0.069456,0.033339,-0.062756,-0.027733,0.00047691,-0.031851,0.039772,-0.20825,0.15361,-0.19781,0.71355,0.16234,0.012623
-0.13984,-0.060587,-0.17893,-0.047713,0.080801,-0.015419,0.224,0.078613,-0.27004,0.28799,-0.28959,0.23965,-0.019222,0.33814,0.033746,0.028339,-0.15155,0.072144,-0.13175,0.033342,0.1135,0.12668,-0.11053,-0.28987,-0.21535,0.03708,-0.08099,-0.046777,-0.0077639,0.29128,0.20068,-0.2322,-0.001506,0.056473,-0.10399,0.049603,-0.030901,-0.057311,0.02248,0.024341,-0.038078,-0.042993,0.046125,0.035838,-0.083114,0.11928,0.024744,-0.041902,-0.043264,-0.038202,0.031538,-0.008411,0.0041718,0.013175,0.014553,0.017759,0.010366,-0.029425,0.0055837,0.0037279
-0.13932,0.097674,0.24907,0.15459,0.087182,-0.14819,-0.074795,0.024376,0.039459,0.091606,-0.055952,-0.025289,0.040959,0.14477,0.1189,0.12482,-0.21118,0.095807,0.004693,0.10098,-0.064001,-0.24128,-0.16466,-0.25671,-0.041029,-0.0061698,0.22742,-0.0069884,0.074406,-0.24465,0.1001,-0.078549,0.053722,-0.14146,0.28802,0.026831,0.13404,0.14024,-0.11171,-0.097238,-0.094268,0.085851,-0.2757,-0.1826,0.052197,0.010813,-0.10135,0.15456,0.17167,0.046187,0.078669,-0.11412,0.099862,-0.074447,0.15093,-0.039967,0.063035,0.068547,0.023365,0.015006
-0.11554,-0.15499,0.064062,0.23782,-0.12504,0.044314,-0.063157,-0.095272,0.19179,0.14554,-0.027654,0.091555,-0.1389,0.085765,-0.05824,-0.1045,-0.14254,-0.16958,-0.00033214,-0.092726,0.06922,-0.1233,0.14025,0.24958,-0.073958,0.070461,-0.10798,-0.10275,0.16886,0.06744,0.11088,-0.057292,0.041106,-0.14436,0.03813,-0.24469,-0.069408,-0.095184,0.2449,-0.059248,0.11423,0.3818,-0.021833,0.13017,-0.13998,0.18037,-0.11811,-0.033014,0.071677,0.29526,-0.022366,-0.002065,-0.04976,0.040653,0.040332,-0.097932,0.044063,0.024148,0.083517,0.0031736
-0.12996,0.1566,-0.10179,0.13076,0.096559,0.026226,0.0056064,-0.080769,0.080931,-0.099512,0.02297,0.097036,0.016404,0.12792,-0.03592,0.017666,-0.05861,-0.047178,0.031021,0.00045366,0.083763,-0.10815,0.036709,0.03472,0.070743,0.048342,0.041874,0.091039,0.065745,0.021511,0.091414,0.079811,-0.063837,0.011957,-0.056817,-0.036932,-0.021334,-0.075313,0.080504,0.14083,0.0099185,0.037351,0.14361,0.067687,0.082285,-0.15947,0.026697,0.21075,-0.092058,-0.22368,0.22922,0.1996,0.2158,-0.15528,-0.097162,-0.27006,0.17527,0.024527,-0.14628,0.55064
-0.1249,0.15471,-0.13234,0.16879,-0.088683,0.011817,-0.0091422,-0.043349,0.052821,-0.099026,-0.09203,-0.03635,0.01179,-0.042644,0.2193,-0.19114,-0.056834,0.092866,-0.11208,0.047451,-0.045678,0.016201,0.18012,0.029408,0.042921,-0.01933,0.012175,-0.073902,0.09465,-0.04272,0.057897,-0.039641,-0.035414,-0.0034343,0.011707,-0.0063689,-0.26307,0.00072763,-0.046934,-0.075985,0.0088284,0.033161,-0.077796,-0.11698,-0.18572,0.10802,0.012637,0.32488,-0.27565,-0.28508,-0.32188,-0.25154,-0.17246,-0.019169,0.06016,0.12759,-0.22296,-0.10022,-0.11381,0.10684
-0.13166,0.15254,-0.091289,0.094791,0.01012,0.0553,0.18848,-0.050012,-0.013977,-0.041353,-0.014298,-0.11577,0.081784,0.10283,-0.11638,0.045806,-0.086806,-0.032868,-0.0015758,-0.11061,-0.0031994,-0.078357,0.042116,-0.11121,0.017625,0.010574,-0.041783,0.13677,0.095347,0.038684,-0.058606,0.11643,-0.070364,-0.042825,0.054327,-0.052351,0.19509,0.026804,-0.015157,-0.027018,-0.092938,0.10939,0.055025,-0.087023,0.15443,0.036606,-0.0042141,-0.2031,0.2331,0.099671,-0.19468,0.11378,0.021815,0.01149,-0.27778,0.0074151,-0.60627,-0.14971,-0.15001,0.087096
-0.12067,0.14238,-0.16909,0.031113,-0.22262,0.034756,-0.058923,0.15666,0.029577,-0.076975,-0.0024021,-0.035326,-0.19879,-0.11389,0.2951,-0.069974,-0.028559,0.29848,0.036581,-0.056799,-0.054752,0.044061,-0.0223,0.026936,-0.056804,0.025462,-0.1655,-0.060256,-0.055118,0.13537,0.08242,0.015507,0.15707,-0.032585,0.012515,-0.11133,0.5692,0.13906,0.28622,-0.055826,0.047695,-0.018824,0.058139,-0.075233,0.13561,-0.09894,0.11114,0.021037,-0.085997,0.015228,-0.021713,0.015527,-0.0010743,-0.013985,0.060435,0.0097793,0.081819,0.031443,0.032597,-0.00769
-0.13126,-0.15016,0.033259,-0.053308,0.059803,0.015034,0.067473,-0.059134,-0.13046,-0.009202,0.11827,-0.099692,0.034643,0.096386,-0.039586,-0.087518,0.087948,0.21765,-0.10508,0.0044268,-0.29193,0.013556,-0.21998,0.035921,0.21878,0.042211,0.1062,0.021423,0.12952,0.048003,0.31752,0.25068,0.068939,0.098117,-0.19219,-0.1921,-0.076191,-0.2699,0.060695,0.073386,-0.050613,-0.073949,-0.32282,0.036437,0.032585,-0.14249,0.15409,0.11646,0.012721,0.21854,-0.096275,0.10538,-0.088231,0.0036473,0.054912,-0.016481,-0.038577,-0.034026,0.087545,0.020636
-0.12996,0.15663,-0.10148,0.13523,0.10143,0.02766,0.0022761,-0.080555,0.083768,-0.10473,0.030897,0.10309,0.01718,0.13142,-0.032052,0.023006,-0.051161,-0.043566,0.024601,-0.00060022,0.08364,-0.10472,0.0326,0.017297,0.09467,0.056532,0.019972,0.09661,0.070207,0.020027,0.060075,0.073492,-0.087245,0.0969,-0.037645,-0.018513,0.017259,0.0034902,0.063272,0.034728,0.0024784,-0.014071,0.039839,-0.0051116,0.037715,-0.028704,-0.0067564,0.20961,-0.048431,-0.21172,0.07375,0.081738,0.074514,-0.0042425,-0.14443,-0.18692,0.026968,-0.14069,0.1969,-0.74216
-0.12201,0.12903,-0.092916,-0.23163,-0.19722,0.094826,0.097676,-0.092257,0.018055,0.023822,0.16918,-0.020954,-0.17581,-0.013711,-0.081061,0.19313,0.067729,-0.23178,-0.17748,0.21981,-0.14621,-0.45478,-0.070116,0.1311,-0.33779,-0.13558,-0.14461,-0.25625,0.080513,0.0012255,0.011146,-0.083071,-0.057632,0.1905,-0.11521,0.060121,-0.024628,0.075272,-0.080754,-0.015634,-0.074355,-0.028583,-0.054477,-0.049497,0.074738,-0.05889,0.11432,0.071152,0.0056075,0.02306,-0.017397,0.014475,-0.019868,-0.025628,0.047139,-0.011238,-0.012958,-0.0025384,-0.034485,-0.0014228
-0.13664,0.052749,0.13722,0.010027,-0.23852,0.1311,-0.26192,0.28545,-0.1809,0.31925,-0.084262,0.022512,0.12569,-0.097378,-0.29789,-0.052389,0.14463,0.032916,0.036933,0.36827,-0.04383,-0.11497,0.24418,-0.082939,0.31807,0.020496,0.020932,-0.02716,-0.029766,0.10427,0.091376,0.00036687,-0.070186,-0.018132,0.066582,0.12559,0.05677,-0.060804,0.0099741,-0.13363,-0.064307,0.10921,0.12669,0.043084,0.040892,-0.025702,0.067783,0.028199,-0.031424,-0.04503,-0.080696,0.080397,0.05138,0.00062211,-0.01467,-0.015132,0.0012777,-0.027805,0.032245,-0.0035618
-0.12898,-0.14469,0.021354,0.037068,0.060956,0.10027,0.019791,0.04256,-0.024486,0.14959,0.15498,-0.25074,-0.29494,0.067282,-0.025528,-0.15116,0.29063,0.087235,-0.013762,0.049439,-0.041309,-0.10029,0.029041,-0.051545,-0.14101,0.062411,0.0067316,0.19185,-0.20699,0.024948,-0.039489,-0.11268,0.16565,-0.11823,0.23634,-0.21938,-0.13476,0.029482,-0.0039333,0.012971,0.04152,0.0071029,-0.099036,-0.066277,-0.13275,0.02077,0.093194,-0.048069,-0.094578,-0.19259,0.38091,0.060962,-0.068203,-0.059693,-0.20053,0.0495,-0.1175,-0.075337,-0.11802,-0.051327
-0.13179,-0.09593,-0.18366,-0.17211,0.14388,0.14743,-0.16696,0.0077412,0.35689,0.035562,-0.053119,0.0099771,0.20568,-0.025719,-0.026307,0.19748,0.0051342,0.095005,-0.35867,0.045306,0.058355,0.010123,-0.15599,0.013433,0.09101,0.25579,0.046847,-0.095992,0.09301,0.34188,-0.30914,0.053353,0.022112,-0.23751,0.1212,0.014333,-0.063354,0.10032,-0.0072144,-0.071816,0.12343,-0.0087974,-0.09451,-0.029467,-0.011713,-0.1006,0.090602,-0.0021039,0.063563,-0.03014,-0.045212,0.00049234,-0.06166,-0.0092009,-0.019438,-0.0039439,0.049295,0.0021398,0.0065412,0.01545
-0.12225,-0.15623,0.032057,0.11675,-0.20253,-0.049631,-0.058643,0.11545,0.15173,0.02006,-0.082077,-0.1828,-0.027773,0.02639,-0.04054,0.181,0.051076,-0.076811,0.049279,-0.16516,-0.01895,0.12977,-0.12442,0.023545,-0.12348,0.01398,-0.15789,0.07312,-0.046336,-0.026095,-0.030946,0.020358,-0.030621,-0.13323,0.061068,0.11323,-0.01229,-0.18873,-0.19997,0.015167,0.013202,-0.13739,-0.10924,0.10994,0.17132,0.27032,0.20189,0.096752,-0.31817,0.039852,-0.106,0.071827,0.42682,0.051745,0.14236,-0.14466,-0.10183,-0.034788,-0.0033938,-0.03505
-0.13531,0.07715,0.088405,-0.35547,-0.10575,0.11469,0.050436,-0.17025,0.018367,-0.24659,-0.15381,-0.012204,-0.062651,-0.23277,-0.14562,-0.19431,0.029288,-0.051848,0.31861,-0.063606,0.060657,0.095996,-0.23645,-0.15861,-0.097483,0.10329,0.2085,-0.0081491,0.22808,0.17158,0.053445,-0.05683,-0.051381,0.058118,0.10562,-0.11894,0.032689,-0.15495,-0.11721,-0.30246,-0.048642,0.16705,0.065535,-0.056823,-0.061836,0.064908,0.037303,0.0039603,-0.043874,-0.064941,0.075129,-0.04192,0.021006,-0.009112,0.027174,-0.066635,0.033545,0.0093555,-0.00073607,-0.00635
-0.12845,0.073188,0.29418,-0.060296,-0.11444,0.11286,0.12498,-0.28582,0.065051,0.28388,0.1302,0.19751,0.093226,-0.29768,0.16244,0.23603,-0.054775,0.092974,-0.15909,-0.13577,-0.087577,0.15792,-0.11564,-0.0802,0.21673,-0.12244,-0.1389,0.045414,-0.1069,-0.014027,-0.021669,0.015231,0.080336,0.22719,0.013383,-0.092134,-0.094989,0.11484,0.11489,0.017137,-0.066564,0.14753,0.086208,0.052911,-0.016067,0.15688,0.045822,0.073494,-0.017851,-0.038539,0.13919,-0.070742,0.15373,-0.026828,-0.095215,0.057822,-0.050521,-0.042402,-0.051399,-0.0038198
-0.14169,-0.11393,-0.060755,-0.15301,0.11032,0.11696,-0.13123,0.13912,0.059679,0.0047657,0.10816,-0.17254,0.22839,-0.14508,0.019978,0.067181,-0.14133,-0.10346,-0.023009,-0.11103,0.035035,0.0030861,0.1809,-0.12688,-0.1988,-0.087103,0.0083698,0.007178,-0.30506,-0.0099666,0.24781,0.059424,0.071391,-0.027681,-0.26905,-0.083401,0.016882,-0.24057,-0.050927,0.025629,0.23712,0.2053,0.027151,-0.17031,0.16242,-0.00032853,-0.081536,0.080917,0.22295,-0.20139,0.060924,-0.14936,0.0037173,0.10897,0.10101,-0.0040784,-0.039522,0.02188,0.019841,-0.013296
-0.13022,0.11886,-0.00031444,-0.21834,-0.19131,0.0072273,0.095395,0.063294,-0.20373,0.0050868,0.31698,0.0055059,0.14017,0.2017,0.040752,-0.013975,-0.20988,-0.10595,0.065252,0.033556,0.27022,0.084577,-0.083722,0.094364,0.081505,0.037786,0.15349,-0.13277,-0.1104,-0.18756,-0.037087,0.065651,0.037653,-0.23466,-0.077366,-0.061801,-0.12232,0.15805,0.22501,-0.29238,0.090123,-0.088729,-0.18034,0.12543,0.06449,0.047618,-0.03174,-0.079662,-0.16931,-0.087014,0.023416,0.16133,0.0078493,0.12983,-0.00090441,0.034229,-0.053908,0.040588,-0.048757,0.0001391
-0.13286,0.14334,-0.11121,0.15775,0.069529,0.045982,0.081489,-0.064351,0.040923,0.040169,0.038821,0.086819,0.16714,-0.06164,-0.0064649,0.050347,0.19945,-0.1321,0.091868,0.17447,-0.016979,0.15504,0.08667,0.089272,-0.018881,0.031413,0.10797,-0.084983,0.065629,0.087875,0.12747,-0.13394,0.10718,0.048533,0.092287,-0.10446,0.095891,-0.037821,-0.11007,-0.037859,0.21521,-0.246,-0.060592,0.25791,0.17073,-0.18821,-0.23483,0.0043023,-0.1014,0.24136,0.20311,-0.37214,0.098681,-0.015787,0.00018327,0.088967,-0.15275,0.00035419,-0.115,-0.029585
-0.12839,0.090495,0.22032,-0.19835,-0.094135,0.040136,-0.029748,-0.18434,0.28094,0.19796,0.21731,0.01975,-0.038298,0.34646,-0.062045,-0.33649,0.1353,0.29036,-0.023515,-0.065273,0.19445,-0.027041,-0.013653,0.042037,0.00023102,-0.025443,0.02845,-0.006046,-0.0057041,-0.036117,-0.014292,-0.073065,-0.033426,0.036799,-0.051562,0.051329,0.097368,-0.042529,-0.19546,0.19951,0.13389,-0.12622,0.17293,-0.056745,0.10343,0.042367,-0.16323,-0.078871,0.037486,-0.036597,-0.22402,-0.080164,0.048951,-0.016777,0.054333,0.012518,0.046558,-0.016479,0.060863,0.028614
-0.1179,-0.16368,0.050876,0.041398,-0.2037,-0.12973,0.046853,-0.0066323,0.006614,-0.11445,-0.093491,0.044736,0.2085,0.10404,-0.12453,-0.0034658,-0.047181,0.10142,0.024666,-0.008658,-0.25323,-0.031331,-0.030052,0.17837,0.0088256,-0.24475,-0.06285,0.076412,0.014831,0.10008,-0.020582,0.027967,-0.12689,-0.086439,-0.020996,-0.016452,0.071694,0.022724,0.020962,-0.044175,-0.065259,-0.091688,-0.13347,0.065289,0.17122,0.21654,-0.026041,-0.21005,0.054454,-0.26094,0.095365,-0.31132,-0.26018,-0.028933,-0.22616,-0.20194,0.22364,0.021583,-0.1797,-0.011496
-0.13515,-0.13915,0.0013153,0.076131,0.15445,0.097429,-0.078506,0.043021,-0.090519,0.031721,0.094978,-0.1262,-0.14321,0.043483,-0.045493,0.09664,0.10281,0.18971,0.038143,-0.20945,0.020625,0.046887,0.12808,-0.017165,-0.091276,0.19283,-0.11964,0.086589,0.21266,-0.066719,-0.057845,0.054435,-0.059699,0.35029,-0.10303,0.29438,-0.047582,0.15701,0.050503,-0.4032,0.082317,0.046906,-0.1046,0.21267,0.15937,0.064313,-0.18631,0.050364,0.10572,-0.082036,0.0067038,0.016336,-0.069125,-0.16533,0.085636,0.051314,0.043205,0.0073057,-0.020765,0.050766
-0.13885,0.11138,0.17471,0.10816,0.13722,-0.12136,-0.066056,0.082538,-0.1043,0.093456,0.054921,0.054161,0.05595,-0.19559,-0.03082,-0.080586,0.24147,0.040096,-0.057954,0.0077846,-0.015778,0.20258,-0.10353,0.087614,-0.39953,0.15518,0.11006,-0.15035,-0.031916,-0.00095867,0.0015657,0.15019,-0.5271,-0.17034,-0.096165,-0.099805,0.0018715,0.14672,0.17479,0.16902,-0.14418,0.037522,0.0056584,-0.010056,0.010466,0.033004,-0.030592,0.060776,0.040224,-0.014334,-0.020545,-0.010469,0.039167,-0.01395,-0.020575,0.024913,-0.032204,-0.018815,0.023381,-0.0034196
