-0.12464,-0.13976,-0.053698,0.11384,-0.058949,0.1499,-0.14324,0.1786,-0.21969,0.07708,-0.087488,0.050203,0.15664,-0.06595,0.070214,-0.031241,0.065794,-0.037588,0.084961,-0.087565,0.060579,-0.095939,0.094487,-0.016234,-0.072283,-0.21486,0.093569,0.013285,-0.22051,-0.13369,0.3335,0.056185,0.19247,0.099355,0.21653,-0.34109,-0.21613,-0.077526,-0.051282,0.10029,0.078611,0.11844,0.062521,0.0017207,0.06266,0.016044,0.1174,0.091621,-0.14548,-0.19263,-0.22294,-0.14481,-0.0028338,-0.008468,-0.059037,0.0041142,0.12688,0.048616,0.10249,0.011437
-0.12199,-0.15353,-0.016989,0.0077807,-0.052446,-0.10916,-0.021428,-0.11134,0.050492,0.009618,-0.096478,0.014669,-0.073778,0.054311,0.12036,-0.064058,0.085374,0.12766,-0.066202,0.25881,-0.031419,0.080782,0.022245,-0.096963,0.12549,0.48373,0.073817,0.1138,0.13528,0.10565,0.11251,-0.081644,-0.12421,-0.015749,0.18772,0.0036418,0.017678,-0.078735,0.16885,-0.014583,0.23234,0.15525,0.090513,0.031321,0.057995,-0.06172,0.18944,-0.036023,-0.11376,-0.038647,0.018365,0.034351,0.075992,0.09231,-0.010891,0.12908,0.36372,-0.1424,0.21814,-0.016422
-0.13323,0.12989,0.068216,0.014401,-0.089942,-0.0024619,0.12594,-0.20063,-0.0060581,0.023651,0.23039,-0.15261,-0.10055,0.13477,0.012335,-0.11991,0.1853,0.052524,-0.24989,-0.0098947,-0.22092,0.20944,0.1321,-0.061701,0.045695,0.0017959,0.10162,0.0081409,-0.075645,-0.082422,0.19537,0.14729,0.045572,0.16326,-0.10259,-0.07899,-0.0016302,0.032257,-0.21572,0.075402,0.06689,0.23324,-0.020638,-0.10133,-0.28371,0.16485,-0.11211,0.0033242,-0.082378,0.037713,0.20179,-0.064311,-0.096559,0.081084,0.095525,0.18239,-0.099481,0.24918,0.067954,0.039737
-0.12447,-0.13691,-0.060963,0.096974,-0.063625,0.16,-0.10138,0.16824,-0.052198,0.15073,0.030268,0.050899,0.14479,-0.069092,0.23238,-0.038549,0.021423,-0.38549,0.088971,-0.3191,-0.30657,0.084709,-0.12816,0.26155,-0.083471,0.17066,0.082685,0.12707,0.10045,-0.056676,-0.037391,-0.10247,-0.042852,-0.01171,0.068011,0.047977,0.035,0.27282,0.059608,-0.058544,0.0073243,0.020289,0.0008926,0.14041,-0.18915,-0.039342,-0.026897,-0.064857,0.056775,0.069802,0.25896,0.0058094,-0.072787,0.0091441,0.053716,-0.022367,0.079075,-0.025494,-0.015892,-0.0088557
-0.12915,-0.14691,-0.028375,0.058751,-0.11895,-0.056681,-0.040953,0.0022812,0.028633,0.023611,-0.016195,0.011343,-0.015913,-0.021099,0.07535,0.0091083,0.11512,0.043794,-0.011235,0.15426,0.0175,0.094564,-0.24557,-0.13272,-0.036306,-0.042784,0.15175,-0.1205,0.046922,-0.0057656,0.10995,0.046115,0.0067,-0.18671,0.078003,0.10602,-0.11123,0.043719,0.21206,-0.020249,-0.16039,-0.13981,-0.18249,0.04626,-0.26246,0.43214,0.054951,0.1046,0.3495,-0.19216,-0.22411,0.19882,0.00010763,-0.012671,0.079048,0.09424,-0.011432,0.093861,-0.10624,-0.015998
-0.037204,0.030185,0.70125,0.36418,0.25797,-0.28153,-0.37121,0.15078,0.1523,-0.036551,0.10544,0.04977,0.044482,0.028718,-0.038059,-0.089731,0.056669,-0.05358,0.031605,0.024936,-0.033092,-0.043456,0.037967,-0.0134,0.023115,0.019202,0.020392,-0.0010355,0.0071844,-0.030058,0.0021666,0.0023169,0.002683,0.0016782,-0.0055188,-0.0034368,0.0041585,0.0028281,-0.024948,-0.0033582,-0.0060169,0.003412,-0.024117,-0.002298,0.0065247,0.0082655,0.011353,0.0016891,0.0017576,-0.00029856,-0.0028671,0.0035211,0.012076,-0.0022367,0.00023517,-0.0023059,-0.012941,-0.0040348,0.003167,-0.0025147
-0.10625,-0.14821,0.11609,-0.056805,-0.14833,-0.25677,0.15064,-0.25509,-0.053747,0.051629,-0.081877,-0.074001,-0.10573,0.082196,0.11714,-0.20128,0.026894,-0.14235,-0.051379,-0.15235,0.33679,-0.47276,-0.10895,0.29537,-0.13475,0.18529,-0.04331,0.016509,0.097441,-0.086849,0.046187,0.13064,0.1669,0.036498,-0.18773,0.011826,-0.094851,-0.021668,-0.065845,0.090602,-0.027512,0.032707,-0.030367,0.0052248,0.04511,0.050347,-0.012153,-0.069634,0.076946,0.00034866,-0.020995,0.00097467,-0.066468,0.021607,-0.010003,-0.0014356,0.018198,-0.0046636,0.0079671,0.00070802
-0.13274,-0.12059,0.030753,0.18243,-0.032982,0.096025,0.24852,0.15929,0.089746,-0.086785,0.025437,-0.00076,0.055404,0.24857,0.17103,-0.10347,0.0022328,0.0058057,-0.26346,-0.1958,-0.171,-0.0014221,-0.34548,-0.24615,0.0059381,-0.0076947,-0.23718,0.19818,0.026934,-0.093106,0.071898,0.16805,-0.13974,-0.013301,-0.018809,-0.042913,0.069446,-0.22521,0.087893,-0.11104,-0.12522,-0.16115,-0.023533,-0.07144,0.24196,-0.098033,-0.0089753,-0.023002,-0.11418,-0.040133,-0.082336,-0.010474,0.046303,0.0078617,-0.025392,-0.0097468,-0.13942,0.029858,0.036476,-0.00061372
-0.13673,0.12388,-0.062177,0.086305,0.09505,-0.13808,0.16333,0.13728,-0.044283,0.033292,-0.17828,-0.16172,-0.14888,-0.040389,0.021362,-0.0083956,-0.066208,-0.012427,0.089081,0.09177,-0.1896,-0.096139,0.067319,0.10302,0.17114,0.10413,0.17826,0.010624,0.038455,-0.0054961,-0.041505,0.013673,-0.10438,0.14944,-0.0052868,-0.099207,-0.054385,-0.068893,0.049805,0.087786,-0.56083,0.10897,0.19129,0.092369,-0.030709,-0.064653,0.082908,0.2538,0.0087877,0.22223,-0.10848,-0.081346,0.15258,-0.1005,0.06152,-0.0015547,0.029441,0.13027,-0.078334,-0.033252
-0.15701,0.051117,-0.14399,-0.051534,0.052004,-0.046613,-0.16611,0.08731,-0.056134,-0.33344,0.21813,0.17545,-0.24944,0.11669,0.14346,0.066835,-0.18602,-0.040742,-0.01819,-0.24555,0.11137,-0.16614,-0.014854,-0.092868,0.31053,-0.036613,0.12501,0.083008,-0.26293,0.025285,0.017068,-0.14435,-0.092948,-0.12866,-0.32508,-0.0057023,-0.099783,0.026927,0.037189,-0.18105,0.13618,0.082114,0.048628,0.045727,-0.088568,0.073013,0.06493,0.09776,0.053925,0.057687,-0.018429,-0.019017,0.081787,0.058867,-0.019312,0.048565,0.077744,0.0010004,0.019305,-0.0078386
-0.14097,0.049835,-0.23321,-0.039497,0.12909,-0.36693,-0.16396,-0.251,-0.13239,-0.2224,0.16819,0.29401,0.05175,0.13611,0.058243,-0.011878,-0.14436,0.039759,0.14052,0.035656,-0.13374,0.27801,-0.11462,0.20324,-0.25,0.11858,0.10032,-0.047369,-0.0645,-0.16383,-0.051392,0.068836,0.030844,0.065338,0.11675,-0.094679,0.12829,-0.10934,-0.035569,0.058197,-0.09697,-0.12627,-0.028457,-0.050607,0.069856,0.0223,-0.034391,-0.097872,-0.092054,-0.015975,-0.12772,-0.075441,-0.021797,-0.013477,-0.019771,-0.10098,-0.071875,0.0063934,0.028762,-0.0012391
-0.11915,-0.15106,-0.046217,0.20773,-0.098126,-0.11016,0.026719,0.014392,-0.13395,0.025236,-0.019379,-0.03808,0.043773,-0.098942,-0.021807,-0.041571,-0.019644,0.18709,-0.084505,-0.10739,0.13049,0.14875,-0.049128,-0.046747,0.11081,-0.13218,0.18624,-0.15454,-0.11191,0.044174,-0.12074,0.10541,0.10866,0.15879,-0.041237,0.024899,0.090409,0.33007,-0.12971,-0.092609,-0.16514,-0.01181,0.11472,-0.19813,0.27842,-0.072513,0.025172,-0.16826,0.11535,-0.087113,0.1736,0.15838,0.23542,0.18503,0.2381,0.021651,0.12531,-0.14652,0.029709,-0.0007333
-0.1112,-0.16083,0.062016,-0.21784,-0.084683,-0.058805,-0.077284,0.036226,0.030006,-0.021966,-0.082682,-0.047648,-0.022405,0.014307,0.056062,-0.10686,0.0095244,0.082901,0.0604,0.1636,-0.16222,-0.048311,-0.021594,-0.03241,-0.075908,-0.20319,-0.0066772,0.4006,-0.074033,0.15334,-0.15385,-0.073437,0.27431,0.085185,0.002185,0.15912,-0.0031877,0.021062,0.050874,-0.030577,-0.041959,0.030763,-0.19123,-0.28754,-0.076821,0.12628,0.17736,0.064959,-0.019638,0.11301,0.146,-0.18809,0.16464,0.092355,-0.13521,-0.32214,-0.0093912,0.045254,0.085629,-0.072926
-0.12889,-0.13736,-0.0097313,0.068996,-0.063946,0.094786,-0.22849,-0.014065,0.091909,-0.044933,-0.025054,-0.1912,-0.22549,-0.1589,0.0060271,0.17869,-0.020566,0.10316,0.065956,0.03814,0.034871,0.058271,-0.24486,-0.016207,-0.071178,-0.15645,0.069672,0.021013,0.089767,-0.087729,-0.1878,0.23694,0.08563,0.068638,-0.16065,-0.021284,0.13491,-0.29915,0.081189,-0.0015668,0.10763,0.057904,0.24995,0.01495,-0.072101,-0.044027,-0.11223,-0.025761,0.043358,-0.038189,0.14468,-0.14232,-0.21445,-0.34005,0.11573,-0.013543,0.20873,-0.01179,0.026482,0.0041975
-0.12468,-0.14303,0.01496,0.049723,0.17117,0.19341,0.054061,0.0405,-0.075072,-0.05116,-0.075746,0.042164,0.0044245,0.19828,0.018432,0.031274,0.019252,0.1533,0.16803,0.0075314,0.046015,-0.16539,0.030473,0.17114,0.0045721,-0.023514,-0.090525,-0.098177,0.023227,0.17186,0.01838,-0.07211,-0.37052,0.11805,0.050866,-0.048719,0.4233,-0.034902,-0.2736,-0.039498,-0.0072806,0.16729,-0.12971,-0.11845,-0.071139,0.089305,0.2034,-0.0073275,0.21048,-0.19644,0.0060948,-0.05921,-0.16971,0.00028856,0.061978,-0.0682,-0.015019,0.095646,0.019965,-0.08876
-0.12432,-0.12283,-0.025037,0.18379,0.19062,0.010963,0.22046,-0.31072,0.049396,-0.044074,-0.041878,0.19339,-0.01314,-0.35039,0.027028,0.0035801,0.21761,-0.22361,-0.13996,-0.087347,-0.1939,-0.074541,0.19002,0.01222,0.23648,-0.08471,0.065578,-0.02868,-0.19366,0.079072,-0.073151,-0.025066,0.097183,-0.068021,0.085968,0.18718,0.14059,-0.10163,0.1009,0.09928,0.09563,-0.066094,0.050085,-0.17797,0.11489,0.0085952,0.014261,-0.029526,0.11852,0.075075,-0.1685,-0.048226,-0.16757,-0.099256,-0.080794,-0.00099128,0.0044444,0.0060081,-0.026036,0.0018965
-0.13825,0.11212,-0.093338,-0.0040437,0.20803,-0.076584,0.08672,0.1109,0.037771,0.033659,-0.053242,-0.31764,-0.0018682,0.068943,0.21208,-0.048676,0.19522,-0.096341,0.19653,-0.060134,0.28094,0.25475,0.033411,-0.14436,0.0033224,0.070007,-0.00077016,0.10878,-0.050562,-0.16707,-0.10897,0.0026815,0.15922,-0.4429,0.0086535,0.090116,0.19583,0.074468,-0.23245,0.13937,0.041217,0.065125,-0.081206,-0.011117,-0.0029805,-0.13973,0.019878,0.08908,0.012221,-0.039101,-0.11207,-0.096527,0.061464,-0.034854,0.02107,0.0031236,-0.0046638,-0.00024365,0.032586,-0.0065386
-0.12339,-0.14038,-0.02515,0.042741,0.11162,0.1001,0.035604,-0.13993,0.038965,-0.2927,-0.060467,-0.12978,0.22115,-0.10765,-0.24068,-0.23715,-0.19925,0.020713,0.03324,0.10828,0.099294,0.026692,0.0096113,-0.088384,0.15057,0.11829,-0.027592,0.44135,-0.042222,-0.071723,-0.10679,-0.018348,0.028577,0.17304,0.10948,-0.10907,-0.11544,0.095089,-0.21354,-0.062113,0.015715,-0.12828,0.093199,0.22479,-0.14474,-0.013197,-0.090081,-0.044104,0.16098,-0.086643,-0.041182,0.076629,-0.11893,-0.02028,-0.017456,0.059699,-0.072782,-0.010469,-0.11837,0.047026
-0.11573,-0.15728,0.084711,-0.162,0.012505,-0.12367,0.024233,-0.044903,0.021804,0.074436,-0.16476,0.034102,-0.018086,0.14382,0.0419,0.038413,-0.017939,0.077388,0.11537,-0.10466,-0.14262,-0.068843,0.036972,0.00033828,0.023752,-0.11224,-0.26872,-0.17063,-0.20618,-0.12719,-0.012328,-0.088203,0.050095,-0.06079,0.30585,0.07884,0.0068646,-0.26352,-0.20645,-0.096741,0.053793,-0.11403,0.16286,0.076063,-0.11313,0.051436,-0.30707,0.20209,0.096145,0.13691,0.19442,0.14046,0.18908,0.12693,0.029926,0.13237,0.15967,-0.065908,-0.04094,0.012667
-0.11206,-0.16064,0.088134,-0.23736,-0.018933,-0.038607,-0.070428,0.038395,0.019018,0.0094021,-0.13967,0.014796,0.014674,0.049308,-0.09696,-0.050213,0.029047,0.0052767,-0.19103,0.030874,-0.1589,0.085279,0.10121,-0.0041382,-0.17056,-0.024747,0.027151,-0.026682,-0.03238,-0.031775,-0.054503,0.049365,-0.18878,-0.12034,-0.25145,0.016366,0.021218,0.23109,-0.011966,0.093488,0.086799,0.0096115,0.22807,0.08814,0.15174,-0.079606,-0.17014,0.024143,0.0062771,-0.15541,-0.19306,-0.025686,-0.0045951,0.11558,-0.17922,-0.096991,0.20963,0.30324,-0.24462,-0.34548
-0.11,-0.16037,0.086408,-0.23767,-0.048917,-0.077591,-0.0081678,0.048338,-0.034767,-0.044737,-0.055521,-0.16188,0.065927,0.02919,-0.14121,-0.16794,-0.033545,0.043061,0.03296,0.013988,-0.1591,-0.060463,0.047657,0.085773,-0.13016,-0.20676,0.28129,-0.02451,-0.19985,-0.011146,-0.00081834,0.11749,-0.25577,-0.18208,-0.053547,0.12723,0.047763,-0.016144,0.14966,0.038892,-0.028201,0.081673,-0.052773,0.077679,-0.0091354,-0.24063,0.083554,0.012282,-0.032759,-0.0092009,-0.017359,0.1043,-0.14973,0.034995,-0.057638,0.20799,-0.19974,-0.23966,0.18267,0.35592
-0.12095,-0.14579,-0.043602,-0.021332,0.088121,0.092151,-0.061449,-0.24142,0.10819,-0.1598,0.078294,-0.1449,0.17883,0.077118,-0.11637,0.016517,-0.15597,0.034331,0.074858,0.053398,-0.19226,-0.27267,-0.060469,-0.090555,0.19208,-0.019437,-0.052663,-0.2955,0.24418,-0.12785,0.15178,-0.068604,0.22092,-0.30072,0.0045555,-0.1577,0.11888,0.24706,0.11462,0.047368,-0.066553,0.022851,0.060675,-0.090712,-0.035856,-0.032265,0.059582,0.022507,-0.20649,-0.064195,0.15575,-0.017521,0.094434,-0.10033,-0.0098597,-0.072177,-0.053726,0.050738,-0.010933,-0.0015891
-0.13596,0.13052,0.053869,-0.040762,-0.091533,0.19955,-0.025505,-0.02781,-0.0067098,-0.0028087,0.18444,0.0022567,-0.13501,0.10005,-0.044263,-0.057061,0.17154,0.013684,-0.045048,0.06205,-0.014855,-0.027038,0.044189,0.054936,-0.040175,0.035151,0.04843,-0.063295,-0.12715,-0.17465,-0.067263,-0.060677,-0.05747,-0.028229,0.044442,0.10053,-0.18726,-0.069076,-0.19869,0.15842,-0.044344,-0.40335,0.084752,0.0452,0.070362,-0.090597,0.49227,-0.031869,0.00080859,-0.053117,0.24335,0.20776,0.0076279,-0.20928,-0.089118,-0.098423,0.10673,0.061089,-0.061656,-0.026012
-0.11096,-0.15345,0.097733,-0.21145,0.037911,-0.0045236,0.061596,0.17292,-0.13531,0.028255,-0.12779,0.062308,0.082783,-0.078335,-0.34799,-0.063374,-0.068359,-0.13004,-0.14143,-0.18317,0.080493,0.22683,0.16713,-0.046885,0.08604,0.24526,-0.1415,-0.23683,0.03893,-0.27213,-0.15399,0.0095369,0.018455,0.065531,-0.15577,-0.0025151,-0.026324,-0.13809,0.082721,-0.18894,-0.032155,-0.013083,-0.149,-0.13673,-0.15185,0.13541,0.16584,-0.012784,-0.032885,-0.025277,-0.045848,-0.17549,0.067879,-0.14134,0.082506,-0.03888,0.049449,-0.031534,0.12771,0.037735
-0.1217,-0.14377,0.0053489,0.1224,0.10617,0.0071261,0.15483,0.05612,-0.19238,0.091826,0.12868,-0.10587,0.0072749,0.12659,0.0088999,-0.033934,0.08478,0.36092,0.24658,-0.07594,-0.1585,0.10553,0.24154,0.23944,0.07856,-0.054696,-0.011577,0.069578,0.19347,0.14642,0.065034,-0.16284,0.16504,-0.068185,-0.27183,0.0084855,-0.20055,-0.15318,0.12598,-0.071195,0.11651,-0.18109,-0.1184,0.096025,0.054706,-0.071714,-0.12502,-0.20216,0.030932,-0.015501,-0.097278,0.030726,0.050203,-0.095053,0.070425,0.049883,0.010579,0.056905,-0.046298,-0.0043803
-0.14179,0.12044,-0.054081,-0.055682,0.092952,0.088904,0.02118,0.24944,0.030608,-0.12283,-0.032643,-0.13168,-0.045053,-0.012255,-0.13875,-0.026431,-0.029146,-0.018758,-0.024721,0.15612,-0.12059,-0.18251,-0.064568,0.0030087,-0.090069,0.0083704,0.018276,-0.032502,-0.088467,-0.15711,0.036518,-0.050108,0.021362,-0.070698,0.077144,0.016974,-0.026547,0.020845,-0.021511,0.1155,0.12702,0.014357,-0.08374,0.035305,0.21244,0.27868,-0.041567,-0.32513,-0.021516,0.38694,-0.10414,0.048101,-0.17373,0.12809,0.39508,-0.036257,0.064779,-0.071711,0.074391,-0.18912
-0.14304,0.11239,-0.14692,0.056234,-0.088699,-0.12146,-0.054748,0.12693,0.093455,-0.075711,-0.059271,-0.031497,0.09539,-0.18936,-0.12654,0.087033,0.034905,-0.10976,-0.086308,-0.010474,-0.21328,-0.18593,-0.15276,-0.082428,-0.11463,0.090661,0.014112,-0.084581,-0.002399,0.27715,0.016673,-0.15601,0.07242,0.079951,-0.17733,0.15586,0.01799,-0.17343,-0.36299,0.13794,0.017679,-0.0060798,-0.14023,0.034096,-0.20026,-0.11758,-0.068978,-0.13581,-0.16668,-0.27021,-0.13881,0.057152,0.25469,-0.059489,0.028562,0.069616,0.044894,-0.064545,0.022823,0.028014
-0.12507,0.13338,0.21333,-0.13372,-0.079699,0.041416,0.14981,-0.035588,-0.13027,-0.19822,0.10658,-0.10854,0.23033,-0.18981,0.15008,0.070525,-0.063809,0.03073,-0.015693,-0.051644,-0.0063289,0.033763,0.017058,0.001712,-0.053796,0.036688,0.16219,-0.093784,0.10093,0.16106,0.00094452,0.029843,0.018354,-0.009596,0.05229,0.13879,0.044006,-0.078433,-0.080457,-0.11208,0.040894,-0.0094222,-0.013734,0.35113,0.35777,0.32066,0.020995,0.22358,-0.039562,-0.095858,0.16652,-0.28161,0.046258,-0.035591,-0.039404,0.036798,-0.050182,-0.066864,-0.014935,-0.047835
-0.13656,0.13214,0.077038,-0.030941,-0.0068408,0.20644,-0.035057,-0.006874,-0.047362,-0.0013878,-0.029755,0.073285,-0.14811,0.19327,-0.034574,0.0071248,0.11744,-0.048768,-0.020763,0.043386,-0.028329,-0.023288,0.039715,0.077227,-0.0043505,0.040193,-0.057555,0.052557,0.11607,0.073837,-0.061955,-0.038086,-0.069696,0.0086599,0.0032503,0.035058,-0.067013,0.21356,0.013473,0.18173,0.03083,-0.20347,0.38658,-0.12779,-0.025578,0.17496,-0.23705,0.066863,0.087898,-0.17238,-0.18032,-0.21608,0.15572,-0.016666,0.12026,-0.13096,-0.13951,-0.24264,0.28791,0.24735
-0.12699,0.13285,0.20177,-0.15469,0.04059,0.14904,0.005933,-0.05303,-0.051302,-0.00028587,-0.12355,0.13244,0.05092,-0.035068,0.25078,0.27854,-0.121,0.12217,0.011902,0.095096,-0.091503,-0.056562,-0.028453,-0.00091482,-0.15292,0.091996,-0.14443,0.10902,-0.077804,-0.13958,-0.14843,-0.10342,0.13822,0.07311,-0.070523,-0.0092938,-0.066392,0.20081,0.023234,-0.024276,-0.050567,0.091874,-0.046879,-0.23807,0.082251,-0.07125,0.076041,-0.038124,0.036825,-0.035779,-0.092369,0.039153,-0.015281,-0.17635,0.032458,0.54983,-0.042777,0.032588,-0.078619,0.018732
-0.14521,0.12338,-0.037149,0.080576,-0.0094849,-0.030591,0.067191,0.15538,-0.025067,-0.0082349,-0.054558,-0.0055771,-0.043654,-0.038023,-0.053247,-0.031359,-0.027811,-0.033657,-0.0019019,0.11982,0.12718,-0.026375,-0.044672,0.049935,0.022825,-0.10315,0.024268,-0.083669,0.048646,-0.0088282,0.049032,0.054473,-0.072878,-0.085834,0.11538,-0.06273,0.060525,-0.025181,0.074619,-0.015352,0.0070257,-0.12048,0.090702,-0.027071,-0.13853,0.039101,-0.0023996,-0.4815,0.14003,0.086625,0.16385,-0.36485,0.18454,0.12149,-0.46658,0.26712,-0.013162,0.056699,-0.080581,0.011024
-0.14298,0.12061,0.018802,0.076242,-0.11306,0.0061327,0.056251,-0.0093538,-0.10295,0.012406,0.0096799,0.11504,0.19871,0.16852,-0.16127,-0.075985,-0.0056992,-0.04976,0.14398,-0.09949,0.1828,-0.042222,0.079243,-0.039615,-0.0028922,-0.019961,0.076685,0.14235,-0.026562,0.26623,-0.13741,0.14351,-0.13742,-0.18461,0.093447,0.056832,-0.061792,-0.062955,0.12054,0.079764,-0.10956,-0.020125,0.049447,-0.28462,-0.1296,0.14169,-0.1184,0.034357,-0.39152,-0.017917,0.11193,0.047861,-0.13875,-0.098097,0.11039,0.13442,0.16069,-0.112,-0.24876,-0.18942
-0.14339,0.11863,-0.075035,0.035194,0.14318,-0.049742,0.080388,0.1534,0.051374,0.083339,-0.16285,-0.0063091,-0.10516,0.0093071,0.040019,0.12675,-0.026103,-0.014702,0.050032,0.072384,-0.074621,-0.01202,0.00013355,0.049652,0.15131,0.061846,0.10079,-0.037774,0.0724,-0.2046,-0.14926,-0.054582,0.082488,0.022093,-0.0094086,0.051379,-0.21669,-0.13274,0.0074257,-0.083982,0.014842,0.20037,0.058659,-0.10162,0.11141,0.14072,-0.08491,-0.047857,-0.10892,-0.40557,0.18853,0.22213,-0.26802,0.25658,-0.22854,-0.17006,-0.20798,-0.081635,-0.070075,0.025526
-0.13397,0.12432,-0.0038799,-0.0040646,-0.21694,0.12086,-0.19165,-0.10396,0.10222,0.037647,-0.0017183,0.064525,-0.058981,-0.16776,-0.15677,0.031038,0.19438,0.08436,-0.019994,0.088842,-0.061673,0.055501,-0.082137,0.32369,0.25714,0.032639,-0.16095,0.12497,-0.052154,-0.14235,0.092921,0.10687,-0.074718,-0.15218,-0.10118,-0.18805,0.043142,-0.044025,-0.034968,0.005862,-0.079049,-0.0096732,-0.31515,-0.0045552,0.10937,-0.09798,-0.054588,0.17007,0.046825,-0.040344,0.003011,-0.17121,0.060169,0.20688,0.059294,0.020656,0.021509,-0.28791,-0.23098,-0.045342
-0.14886,0.095332,-0.17114,0.04173,-0.058285,-0.16456,0.0082811,0.12789,0.1045,-0.0102,0.016875,0.18192,0.25129,0.14787,-0.0076484,0.019666,0.054588,-0.016283,-0.10881,0.20827,0.069451,-0.043021,0.13536,0.085951,0.12044,-0.10699,-0.20872,0.051172,-0.083998,-0.066571,0.067396,0.12783,-0.062823,0.013427,0.013513,0.17099,-0.079353,0.12613,0.077995,0.041287,-0.034823,0.25864,-0.13738,0.14395,0.13987,-0.0091864,-0.18744,-0.047709,0.17195,-0.050474,0.18632,0.050269,0.05537,-0.44629,-0.026259,-0.1136,0.10732,0.085821,0.16168,0.0842
-0.12419,-0.15242,-0.04075,0.11377,-0.064363,0.070498,-0.079425,0.096595,-0.055708,0.057162,0.004337,0.092547,-0.0050548,-0.05777,0.018207,0.055422,0.087191,0.16938,-0.091679,0.0082877,0.076163,0.068509,0.021648,0.091189,0.042781,-0.0018887,-0.16763,0.00080794,0.040708,0.042012,-0.14504,0.065585,0.10512,0.0031805,-0.14875,-0.068609,0.24365,0.10914,-0.12159,0.11083,-0.058595,0.037542,0.076333,0.22273,-0.058192,0.30207,0.054395,0.054467,-0.2922,0.3032,-0.13787,0.31353,-0.024683,-0.035144,-0.37305,0.052512,-0.10255,-0.13519,0.11217,0.026187
-0.13879,0.12504,-0.044573,0.096897,0.061652,-0.11476,0.15483,0.13474,-0.038212,0.010147,-0.11156,-0.12926,-0.15237,-0.012916,0.00027166,-0.0021618,-0.045483,-0.016346,-0.013793,0.12791,0.018705,-0.1101,-0.014369,0.08269,-0.027881,0.005878,0.12574,-0.067168,-0.048537,-0.065621,0.060852,0.10918,-0.028635,0.24858,0.054073,-0.055349,0.17907,0.26979,0.11377,-0.20712,0.39073,-0.36845,-0.23064,-0.085118,-0.067083,-0.068202,-0.11949,0.3026,-0.17726,0.0032942,-0.0016729,0.064634,0.013516,-0.14084,-0.068157,-0.021325,0.033393,0.010219,-0.059629,0.0061206
-0.13739,-0.082751,-0.017628,0.093315,-0.092591,0.19433,0.010987,0.019608,0.61139,-0.23778,-0.10758,-0.072286,-0.082244,0.019102,0.16137,-0.075178,-0.26033,-0.057556,-0.012318,-0.079843,0.15201,0.24035,0.28433,0.22642,-0.18145,-0.0071333,0.0010235,-0.16528,-0.039978,0.13291,0.09421,-0.045033,0.032453,0.058528,0.0080032,-0.01806,-0.097267,-0.047848,0.056987,0.056968,-0.062929,-0.015135,-0.064688,-0.095057,0.029955,0.024437,-0.011913,0.019322,-0.043868,0.017907,-0.016729,0.046152,0.051251,0.034404,-0.0010993,0.016475,-0.008501,-0.00517,0.0016425,0.0054587
-0.14878,0.09519,-0.1608,0.06369,-0.065674,-0.17839,-0.009466,0.19128,0.055656,0.025029,0.0026448,0.12073,0.27512,0.092602,-0.076696,0.072514,-0.07821,0.013884,-0.018908,0.024641,-0.038739,0.0052217,0.086091,-0.085476,-0.063545,0.018339,-0.11049,-0.032557,0.21871,0.095193,0.12426,0.12943,0.19467,0.041391,-0.17192,0.062302,0.013849,-0.048322,-0.023867,0.12012,0.17731,-0.093697,0.22209,-0.093011,-0.025057,-0.12543,0.27058,0.27418,0.29814,0.16582,0.047576,-0.062177,-0.25916,0.22624,0.049247,0.070402,-0.053175,-0.071136,-0.099359,0.050959
-0.10948,-0.15674,0.053325,-0.15392,-0.08583,-0.1973,0.027237,-0.028113,0.0034952,0.16077,0.056365,-0.06162,-0.093968,-0.020202,0.16187,-0.028497,-0.13805,-0.31572,0.20632,0.1598,-0.07997,0.16409,-0.10501,-0.12684,0.27323,-0.14169,-0.20256,-0.16037,0.029463,0.26519,-0.13654,0.064413,-0.17096,0.051789,-0.037402,-0.28598,-0.23894,0.085111,-0.17548,0.13313,0.10549,-0.082995,-0.099894,-0.012621,0.12944,0.024644,0.057411,-0.068077,-0.030311,0.031917,-0.022306,-0.033223,-0.12965,-0.084182,0.023875,0.04595,-0.062673,-0.026981,0.03249,-0.0059025
-0.13261,0.13188,0.016443,0.13593,-0.20122,-0.076169,-0.0014389,-0.14323,-0.04388,0.059557,-0.11047,-0.0088206,-0.12142,-0.019398,-0.096428,-0.076973,-0.080384,-0.03689,0.13796,-0.12129,-0.018339,0.045565,0.06588,-0.25194,-0.1419,-0.11145,-0.1034,0.08856,0.098691,-0.13025,0.051695,-0.339,-0.12118,0.0582,-0.071348,-0.019109,0.16702,0.029509,0.065693,0.081193,0.021222,0.085863,-0.066252,0.038488,0.17715,0.16428,0.034153,-0.041066,-0.030636,0.033267,-0.0096694,0.01242,-0.025597,0.0128,-0.011895,-0.094403,0.2079,0.088122,-0.27902,0.49503
-0.13039,0.13229,0.17739,-0.031279,-0.15926,-0.032587,0.059624,0.0080178,-0.11727,-0.12066,-0.072381,0.03224,0.16693,-0.30414,0.11256,0.15717,-0.090503,0.090947,0.023859,0.023238,0.17,0.045229,-0.072016,0.14607,0.15824,-0.044863,-0.11919,0.042043,0.0059527,-0.027256,0.0096571,-0.047136,-0.12511,-0.10124,-0.0012091,0.023489,0.040541,-0.05556,0.11265,0.15146,-0.01328,-0.17097,0.030298,-0.024772,-0.14946,-0.13631,-0.044644,-0.018616,-0.12474,-0.0096325,0.031075,0.12767,-0.075089,0.25969,0.13848,-0.13573,0.022349,0.44286,0.31814,0.08417
-0.13302,0.1294,0.016713,-0.0071563,-0.1644,0.16301,-0.13407,-0.080321,0.0091535,0.0098558,-0.049511,0.093313,-0.1247,0.070777,-0.035353,0.10432,0.010942,-0.093985,0.21366,-0.065071,-0.12869,-0.16419,0.31167,-0.2354,-0.041573,0.16073,0.057696,0.0016502,0.072614,0.11325,-0.15521,0.47604,0.12622,-0.077524,0.082747,-0.070388,0.057413,-0.0083362,-0.048014,-0.26382,-0.064439,-0.040977,-0.14874,0.12398,0.056732,-0.083856,-0.036455,-0.13168,0.099797,0.01944,-0.097656,0.1141,0.033959,0.12279,-0.018237,-0.068393,0.0075894,0.17905,0.12234,0.078112
-0.12603,0.13445,0.22691,-0.1268,-0.039598,0.046483,0.18232,-0.030672,-0.13375,-0.15327,0.1091,-0.083929,0.133,-0.054337,0.26017,0.10075,-0.015538,0.057544,-0.043187,-0.0046502,-0.014191,0.038452,0.059596,-0.11968,-0.037934,-0.012775,0.0035202,-0.10031,0.024991,-0.044916,0.09447,0.074107,-0.060802,0.083319,0.0071954,-0.12872,-0.021889,-0.023464,0.049795,0.043961,0.011797,0.14369,0.0023886,-0.076464,-0.26955,-0.1495,-0.053493,-0.15791,0.15662,0.11027,-0.13745,0.16964,0.038332,-0.057241,-0.12171,-0.38646,0.11831,-0.39717,-0.19634,-0.048153
-0.12183,-0.15331,-0.052703,0.089276,-0.040811,0.098204,-0.10653,0.035185,-0.032445,0.073241,0.057597,0.070122,0.015738,-0.089494,0.046219,-0.037863,0.039749,0.2486,-0.025789,0.019604,0.098369,-0.091791,-0.023856,-0.27043,-0.10083,0.26877,0.13596,-0.18432,-0.054987,0.020197,-0.019363,-0.21606,-0.092284,-0.032385,-0.019984,0.014827,-0.1922,0.053608,-0.13678,0.049395,-0.18433,-0.10144,-0.19369,-0.12916,0.051868,-0.14548,-0.33459,0.12025,0.057877,0.20935,0.1068,-0.21272,-0.28886,-0.024413,-0.17997,-0.080288,-0.024311,0.01076,0.10355,0.030297
-0.13203,0.13045,-0.0012745,0.14109,-0.23228,-0.094998,-0.028605,-0.17295,-0.032965,0.070842,-0.10399,-0.015895,-0.10751,-0.042117,-0.099813,-0.047983,-0.078846,-0.0064631,0.15387,-0.15068,-0.01032,0.019331,0.12213,-0.19779,-0.06105,-0.11839,-0.053712,0.054695,0.042595,-0.15738,0.067284,-0.19639,-0.086098,0.091768,-0.016705,0.034374,0.079516,0.0029658,0.14652,0.081475,0.016156,0.010097,-0.012938,0.10808,-0.02131,-0.068842,0.021422,0.022066,0.10386,-0.070081,0.04803,0.04081,0.017029,-0.069058,-0.035672,0.072739,-0.27863,-0.16377,0.29281,-0.56316
-0.13203,0.12919,0.098795,-0.066647,0.091865,0.19991,-0.044416,-0.068851,-0.074759,0.12188,0.0039259,-0.09374,-0.016818,0.13963,-0.14723,-0.091465,-0.04982,-0.088404,0.20177,0.032935,0.060778,0.14964,-0.28382,-0.0082088,0.097591,0.18844,-0.15909,-0.15357,-0.39441,0.2313,0.23911,0.012644,0.24585,0.20133,-0.092101,0.23677,0.10682,0.019637,0.22667,0.01556,-0.091645,0.050242,0.058148,0.11634,0.048817,-0.079279,-0.028275,-0.035481,3.5579e-05,-0.016637,-0.033032,0.012595,-0.10266,0.056425,-0.10242,-0.04779,0.020721,0.037866,-0.02983,-0.009406
-0.13687,0.06665,0.043187,-0.2996,0.16102,-0.10014,0.24639,0.11712,0.39243,0.12643,0.21251,0.28314,-0.1257,-0.22718,-0.15414,-0.071701,0.12644,0.27171,0.20427,-0.30397,0.03183,-0.038831,-0.1638,-0.065045,-0.023455,-0.041034,0.022573,0.064544,0.1043,0.018444,0.066843,0.071868,0.018638,0.082446,0.13951,-0.07609,-0.023042,0.17523,0.01069,0.036839,-0.017472,0.055563,0.040312,0.080388,-0.031492,-0.014862,0.04661,-0.016813,-0.03769,-0.058496,-0.027051,-0.019685,-0.036204,-0.028086,0.0044261,0.0050682,0.08205,0.0089212,0.051861,0.0069451
-0.11745,-0.14244,-0.033252,0.044894,0.022311,0.167,0.037098,0.088173,-0.090535,0.14923,0.53415,-0.031407,-0.039997,-0.19685,-0.0974,-0.097647,-0.21994,-0.1377,0.11508,0.17187,0.068013,-0.074381,0.025888,0.021551,-0.11342,0.088671,-0.033809,0.034374,0.069469,-0.11458,-0.079269,0.066926,-0.09824,0.030556,0.042136,0.11061,0.047685,-0.15392,0.056161,0.14648,0.12399,0.18137,0.014233,-0.19094,0.10923,-0.013431,-0.11303,0.16933,0.09668,-0.0027528,-0.044388,0.15905,0.30787,0.08888,-0.04948,0.06311,-0.072849,0.097781,-0.039618,-0.009927
-0.12662,-0.12771,0.045226,0.12961,0.1458,-0.088369,0.056644,-0.12397,-0.051717,0.13686,-0.012975,-0.16897,-0.12057,0.080883,-0.2795,0.57506,-0.22148,0.039976,-0.20884,-0.21051,0.02029,0.068567,-0.046387,0.056864,-0.11533,0.080087,-0.010447,0.16754,-0.10079,0.14074,0.076331,0.081939,-0.06461,-0.1364,0.18168,-0.016951,-0.17228,0.089728,-0.012273,0.16263,0.060256,0.046737,-0.11509,0.049808,0.0057561,0.012007,0.092867,0.0067594,0.051906,0.050087,0.054769,-0.040372,0.059945,-0.011306,-0.043676,-0.10887,-0.051505,0.0023915,-0.0041854,0.029841
-0.1133,-0.15028,0.07822,-0.22938,-0.077663,-0.046874,0.0076923,0.11047,-0.0049245,-0.021084,0.22904,0.010656,-0.1033,0.1492,-0.093331,0.27946,0.071378,-0.29829,-0.13927,0.13033,0.16606,0.04199,0.12688,-0.00085907,0.085604,-0.14382,0.14344,0.14584,0.20658,-0.0090253,0.19948,-0.24713,0.16665,0.10611,0.1054,0.0058013,0.23508,-0.043494,-0.050278,-0.11645,-0.27879,-0.12593,-0.022658,0.0091991,0.070562,-0.12433,-0.13272,-0.037415,-0.03759,-0.038848,-0.057356,0.061135,-0.18206,0.030822,-0.00056252,0.09772,0.090921,-0.049421,0.027847,-0.032813
-0.13693,0.078153,-0.098364,-0.12662,0.33151,0.037453,-0.27396,0.018261,-0.30079,-0.2009,-0.12134,-0.017454,-0.27412,-0.17449,0.055467,-0.24451,0.053369,-0.0058492,-0.23568,-0.11435,0.044408,0.054845,0.043326,-0.030854,-0.086674,-0.11684,-0.24698,-0.027378,0.29897,0.19362,0.12297,0.091521,0.010251,0.0049064,0.16147,0.069345,-0.10065,0.014029,0.063683,0.077607,-0.078735,0.042562,-0.10636,-0.007476,0.035396,-0.098161,-0.020352,0.055857,-0.00056659,-0.018869,0.14508,0.13289,-0.022638,-0.0010093,0.028795,0.077155,-0.026468,0.0027922,-0.059569,-0.0011288
-0.13652,0.079619,-0.18113,-0.17692,0.15933,-0.061803,-0.32865,-0.15083,0.17508,0.13591,0.075816,-0.36909,0.34093,0.0022394,0.067621,0.13785,0.30244,-0.0049504,-0.0058888,-0.1913,0.10173,-0.10352,0.046845,-0.022872,0.042159,0.0077539,-0.006814,0.013675,0.0017362,-0.00086741,-0.067709,-0.042349,-0.22705,0.27208,-0.020369,-0.058082,-0.041256,-0.071516,0.1639,-0.092461,0.00016581,-0.10294,0.041775,-0.1131,0.088769,0.11744,0.0091147,-0.051747,0.01118,0.082953,-0.065191,0.06884,0.088306,0.057552,-0.051197,0.040736,-0.055018,0.062409,0.0050464,0.013684
-0.13026,-0.11415,0.0036316,0.099393,0.28327,0.11892,0.18903,-0.19237,0.0075652,-0.087125,-0.12435,0.21981,0.051617,-0.026721,-0.070509,0.14515,0.27616,-0.22262,0.17455,0.25054,0.12975,0.060808,-0.085127,-0.1008,-0.28661,-0.13346,0.025848,0.003257,0.032179,-0.029351,0.095202,0.014262,-0.11688,0.018847,-0.31428,-0.074639,-0.16683,-0.0076609,-0.0060284,-0.1634,-0.026331,0.039085,0.0086381,0.108,-0.034182,-0.042477,0.024013,0.066827,-0.10359,0.13317,0.19445,0.029934,0.16746,0.14146,0.079785,-0.012863,-0.0044141,-0.0394,0.071017,-0.0035511
-0.1316,0.11828,0.068823,-0.061517,0.12439,0.22497,-0.063949,-0.15003,0.045605,0.26108,-0.17977,0.21632,0.12947,0.24387,0.025158,-0.11172,-0.19551,0.013074,-0.18839,-0.03662,0.10251,0.043542,-0.17518,0.00068264,0.20535,-0.19039,0.37977,-0.046418,0.22314,-0.041576,-0.16907,-0.040986,0.06532,0.085468,0.024095,0.033424,0.0068509,-0.13935,-0.050434,0.18655,0.15001,0.044951,-0.18894,0.1282,-0.0077515,-0.10135,-0.027585,0.024332,0.022614,0.13219,-0.082037,0.014151,0.12951,0.022447,0.025698,-0.0045269,0.020235,0.04596,-0.00037124,-0.0081814
-0.13765,0.12898,0.030211,0.06865,-0.18618,-0.0052323,-0.030735,-0.09223,-0.0090815,-0.011459,-0.013267,-0.059356,0.0013971,-0.028153,-0.15712,-0.069136,0.036238,-0.0094636,0.011819,-0.0070519,0.011606,0.11291,-0.21306,0.18702,-0.011785,-0.090745,-0.0019944,-0.05405,0.15826,0.046973,0.080666,-0.1085,-0.049883,-0.14376,0.15905,0.1563,-0.19348,0.039871,-0.23739,-0.50363,0.092128,0.21205,0.18062,-0.19452,0.054753,-0.094358,0.062545,0.039788,-0.013493,0.20516,-0.26284,0.051787,-0.043573,-0.14132,-0.090883,-0.058322,-0.072381,0.10247,0.043866,-0.018806
-0.1388,0.10375,-0.058896,-0.0058515,0.1821,-0.019105,-0.055854,-0.10604,0.057468,0.49354,0.076299,0.024263,0.01899,-0.17711,0.18187,-0.1336,-0.32668,0.05541,-0.22259,0.1648,0.024703,-0.069371,0.15131,-0.021105,-0.11452,-0.053492,-0.075979,0.094353,-0.11658,0.042019,0.14817,-0.00057523,-0.040589,-0.19368,-0.11158,-0.02025,0.094,-0.035303,-0.074325,-0.29322,-0.12974,-0.12973,0.11988,0.074787,-0.10027,0.065576,0.059846,-0.084007,-0.082021,-0.093678,-5.4731e-05,-0.058166,-0.068759,-0.021224,0.14459,-0.10198,0.01696,-0.10379,0.027303,0.0013262
-0.11428,-0.15992,0.041257,-0.14414,-0.141,-0.047075,-0.098299,0.11983,0.00042679,0.040729,-0.15095,0.1712,-0.052363,-0.063498,0.059477,0.028141,0.12557,0.042296,-0.0051312,0.040035,0.13398,0.01064,0.045111,-0.060657,0.054102,0.19592,0.12906,0.031476,-0.090165,0.077486,0.15986,-0.047224,0.010997,-0.029719,0.060348,-0.076777,0.12151,-0.074785,0.025461,0.010742,0.14856,0.035399,0.15211,0.020672,0.033599,-0.054878,-0.012689,-0.12517,-0.052514,0.084724,0.11957,0.038343,0.15573,-0.19325,0.23062,-0.11942,-0.55111,0.11504,-0.33492,0.040938
-0.12611,-0.14873,-0.054123,0.12902,-0.073463,-0.016944,-0.015889,-0.04009,0.015153,-0.016327,0.15696,0.0013343,-0.064709,0.074682,0.1133,0.076083,0.066585,0.078605,-0.034873,0.080778,0.080894,-0.084706,0.090862,-0.042104,0.024183,-0.11581,-0.18481,-0.15092,0.015946,-0.13217,-0.23431,0.023308,-0.035338,0.18083,0.17978,0.36095,-0.12125,0.13451,0.080796,-0.035767,0.003899,0.082882,-0.023276,0.26692,-0.17904,-0.16553,0.11769,-0.052118,-0.26111,-0.039441,-0.1782,-0.29281,-0.052789,0.18395,0.17263,-0.01394,-0.09405,-0.022299,-0.20018,0.003718
-0.14272,0.12165,-0.0036121,0.058266,-0.050231,-0.036312,0.10166,0.030038,-0.0048016,-0.012787,0.13472,-0.02961,0.0091482,0.072934,-0.094552,-0.104,0.14815,-0.024377,-0.23704,0.052367,0.036104,-0.042136,-0.054004,0.060512,-0.19821,-0.014262,-0.073198,-0.10938,-0.14673,0.22254,-0.42304,-0.2737,0.17667,-0.10364,0.11195,-0.46262,0.049455,-0.050959,0.23186,-0.095058,0.035626,0.12424,0.014474,0.13896,-0.028839,-0.10747,0.012564,0.089355,0.12301,-0.072682,0.044447,0.026828,-0.033597,0.043007,0.067003,-0.014531,-0.029591,0.057713,0.031377,0.0047482
