1.0,0.796020474848208,0.804136025497207,0.7494634590546372,0.7075876454586987,0.7445228406695732,0.42038874458778974,0.7707944876614885,0.6822363364996603,0.7503678109226827,0.662247237530503,0.8017933373261998,0.3415339392573629,0.3438116348665819,0.2795392304339138,0.3444020117564074,0.5933109667092342,0.6591612117745745,0.6973647166378256,0.7393495423989959,0.5609735384848147,0.662717087798717,0.8716256770635485,0.29919878528307714,0.6916872974349593,0.8798325863837,0.9265290781025494,0.8508421915785785,0.9125813215033964,0.8245289971153846,0.7788733574963563,0.8945659779369064,0.8412616503737966,0.8103415950961473,0.9579781389415272,0.7516448809245022,0.7006343443424717,0.7764487802380439,0.8945320928319906,0.6927074876052159,0.8612101295293282,0.8930197588633592,0.7720812569934528,0.8404444724277866,0.7573944243528629,0.8657711582844241,0.7677255341395043,0.6350464938915982,0.7508127969119242,0.6385765922358816,0.771350503911833,0.5005140915132197,0.6459821452090644,0.3271617809347057,0.5814325448125801,0.8329542104523517,0.7475879697504232,0.7982892132561112,0.7189233403927153,0.8935555781565437
0.796020474848208,1.0,0.835720465767231,0.8600890302885622,0.8938561726094655,0.9490046880616024,0.5149071469343454,0.8480357050862525,0.9207324362244,0.8994786554020248,0.9122558402486712,0.8297696778003077,0.383907667663507,0.4748525351044364,0.3576537137331854,0.3787366502440518,0.7592960315167454,0.8261437014744685,0.807552363717504,0.8618466444830615,0.6152954355318231,0.7569543826263263,0.9228884468956601,0.41966778963661017,0.8678851269285877,0.8035959909640862,0.8004190225112747,0.9037756599735032,0.8887424292897469,0.8815159684797047,0.9031033104434751,0.8992649079964957,0.8384758679688602,0.803220837951885,0.8602970010575252,0.8989353037719539,0.8777469700303844,0.8712919417830578,0.8720085883599957,0.8718725686434204,0.8300501108791286,0.9030971887660064,0.8417398870378776,0.9583386163561564,0.9298406430203199,0.7582866406002784,0.9150979381907913,0.7832886319782968,0.8155027458399496,0.678819621494907,0.8465902854061153,0.6284931298156264,0.8723396507614979,0.36551789622847175,0.7222817736339324,0.8419449978739303,0.8803141053276242,0.8960735618373654,0.93556540422829,0.890225015899013
0.804136025497207,0.835720465767231,1.0,0.8102491861481601,0.8622597217770773,0.7526081851075299,0.457454405075873,0.9618985283168113,0.8041511342256078,0.9277594449279762,0.7928623277232549,0.914188399597232,0.34919744734634073,0.4138803155637653,0.2581637786975385,0.3249034055002743,0.736006080913215,0.7749770872042407,0.7008739750031742,0.7069450292795297,0.5341607759265934,0.6557303808650194,0.8137806100410184,0.4134434546173199,0.8181305762905711,0.764844060151311,0.8154460682029328,0.8033902933917831,0.7891716966694011,0.7864271574458633,0.7587487830060726,0.8265010419922296,0.776890467056254,0.9102383984746204,0.8441712355708952,0.934562123474618,0.8827287659577905,0.7805800038488251,0.8955932771646313,0.785368372126815,0.7454015138166145,0.8120909783295149,0.906044095242651,0.8731069130169562,0.8942989186168246,0.8502187619019356,0.736141104846322,0.7474386103135859,0.7532434148898629,0.6616627812643163,0.732074957842848,0.5754419564772228,0.7460378047029967,0.34942969692088904,0.6319969648417146,0.9486145756059642,0.6913107118493713,0.9225725855249991,0.825033536392438,0.841232963848972
0.7494634590546372,0.8600890302885622,0.8102491861481601,1.0,0.8876526016687558,0.8719569286680002,0.41968441177245125,0.8457341252858054,0.8474378690264395,0.852248088931327,0.8260863721509567,0.8592705002514502,0.3866628380253223,0.45799974493706463,0.3650749385007698,0.3843658033485419,0.7800838149908647,0.8645594465322087,0.7938501143359582,0.794729754170258,0.5981521346282744,0.7775100222229551,0.7611962622102011,0.4348280159316672,0.8977598808432568,0.8134130899897016,0.7237903318844728,0.7674685597606783,0.7216627262739832,0.8289824216569219,0.8196502694107526,0.7908934785159503,0.7644721598303079,0.7953669338989215,0.7793237553569099,0.8654434056676201,0.8148983100764082,0.7974940336678474,0.7951655690395505,0.9472678532168235,0.704503773938446,0.7839522063817665,0.8652624879022855,0.8527091027343789,0.839004514837607,0.7767297754949717,0.8056566206164494,0.7340109135146963,0.8145011368826184,0.7033071710501634,0.7306698929192778,0.6376126377692952,0.8287232433005878,0.36135849844140344,0.6509753729350303,0.8399364986008315,0.7513298894652298,0.8512465560468538,0.8681390484140266,0.7983143219894858
0.7075876454586987,0.8938561726094655,0.8622597217770773,0.8876526016687558,1.0,0.8603814044857186,0.5465168037706865,0.8791578646961818,0.9415479059021227,0.944762393281725,0.9373622394424688,0.8428507319832625,0.4755298420317513,0.5155176709304176,0.395542237263221,0.4582498176725096,0.860675563586628,0.9384335756439535,0.7959030546336554,0.8115322614069331,0.6457620096058386,0.7784779501858627,0.8079316555365322,0.5167055130778649,0.9617346502382285,0.7405478211384778,0.7200603256643016,0.8246224297317696,0.792624553877551,0.8510162251676879,0.8521968145144434,0.8092884135669293,0.7979118945168809,0.846568631049406,0.7644147164039801,0.9538458987855236,0.9587215777715385,0.8674039981030146,0.8673655663920258,0.9430599111036069,0.7556116444769935,0.8429485160898599,0.8723181290929851,0.8886375924138846,0.9237619360870774,0.7927028100062301,0.8823056716094275,0.8536560615742971,0.7991284272025888,0.7873263158529993,0.747901897979924,0.7152742032821539,0.8953739122569461,0.4527187333122001,0.7833358316753707,0.8641477051921396,0.8019757640298867,0.9237463548622203,0.9398502039491534,0.7921784717619135
0.7445228406695732,0.9490046880616024,0.7526081851075299,0.8719569286680002,0.8603814044857186,1.0,0.48264786008509286,0.7518191086035879,0.9183340651010863,0.83223932450391,0.9017877892070942,0.7531901537671437,0.36413941385225046,0.458298900258879,0.3314806603396626,0.3797294280269204,0.7373059929236989,0.8362246976327942,0.774581128829167,0.8563260344881194,0.6187707145168841,0.7796900858951006,0.8256372640079693,0.3886101989142775,0.8611712404672804,0.7498727910274711,0.7065866581402707,0.8149161167023917,0.8089375482960266,0.8747983712264619,0.8466895724545646,0.8237137747894746,0.7731331131061558,0.7000554678039046,0.7754339534361232,0.8239899440690381,0.8576805162191782,0.7988409804938923,0.7908881397123848,0.8459191445474449,0.7676280736130013,0.8297947097748415,0.7967829976576842,0.8736922333392745,0.8461573075087655,0.703910656022437,0.8906796623339666,0.7682040793989715,0.7899343572771247,0.681031013196616,0.8075722702331743,0.635112747438552,0.9126950934041694,0.3562948889541417,0.7397107850548522,0.7618602499649794,0.8787313366202396,0.8058444908106418,0.9287866186105905,0.7887144930278402
0.42038874458778974,0.5149071469343454,0.457454405075873,0.41968441177245125,0.5465168037706865,0.48264786008509286,1.0,0.44571142615833226,0.5372758973514934,0.5110808532171853,0.5447613156426625,0.4302675154809193,0.7575663878093439,0.6986968224464961,0.7033708014778213,0.7638464668266598,0.6084566876195113,0.564229661855576,0.4780526810931228,0.4387952377612147,0.5515973064934058,0.442780339942598,0.47422172637884846,0.7541985454108787,0.5417809432001378,0.43070348518715507,0.4106179339534421,0.5070203227779866,0.4867417693393275,0.5116773208487577,0.4928123515508265,0.46413265889037386,0.48161925658523935,0.4733825252741292,0.4309658713390928,0.5096112535573836,0.52843902474276,0.5551877987919716,0.5304838973278455,0.459226929594037,0.5154873403818256,0.5253365190654473,0.46314979600674955,0.5076081725963774,0.544076167466249,0.4476956007673114,0.4582602071792591,0.5346909264569075,0.3445973628684785,0.4953065670809087,0.45131992765619566,0.6474452886137202,0.5952196722385728,0.7244050414836657,0.5857344276311836,0.5021827170620994,0.506438910597695,0.5181804934552536,0.5614812008963707,0.415781844273167
0.7707944876614885,0.8480357050862525,0.9618985283168113,0.8457341252858054,0.8791578646961818,0.7518191086035879,0.44571142615833226,1.0,0.8396391223706849,0.954223629210125,0.8322261276626707,0.9596311488477595,0.3935666251693483,0.41062839621344505,0.29813447925320974,0.3612376999293828,0.7832266867559067,0.8187397584231352,0.7474085079405567,0.7294119901430444,0.5397091691607129,0.6639352524260573,0.824149499091496,0.46143016872898535,0.8633756400058192,0.7941901429058624,0.7935886464208997,0.7971143815865498,0.7714911124384872,0.7690197088514948,0.7908504088479734,0.8229771566468959,0.7561120454824043,0.9231350714716587,0.8379987453892227,0.9642696018856494,0.8567152089930221,0.805587979222205,0.8918580191946628,0.8276526121260537,0.702768165540822,0.8106588303081157,0.9269638300164914,0.8829083697110667,0.9393766013928986,0.833030139924942,0.7511635577799395,0.750214036142429,0.7886329264589059,0.6784464339614495,0.742909587742033,0.616169209020499,0.7691998448938752,0.36674690887114314,0.6396935835375614,0.9514818836687213,0.7008730360905326,0.9682663056670842,0.8540270701001642,0.8715821537682013
0.6822363364996603,0.9207324362244,0.8041511342256078,0.8474378690264395,0.9415479059021227,0.9183340651010863,0.5372758973514934,0.8396391223706849,1.0,0.9208578199903291,0.9957428643603479,0.8202087558292905,0.4323949237510153,0.41496773963678707,0.37129403265136135,0.4052495433120306,0.8285287778882704,0.8859375258090854,0.8113507955656456,0.8048483384616982,0.5712620315381257,0.7414174084262262,0.810576847440864,0.4825918220022472,0.92439458963501,0.7443246087709889,0.6877786245586188,0.7911673656389262,0.8082689904351344,0.8564542497572509,0.8750695526840188,0.7955147943345604,0.7950080730510722,0.8024410913895743,0.744422529335544,0.9244289479982133,0.9461242747812513,0.8424610769128529,0.8594654309622664,0.8703681938577568,0.7330910118632956,0.8172579539272649,0.8408638045062137,0.863945226887925,0.9449234641780565,0.7565574107452397,0.8679084276056077,0.8175360487967864,0.7741317254852402,0.7136252704965454,0.7592359222498162,0.7013080692717626,0.9455786872105761,0.39128950989506006,0.8044040350325992,0.838560683201061,0.8301617623931197,0.9027341779540485,0.9818141656665393,0.7736759736914229
0.7503678109226827,0.8994786554020248,0.9277594449279762,0.852248088931327,0.944762393281725,0.83223932450391,0.5110808532171853,0.954223629210125,0.9208578199903291,1.0,0.9139945187458611,0.9151335905156189,0.44268043295465836,0.4607282331927641,0.3493024233967361,0.41001331905583455,0.8388099217427498,0.8762220316463184,0.7401749031421045,0.7450223243199973,0.5912803091698482,0.7215772572608532,0.8329490178621362,0.5096834670445015,0.9204604484228719,0.7708515106066732,0.7521516496782358,0.825831018802407,0.8137786464021687,0.8365778758028621,0.8409808282965159,0.8492335359978085,0.7633203371143121,0.8860485521223914,0.8012238523056286,0.9837306103252136,0.929678099736282,0.8553590368768855,0.9064535782331437,0.8828359804492261,0.7343758827831619,0.8512820410517715,0.9483430159074475,0.9244961314417569,0.9626605453396004,0.8423038947523395,0.8268569774821038,0.7904053165533718,0.7606758617712488,0.7322400098320773,0.7270203523633474,0.6722780709325697,0.850750275199208,0.41482314277174154,0.7204261138386105,0.9126879904956766,0.7610365076360279,0.9722303039486618,0.9230150626981392,0.8316136292933513
0.662247237530503,0.9122558402486712,0.7928623277232549,0.8260863721509567,0.9373622394424688,0.9017877892070942,0.5447613156426625,0.8322261276626707,0.9957428643603479,0.9139945187458611,1.0,0.8075791777595359,0.43204322959530844,0.4111574002824002,0.369906784561017,0.4054635596589226,0.8242037919626544,0.8868527721302361,0.8125788429546373,0.7990727567562719,0.5634320765761741,0.7411342407941522,0.8054415204251077,0.47767354728816735,0.9194327675507102,0.7249213944354496,0.6789751685349198,0.789660925768282,0.8033403325174966,0.8474522574771969,0.8754755038472128,0.7861928578260995,0.7928588681366487,0.8005759441754614,0.7303442647124285,0.9211846489858834,0.9394114062603716,0.8395296734056658,0.8524592549728837,0.8616081387573619,0.7334018113669479,0.8168584122189031,0.8240248997466095,0.8584804478605654,0.9422983510435541,0.7386589519661919,0.8628531425999203,0.811959650377343,0.7700571128462046,0.7069368202425922,0.7544082535847945,0.6981139163234479,0.9405949900056687,0.38451968913827705,0.8080810205848717,0.8300484690619501,0.8355127560817845,0.9004603910713133,0.968989405506259,0.7665619020154177
0.8017933373261998,0.8297696778003077,0.914188399597232,0.8592705002514502,0.8428507319832625,0.7531901537671437,0.4302675154809193,0.9596311488477595,0.8202087558292905,0.9151335905156189,0.8075791777595359,1.0,0.3730199639560339,0.3681859020409868,0.2692978596339173,0.3477737510639821,0.7594202832529956,0.8061944469510565,0.7117473444001665,0.7079916790900472,0.5065157862754487,0.6469110003241384,0.8064748095292783,0.4366515121247117,0.8556799050309266,0.7858468950802998,0.7987951544276242,0.783148555033937,0.7431030915167682,0.7501700260192672,0.7607371637336795,0.8219251305225187,0.7205773827335886,0.9562526832660287,0.8431739922577606,0.9174598924357257,0.8012519606309711,0.7869340748126482,0.8759816557453908,0.8152876514203069,0.7298497119209351,0.8005580828747864,0.9445727110945675,0.8709478400160726,0.9100812381264797,0.8696957366079768,0.7255604401782538,0.6925487991694219,0.7647432452812077,0.6511062047594551,0.7165293323403816,0.603218560876283,0.762038126067822,0.33329511673851797,0.6013307673394352,0.9566016217478834,0.6793347249047723,0.9398876809782546,0.8430225699468938,0.8648513609379854
0.3415339392573629,0.383907667663507,0.34919744734634073,0.3866628380253223,0.4755298420317513,0.36413941385225046,0.7575663878093439,0.3935666251693483,0.4323949237510153,0.44268043295465836,0.43204322959530844,0.3730199639560339,1.0,0.8290285435476379,0.896439832557461,0.9786186477394676,0.6557157310862917,0.5201125188572873,0.4249022414876228,0.41275656458066806,0.708239934184438,0.5489082317935717,0.39193990093643566,0.9301050473296316,0.515233481872469,0.3574271528204354,0.32307345398130194,0.39812740374174277,0.3802698934363181,0.39075167286462614,0.4280246023964507,0.4041716742673871,0.34684754340572466,0.34997714637514765,0.3748438303063192,0.4413049520374438,0.4060065351003252,0.4265355798711684,0.4364466542043581,0.4371481891017912,0.3282626744829248,0.44815323997193585,0.39853290653114637,0.39330126755596045,0.41572480590384214,0.3855021789632307,0.47098403692035573,0.48058444286070057,0.43654178883544803,0.6194052181669332,0.35720182612058066,0.7411285129076626,0.4585899689899898,0.9658794975735401,0.5457453844972036,0.36542808022944384,0.42808848087035045,0.46453893088147125,0.4284070573208324,0.3942815145223685
0.3438116348665819,0.4748525351044364,0.4138803155637653,0.45799974493706463,0.5155176709304176,0.458298900258879,0.6986968224464961,0.41062839621344505,0.41496773963678707,0.4607282331927641,0.4111574002824002,0.3681859020409868,0.8290285435476379,1.0,0.757696627647843,0.8375315557689111,0.6633810260308874,0.5501711878885491,0.38615489561141814,0.44355257707475976,0.7558172552202225,0.5622685663299605,0.3919745384551816,0.8364429362967838,0.5292734596516055,0.3136454310701351,0.3259857248932821,0.41638306612025094,0.367470270396741,0.464683341933296,0.3846694423788876,0.4149502426853727,0.3212385436888243,0.3347020249757398,0.3662240218260333,0.46214001577644126,0.4430954548163835,0.38342137482382876,0.36109392744179386,0.5099836534673401,0.34031403882941214,0.4364860251473697,0.4168942382128849,0.47379560340139026,0.4031126011176919,0.2961897221914344,0.4885297866085777,0.4928608303730762,0.43647689530303957,0.6034457508241552,0.39289270241069535,0.6951975740763501,0.46211464066199975,0.8567276583846557,0.4822912559758338,0.3547598380169871,0.43712400620463104,0.4376957261732649,0.4331350423881041,0.39118845522513546
0.2795392304339138,0.3576537137331854,0.2581637786975385,0.3650749385007698,0.395542237263221,0.3314806603396626,0.7033708014778213,0.29813447925320974,0.37129403265136135,0.3493024233967361,0.369906784561017,0.2692978596339173,0.896439832557461,0.757696627647843,1.0,0.8935741697073926,0.5499608922114769,0.39530827949475256,0.4591375081436115,0.3517816215554032,0.6380466024570612,0.5000930278521896,0.3718969671419937,0.8375172119575778,0.39371466277551564,0.3774837145643219,0.2670041090582512,0.36777297954697086,0.3673702879402023,0.3610761538975574,0.4581057048632492,0.3506944938730777,0.37344924748377156,0.24962095875843598,0.32051692901800577,0.3464632263178613,0.3396603684117542,0.423344717979455,0.35729378478723256,0.416605745142813,0.3164821513857068,0.40371135496329724,0.29484265170030177,0.35619253419946306,0.3434481731003797,0.2802840590288478,0.4223676304789709,0.41101205868124147,0.3571840472332902,0.505469701045937,0.32449375500866856,0.6865120442497818,0.38563781514542755,0.8653537061971093,0.475658743639897,0.2681983851300331,0.3911498419921823,0.36686577408764465,0.3601880260511309,0.3505451314874774
0.3444020117564074,0.3787366502440518,0.3249034055002743,0.3843658033485419,0.4582498176725096,0.3797294280269204,0.7638464668266598,0.3612376999293828,0.4052495433120306,0.41001331905583455,0.4054635596589226,0.3477737510639821,0.9786186477394676,0.8375315557689111,0.8935741697073926,1.0,0.6262885901477563,0.5355825169349462,0.4172107599691005,0.4443267058164756,0.7359305431730672,0.5691260043387099,0.3920813444330923,0.8852301947368453,0.5079371612339052,0.3497567916897882,0.3098009772283185,0.4125748991029532,0.3628779603834217,0.37546278121837984,0.41470320806021793,0.39811438137683763,0.33277807253945396,0.31769700520084687,0.3683275022017569,0.4069745416566498,0.3741112132094869,0.4398092150886289,0.409727434503253,0.4258664404183804,0.3557181657905101,0.4549975577145798,0.3843067944413542,0.3815481580532014,0.38630237811958945,0.366506025621325,0.4761230238727232,0.4982232446336103,0.4315853702755682,0.6405792649045573,0.38957686044437034,0.7557063758314306,0.4647118664188373,0.9613174659450558,0.5521635285637323,0.3375641830102768,0.46248494439309884,0.43595080624429483,0.41897138872839507,0.38763116287911836
0.5933109667092342,0.7592960315167454,0.736006080913215,0.7800838149908647,0.860675563586628,0.7373059929236989,0.6084566876195113,0.7832266867559067,0.8285287778882704,0.8388099217427498,0.8242037919626544,0.7594202832529956,0.6557157310862917,0.6633810260308874,0.5499608922114769,0.6262885901477563,1.0,0.8551001931671813,0.687066925347992,0.6674860236945451,0.8010454537540191,0.7693790470988209,0.6588869865878747,0.7142882006997007,0.88102480353343,0.6127360891060589,0.5972173014073271,0.6585312059996293,0.6576382228317443,0.7409270338261635,0.707978127677102,0.6855550352284399,0.6307967590109189,0.7355173245472844,0.6379236598894895,0.8438701898395923,0.81351887975986,0.6907237537092809,0.7432313225353153,0.8196264999828486,0.5745623973467308,0.6985724334580016,0.7815306179519705,0.7587481173664596,0.8056333492819027,0.6855181424927883,0.7399099811760894,0.7355352124695286,0.7088003582167501,0.8071741234125863,0.602534627955264,0.8895524790383742,0.8070780300462014,0.6230037072849984,0.7455560819219124,0.750095196367669,0.661162967807431,0.82162648579258,0.811023877966135,0.6649723198677704
0.6591612117745745,0.8261437014744685,0.7749770872042407,0.8645594465322087,0.9384335756439535,0.8362246976327942,0.564229661855576,0.8187397584231352,0.8859375258090854,0.8762220316463184,0.8868527721302361,0.8061944469510565,0.5201125188572873,0.5501711878885491,0.39530827949475256,0.5355825169349462,0.8551001931671813,1.0,0.7446896699384588,0.8203043028354248,0.7081473136795393,0.8109236608795243,0.7355029732610912,0.5196148275728104,0.9829669083061109,0.6762765450981926,0.641754545575415,0.7614959410282129,0.6969747520351167,0.8040173968539449,0.782828901813203,0.7455569504298601,0.7016553980936823,0.7761915236401954,0.6997609988646988,0.8822250508590697,0.8552338503935261,0.8111423409156359,0.7850813621480162,0.9065631441587586,0.7069930157217205,0.7986867743957092,0.8421604816377309,0.8147241969985097,0.8526917835230412,0.7420616955552439,0.8365210335200668,0.8509645583489303,0.8025333864989292,0.8503920079000474,0.7528082561168147,0.7776463821084711,0.8872931557741875,0.5061709655314739,0.8082164592601716,0.796263162943941,0.8194721271804596,0.8739262922020827,0.8999388569032133,0.7310776095526564
0.6973647166378256,0.807552363717504,0.7008739750031742,0.7938501143359582,0.7959030546336554,0.774581128829167,0.4780526810931228,0.7474085079405567,0.8113507955656456,0.7401749031421045,0.8125788429546373,0.7117473444001665,0.4249022414876228,0.38615489561141814,0.4591375081436115,0.4172107599691005,0.687066925347992,0.7446896699384588,1.0,0.8557978037218243,0.6281618816849892,0.7808159854058472,0.8394993064197191,0.3547855320319146,0.7567341475174515,0.8187678228405068,0.6987880131082844,0.7830620299108177,0.785729886602749,0.7459378378101842,0.918262648606469,0.7307608139360858,0.8819148328179462,0.7014834330652187,0.7890227927299871,0.7793313740009097,0.760877451027155,0.8394195660066069,0.7834106098469991,0.7930692742128882,0.7676105565903313,0.8195770013085975,0.6557705643962773,0.7529213281906051,0.8017645521148646,0.6706113552715278,0.8392764610697572,0.7675719890732754,0.8397962801502876,0.6582563340246509,0.8649730880460755,0.6386869788250711,0.8215173849612716,0.4051077661678251,0.8128283909438243,0.7362826734593988,0.8552310878442675,0.8021383630534797,0.8136729563571408,0.8431288619388766
0.7393495423989959,0.8618466444830615,0.7069450292795297,0.794729754170258,0.8115322614069331,0.8563260344881194,0.4387952377612147,0.7294119901430444,0.8048483384616982,0.7450223243199973,0.7990727567562719,0.7079916790900472,0.41275656458066806,0.44355257707475976,0.3517816215554032,0.4443267058164756,0.6674860236945451,0.8203043028354248,0.8557978037218243,1.0,0.723510770930264,0.8328952723554016,0.861785039920907,0.31376443756195893,0.8153217045159789,0.7781726792303036,0.7769342465877707,0.8876334077893654,0.7925474307768605,0.7880984962371949,0.8664130245929638,0.8399082123916914,0.8202601235974145,0.6889471344145356,0.8396991011620927,0.7813392860902983,0.7560257541722072,0.8478976136492756,0.7878992034283687,0.8021093674840024,0.8047537653558668,0.8651661374131769,0.6884514243706074,0.802699995488978,0.7963637541870444,0.6755359166778057,0.9335190564528023,0.8545331591874946,0.9267777020512014,0.7543393937727496,0.9237083264447735,0.6224384319626034,0.7991705080574185,0.4365910344207311,0.7775172522333413,0.7236170593653941,0.937296479633187,0.7968385709499232,0.8387864506776361,0.8663933985951264
0.5609735384848147,0.6152954355318231,0.5341607759265934,0.5981521346282744,0.6457620096058386,0.6187707145168841,0.5515973064934058,0.5397091691607129,0.5712620315381257,0.5912803091698482,0.5634320765761741,0.5065157862754487,0.708239934184438,0.7558172552202225,0.6380466024570612,0.7359305431730672,0.8010454537540191,0.7081473136795393,0.6281618816849892,0.723510770930264,1.0,0.8263186900816688,0.6081660524422116,0.6181848786953603,0.6822621538926837,0.5546617844879747,0.5546994482541656,0.6492005860521541,0.583202283200438,0.640210617836953,0.6246645986142931,0.6401854326614095,0.5560592238880007,0.4742215917551403,0.603327088497223,0.5954955209579534,0.5734987951445387,0.6141332051322259,0.5732461188482654,0.6516184992958937,0.5648832230028248,0.6652105397894449,0.551187940392979,0.61158284558036,0.5508042805050709,0.510625013746098,0.7266640831139062,0.7192129123210023,0.7076795470008724,0.8489366493678163,0.651490412146972,0.8652533314360339,0.6220589120908573,0.7580329467848884,0.7397313496829231,0.4968425253482751,0.7000509591465688,0.6012857245988601,0.5954765186735703,0.6135906785027905
0.662717087798717,0.7569543826263263,0.6557303808650194,0.7775100222229551,0.7784779501858627,0.7796900858951006,0.442780339942598,0.6639352524260573,0.7414174084262262,0.7215772572608532,0.7411342407941522,0.6469110003241384,0.5489082317935717,0.5622685663299605,0.5000930278521896,0.5691260043387099,0.7693790470988209,0.8109236608795243,0.7808159854058472,0.8328952723554016,0.8263186900816688,1.0,0.7427784790687479,0.4505664557882059,0.8178093366466846,0.681768666614388,0.6429346364889852,0.7644518516698163,0.7064070287256501,0.7711562283172215,0.8227785490694354,0.7455738856863869,0.7568636396508874,0.6116438211658237,0.7137954662534758,0.730840845518556,0.7120145650625018,0.7645127946958161,0.7186602560771976,0.8275719835700587,0.7082465466769299,0.8077637418036374,0.6824699424226669,0.7467358355408409,0.6968214890201453,0.6633097910278906,0.8616586971781311,0.7508314620550272,0.8672377713403195,0.8840815010856614,0.7927397797263196,0.7713812430406535,0.7734662247355236,0.5888975315421721,0.8169758174344641,0.6402477902888196,0.8696254682183856,0.7398273790645089,0.7442145206963648,0.7470991754352219
0.8716256770635485,0.9228884468956601,0.8137806100410184,0.7611962622102011,0.8079316555365322,0.8256372640079693,0.47422172637884846,0.824149499091496,0.810576847440864,0.8329490178621362,0.8054415204251077,0.8064748095292783,0.39193990093643566,0.3919745384551816,0.3718969671419937,0.3920813444330923,0.6588869865878747,0.7355029732610912,0.8394993064197191,0.861785039920907,0.6081660524422116,0.7427784790687479,1.0,0.3326237797275983,0.7683011388569924,0.8440237425778927,0.8442465941937234,0.943014265889493,0.94167898735379,0.7865069770583422,0.9318744343195784,0.9070993875967968,0.8957173728083061,0.8051486909170323,0.933901472155157,0.8381580466403227,0.7836128161091407,0.9105419033901377,0.9114276034570266,0.7780480000485845,0.9124914460101756,0.9645148162443584,0.7874693480385075,0.9158918225662852,0.8807261058012437,0.8178039162559623,0.9114239270510416,0.759159478480494,0.826867835766334,0.6832043695487543,0.904694396039058,0.5669058237980249,0.7577626327384741,0.3791092464404258,0.716580972273759,0.8269338223726358,0.8975457546149419,0.8882547669256114,0.8365252893740825,0.9648096076761907
0.29919878528307714,0.41966778963661017,0.4134434546173199,0.4348280159316672,0.5167055130778649,0.3886101989142775,0.7541985454108787,0.46143016872898535,0.4825918220022472,0.5096834670445015,0.47767354728816735,0.4366515121247117,0.9301050473296316,0.8364429362967838,0.8375172119575778,0.8852301947368453,0.7142882006997007,0.5196148275728104,0.3547855320319146,0.31376443756195893,0.6181848786953603,0.4505664557882059,0.3326237797275983,1.0,0.5379254369283355,0.319420993450156,0.2984309647615692,0.33230444434668793,0.34810623165082116,0.43094812313801806,0.3682797167142597,0.37354482951092904,0.2940488352729058,0.41428824832985234,0.32480577054500853,0.5104870313203345,0.4709945301316458,0.3597650833253473,0.4236689605243713,0.4732451475824272,0.24309897721471124,0.3721828151508367,0.45783456744231277,0.436361740921817,0.4767343120249502,0.36214405302762576,0.39215810145056346,0.4182218422704521,0.35895902299341886,0.5385560952335202,0.26141527287373684,0.7337213894446727,0.4701455639416383,0.885960354242493,0.45016153033930406,0.425984098384836,0.3114289205883288,0.4941930325163358,0.4632630732311614,0.3409222198177785
0.6916872974349593,0.8678851269285877,0.8181305762905711,0.8977598808432568,0.9617346502382285,0.8611712404672804,0.5417809432001378,0.8633756400058192,0.92439458963501,0.9204604484228719,0.9194327675507102,0.8556799050309266,0.515233481872469,0.5292734596516055,0.39371466277551564,0.5079371612339052,0.88102480353343,0.9829669083061109,0.7567341475174515,0.8153217045159789,0.6822621538926837,0.8178093366466846,0.7683011388569924,0.5379254369283355,1.0,0.7098063715145131,0.6848862668615243,0.7836275064370041,0.7362450382877486,0.8367314717952524,0.8142789089327594,0.7878639892308636,0.7367433996675615,0.8220715253614855,0.7393410912277856,0.9242156700201173,0.8923323592631739,0.8240546225997765,0.8305516209287745,0.9381021676381052,0.7119136825428747,0.8191399783037594,0.8835177036412961,0.8587864675473156,0.8978758399608854,0.7872595543347647,0.8568509749224861,0.8313448114235074,0.828080739091104,0.8308249850894626,0.751500511894016,0.7745464380727782,0.9030392593531709,0.49486517469047764,0.796295007046251,0.8434166574715857,0.8113608957263493,0.9123106791814619,0.9322983639635218,0.768609840921167
0.8798325863837,0.8035959909640862,0.764844060151311,0.8134130899897016,0.7405478211384778,0.7498727910274711,0.43070348518715507,0.7941901429058624,0.7443246087709889,0.7708515106066732,0.7249213944354496,0.7858468950802998,0.3574271528204354,0.3136454310701351,0.3774837145643219,0.3497567916897882,0.6127360891060589,0.6762765450981926,0.8187678228405068,0.7781726792303036,0.5546617844879747,0.681768666614388,0.8440237425778927,0.319420993450156,0.7098063715145131,1.0,0.8756241353606866,0.8534680780529371,0.8585705349320255,0.8231860532685993,0.8630926540980525,0.883949943823015,0.8534100719552125,0.7450321783294724,0.9075605749447236,0.7792519082090471,0.7105340248783951,0.870031727324184,0.8628938260642576,0.758577893125252,0.7630377236341886,0.850401045366055,0.7521326789330107,0.8188780190905662,0.8093376933738353,0.7612134107868915,0.7784866874620978,0.7435464088700579,0.764031953581396,0.6539839090711064,0.788065182453072,0.5271022371367377,0.7042156082620057,0.3301290645695829,0.6566499216861105,0.7959664359386635,0.7636721068039265,0.810552705516318,0.7773197793142922,0.8876332844367294
0.9265290781025494,0.8004190225112747,0.8154460682029328,0.7237903318844728,0.7200603256643016,0.7065866581402707,0.4106179339534421,0.7935886464208997,0.6877786245586188,0.7521516496782358,0.6789751685349198,0.7987951544276242,0.32307345398130194,0.3259857248932821,0.2670041090582512,0.3098009772283185,0.5972173014073271,0.641754545575415,0.6987880131082844,0.7769342465877707,0.5546994482541656,0.6429346364889852,0.8442465941937234,0.2984309647615692,0.6848862668615243,0.8756241353606866,1.0,0.9015453292499359,0.8838491564455376,0.818085865594021,0.7660304875198445,0.9391384956932496,0.8384796694787034,0.8380269834299783,0.9584060050537836,0.7756058883597245,0.7168008243350056,0.7833747140317537,0.8920407506012589,0.6944189924330153,0.8157447849114158,0.8616260369665076,0.735182952972453,0.846126646055296,0.7829775536155099,0.7985929422927054,0.7723774907251157,0.6853165439383637,0.794044037457263,0.5979992477318509,0.7476263506456797,0.4695492605308546,0.6217002360108624,0.2972416270337682,0.5611101753494682,0.8481223611790358,0.7221881045856714,0.7965339490081245,0.7088255147518955,0.8988472619408064
0.8508421915785785,0.9037756599735032,0.8033902933917831,0.7674685597606783,0.8246224297317696,0.8149161167023917,0.5070203227779866,0.7971143815865498,0.7911673656389262,0.825831018802407,0.789660925768282,0.783148555033937,0.39812740374174277,0.41638306612025094,0.36777297954697086,0.4125748991029532,0.6585312059996293,0.7614959410282129,0.7830620299108177,0.8876334077893654,0.6492005860521541,0.7644518516698163,0.943014265889493,0.33230444434668793,0.7836275064370041,0.8534680780529371,0.9015453292499359,1.0,0.9079602786278661,0.8149289193010654,0.8947932799128496,0.9664269091624862,0.8614316413340724,0.7992182496595202,0.9243675052478763,0.8273495925318521,0.7836874768013683,0.940014643372945,0.9043510928463185,0.8013670930458255,0.9013742322695284,0.957457991839777,0.7869885260383812,0.9227434008273445,0.8582088278335686,0.793979796918092,0.914604714774463,0.8097771505856546,0.8199912293040622,0.6991780761651127,0.849528285686848,0.5597600678546698,0.7536717464616081,0.3852550970570204,0.7075562981620968,0.8152806792919878,0.8853040593712072,0.8562933815988402,0.8231446894856693,0.9270963955269276
0.9125813215033964,0.8887424292897469,0.7891716966694011,0.7216627262739832,0.792624553877551,0.8089375482960266,0.4867417693393275,0.7714911124384872,0.8082689904351344,0.8137786464021687,0.8033403325174966,0.7431030915167682,0.3802698934363181,0.367470270396741,0.3673702879402023,0.3628779603834217,0.6576382228317443,0.6969747520351167,0.785729886602749,0.7925474307768605,0.583202283200438,0.7064070287256501,0.94167898735379,0.34810623165082116,0.7362450382877486,0.8585705349320255,0.8838491564455376,0.9079602786278661,1.0,0.8746041843637234,0.9030600696979529,0.9133133905597267,0.9232923567333835,0.7855920577409047,0.9297629347115965,0.8195331749999104,0.8109861428927385,0.8629488576642345,0.9341993927378779,0.7475503179105011,0.8947538156315048,0.9484303313609003,0.7457036791185875,0.899250807378259,0.8492301363632231,0.8188946352876606,0.8737466136807204,0.7097306133988428,0.775091312317407,0.6586718649216465,0.8228652714095256,0.5524317972796082,0.7278565598982543,0.35923508136222204,0.6942229784688853,0.8066694881222496,0.8441110123705782,0.8477260879368067,0.8076347278532164,0.9006803343916079
0.8245289971153846,0.8815159684797047,0.7864271574458633,0.8289824216569219,0.8510162251676879,0.8747983712264619,0.5116773208487577,0.7690197088514948,0.8564542497572509,0.8365778758028621,0.8474522574771969,0.7501700260192672,0.39075167286462614,0.464683341933296,0.3610761538975574,0.37546278121837984,0.7409270338261635,0.8040173968539449,0.7459378378101842,0.7880984962371949,0.640210617836953,0.7711562283172215,0.7865069770583422,0.43094812313801806,0.8367314717952524,0.8231860532685993,0.818085865594021,0.8149289193010654,0.8746041843637234,1.0,0.8366602214737652,0.8662710915973358,0.8390271924098966,0.7575736695141126,0.8293845940840635,0.8432090999504188,0.8488642718081982,0.7813285705168413,0.8446859765418949,0.8528758995643784,0.7655536986729452,0.8540890701288083,0.7764548646373132,0.8930729740784541,0.8355204050107903,0.7278552532571939,0.8247729325225386,0.7207970888363758,0.7906336642460989,0.7024955070461253,0.7583935305700841,0.6556800741496329,0.8056140515727586,0.4002106110474206,0.7131839613602293,0.7931590681498831,0.8052625959511376,0.8217870614926239,0.853065362776501,0.7854821503458153
0.7788733574963563,0.9031033104434751,0.7587487830060726,0.8196502694107526,0.8521968145144434,0.8466895724545646,0.4928123515508265,0.7908504088479734,0.8750695526840188,0.8409808282965159,0.8754755038472128,0.7607371637336795,0.4280246023964507,0.3846694423788876,0.4581057048632492,0.41470320806021793,0.707978127677102,0.782828901813203,0.918262648606469,0.8664130245929638,0.6246645986142931,0.8227785490694354,0.9318744343195784,0.3682797167142597,0.8142789089327594,0.8630926540980525,0.7660304875198445,0.8947932799128496,0.9030600696979529,0.8366602214737652,1.0,0.8565244311407957,0.9315269216821507,0.7553235574010484,0.8509503534185716,0.8508747886453774,0.8238387162119997,0.9350980414422125,0.8850611561871193,0.8581536424840088,0.861290341799559,0.9328135102411907,0.7624099660878891,0.8821508012886035,0.8839608571122992,0.7733580030847581,0.9236743872401716,0.7923191329882766,0.8452894983395813,0.7244950944855401,0.883189364712566,0.6273323581019806,0.818495144345403,0.4112716789449055,0.8015862149901567,0.78432332671341,0.921783725347787,0.8788392281112897,0.8713767331241179,0.8982712906691612
0.8945659779369064,0.8992649079964957,0.8265010419922296,0.7908934785159503,0.8092884135669293,0.8237137747894746,0.46413265889037386,0.8229771566468959,0.7955147943345604,0.8492335359978085,0.7861928578260995,0.8219251305225187,0.4041716742673871,0.4149502426853727,0.3506944938730777,0.39811438137683763,0.6855550352284399,0.7455569504298601,0.7307608139360858,0.8399082123916914,0.6401854326614095,0.7455738856863869,0.9070993875967968,0.37354482951092904,0.7878639892308636,0.883949943823015,0.9391384956932496,0.9664269091624862,0.9133133905597267,0.8662710915973358,0.8565244311407957,1.0,0.8218630172976351,0.8121085769290433,0.9454923630971758,0.8398933574027335,0.7824202211508297,0.8816027573381249,0.9160352765147112,0.7941983560466166,0.8482055566711908,0.935631999346327,0.8350470879588588,0.9365602326417235,0.8580833857291011,0.8196521397023802,0.8805736343664592,0.7664286702627314,0.8126493649127738,0.685088580161094,0.787258082909931,0.5614946510715548,0.7427633711135024,0.3805174877946735,0.6674012004163736,0.8397604274290273,0.8281332340446788,0.8611879828479303,0.8183571741366851,0.9202299130564885
0.8412616503737966,0.8384758679688602,0.776890467056254,0.7644721598303079,0.7979118945168809,0.7731331131061558,0.48161925658523935,0.7561120454824043,0.7950080730510722,0.7633203371143121,0.7928588681366487,0.7205773827335886,0.34684754340572466,0.3212385436888243,0.37344924748377156,0.33277807253945396,0.6307967590109189,0.7016553980936823,0.8819148328179462,0.8202601235974145,0.5560592238880007,0.7568636396508874,0.8957173728083061,0.2940488352729058,0.7367433996675615,0.8534100719552125,0.8384796694787034,0.8614316413340724,0.9232923567333835,0.8390271924098966,0.9315269216821507,0.8218630172976351,1.0,0.783116224932914,0.8818786513437038,0.8063811079146271,0.8121856567488844,0.8648487648565066,0.8957947760149926,0.7838906974743597,0.8862159293612215,0.8974577001159956,0.6824752946610111,0.8241157696007516,0.8254465887496053,0.7916446806217345,0.849648177022465,0.7389167627942208,0.8297705420612731,0.667010516992444,0.8746477188813495,0.5595917037714645,0.7352214582219407,0.35097080843414563,0.7400098271419775,0.8082834013135747,0.8575990604550082,0.8221223178855281,0.7956349427254084,0.873290571007695
0.8103415950961473,0.803220837951885,0.9102383984746204,0.7953669338989215,0.846568631049406,0.7000554678039046,0.4733825252741292,0.9231350714716587,0.8024410913895743,0.8860485521223914,0.8005759441754614,0.9562526832660287,0.34997714637514765,0.3347020249757398,0.24962095875843598,0.31769700520084687,0.7355173245472844,0.7761915236401954,0.7014834330652187,0.6889471344145356,0.4742215917551403,0.6116438211658237,0.8051486909170323,0.41428824832985234,0.8220715253614855,0.7450321783294724,0.8380269834299783,0.7992182496595202,0.7855920577409047,0.7575736695141126,0.7553235574010484,0.8121085769290433,0.783116224932914,1.0,0.8496846463023516,0.909058521230218,0.828607442700657,0.784702597643868,0.910319427115233,0.7871686823329471,0.7913264031272413,0.8141687186619588,0.887170459674978,0.8613426809458661,0.9007814782853669,0.8913746491906007,0.7150101265091752,0.6693865958276809,0.7435978469696239,0.6195456733926389,0.6986676617107189,0.5753383237871933,0.7196314471637619,0.30667732817188065,0.589081356747376,0.9736867755812011,0.6631146056064959,0.9251612962085535,0.8079209536064168,0.8437761000471783
0.9579781389415272,0.8602970010575252,0.8441712355708952,0.7793237553569099,0.7644147164039801,0.7754339534361232,0.4309658713390928,0.8379987453892227,0.744422529335544,0.8012238523056286,0.7303442647124285,0.8431739922577606,0.3748438303063192,0.3662240218260333,0.32051692901800577,0.3683275022017569,0.6379236598894895,0.6997609988646988,0.7890227927299871,0.8396991011620927,0.603327088497223,0.7137954662534758,0.933901472155157,0.32480577054500853,0.7393410912277856,0.9075605749447236,0.9584060050537836,0.9243675052478763,0.9297629347115965,0.8293845940840635,0.8509503534185716,0.9454923630971758,0.8818786513437038,0.8496846463023516,1.0,0.816337819181045,0.7447050808146303,0.8472173204415654,0.9317660771720957,0.7450916553881772,0.8795570192549995,0.9338135320312679,0.7955795695344184,0.8920066668582771,0.8341537827098333,0.8549790201771283,0.8428872155016596,0.7140338907856991,0.8476818871328874,0.659542419385444,0.8508643810692064,0.5361769321412715,0.6909275453197569,0.3604135890807742,0.6368789842499576,0.8727644254277334,0.8141990745836786,0.8628648078590707,0.777982557967374,0.9688924821701141
