1.0,0.9069265135510873,0.1355390700874461,0.12945803359752417,0.06130460063488732,-0.0637471307288358,-0.006396722979358715,0.0991475957128535,0.6036706508340651,0.1500856407920003,0.12872763778007318,0.162139794164195,-0.05293411841881017,0.11982752895459273,0.6115723986112152,0.4607645412619811,0.8312187420820594,-0.017670198726578927,0.6070459911531396,-0.0010032867097608555,-0.06359358770139173,-0.0013573200710160238,0.5464825931837741,0.8466529095044809,0.838987564464075,0.5951710011408474,0.12082860439209897,0.020095852226892166,0.1625569654911629,-0.16382783954960994,0.6711045489525354,0.7075158529811229,0.7760287717648406,0.8791855388802233,0.04737698448144281,0.02763793896095883,0.04878270880251004,0.0624860393458863,-0.023527677801668388,0.05036484734610134,0.11803352827611753,0.2295349036283006,0.15485191950806926,0.2260815560765344,0.0901933778119664,0.14770219232337217,0.12855919433595542,0.07409942192949699,-0.02995889864708292,-0.07948383522408127,0.13910914830155927,0.21074807676732385,0.0899643751825729,0.13008639382277237,-0.017977200320027125,0.09472666580566472,0.8909341968705995,0.04864646989027642,0.17507138372123232,0.6783472118139151,0.671580801361576,0.8388125036947972,0.7233971859877796,9.804350170779519E-4,0.04229120420577257,-0.03535081152468482,-0.014310039617485953,0.6458146711734505,0.4797307740550093,0.776157327030045,0.7448162652677933,-0.03336185364051474,0.8042526667687475,0.8706060149624368,0.7999028332226555,0.017019576839425177,0.02104551618065659,0.04905908384704289,0.8744416457183644,0.5681207766945044
0.9069265135510873,1.0,0.09405194009541949,0.1325378520298939,0.08617587295753722,-0.05210697259744952,-0.07684290007965347,0.04979444838176736,0.6895946895883619,0.12327718304206765,0.2049196628038799,0.2209644025359554,0.04978194043154195,0.2360768558428906,0.6704202791498193,0.45026219833797143,0.8860190749085672,-0.003233712660632962,0.5530754656431951,-0.061373393860275426,-0.08761309787088929,-0.054259316829715944,0.6605761850757894,0.8933312686300212,0.8806946899259568,0.6584865302975553,0.1177462660617035,0.029291105456752557,0.18446399548371425,-0.13877504138519886,0.7606591500804225,0.779941452222048,0.7591872507739785,0.9082160424650692,0.09171380281818561,0.09349133859248755,0.01167276374018313,0.10894324126540514,-0.005694460392834594,0.06896047975763409,0.2122975495990107,0.21710825486082594,0.153102082450133,0.08857637442510476,0.045289316902086686,0.18991472579081492,0.08800060338949323,0.18318613342279483,0.018647179191182185,0.033799994205622186,0.12846790046827086,0.16020944784079297,0.1132856590404249,0.17053676493796657,0.09967687022310708,0.11254548068924201,0.9549905984309998,0.04547847059555942,0.1221981543700668,0.7736383649874388,0.792299267137691,0.8759083437513956,0.8341203528702673,0.03142208756308218,0.07041077394005187,4.992985784512017E-4,-0.004396925923922384,0.6718336955267937,0.425463763612336,0.7970890573428531,0.7895406676906103,0.05276563561140233,0.8379824509736589,0.9524692887490624,0.8089324585724776,0.05693999321200538,-0.029010792659854893,0.08255120694427798,0.9029076964313856,0.6911270677223629
0.1355390700874461,0.09405194009541949,1.0,0.24057117419606583,0.6450090073741725,0.5566823465999615,0.055383831581486145,0.2333724834043113,0.06954169827830978,0.17998589043123725,0.5858113611301377,0.5109914017511821,0.6050163836792511,0.2760439299309145,0.06953761942996886,0.3775167282215087,0.07833312936953983,0.10514369808122695,0.2592581643298827,0.5241697849994246,0.19170084721162933,0.24207485390953437,0.07088983615007871,-0.017144117746612376,0.1019705710430118,0.13733360732068428,0.2560498915152874,0.17616532621142916,0.2790316210243255,0.3106118502612423,0.021915683919911937,0.035037157936479615,0.31290073580863836,0.054889714077742735,0.4695678700336751,0.5410408866011602,0.16052206922614493,0.5833955522618332,0.4411189098873808,0.5766713405059533,0.3401295877104481,0.5295639452719553,0.42668308604867056,0.5846740530124586,0.6549637449101294,0.2622335092858351,0.4196195678548542,0.35637883270512033,0.5228612531162085,0.4535989217944591,0.24954058447443667,0.25864715849880415,0.33087770077016515,0.25826520918774337,0.49795108322467946,0.34087305821414404,-0.017380099470301735,0.3193052156866555,0.12960418018650927,-0.02348846685466239,0.018365441862960165,-0.08970709119375145,-0.035265545428023654,0.7196166443323452,0.6386136830530182,0.4711954981018841,0.5721529716489606,0.1510142373419462,0.3265899950690264,0.17232177447004743,0.0650082617174482,0.6429626709340661,0.017987681503099113,0.006597603300300359,0.05421138773452996,0.5965977803112041,0.07449872690046479,0.4550300461371113,0.08364877077917167,0.0603170249346633
0.12945803359752417,0.1325378520298939,0.24057117419606583,1.0,0.33517432013643955,0.08464564861764137,0.6950092953979314,0.8111521650194262,0.19539482146123172,0.643523320207972,0.3010407756499496,0.3368580925035283,0.29694506823135225,0.41146004352464544,0.03367321223993859,0.2651623568067735,0.11310886084228718,0.5190398894089061,0.13911703823497423,0.16490140728559013,0.5344737947633906,0.6157064847151399,0.13377856937393207,0.08917797970365393,0.1506419983622877,0.18753381311845105,0.5854137376082261,0.6675109798813172,0.600032618416351,0.44963022532853214,0.015287217915262432,0.0090945733572982,0.14367301301591226,0.15279774074185332,0.483745434239244,0.30211221238327807,0.730516517777641,0.15524102034244863,0.451373221860141,0.28385010119026977,0.4121662074739209,0.21716542071195657,0.6967059596875625,0.20421151472295965,0.4174681347607242,0.5585666562939794,0.2530237406319841,0.4830799923816899,0.5631472422302743,0.5386429947670051,0.5466176693696914,0.6349917036216437,0.44223109633773144,0.7212887764355335,0.41405864520841745,0.6203727418742114,0.109228191207563,0.5498379372915967,0.5504206901530033,0.046569439780131214,0.10600432759621758,0.06551708170317251,0.07439071086691704,0.25290296812942775,0.08795397878670776,0.41654465121619166,0.5028231192707455,0.15932045843400994,0.13917127570117846,0.11569593882928322,0.24240213767537747,0.33103459477021446,0.1134685169956863,0.16556510383294298,0.08782472213372317,0.6045600597782552,0.6703657167907774,0.541717096460566,0.13640161080530164,0.12736867878789937
0.06130460063488732,0.08617587295753722,0.6450090073741725,0.33517432013643955,1.0,0.6505024257170594,0.1394511917013448,0.273263398234194,0.13385545482178388,0.34219156194888517,0.4537418237713019,0.741541711262846,0.6808116384975669,0.3560125271670366,0.10611002565011363,0.28438829623959194,0.02028892874871515,0.2439568255248601,0.3005533240956452,0.4983309944537989,0.21251159673403258,0.20311143363672035,0.1664005489261042,-0.02439841863512008,0.11886552650275406,0.13082891751258788,0.33394428190181935,0.26813146072341487,0.3212142893855626,0.39422286937414597,0.01175288233324801,-0.03401954508764986,0.2823315535472106,0.0823484230651712,0.6994811435965995,0.7434296553024728,0.3189840342594586,0.5084786379647948,0.29092137582395694,0.6203257584878474,0.316819619186649,0.7411483021699578,0.406262563457971,0.5735759086073846,0.7027902805935348,0.43841198265702486,0.703475049532585,0.5321360883267372,0.5153347669417407,0.5555135223187524,0.24015554463222558,0.2447343582417735,0.2742260289321157,0.25831365781565907,0.4522749835513755,0.3788451226916032,0.04434544339613084,0.29259306586405515,0.16610784337979262,-0.009464215193786252,0.0038386664540921824,-6.651387378163398E-4,-0.03808250717917959,0.7396787475644314,0.5949051674778847,0.46367444915438183,0.5231910680245125,0.21846701353206743,0.2837262051029904,0.027392922712381872,0.1727298167120956,0.4628167594729212,0.08071400376711604,0.04448052023878331,0.050890731969836886,0.4124317974130385,0.13989010150925568,0.4344685941468073,0.15231922458960914,0.1420659833502659
-0.0637471307288358,-0.05210697259744952,0.5566823465999615,0.08464564861764137,0.6505024257170594,1.0,0.02339045629597295,0.0603119314698197,0.0806003754194351,0.07249931555259778,0.4411933172590641,0.6091132244089855,0.7013449038504191,0.27533034174583715,0.21763923125005397,0.23949572357520163,-0.0113916987507891,0.062406752754576945,0.35177137841200923,0.666312910570733,0.166513048012266,0.15923414137098216,0.23305299362404922,-0.005119547211500694,0.1071631007081977,0.18650814364630539,0.14271780755439015,0.12338863808661378,0.13502731344859448,0.274523314459289,0.08304757221437904,0.10345540900737211,0.171970121580527,-0.07268954280605319,0.47101684984366265,0.5890029551704652,0.08111250627123356,0.6295365841955958,0.1988687825916841,0.7841340222664701,0.31189474222208086,0.44095897304227194,0.2265122760115695,0.4118663059080491,0.444008590322437,0.11804733026881369,0.6196138771649407,0.4367411972811528,0.30783935758114617,0.2867592871413966,0.11698490266763276,0.024992321695970845,0.22999440952935032,0.10426097858210977,0.3700304296245728,0.23077885322992048,-0.10954036193109029,0.13141729260892837,0.10300031398402838,0.018476864607871697,0.009316468779227585,-0.06297770338600157,-0.013721493401496088,0.6130788774749075,0.6608086774947619,0.23459186348029223,0.25419689173267784,0.1453050998156852,0.35401200659371157,-0.006329225712818196,0.028869372238703166,0.5933339554953483,0.03235191998098803,-0.0972326071827531,0.09059726393212433,0.2877020972657456,-0.04446288336022051,0.18291178223719914,-0.02884626404738348,0.27880020935044214
-0.006396722979358715,-0.07684290007965347,0.055383831581486145,0.6950092953979314,0.1394511917013448,0.02339045629597295,1.0,0.6927564504206712,0.03719512275825958,0.5910984973113883,0.2700185721233887,0.19120622674998317,0.18875638014493273,0.3786460742789557,-0.0678994834429676,0.06823916136908752,-0.06659814014684454,0.4966526592623217,-0.041258644813132406,0.10117865616938355,0.593499397066523,0.6788576223160832,-0.030977782035872224,0.0147217759778339,-0.0013307020053579038,0.045189371225935616,0.4751790733754425,0.46229067740760427,0.4544823902403189,0.4175197674482908,-0.06944182567374087,-0.11490730783081662,-0.060789341806768524,0.03177139373340487,0.31491384808282735,0.06414482470395891,0.5271178749413966,0.07152526725134982,0.3429185685092837,0.2233253872614124,0.19350212380709408,0.08621801210891711,0.5083891301024757,0.053399772791113784,0.1186190885781067,0.3071690423714455,0.15747561819342057,0.25589845668561895,0.3687472654306589,0.3070387247020485,0.5024594641934808,0.5072298126465122,0.25004988296624264,0.4911925988463521,0.2066847240302015,0.4082704568663888,-0.07590555168895206,0.3293492770986891,0.5118696756854065,-0.13785214450207844,-0.03909544055973931,-0.03424262100206073,-0.04392104285336403,0.05339958113622147,-0.055658459316035455,0.34467404991457656,0.3671146795017411,-0.07864402748053427,0.03958622073607959,-0.08047088824145207,-0.005163741947182438,0.2185102911157543,-0.025477059068718298,-0.008642306018482242,0.004745944322151995,0.32820522936251295,0.610775320145758,0.33231519816137045,-0.08249128672014767,-3.66650067236407E-5
0.0991475957128535,0.04979444838176736,0.2333724834043113,0.8111521650194262,0.273263398234194,0.0603119314698197,0.6927564504206712,1.0,0.1163326591267811,0.6902518152560404,0.24693614014127202,0.34601051234010727,0.30488320788481954,0.358904505456131,-0.06078632572960159,0.12569913247384118,0.007687894176245047,0.572852380823678,-0.03606841090755154,0.2508763840315153,0.5651991335377959,0.649935678191863,0.00676133925026363,0.002263819710061521,0.025552914970188505,0.08001046480524528,0.6243711623192558,0.7091370985910812,0.6394637176064607,0.5802484919170552,-0.04457884413424758,-0.10370735429862707,0.05746321745564109,0.09322403205962512,0.4084547741400749,0.1794550608783373,0.7239846335324117,0.1029297267648335,0.39149135741457125,0.3059193426746813,0.3844540941867283,0.3371514329474353,0.6588890466901722,0.2789669475736858,0.3620468477948416,0.46425011227334734,0.3033961495812085,0.3333130276421171,0.43342082788346004,0.42279903129887886,0.6272133489716716,0.7426864648507208,0.48790751490607437,0.5224423656084781,0.2760079783375645,0.5943675830911673,0.04173189292753615,0.4289659000059105,0.6355160133306734,-0.04797614547645064,0.005192689661972052,-0.010011887908082629,-0.02996841227386683,0.18139014803803072,0.002243857706044363,0.4690909194466747,0.4592261667815233,0.049370354008354676,0.0355950245682479,0.030359899282073388,0.1481699116666028,0.25845553270422417,4.967694504394021E-4,0.09074294672331204,-0.016164726243408072,0.4908790944592754,0.7916788245178077,0.5341121235083117,0.06871234518702685,-0.006119192361172737
0.6036706508340651,0.6895946895883619,0.06954169827830978,0.19539482146123172,0.13385545482178388,0.0806003754194351,0.03719512275825958,0.1163326591267811,1.0,0.20536371240413884,0.08738861622228354,0.15648947793868656,-0.028748800201994294,0.059057207931780445,0.7234784936867495,0.5103616504670553,0.6276093826696345,0.21852284603617633,0.30522139677154253,0.18597429485292513,0.004709071303904593,0.0018199044375072193,0.8432048478474542,0.5930288833343329,0.6276029401756499,0.8447115659104064,-0.05218483635501514,0.12700302986751738,-0.018625568912635154,-0.004200441576047232,0.7332881533209098,0.6981781401731919,0.4751154482798496,0.6604248280306112,-0.0067936979073051655,0.0071613611245048515,0.001172992862784519,-0.029985332836931666,0.01628469014016361,0.08568124460240384,-0.028948428754442167,0.05454278705819497,0.009596859216192516,-0.09429470883688565,-0.006551686009423155,0.061256965138585896,-0.034755791437296936,-0.03732308715968756,0.0026981090641148495,0.008290476488196563,-0.09434230549702134,-0.06527588416497973,-0.022315692879984545,-0.08581026122259487,-0.01569096122214756,0.04003506105186989,0.7118392305880977,0.08759505919324415,-0.15772281111684552,0.5756289946343119,0.5222234840167894,0.6650002666816539,0.5650706126583858,-0.007014953514212233,-0.10513205665488619,-0.02749365917105483,0.0017783681067707184,0.6838167719564132,0.5103155070750022,0.5960221065204326,0.8650873547628632,0.03337286145934456,0.6411393997820817,0.6861687616185851,0.5440141889003446,-0.06604167643587819,0.14945982525277823,0.005796763417892971,0.6989290342416845,0.749611901189021
0.1500856407920003,0.12327718304206765,0.17998589043123725,0.643523320207972,0.34219156194888517,0.07249931555259778,0.5910984973113883,0.6902518152560404,0.20536371240413884,1.0,0.2193858806462184,0.39317334961742567,0.23734956534421867,0.37580148525750096,0.09211213476509439,0.13209220608721872,0.05515014125966822,0.625848041491993,0.060488559322147875,0.15704233030428766,0.7221482668148629,0.48905567760743773,0.14019591286800343,0.045845647911734136,0.13094678229292667,0.09122165956501381,0.48206153760922527,0.6719480166117158,0.4942438765378213,0.46172955539144667,0.06443202066594654,-0.015279761913911932,0.14984778160179135,0.17910449837819126,0.417153458364609,0.2163486711473756,0.7668429318181171,0.07603643596021023,0.343150736513342,0.3016817199625741,0.2684170092595188,0.2757747265286371,0.4893345761980166,0.13652048335022657,0.3035030394710089,0.48340159158779283,0.24549367906462302,0.3134012980603065,0.3917423490226364,0.3646354702515775,0.4440776759340871,0.6131121470908136,0.33176961056983517,0.41711542340824115,0.33346712422957536,0.5588834205111488,0.1001274536446178,0.5550165177835754,0.4650712530655238,-0.012970890660354267,0.03994727405128401,0.06902118136409127,0.014716681060746034,0.11890912779831897,0.054467768098031145,0.3713104153602217,0.42966446838853045,0.10124779899858431,0.04517565452099552,0.10189882829376715,0.1536538688828883,0.18523166079307843,0.09877698520049198,0.1453141690903635,0.06565066521381623,0.36806171544669075,0.7506422177985883,0.4310947056877336,0.13584675532036244,0.09949528200167053
0.12872763778007318,0.2049196628038799,0.5858113611301377,0.3010407756499496,0.4537418237713019,0.4411933172590641,0.2700185721233887,0.24693614014127202,0.08738861622228354,0.2193858806462184,1.0,0.6864459877903667,0.640024643286555,0.5750873300303196,-0.04982838372925695,0.3618045650831613,0.13024173934639852,0.22338261394354259,0.2396835863926396,0.412931768502358,0.17045974508676456,0.3018132788241735,-0.0010696512737644825,0.17055620807425448,0.2845741176106752,0.07106487927778048,0.2640006891731002,0.15146791697765877,0.2995345419817891,0.24513422509071825,0.025494839096161948,0.02132393786942888,0.3382975797949018,0.20963930116518506,0.41351262984749465,0.4524113373215527,0.10712908606716494,0.6622211434217171,0.44965610296501735,0.4376058653307829,0.527955372022703,0.2951960609060459,0.4502518557236653,0.3028895351832453,0.4720970931485081,0.29120692955384697,0.4421723999601849,0.5495166237015029,0.5088085720975856,0.3819037356377395,0.38630148882524995,0.36246657195410015,0.39738782029350306,0.34195412295956507,0.48333078194230933,0.35250958254801573,0.10743790385318183,0.250197950087847,0.21193998641275025,0.027474601485797612,0.16336634627135616,0.08705870218138306,0.12733332716376716,0.4511398415371228,0.5688864586630008,0.4217994712423798,0.36326564837869013,0.07980102895428123,0.2322477674313861,0.17529405510349383,0.06996807661194192,0.5790262404011806,0.14011513732906705,0.19010124326980274,0.1319806719374242,0.5080936104006284,0.13601493118618285,0.3045274349288102,0.11613005799372436,0.04474306335640331
0.162139794164195,0.2209644025359554,0.5109914017511821,0.3368580925035283,0.741541711262846,0.6091132244089855,0.19120622674998317,0.34601051234010727,0.15648947793868656,0.39317334961742567,0.6864459877903667,1.0,0.7056428906911345,0.4455284131650954,0.10421431245860288,0.3391190428827987,0.15280711148036158,0.23943925371578154,0.3347981315397272,0.4994365810708838,0.16265841244651974,0.2708756159884863,0.11549681726681256,0.12948881795553024,0.2546677544777605,0.09136800693822182,0.3093214085165195,0.23255130531697588,0.34328180079125975,0.3974881606272069,0.040936949820053435,0.0431014601178044,0.36143184079480184,0.20756782016199993,0.6913770371088159,0.5825840704063435,0.29075287358416946,0.5836778824853185,0.29725558253013645,0.613007643069698,0.44568638449597514,0.5851062236570646,0.37833657997296477,0.46415934561549477,0.6397744895675855,0.32383005726568126,0.6701250730704325,0.5809261922758485,0.427697807064028,0.4088991574236518,0.3325361657827049,0.28028283495338746,0.3587963779904318,0.2874434231275503,0.4944678604803223,0.26716932540669613,0.17112220842990977,0.2102870411754671,0.2752381585944587,0.07533745715565109,0.16059622512770347,0.11499433964355518,0.11563202723172201,0.5362728967279845,0.5857886626412182,0.3923449888678334,0.3987698318897185,0.27756885615683335,0.300621541185342,0.07804609221487054,0.22308758583223232,0.4443846438989779,0.1686176189096686,0.21348552046961006,0.1192960820366856,0.404440930047548,0.1847695234875089,0.3603018787436542,0.18982283459108956,0.14977192524522911
-0.05293411841881017,0.04978194043154195,0.6050163836792511,0.29694506823135225,0.6808116384975669,0.7013449038504191,0.18875638014493273,0.30488320788481954,-0.028748800201994294,0.23734956534421867,0.640024643286555,0.7056428906911345,1.0,0.5113620940562339,-0.014668016382231502,0.21042560520194656,-0.04919782824333874,0.19133931148537103,0.23781687194048845,0.5435933839743298,0.3912508513444674,0.4004930028197899,0.10180512508581814,0.0166605162085948,0.09084893203524011,0.09702015545845312,0.24906593019073112,0.23124437379326182,0.2896427987268281,0.4363937643840273,0.005302757196131491,-0.12347202763867811,0.14774736940919048,-0.037771646747888875,0.6701233442742475,0.629102962772582,0.34090628324374095,0.6513767694727296,0.42496869888390904,0.7351111382786437,0.45697638537504337,0.48688123650901716,0.42585280253329066,0.41058682431695115,0.6487140956907492,0.27574120654983025,0.6405566169630027,0.5640574926488628,0.48494163043130556,0.4692947285198487,0.30544059223685294,0.23211694923603798,0.29476981665348073,0.29537022067540575,0.4856669797701138,0.38251758376432443,-0.0664814123233177,0.22405091283442163,0.2545379596940391,0.04539203609425792,0.04574083079319753,-0.08272753087397172,0.0021980462645662504,0.6572099207385997,0.6348859168928735,0.44807649475102285,0.40767014804380236,0.14466444573913076,0.2456810336136154,2.8327065229410975E-4,0.025016648724237256,0.6752895299743469,-0.041347841181861446,-0.016831327410156992,-0.0011675464855240626,0.5322718471508993,0.13257469557230306,0.37987074752125455,0.050821179079583854,0.14964494634315792
0.11982752895459273,0.2360768558428906,0.2760439299309145,0.41146004352464544,0.3560125271670366,0.27533034174583715,0.3786460742789557,0.358904505456131,0.059057207931780445,0.37580148525750096,0.5750873300303196,0.4455284131650954,0.5113620940562339,1.0,0.05874139214478238,0.030968952751453217,0.18137698084006457,0.39451298361186127,0.04927909627960863,0.22467132150884503,0.3614142662136457,0.47186276300022395,0.04125576448263406,0.16728836883001702,0.2447598240422908,0.03022010474355379,0.5539075133481147,0.23521907919854618,0.5916601286404175,0.42710681480085244,0.11018983165211778,0.12255012854780727,0.22525660598980063,0.17508540326319327,0.30764895971789824,0.35356202446681667,0.29223418008271046,0.49975392854080025,0.5771034542711283,0.3408115424733319,0.7761361225342391,0.2320971396530001,0.6182349715315707,0.17089792063736092,0.23399191970363903,0.4932162124841845,0.29143366646605307,0.6728979292878509,0.581155029819793,0.5264156188960118,0.542508850334439,0.4919694588651525,0.6012297545645382,0.5595304118672583,0.6158995650017289,0.6006577359302929,0.1962844301850403,0.3577353880195091,0.44786853609869137,0.11578449208235593,0.26359217847933075,0.12735976632789162,0.20756629349412062,0.20070214092769473,0.2500423333163876,0.5368628993346543,0.4831073745448835,0.0862578713036206,0.058849588055912026,0.2871018991136486,0.036112119879654146,0.36407022374753006,0.13192914836357947,0.22008496934746197,0.15133613685745037,0.5272964155684965,0.2702282711917457,0.42130352428124074,0.16724491788693038,0.09778833320060705
0.6115723986112152,0.6704202791498193,0.06953761942996886,0.03367321223993859,0.10611002565011363,0.21763923125005397,-0.0678994834429676,-0.06078632572960159,0.7234784936867495,0.09211213476509439,-0.04982838372925695,0.10421431245860288,-0.014668016382231502,0.05874139214478238,1.0,0.47587151300536734,0.7213676275648757,0.03060564851300186,0.530839422066208,0.0590423667906033,0.042076540014468096,-0.035215586663861265,0.8426186918883793,0.7066645414593222,0.6993648969341881,0.7166617284735296,-0.05186926419421338,0.03483678509894502,8.765625121497823E-4,-0.1437894681989116,0.8522087502515359,0.7866377049638374,0.5359842947020779,0.6352265648640198,0.036454975243348856,0.10551549497530485,-0.06403778307338452,0.030135722159267166,-0.07888291565226337,0.20668362270732898,0.10338206456011685,0.17695307631393337,0.0074823250890256226,0.002181605487318994,-0.07868839634201731,0.05434006142034287,-0.027527434330310012,-0.004383314059094833,-0.0770245499032355,-0.03163290294577083,-0.09535509588479657,-0.0986210521611522,-0.05608120560531643,-0.021593138235330434,0.032351527929142435,0.10383023592051792,0.6698401277301598,-0.016912777609863074,-0.05655817349906458,0.7239598825757375,0.620563900610595,0.6847623954864972,0.6849783813194232,0.09648916347591383,0.01912026572623925,-0.115531972833947,-0.04110650061759481,0.6919844053893139,0.5175680585960549,0.5567875288216957,0.6911685604425778,0.0971645841469375,0.7538264155467405,0.6725089126119819,0.753151133540739,-0.016113335245434863,-0.05791402376049478,-0.039945390751562275,0.7056226254086919,0.6756976726649129
0.4607645412619811,0.45026219833797143,0.3775167282215087,0.2651623568067735,0.28438829623959194,0.23949572357520163,0.06823916136908752,0.12569913247384118,0.5103616504670553,0.13209220608721872,0.3618045650831613,0.3391190428827987,0.21042560520194656,0.030968952751453217,0.47587151300536734,1.0,0.4577788415052435,0.11513174534925415,0.6125528113670369,0.2544088903744775,0.14619026186003306,0.21992697650653792,0.48851549263207944,0.45876109287039163,0.5682739942725952,0.6061532512305583,-0.07319065056539564,0.22375860564467615,-0.04200502374121793,0.07565615563918952,0.3342687408765158,0.3584070188527736,0.6890341430653782,0.46422196644666947,0.1984027179833342,0.3312920889580359,0.06729726590526357,0.31155090893842463,0.051615633141143015,0.2726618935365413,0.10858814875587515,0.3264837768174003,0.06036654750375388,0.34681216436038964,0.3050567192648287,0.18452392407544255,0.21616357843758188,0.12324783216652653,0.08464271886003923,-0.03093916859965045,-0.012137743239460472,-0.018408286017108144,0.004422943282415048,0.050732801359398595,0.13500298410705006,0.006042821847870743,0.40230225645224466,0.03872096409168381,-0.07225740387334165,0.36755596772374577,0.31511649978470585,0.40117592639229677,0.37688943746001247,0.4183157967477201,0.379854463019229,0.03183832071471642,-0.00884376508792986,0.5059413225989322,0.7097175676719996,0.4368175879728275,0.6060487806169845,0.19184372099651076,0.5424656979833974,0.42800656806585724,0.5388673037529772,0.1413825943447595,0.06991711339724112,0.014421471803355446,0.46476544426310273,0.414487317540161
0.8312187420820594,0.8860190749085672,0.07833312936953983,0.11310886084228718,0.02028892874871515,-0.0113916987507891,-0.06659814014684454,0.007687894176245047,0.6276093826696345,0.05515014125966822,0.13024173934639852,0.15280711148036158,-0.04919782824333874,0.18137698084006457,0.7213676275648757,0.4577788415052435,1.0,-0.03394002996270943,0.5293807525336738,-0.1283601854213775,-0.0884676153612141,-0.04449329197741169,0.6720943637036747,0.8696613472745834,0.8338583535284686,0.6177011858762758,0.09782993105909692,0.03984499974186469,0.14723730398520068,-0.15471289128802035,0.7399722241018846,0.8817540242028741,0.6748349527467036,0.8597138224302293,0.04852250133201276,0.03414623532887617,-0.01590059912154911,0.10611644584859689,-0.07596555280267199,0.08041394961322582,0.21665018390507954,0.13651961633920678,0.18358386263593504,0.13229583675953044,0.03193831763519848,0.1038658877142159,0.04139590343612665,0.1986223444183734,-0.001594429604621067,0.012665861538620237,0.09159577505490768,0.10807215339485572,0.18916812304929415,0.13475083556472806,0.09309277053896656,0.06935786107654376,0.8946962326890839,0.05239795466373718,0.08764045694014264,0.7735807034488695,0.7893994540497496,0.8493580219964206,0.8469933261296182,-0.006340178791203193,0.04920989165125362,-0.019805821257810198,0.0238448264274179,0.7746615115491038,0.5100048307976206,0.7981546980796497,0.7671333884429945,0.07104660255927867,0.8947617127590177,0.9154245260460978,0.8372727249779185,0.09934012888684515,-0.06088339531179021,0.09114430452073527,0.8256592000377154,0.6384734966081443
-0.017670198726578927,-0.003233712660632962,0.10514369808122695,0.5190398894089061,0.2439568255248601,0.062406752754576945,0.4966526592623217,0.572852380823678,0.21852284603617633,0.625848041491993,0.22338261394354259,0.23943925371578154,0.19133931148537103,0.39451298361186127,0.03060564851300186,0.11513174534925415,-0.03394002996270943,1.0,-0.025050716857243954,0.21589145873952448,0.539016543643825,0.48876775459265315,0.08443413107237811,-0.04654347021842241,0.010463559291394808,0.14434697477780484,0.3133390935488574,0.5582225616560188,0.3205395557735334,0.425137237539985,0.022365487923898843,-0.07110797323113406,0.029243768081200744,0.06125357476871742,0.06407532832894694,0.10333680303414379,0.48624335063190777,0.060263896955919195,0.20231261017515098,0.11239035992827065,0.35918972102690816,0.08611273989308743,0.36914495116447904,-0.03479708758036523,0.0692990260594819,0.17419830689654664,0.06539959095419919,0.21470531134772058,0.31978672216963483,0.25984902585441894,0.2355416688407883,0.33449804882509604,0.24004123493884572,0.183797135565424,0.22898553701779947,0.32100416208225424,7.047858529541477E-4,0.32077799448158156,0.2746257744189258,-0.10202827986227583,-0.04606895290926956,-0.03309837079494944,-0.07217921248771102,0.033732830529025114,-0.14619041807115613,0.3740515519954244,0.31044030256122096,0.08755965813565963,0.1323863118768413,0.0028948440364114673,0.12297092294894416,0.1391855268875057,-0.010586269996799319,0.04882989653016833,-0.04404880519074943,0.2712162778980988,0.720607289211956,0.24332935380750928,0.04067560174058456,0.021838847893830643
0.6070459911531396,0.5530754656431951,0.2592581643298827,0.13911703823497423,0.3005533240956452,0.35177137841200923,-0.041258644813132406,-0.03606841090755154,0.30522139677154253,0.060488559322147875,0.2396835863926396,0.3347981315397272,0.23781687194048845,0.04927909627960863,0.530839422066208,0.6125528113670369,0.5293807525336738,-0.025050716857243954,1.0,0.18123027068217942,0.009132480975600755,0.07960647582920911,0.4217866981349152,0.6262920052182099,0.7108289008014265,0.4006082757988249,0.14435870893143185,0.07661928080734576,0.16341611403487213,-0.1398757599976562,0.48228486918512337,0.45378952981344944,0.7616844879137823,0.5897315692373042,0.2809216839123024,0.3299069351179203,0.06366165872912002,0.3051605954500472,-0.006513458702525348,0.3118815764705075,0.17817864676301803,0.44114627445562204,0.0805358068340911,0.3129047216745936,0.21965184719657302,0.19285367938267287,0.3707952615321544,0.21465094184121364,0.06185625453719047,0.0345200984428831,0.14287607506460426,0.1095524305387803,0.07226203512174552,0.18392116748488285,0.09909963988063562,0.12351990527720438,0.5340007957798332,0.07559405617457607,0.23836365016933544,0.5330883136119434,0.41888117113996676,0.599923628503847,0.4927666232700254,0.2891181855211182,0.39397239253590083,0.0660325971658179,0.016541902624398554,0.43181402055905727,0.5657398425107367,0.447696415992359,0.4737396710453871,0.2523698901000273,0.658782012812477,0.5490418417815144,0.6717813590636581,0.1126480152721269,-0.06069927538222512,0.13991163912018206,0.6180966237625948,0.42004521854608684
-0.0010032867097608555,-0.061373393860275426,0.5241697849994246,0.16490140728559013,0.4983309944537989,0.666312910570733,0.10117865616938355,0.2508763840315153,0.18597429485292513,0.15704233030428766,0.412931768502358,0.4994365810708838,0.5435933839743298,0.22467132150884503,0.0590423667906033,0.2544088903744775,-0.1283601854213775,0.21589145873952448,0.18123027068217942,1.0,0.12921593898476524,0.18005900371068867,0.07617564914642572,-0.10851200707920053,0.034942920312908805,0.1713667306494812,0.07639382384848252,0.09578049949612381,0.09541623660825618,0.45452889578335665,-0.02816094495409429,-0.04071932903560477,0.146017828770175,-0.09109424014826803,0.37020030741276505,0.4392848844647129,0.15647391721059892,0.605921439929087,0.20130502284953772,0.6226797776966831,0.23306777699915188,0.37240742854298065,0.22271487623591385,0.4385860225771309,0.44126819116678606,0.07389384431019967,0.5642878044062073,0.21518677828420668,0.2651410602064731,0.22086361839522484,0.10180873417389887,0.12696651625456856,0.26358110948691865,0.03513238372499106,0.1919963368448996,0.15471636768115862,-0.12323878829549814,0.11317020794987784,0.0569978051236924,-0.17997065788068253,-0.13411328632929975,-0.16528098439797678,-0.17104292535768226,0.5602920679440658,0.4681374212428053,0.2608881773284523,0.23443452035787793,0.06484996065470193,0.27140968247284436,0.03620630235308135,0.07132425565702676,0.42400856174741913,-0.10288070624615728,-0.11476245063303699,-0.10322248421349996,0.18477518550715058,0.15239557313396696,0.11503972421535483,-0.06457190339931643,0.1646788981664439
-0.06359358770139173,-0.08761309787088929,0.19170084721162933,0.5344737947633906,0.21251159673403258,0.166513048012266,0.593499397066523,0.5651991335377959,0.004709071303904593,0.7221482668148629,0.17045974508676456,0.16265841244651974,0.3912508513444674,0.3614142662136457,0.042076540014468096,0.14619026186003306,-0.0884676153612141,0.539016543643825,0.009132480975600755,0.12921593898476524,1.0,0.6878966294652489,0.13512850928672057,0.012698495728989474,0.005517320759212946,0.09123240686480008,0.3056546206289834,0.6182855814071541,0.29856377322429517,0.39860741166439045,0.04307356065317345,-0.11393636296086637,-0.09371047303552352,-0.051524247100062495,0.2951692198986787,0.18557119497432048,0.7077455643122772,0.09795216636398132,0.4089409738393372,0.3732996494229651,0.2687535172289873,0.13015592877858628,0.46046665496011496,0.10991574845035516,0.27141078217615167,0.3508737638672719,0.1484205857378646,0.22676098554025498,0.3423747218419797,0.24654115576804192,0.33831448719157786,0.4417997709938322,0.14982512796786576,0.3425880734265071,0.35682791230253763,0.49218332100401563,-0.12921768157791685,0.41584768689360274,0.332505407733801,-0.018481374041696398,-0.05271949066703948,-0.08466522693570738,-0.046259607776744004,0.176350670691737,0.06299011407406892,0.24582986754493907,0.26876410060087463,0.02312382222708028,0.07931644157409067,-0.00744415924997025,-0.014795637205299366,0.27116360165270226,-0.019189652965306246,-0.05825915772326955,0.019152295037664364,0.3524454785297593,0.5939498953622665,0.24791872393620765,-0.02108672750469772,0.09371121551251387
-0.0013573200710160238,-0.054259316829715944,0.24207485390953437,0.6157064847151399,0.20311143363672035,0.15923414137098216,0.6788576223160832,0.649935678191863,0.0018199044375072193,0.48905567760743773,0.3018132788241735,0.2708756159884863,0.4004930028197899,0.47186276300022395,-0.035215586663861265,0.21992697650653792,-0.04449329197741169,0.48876775459265315,0.07960647582920911,0.18005900371068867,0.6878966294652489,1.0,0.05543478407044946,0.07195182334341674,0.0313306693401795,0.12841812652573312,0.4344962497666855,0.47136143220610993,0.42046073685657276,0.5804749362423681,-0.012945479377403115,-0.10155151572085783,-0.0396899223531436,0.005894886574110391,0.2602821868291202,0.21592388953868968,0.4546047220987151,0.11157824294051108,0.43753196195413385,0.3362261174266873,0.43875647299041143,0.21924892365254706,0.46132192421279683,0.16250426890947683,0.281211930305341,0.35302443975557335,0.16553658701649326,0.307503596765916,0.3510968864687737,0.19937551556771357,0.47365097692887154,0.5249917251712091,0.3085097407558314,0.4615829317840319,0.33035918110457935,0.3926494293225732,-0.061962952186884544,0.2723809505540003,0.6223537191275419,0.014533670486504993,0.0562616324888223,-0.025487086865800417,0.025147480050879086,0.2006232970249336,0.115756604057706,0.3686604927146645,0.3401168436558511,0.014307740321638673,0.17438560808122575,-0.02495175494163377,0.05634504807886522,0.2496061963196416,0.004091813187280577,-0.012739342731864684,0.09511719163583114,0.4424290209647033,0.5937836438311377,0.3574439935607133,-0.024852464751832552,0.03768416751044672
0.5464825931837741,0.6605761850757894,0.07088983615007871,0.13377856937393207,0.1664005489261042,0.23305299362404922,-0.030977782035872224,0.00676133925026363,0.8432048478474542,0.14019591286800343,-0.0010696512737644825,0.11549681726681256,0.10180512508581814,0.04125576448263406,0.8426186918883793,0.48851549263207944,0.6720943637036747,0.08443413107237811,0.4217866981349152,0.07617564914642572,0.13512850928672057,0.05543478407044946,1.0,0.6869993174065226,0.6642012899967594,0.8803634749173334,-0.11518548222405087,0.10306540123459063,-0.0746643156134901,-0.042241149438326284,0.8602563641075017,0.7815385832430973,0.43995116463967765,0.6015049544864645,0.039827017906430805,0.12065055289507423,0.013231234294837546,-0.037125927981965484,-0.13019711248279717,0.22074665928622247,0.003596773263498608,0.09479426866477296,-0.019758908795756244,-0.07863691751547208,0.011482814631456473,0.04785686175294247,0.011508446851257959,0.04374332445604191,-0.03825185887711312,0.008906097708555025,-0.14198544562463852,-0.09447020952687434,-0.0489521031463978,-0.060494356269094975,0.06104958234485247,0.036225356780321745,0.656900222171483,0.032816991369890317,-0.12541607566561755,0.7294668369802052,0.6062621692841107,0.6623519320517454,0.6672673592062145,0.09351103722081264,0.02009386420243859,-0.10197645502471306,-0.03396069852067838,0.7678981538706923,0.5663244080184497,0.5259125676884433,0.7750456197083652,0.09995847891662504,0.6967225953427466,0.659722006438946,0.6659923061599008,-0.018752755524128827,0.009734722109969934,-0.038498689700012814,0.6972517756725057,0.858918123007809
0.8466529095044809,0.8933312686300212,-0.017144117746612376,0.08917797970365393,-0.02439841863512008,-0.005119547211500694,0.0147217759778339,0.002263819710061521,0.5930288833343329,0.045845647911734136,0.17055620807425448,0.12948881795553024,0.0166605162085948,0.16728836883001702,0.7066645414593222,0.45876109287039163,0.8696613472745834,-0.04654347021842241,0.6262920052182099,-0.10851200707920053,0.012698495728989474,0.07195182334341674,0.6869993174065226,1.0,0.9023582778970466,0.6680276136230812,0.05461256180419423,0.05038024425007308,0.10571460053944777,-0.1487438518680321,0.8130320749646003,0.8059580113968193,0.6442078175077237,0.8608950842193736,0.0019293917210824769,0.07272063294044555,-0.04262219092164759,0.06749409215997992,-0.09848220465866585,0.05452973693432406,0.19908767797664312,0.10653748217144006,0.12870948103083132,0.03601073118088242,-0.01985527662414373,0.12851016120417308,0.08463058405394223,0.16716708031766653,-0.024588290398577357,-0.054785048487567066,0.12842570934649636,0.120160235503789,0.07408157945064509,0.12459295758151116,0.062005747963564284,0.033538003528828,0.8832341679253695,-0.02353574608147188,0.14664938083894205,0.8390954459904993,0.8104748065240888,0.9148917114122147,0.8930531769208002,0.002332216667643583,0.08808883017034527,-0.04977478751714803,-0.07026054798794572,0.6746322992352535,0.5350132013240395,0.7081660677652792,0.7333917766316566,0.02700705140016988,0.8809605173990842,0.9077160978720645,0.905112678676214,0.026150302669322036,-0.0835502226674851,-0.021414827867491056,0.8446983457861219,0.6914774438625572
0.838987564464075,0.8806946899259568,0.1019705710430118,0.1506419983622877,0.11886552650275406,0.1071631007081977,-0.0013307020053579038,0.025552914970188505,0.6276029401756499,0.13094678229292667,0.2845741176106752,0.2546677544777605,0.09084893203524011,0.2447598240422908,0.6993648969341881,0.5682739942725952,0.8338583535284686,0.010463559291394808,0.7108289008014265,0.034942920312908805,0.005517320759212946,0.0313306693401795,0.6642012899967594,0.9023582778970466,1.0,0.6502939814300923,0.12475232021888852,0.10611964678550267,0.185865445443474,-0.13212185862526318,0.7264832258309794,0.7588860323070004,0.7756926455612554,0.835555222025269,0.1039257793038881,0.14933093528146787,-0.007118655324536179,0.20093517515608358,-0.0028704507179322493,0.14508361515093388,0.2353990786899392,0.23234514204070772,0.14948959980364826,0.11462505914263173,0.06325866351027754,0.18724407250001174,0.18813384281525053,0.25605674543921547,0.03497086277465021,0.01928242110427921,0.1734951274946785,0.17135436763259954,0.15334578076754213,0.15343864836941887,0.10149600693469227,0.1399408039210702,0.8477415948340757,0.06388625638156295,0.13011729341962067,0.743121439016675,0.7287990837026856,0.8558225146222034,0.8047454282793307,0.08055529579061779,0.1770919589508428,0.0251154102910341,-0.03047331640516417,0.6673229654124728,0.5601217786721944,0.7794539381887396,0.737665779802618,0.13538141215897545,0.8600019250312763,0.864863493410209,0.8390533829392586,0.08242555147648264,-0.035904153689858685,0.08356219227580096,0.8460959495421871,0.684352510013438
