1.0,0.60225,0.74795,0.64785,0.6022000000000001,0.55745,0.2504,0.71765,0.4932,0.5936,0.5111,0.7542500000000001,0.22265000000000001,0.27905,0.16625,0.1908,0.41725,0.50175,0.4869,0.55495,0.38665,0.4915,0.8298,0.1903,0.499,0.2932,0.88885,0.84755,0.76095,0.6282,0.5730999999999999,0.8730499999999999,0.6397999999999999,0.7646,0.8986000000000001,0.61915,0.5735,0.6556,0.8173999999999999,0.5526500000000001,0.7283999999999999,0.8371999999999999,0.7224999999999999,0.80625,0.59475,0.8119500000000001,0.59075,0.40875000000000006,0.5742,0.45999999999999996,0.52855,0.33895,0.45475000000000004,0.17475000000000002,0.38875000000000004,0.7485999999999999,0.5294,0.6769499999999999,0.51725,0.8452500000000001
0.60225,1.0,0.62835,0.7674000000000001,0.7499,0.8802,0.3206,0.71925,0.8449,0.8143,0.87945,0.6735,0.2694,0.4366,0.2818,0.2859,0.6201,0.75715,0.79595,0.79585,0.48665,0.6538999999999999,0.75195,0.29645,0.732,0.23145,0.6274,0.7114499999999999,0.8423999999999999,0.71415,0.8544499999999999,0.7078,0.7893,0.60895,0.6548,0.76825,0.7189,0.81005,0.6775,0.7476499999999999,0.6435,0.6970500000000001,0.6487,0.6895,0.8602000000000001,0.58055,0.7992,0.7135,0.8102,0.5495,0.7927500000000001,0.5251,0.7785,0.24785,0.6939,0.63665,0.8314999999999999,0.7943,0.8741,0.7367
0.74795,0.62835,1.0,0.64165,0.6831,0.5156,0.2528,0.80695,0.54995,0.6753,0.5934999999999999,0.77495,0.20870000000000002,0.29714999999999997,0.11810000000000001,0.14255,0.49695,0.5446500000000001,0.46885000000000004,0.5356,0.333,0.4852,0.7409,0.23410000000000003,0.58515,0.18385,0.7439,0.75545,0.63715,0.57295,0.5581,0.74275,0.6042500000000001,0.7968,0.7529,0.7359,0.6920499999999999,0.6298,0.7706000000000001,0.6107,0.61005,0.70225,0.7404,0.7424000000000001,0.7015,0.77555,0.5566,0.49779999999999996,0.5902499999999999,0.45305,0.4989,0.3872,0.49005,0.1792,0.42915000000000003,0.80785,0.49105,0.74415,0.5785,0.7579
0.64785,0.7674000000000001,0.64165,1.0,0.8035500000000001,0.7235,0.23295,0.7173,0.6980999999999999,0.7986,0.7348,0.7173,0.2528,0.3436,0.21034999999999998,0.22000000000000003,0.609,0.72455,0.6214999999999999,0.72505,0.45715000000000006,0.6093,0.6371,0.28095,0.7696,0.25095,0.62485,0.6771499999999999,0.64715,0.67415,0.7263499999999999,0.7241500000000001,0.6311,0.62275,0.6402,0.8080999999999999,0.7344,0.7253499999999999,0.7245,0.8279,0.5817,0.708,0.7394000000000001,0.7126,0.79105,0.6651,0.73325,0.6171,0.72065,0.57905,0.6683,0.4323,0.6586000000000001,0.24145,0.5503,0.6990999999999999,0.65495,0.7628999999999999,0.71715,0.7141
0.6022000000000001,0.7499,0.6831,0.8035500000000001,1.0,0.70885,0.36345,0.68875,0.79025,0.88735,0.8554999999999999,0.65625,0.3327,0.40975,0.2723,0.28900000000000003,0.7093499999999999,0.81525,0.6241,0.705,0.49470000000000003,0.6428499999999999,0.64195,0.38780000000000003,0.8526,0.22854999999999998,0.63145,0.7201500000000001,0.7511,0.7914,0.7516499999999999,0.7079500000000001,0.73385,0.70175,0.61625,0.8886,0.93925,0.7944,0.7826,0.8615999999999999,0.61985,0.7711,0.6394,0.7022,0.8096500000000001,0.6675,0.81035,0.62,0.7173499999999999,0.6627500000000001,0.6432,0.50585,0.70475,0.33625,0.6627,0.73265,0.6304000000000001,0.77545,0.73995,0.64515
0.55745,0.8802,0.5156,0.7235,0.70885,1.0,0.32405,0.62105,0.8926000000000001,0.8137000000000001,0.82315,0.62225,0.24485,0.41384999999999994,0.24955,0.2812,0.6637,0.80795,0.70775,0.77205,0.5298499999999999,0.66545,0.6464000000000001,0.29900000000000004,0.7498,0.21355,0.5477000000000001,0.6251,0.7557,0.7281500000000001,0.7813,0.64165,0.686,0.53525,0.589,0.678,0.69345,0.75015,0.59185,0.7072499999999999,0.59935,0.6524,0.6235,0.6174999999999999,0.77285,0.5405,0.8140499999999999,0.68875,0.7513,0.58785,0.7779,0.5721499999999999,0.8416499999999999,0.2766,0.6929000000000001,0.59315,0.79325,0.74075,0.885,0.62915
0.2504,0.3206,0.2528,0.23295,0.36345,0.32405,1.0,0.2963,0.37795,0.35059999999999997,0.36955,0.2853,0.5481,0.47380000000000005,0.47995,0.53755,0.34904999999999997,0.3792,0.2638,0.23935,0.3126,0.2459,0.31389999999999996,0.52205,0.31355,0.14225000000000002,0.2577,0.3317,0.33005,0.27475,0.2882,0.30695,0.2959,0.32145,0.24864999999999998,0.2804,0.3205,0.42919999999999997,0.3297,0.2678,0.3417,0.3452,0.28925,0.2979,0.3309,0.27145,0.27405,0.32334999999999997,0.18985000000000002,0.32334999999999997,0.23675000000000002,0.37755,0.38455,0.43470000000000003,0.36285,0.32705,0.26705,0.3316,0.37075,0.23984999999999998
0.71765,0.71925,0.80695,0.7173,0.68875,0.62105,0.2963,1.0,0.7038,0.8071999999999999,0.7039500000000001,0.9240999999999999,0.30474999999999997,0.34754999999999997,0.21455000000000002,0.23224999999999998,0.63715,0.6965,0.5946,0.6174000000000001,0.3769,0.5346,0.7753,0.3706,0.66265,0.177,0.7413000000000001,0.7683,0.6555500000000001,0.53,0.67355,0.76445,0.60895,0.8746,0.7579,0.7849,0.65795,0.6881999999999999,0.8083500000000001,0.6818,0.60985,0.7344999999999999,0.8895500000000001,0.7856,0.8408,0.7948500000000001,0.6385500000000001,0.5941,0.6627500000000001,0.5141,0.5599000000000001,0.49695,0.63005,0.2387,0.5132,0.87235,0.563,0.87905,0.7272000000000001,0.8587999999999999
0.4932,0.8449,0.54995,0.6980999999999999,0.79025,0.8926000000000001,0.37795,0.7038,1.0,0.8966,0.90865,0.68235,0.31579999999999997,0.3934,0.2888,0.2987,0.74925,0.8608,0.73835,0.72305,0.4784,0.63805,0.6306,0.3948,0.8054500000000001,0.1794,0.5199499999999999,0.61185,0.743,0.7094,0.80915,0.6113000000000001,0.7194499999999999,0.6336,0.5533,0.76545,0.7737499999999999,0.7801,0.6454,0.7342,0.58165,0.6472,0.6682,0.60865,0.8633,0.5860000000000001,0.7948999999999999,0.7253499999999999,0.72595,0.62195,0.725,0.6188,0.8563000000000001,0.3249,0.75535,0.6616,0.72965,0.81885,0.92645,0.6155999999999999
0.5936,0.8143,0.6753,0.7986,0.88735,0.8137000000000001,0.35059999999999997,0.8071999999999999,0.8966,1.0,0.8878,0.7821,0.3827,0.47030000000000005,0.2978,0.31705,0.8023999999999999,0.8836499999999999,0.66265,0.7368,0.5168999999999999,0.67545,0.63585,0.47800000000000004,0.86335,0.20465,0.6104499999999999,0.69485,0.7261,0.7252,0.7882,0.7108,0.68605,0.7302500000000001,0.61235,0.87225,0.8669499999999999,0.74875,0.7527,0.8239000000000001,0.5670499999999999,0.7343,0.7658,0.7201,0.898,0.66575,0.84095,0.66395,0.75735,0.6791,0.6644,0.59895,0.80145,0.3721,0.6978,0.7555,0.6559,0.8789999999999999,0.85605,0.70965
0.5111,0.87945,0.5934999999999999,0.7348,0.8554999999999999,0.82315,0.36955,0.7039500000000001,0.90865,0.8878,1.0,0.671,0.3569,0.41364999999999996,0.33155,0.33385,0.7005,0.8055,0.75195,0.6910499999999999,0.45620000000000005,0.66405,0.66395,0.3826,0.8138,0.15845,0.5418999999999999,0.6439,0.77805,0.7194,0.8412000000000001,0.6346,0.7586,0.63435,0.5347999999999999,0.82685,0.8411,0.8059499999999999,0.6785,0.7917500000000001,0.59065,0.67055,0.65045,0.64935,0.86395,0.5837,0.7981,0.7162499999999999,0.7227,0.6142000000000001,0.6858,0.58125,0.82545,0.2969,0.7755,0.64505,0.73905,0.79915,0.87415,0.6416000000000001
0.7542500000000001,0.6735,0.77495,0.7173,0.65625,0.62225,0.2853,0.9240999999999999,0.68235,0.7821,0.671,1.0,0.29105,0.32389999999999997,0.19205,0.2253,0.6214500000000001,0.68105,0.53645,0.5732999999999999,0.36415000000000003,0.52855,0.7837500000000001,0.3528,0.6455,0.1577,0.7595,0.79735,0.60045,0.5082,0.6165,0.77605,0.5495,0.93035,0.7885,0.7253499999999999,0.6275999999999999,0.6468,0.79985,0.66665,0.67075,0.75255,0.90485,0.7819,0.7819,0.8207000000000001,0.61155,0.54775,0.6053499999999999,0.50545,0.51155,0.48905000000000004,0.62625,0.21800000000000003,0.48564999999999997,0.8577,0.51675,0.85845,0.70055,0.8711499999999999
0.22265000000000001,0.2694,0.20870000000000002,0.2528,0.3327,0.24485,0.5481,0.30474999999999997,0.31579999999999997,0.3827,0.3569,0.29105,1.0,0.71785,0.8048500000000001,0.83205,0.5075000000000001,0.3317,0.29325,0.25215,0.572,0.43375,0.23010000000000003,0.85145,0.36425,0.19485,0.2605,0.2752,0.26955,0.24514999999999998,0.29674999999999996,0.30435,0.2153,0.25655,0.23845,0.31395,0.29745,0.28490000000000004,0.32825000000000004,0.29625,0.17270000000000002,0.31725,0.28464999999999996,0.256,0.3377,0.25339999999999996,0.36345,0.29874999999999996,0.29745,0.47140000000000004,0.16575,0.5864,0.3301,0.79665,0.42140000000000005,0.26585000000000003,0.21985000000000002,0.35145,0.28664999999999996,0.30775
0.27905,0.4366,0.29714999999999997,0.3436,0.40975,0.41384999999999994,0.47380000000000005,0.34754999999999997,0.3934,0.47030000000000005,0.41364999999999996,0.32389999999999997,0.71785,1.0,0.7172,0.69035,0.58275,0.44630000000000003,0.36445,0.38665,0.66045,0.5387,0.3084,0.7815000000000001,0.4328,0.17085,0.2972,0.35455000000000003,0.3724,0.38334999999999997,0.35,0.35075,0.28415,0.2874,0.2961,0.3865,0.36955,0.35495,0.29185,0.43045,0.21349999999999997,0.3384,0.31379999999999997,0.358,0.41900000000000004,0.22275,0.46955,0.38505,0.40170000000000006,0.52835,0.3124,0.6158,0.41525,0.7303499999999999,0.4556,0.2615,0.35375,0.40835,0.37305,0.36619999999999997
0.16625,0.2818,0.11810000000000001,0.21034999999999998,0.2723,0.24955,0.47995,0.21455000000000002,0.2888,0.2978,0.33155,0.19205,0.8048500000000001,0.7172,1.0,0.81685,0.41550000000000004,0.25329999999999997,0.34185,0.21484999999999999,0.5407,0.4385,0.2378,0.7853,0.27175,0.15365,0.18660000000000002,0.23220000000000002,0.29605000000000004,0.2205,0.3236,0.22865000000000002,0.25125000000000003,0.1615,0.1819,0.22519999999999998,0.21425,0.33185,0.23279999999999998,0.29375,0.14765,0.2454,0.1742,0.1974,0.2723,0.15660000000000002,0.3109,0.2878,0.26485,0.40525,0.1702,0.64065,0.30205000000000004,0.76135,0.42140000000000005,0.1447,0.24565,0.2754,0.2646,0.25684999999999997
0.1908,0.2859,0.14255,0.22000000000000003,0.28900000000000003,0.2812,0.53755,0.23224999999999998,0.2987,0.31705,0.33385,0.2253,0.83205,0.69035,0.81685,1.0,0.445,0.36235,0.3267,0.30724999999999997,0.60265,0.44794999999999996,0.24315000000000003,0.75395,0.34265,0.17709999999999998,0.21164999999999998,0.2726,0.26005,0.21425,0.29575,0.26065,0.21505000000000002,0.1804,0.2091,0.2444,0.2383,0.34140000000000004,0.25175000000000003,0.27,0.2209,0.28975,0.22595,0.20070000000000002,0.28395000000000004,0.21030000000000001,0.34825,0.37965,0.2723,0.5063,0.24689999999999998,0.65015,0.3552,0.76935,0.4588,0.18414999999999998,0.31615000000000004,0.29375,0.30175,0.27105
0.41725,0.6201,0.49695,0.609,0.7093499999999999,0.6637,0.34904999999999997,0.63715,0.74925,0.8023999999999999,0.7005,0.6214500000000001,0.5075000000000001,0.58275,0.41550000000000004,0.445,1.0,0.75905,0.5815,0.57525,0.65635,0.71375,0.46845,0.6085,0.78615,0.1918,0.45815,0.5124,0.54095,0.5583,0.6154499999999999,0.52145,0.4998,0.5851,0.45625,0.68645,0.68995,0.5722,0.5850500000000001,0.6543,0.43200000000000005,0.57325,0.60175,0.5309999999999999,0.7151500000000001,0.51805,0.68835,0.60835,0.6038,0.71505,0.5187,0.72665,0.7316499999999999,0.51955,0.7048,0.62275,0.4948,0.7199,0.68045,0.5404
0.50175,0.75715,0.5446500000000001,0.72455,0.81525,0.80795,0.3792,0.6965,0.8608,0.8836499999999999,0.8055,0.68105,0.3317,0.44630000000000003,0.25329999999999997,0.36235,0.75905,1.0,0.67405,0.81545,0.5739,0.68285,0.56115,0.4126,0.84945,0.192,0.5222,0.64245,0.6357999999999999,0.70095,0.73445,0.61375,0.62585,0.63035,0.55885,0.7714000000000001,0.77225,0.74355,0.6431,0.76025,0.5729,0.6910499999999999,0.68065,0.61095,0.8493499999999999,0.57915,0.7936,0.7291000000000001,0.7666000000000001,0.73805,0.7325999999999999,0.62575,0.8016500000000001,0.36575,0.72915,0.6668499999999999,0.72185,0.828,0.8632,0.6209
0.4869,0.79595,0.46885000000000004,0.6214999999999999,0.6241,0.70775,0.2638,0.5946,0.73835,0.66265,0.75195,0.53645,0.29325,0.36445,0.34185,0.3267,0.5815,0.67405,1.0,0.7445999999999999,0.50435,0.7165,0.66585,0.2572,0.6183500000000001,0.30595,0.50215,0.5985,0.7585,0.6234,0.8572,0.5461,0.8105499999999999,0.49779999999999996,0.58095,0.6624,0.58755,0.7453000000000001,0.57695,0.61355,0.5993999999999999,0.6256,0.50185,0.5506,0.76495,0.5181,0.6892,0.68945,0.76235,0.48555000000000004,0.7679,0.5671999999999999,0.7394499999999999,0.29700000000000004,0.76485,0.5082,0.79745,0.7272000000000001,0.79515,0.6512
0.55495,0.79585,0.5356,0.72505,0.705,0.77205,0.23935,0.6174000000000001,0.72305,0.7368,0.6910499999999999,0.5732999999999999,0.25215,0.38665,0.21484999999999999,0.30724999999999997,0.57525,0.81545,0.7445999999999999,1.0,0.6223,0.6913,0.64635,0.22865000000000002,0.73325,0.27254999999999996,0.6172,0.7291000000000001,0.71055,0.69675,0.79235,0.69035,0.7019,0.5192,0.6753,0.7477,0.6811499999999999,0.76825,0.6573,0.7107,0.6064,0.7156,0.5624,0.6043499999999999,0.78845,0.5219,0.8444,0.77925,0.9083,0.6816,0.8763,0.501,0.6534,0.3377,0.67605,0.57005,0.8676,0.768,0.7801,0.7061
0.38665,0.48665,0.333,0.45715000000000006,0.49470000000000003,0.5298499999999999,0.3126,0.3769,0.4784,0.5168999999999999,0.45620000000000005,0.36415000000000003,0.572,0.66045,0.5407,0.60265,0.65635,0.5739,0.50435,0.6223,1.0,0.69955,0.41075,0.5809,0.5873999999999999,0.2021,0.42350000000000004,0.48875,0.44844999999999996,0.52305,0.4958,0.49824999999999997,0.398,0.324,0.46325000000000005,0.4748,0.47850000000000004,0.48514999999999997,0.44365,0.5147,0.41645000000000004,0.51595,0.36085,0.40804999999999997,0.47325,0.35805,0.638,0.5727,0.5945,0.7775000000000001,0.5558,0.75595,0.5079,0.6958,0.6295,0.3581,0.5511999999999999,0.4772,0.46745000000000003,0.47765
0.4915,0.6538999999999999,0.4852,0.6093,0.6428499999999999,0.66545,0.2459,0.5346,0.63805,0.67545,0.66405,0.52855,0.43375,0.5387,0.4385,0.44794999999999996,0.71375,0.68285,0.7165,0.6913,0.69955,1.0,0.53945,0.40085,0.7119500000000001,0.29365,0.5098,0.5871999999999999,0.60765,0.6587500000000001,0.73315,0.56395,0.67635,0.47380000000000005,0.5216000000000001,0.6432,0.62595,0.6581,0.54335,0.70995,0.49024999999999996,0.61375,0.52565,0.548,0.6689,0.50335,0.75085,0.66225,0.7473,0.7355,0.6231,0.69355,0.68435,0.48365,0.7849,0.48765000000000003,0.6989,0.65425,0.6359,0.61505
0.8298,0.75195,0.7409,0.6371,0.64195,0.6464000000000001,0.31389999999999996,0.7753,0.6306,0.63585,0.66395,0.7837500000000001,0.23010000000000003,0.3084,0.2378,0.24315000000000003,0.46845,0.56115,0.66585,0.64635,0.41075,0.53945,1.0,0.20249999999999999,0.54595,0.1817,0.8080999999999999,0.8760999999999999,0.8252,0.5414,0.74965,0.80285,0.7489,0.7969,0.8542,0.6759000000000001,0.6037,0.7954,0.8026,0.6172500000000001,0.83545,0.8352999999999999,0.7144999999999999,0.77965,0.67595,0.7914,0.68565,0.58355,0.65625,0.4801,0.7011999999999999,0.39780000000000004,0.56465,0.19945,0.5515,0.7567,0.7013,0.7505499999999999,0.64795,0.89725
0.1903,0.29645,0.23410000000000003,0.28095,0.38780000000000003,0.29900000000000004,0.52205,0.3706,0.3948,0.47800000000000004,0.3826,0.3528,0.85145,0.7815000000000001,0.7853,0.75395,0.6085,0.4126,0.2572,0.22865000000000002,0.5809,0.40085,0.20249999999999999,1.0,0.41100000000000003,0.1384,0.2111,0.2548,0.2545,0.25365000000000004,0.29105,0.28254999999999997,0.1951,0.319,0.19895000000000002,0.3713,0.36615000000000003,0.2576,0.32465,0.33385,0.15355000000000002,0.2995,0.33494999999999997,0.27185000000000004,0.39245,0.23215,0.33940000000000003,0.2734,0.2582,0.49665,0.17175,0.6534500000000001,0.3936,0.83435,0.38245,0.34325,0.1522,0.3941,0.34435,0.27705
0.499,0.732,0.58515,0.7696,0.8526,0.7498,0.31355,0.66265,0.8054500000000001,0.86335,0.8138,0.6455,0.36425,0.4328,0.27175,0.34265,0.78615,0.84945,0.6183500000000001,0.73325,0.5873999999999999,0.7119500000000001,0.54595,0.41100000000000003,1.0,0.22054999999999997,0.5324,0.6064,0.61895,0.74305,0.7234,0.6125,0.6106,0.5908,0.5438,0.8143499999999999,0.83095,0.69485,0.66525,0.8151999999999999,0.5253,0.6642,0.6376000000000001,0.6091,0.80475,0.60405,0.7938,0.689,0.7335499999999999,0.7393500000000001,0.68285,0.59595,0.733,0.42065,0.7241500000000001,0.6397999999999999,0.6505,0.76735,0.76505,0.6096
0.2932,0.23145,0.18385,0.25095,0.22854999999999998,0.21355,0.14225000000000002,0.177,0.1794,0.20465,0.15845,0.1577,0.19485,0.17085,0.15365,0.17709999999999998,0.1918,0.192,0.30595,0.27254999999999996,0.2021,0.29365,0.1817,0.1384,0.22054999999999997,0.55,0.30274999999999996,0.2738,0.33185,0.3769,0.28695,0.2926,0.34375,0.17370000000000002,0.33725,0.25139999999999996,0.20625,0.2549,0.3223,0.16345,0.231,0.29445,0.1358,0.22139999999999999,0.2575,0.26225,0.21080000000000002,0.21280000000000002,0.2919,0.19155,0.19105,0.16605,0.17175,0.20274999999999999,0.17629999999999998,0.23679999999999998,0.2334,0.26415,0.236,0.24545
0.88885,0.6274,0.7439,0.62485,0.63145,0.5477000000000001,0.2577,0.7413000000000001,0.5199499999999999,0.6104499999999999,0.5418999999999999,0.7595,0.2605,0.2972,0.18660000000000002,0.21164999999999998,0.45815,0.5222,0.50215,0.6172,0.42350000000000004,0.5098,0.8080999999999999,0.2111,0.5324,0.30274999999999996,1.0,0.908,0.7538,0.653,0.59205,0.9238,0.6397,0.80465,0.91885,0.658,0.5948,0.6942,0.8483499999999999,0.57255,0.7155,0.83245,0.69795,0.8143,0.6426000000000001,0.7485,0.6357,0.49729999999999996,0.64935,0.46654999999999996,0.51185,0.34775,0.4527,0.2004,0.41255,0.75495,0.54455,0.70225,0.5462,0.8580500000000001
0.84755,0.7114499999999999,0.75545,0.6771499999999999,0.7201500000000001,0.6251,0.3317,0.7683,0.61185,0.69485,0.6439,0.79735,0.2752,0.35455000000000003,0.23220000000000002,0.2726,0.5124,0.64245,0.5985,0.7291000000000001,0.48875,0.5871999999999999,0.8760999999999999,0.2548,0.6064,0.2738,0.908,1.0,0.7872,0.6657,0.7144999999999999,0.91945,0.7194,0.82805,0.9007,0.7255,0.67005,0.8048500000000001,0.86785,0.66825,0.8131999999999999,0.9074500000000001,0.7224999999999999,0.8393499999999999,0.7025,0.766,0.73685,0.6013,0.71815,0.5564,0.63765,0.39554999999999996,0.54915,0.2557,0.52935,0.76585,0.6672,0.76085,0.62515,0.90565
0.76095,0.8423999999999999,0.63715,0.64715,0.7511,0.7557,0.33005,0.6555500000000001,0.743,0.7261,0.77805,0.60045,0.26955,0.3724,0.29605000000000004,0.26005,0.54095,0.6357999999999999,0.7585,0.71055,0.44844999999999996,0.60765,0.8252,0.2545,0.61895,0.33185,0.7538,0.7872,1.0,0.76685,0.8544,0.78165,0.9087,0.64735,0.76405,0.75305,0.7321500000000001,0.8398,0.7885,0.65255,0.72825,0.8040499999999999,0.56775,0.72645,0.7565500000000001,0.658,0.76545,0.62785,0.75555,0.5325,0.7516499999999999,0.45655,0.65545,0.2426,0.6531,0.6477,0.77025,0.75125,0.7461,0.7565500000000001
0.6282,0.71415,0.57295,0.67415,0.7914,0.7281500000000001,0.27475,0.53,0.7094,0.7252,0.7194,0.5082,0.24514999999999998,0.38334999999999997,0.2205,0.21425,0.5583,0.70095,0.6234,0.69675,0.52305,0.6587500000000001,0.5414,0.25365000000000004,0.74305,0.3769,0.653,0.6657,0.76685,1.0,0.70335,0.6917,0.75365,0.537,0.6699499999999999,0.73485,0.7781,0.6665,0.6761,0.728,0.56765,0.7032499999999999,0.49135,0.6708000000000001,0.7324499999999999,0.5620499999999999,0.7123999999999999,0.5757,0.7463,0.595,0.63375,0.5106499999999999,0.60975,0.31695,0.6109,0.5659,0.65335,0.67205,0.7031,0.5810500000000001
0.5730999999999999,0.8544499999999999,0.5581,0.7263499999999999,0.7516499999999999,0.7813,0.2882,0.67355,0.80915,0.7882,0.8412000000000001,0.6165,0.29674999999999996,0.35,0.3236,0.29575,0.6154499999999999,0.73445,0.8572,0.79235,0.4958,0.73315,0.74965,0.29105,0.7234,0.28695,0.59205,0.7144999999999999,0.8544,0.70335,1.0,0.6676,0.9037000000000001,0.57925,0.61625,0.80085,0.73055,0.83715,0.7059,0.739,0.69535,0.7695000000000001,0.583,0.65325,0.82005,0.57595,0.8288,0.75705,0.83445,0.6312,0.8407500000000001,0.5149,0.72595,0.3174,0.7738,0.6231,0.8438000000000001,0.7910999999999999,0.80935,0.74805
0.8730499999999999,0.7078,0.74275,0.7241500000000001,0.7079500000000001,0.64165,0.30695,0.76445,0.6113000000000001,0.7108,0.6346,0.77605,0.30435,0.35075,0.22865000000000002,0.26065,0.52145,0.61375,0.5461,0.69035,0.49824999999999997,0.56395,0.80285,0.28254999999999997,0.6125,0.2926,0.9238,0.91945,0.78165,0.6917,0.6676,1.0,0.66865,0.7722,0.8887499999999999,0.7297,0.6696500000000001,0.7503,0.87335,0.65565,0.736,0.87385,0.7461,0.8612,0.71105,0.7561,0.73775,0.54745,0.70235,0.5429999999999999,0.5905,0.39135,0.54525,0.26105,0.495,0.76095,0.6132500000000001,0.7477,0.6182000000000001,0.8688499999999999
0.6397999999999999,0.7893,0.6042500000000001,0.6311,0.73385,0.686,0.2959,0.60895,0.7194499999999999,0.68605,0.7586,0.5495,0.2153,0.28415,0.25125000000000003,0.21505000000000002,0.4998,0.62585,0.8105499999999999,0.7019,0.398,0.67635,0.7489,0.1951,0.6106,0.34375,0.6397,0.7194,0.9087,0.75365,0.9037000000000001,0.66865,1.0,0.6046,0.65645,0.7735000000000001,0.73105,0.8204,0.7212,0.6677500000000001,0.70765,0.75145,0.5166000000000001,0.6542,0.75785,0.60885,0.7201,0.68935,0.7721,0.5472,0.7684,0.4524,0.63045,0.23345,0.7067,0.62025,0.79035,0.7242,0.7325999999999999,0.6829
0.7646,0.60895,0.7968,0.62275,0.70175,0.53525,0.32145,0.8746,0.6336,0.7302500000000001,0.63435,0.93035,0.25655,0.2874,0.1615,0.1804,0.5851,0.63035,0.49779999999999996,0.5192,0.324,0.47380000000000005,0.7969,0.319,0.5908,0.17370000000000002,0.80465,0.82805,0.64735,0.537,0.57925,0.7722,0.6046,1.0,0.8082,0.7318,0.67145,0.6564,0.8390000000000001,0.62035,0.72295,0.7836000000000001,0.8244999999999999,0.7798499999999999,0.7386,0.8369500000000001,0.5730000000000001,0.49855,0.56455,0.46180000000000004,0.4603,0.44075,0.5471,0.18775,0.4484,0.8826499999999999,0.466,0.82535,0.62905,0.82325
0.8986000000000001,0.6548,0.7529,0.6402,0.61625,0.589,0.24864999999999998,0.7579,0.5533,0.61235,0.5347999999999999,0.7885,0.23845,0.2961,0.1819,0.2091,0.45625,0.55885,0.58095,0.6753,0.46325000000000005,0.5216000000000001,0.8542,0.19895000000000002,0.5438,0.33725,0.91885,0.9007,0.76405,0.6699499999999999,0.61625,0.8887499999999999,0.65645,0.8082,1.0,0.65235,0.5780000000000001,0.6999500000000001,0.86615,0.5776,0.76185,0.8452999999999999,0.7018,0.8026,0.6695,0.80845,0.64345,0.52275,0.6900999999999999,0.48164999999999997,0.6064,0.3932,0.47190000000000004,0.23135,0.4351,0.75855,0.6071,0.7409,0.6024499999999999,0.89795
0.61915,0.76825,0.7359,0.8080999999999999,0.8886,0.678,0.2804,0.7849,0.76545,0.87225,0.82685,0.7253499999999999,0.31395,0.3865,0.22519999999999998,0.2444,0.68645,0.7714000000000001,0.6624,0.7477,0.4748,0.6432,0.6759000000000001,0.3713,0.8143499999999999,0.25139999999999996,0.658,0.7255,0.75305,0.73485,0.80085,0.7297,0.7735000000000001,0.7318,0.65235,1.0,0.8946500000000001,0.75335,0.7985,0.8041,0.60115,0.752,0.7001000000000001,0.71685,0.8852499999999999,0.6900999999999999,0.7835,0.7039,0.8054500000000001,0.65935,0.70765,0.5037499999999999,0.6740999999999999,0.34435,0.67155,0.7657499999999999,0.6832499999999999,0.85135,0.7527999999999999,0.7194499999999999
0.5735,0.7189,0.6920499999999999,0.7344,0.93925,0.69345,0.3205,0.65795,0.7737499999999999,0.8669499999999999,0.8411,0.6275999999999999,0.29745,0.36955,0.21425,0.2383,0.68995,0.77225,0.58755,0.6811499999999999,0.47850000000000004,0.62595,0.6037,0.36615000000000003,0.83095,0.20625,0.5948,0.67005,0.7321500000000001,0.7781,0.73055,0.6696500000000001,0.73105,0.67145,0.5780000000000001,0.8946500000000001,1.0,0.7255499999999999,0.7531,0.80155,0.5803499999999999,0.7258,0.6096,0.66485,0.7838499999999999,0.6453,0.78725,0.611,0.70125,0.64925,0.6435,0.50515,0.69145,0.3261,0.66855,0.71295,0.6048,0.7585,0.72275,0.5988
0.6556,0.81005,0.6298,0.7253499999999999,0.7944,0.75015,0.42919999999999997,0.6881999999999999,0.7801,0.74875,0.8059499999999999,0.6468,0.28490000000000004,0.35495,0.33185,0.34140000000000004,0.5722,0.74355,0.7453000000000001,0.76825,0.48514999999999997,0.6581,0.7954,0.2576,0.69485,0.2549,0.6942,0.8048500000000001,0.8398,0.6665,0.83715,0.7503,0.8204,0.6564,0.6999500000000001,0.75335,0.7255499999999999,1.0,0.7502,0.75535,0.71715,0.77175,0.6334,0.6956,0.77355,0.66445,0.7840499999999999,0.7458,0.73705,0.62115,0.7535999999999999,0.49074999999999996,0.72045,0.26,0.72565,0.6466999999999999,0.8070499999999999,0.7537499999999999,0.77855,0.73995
0.8173999999999999,0.6775,0.7706000000000001,0.7245,0.7826,0.59185,0.3297,0.8083500000000001,0.6454,0.7527,0.6785,0.79985,0.32825000000000004,0.29185,0.23279999999999998,0.25175000000000003,0.5850500000000001,0.6431,0.57695,0.6573,0.44365,0.54335,0.8026,0.32465,0.66525,0.3223,0.8483499999999999,0.86785,0.7885,0.6761,0.7059,0.87335,0.7212,0.8390000000000001,0.86615,0.7985,0.7531,0.7502,1.0,0.67455,0.775,0.8956,0.7382500000000001,0.80495,0.7537,0.8150499999999999,0.69575,0.57415,0.6938,0.57125,0.60375,0.42915000000000003,0.55915,0.30455,0.5305500000000001,0.84995,0.5841999999999999,0.8044499999999999,0.6432,0.8491
0.5526500000000001,0.7476499999999999,0.6107,0.8279,0.8615999999999999,0.7072499999999999,0.2678,0.6818,0.7342,0.8239000000000001,0.7917500000000001,0.66665,0.29625,0.43045,0.29375,0.27,0.6543,0.76025,0.61355,0.7107,0.5147,0.70995,0.6172500000000001,0.33385,0.8151999999999999,0.16345,0.57255,0.66825,0.65255,0.728,0.739,0.65565,0.6677500000000001,0.62035,0.5776,0.8041,0.80155,0.75535,0.67455,1.0,0.54195,0.6803,0.65135,0.67065,0.76875,0.5843,0.80285,0.63575,0.74085,0.661,0.66025,0.5084500000000001,0.6645,0.33265,0.65725,0.6129,0.6632,0.74185,0.6948000000000001,0.68265
0.7283999999999999,0.6435,0.61005,0.5817,0.61985,0.59935,0.3417,0.60985,0.58165,0.5670499999999999,0.59065,0.67075,0.17270000000000002,0.21349999999999997,0.14765,0.2209,0.43200000000000005,0.5729,0.5993999999999999,0.6064,0.41645000000000004,0.49024999999999996,0.83545,0.15355000000000002,0.5253,0.231,0.7155,0.8131999999999999,0.72825,0.56765,0.69535,0.736,0.70765,0.72295,0.76185,0.60115,0.5803499999999999,0.71715,0.775,0.54195,1.0,0.8608,0.5939,0.6971499999999999,0.5671999999999999,0.7083999999999999,0.6212,0.54995,0.55705,0.48555000000000004,0.67055,0.3448,0.52175,0.1879,0.5034,0.7199,0.6304000000000001,0.6534,0.57785,0.76195
0.8371999999999999,0.6970500000000001,0.70225,0.708,0.7711,0.6524,0.3452,0.7344999999999999,0.6472,0.7343,0.67055,0.75255,0.31725,0.3384,0.2454,0.28975,0.57325,0.6910499999999999,0.6256,0.7156,0.51595,0.61375,0.8352999999999999,0.2995,0.6642,0.29445,0.83245,0.9074500000000001,0.8040499999999999,0.7032499999999999,0.7695000000000001,0.87385,0.75145,0.7836000000000001,0.8452999999999999,0.752,0.7258,0.77175,0.8956,0.6803,0.8608,1.0,0.6996,0.8231999999999999,0.70545,0.7609,0.7754,0.5588,0.7142999999999999,0.6009,0.6864,0.42755,0.57775,0.30724999999999997,0.567,0.79365,0.6609499999999999,0.77135,0.63,0.8737
0.7224999999999999,0.6487,0.7404,0.7394000000000001,0.6394,0.6235,0.28925,0.8895500000000001,0.6682,0.7658,0.65045,0.90485,0.28464999999999996,0.31379999999999997,0.1742,0.22595,0.60175,0.68065,0.50185,0.5624,0.36085,0.52565,0.7144999999999999,0.33494999999999997,0.6376000000000001,0.1358,0.69795,0.7224999999999999,0.56775,0.49135,0.583,0.7461,0.5166000000000001,0.8244999999999999,0.7018,0.7001000000000001,0.6096,0.6334,0.7382500000000001,0.65135,0.5939,0.6996,1.0,0.7964,0.7618,0.8191499999999999,0.5996,0.5225,0.568,0.5071,0.49115000000000003,0.4768,0.6239,0.20179999999999998,0.4727,0.81705,0.49885,0.80335,0.6847000000000001,0.79245
0.80625,0.6895,0.7424000000000001,0.7126,0.7022,0.6174999999999999,0.2979,0.7856,0.60865,0.7201,0.64935,0.7819,0.256,0.358,0.1974,0.20070000000000002,0.5309999999999999,0.61095,0.5506,0.6043499999999999,0.40804999999999997,0.548,0.77965,0.27185000000000004,0.6091,0.22139999999999999,0.8143,0.8393499999999999,0.72645,0.6708000000000001,0.65325,0.8612,0.6542,0.7798499999999999,0.8026,0.71685,0.66485,0.6956,0.80495,0.67065,0.6971499999999999,0.8231999999999999,0.7964,1.0,0.7194499999999999,0.7614,0.6667500000000001,0.4734,0.63085,0.47035,0.53945,0.40275,0.53695,0.20065,0.45725,0.7542,0.55145,0.74195,0.6049,0.8337
0.59475,0.8602000000000001,0.7015,0.79105,0.8096500000000001,0.77285,0.3309,0.8408,0.8633,0.898,0.86395,0.7819,0.3377,0.41900000000000004,0.2723,0.28395000000000004,0.7151500000000001,0.8493499999999999,0.76495,0.78845,0.47325,0.6689,0.67595,0.39245,0.80475,0.2575,0.6426000000000001,0.7025,0.7565500000000001,0.7324499999999999,0.82005,0.71105,0.75785,0.7386,0.6695,0.8852499999999999,0.7838499999999999,0.77355,0.7537,0.76875,0.5671999999999999,0.70545,0.7618,0.7194499999999999,1.0,0.6738999999999999,0.76005,0.7386,0.8385,0.6174000000000001,0.7267,0.60565,0.7586999999999999,0.32225000000000004,0.7043,0.7481,0.756,0.9258,0.89,0.74515
0.8119500000000001,0.58055,0.77555,0.6651,0.6675,0.5405,0.27145,0.7948500000000001,0.5860000000000001,0.66575,0.5837,0.8207000000000001,0.25339999999999996,0.22275,0.15660000000000002,0.21030000000000001,0.51805,0.57915,0.5181,0.5219,0.35805,0.50335,0.7914,0.23215,0.60405,0.26225,0.7485,0.766,0.658,0.5620499999999999,0.57595,0.7561,0.60885,0.8369500000000001,0.80845,0.6900999999999999,0.6453,0.66445,0.8150499999999999,0.5843,0.7083999999999999,0.7609,0.8191499999999999,0.7614,0.6738999999999999,1.0,0.5668,0.47295,0.5479,0.4901,0.5037499999999999,0.41095,0.52815,0.2172,0.46580000000000005,0.80235,0.49955,0.7506999999999999,0.58925,0.7840499999999999
0.59075,0.7992,0.5566,0.73325,0.81035,0.8140499999999999,0.27405,0.6385500000000001,0.7948999999999999,0.84095,0.7981,0.61155,0.36345,0.46955,0.3109,0.34825,0.68835,0.7936,0.6892,0.8444,0.638,0.75085,0.68565,0.33940000000000003,0.7938,0.21080000000000002,0.6357,0.73685,0.76545,0.7123999999999999,0.8288,0.73775,0.7201,0.5730000000000001,0.64345,0.7835,0.78725,0.7840499999999999,0.69575,0.80285,0.6212,0.7754,0.5996,0.6667500000000001,0.76005,0.5668,1.0,0.7135,0.8473,0.7203,0.7949499999999999,0.51425,0.71755,0.399,0.7392000000000001,0.6033999999999999,0.79995,0.7558,0.74755,0.7333000000000001
0.40875000000000006,0.7135,0.49779999999999996,0.6171,0.62,0.68875,0.32334999999999997,0.5941,0.7253499999999999,0.66395,0.7162499999999999,0.54775,0.29874999999999996,0.38505,0.2878,0.37965,0.60835,0.7291000000000001,0.68945,0.77925,0.5727,0.66225,0.58355,0.2734,0.689,0.21280000000000002,0.49729999999999996,0.6013,0.62785,0.5757,0.75705,0.54745,0.68935,0.49855,0.52275,0.7039,0.611,0.7458,0.57415,0.63575,0.54995,0.5588,0.5225,0.4734,0.7386,0.47295,0.7135,1.0,0.7683,0.72365,0.7668999999999999,0.59135,0.6811,0.3684,0.8083,0.52835,0.8158,0.7076,0.77515,0.5856
0.5742,0.8102,0.5902499999999999,0.72065,0.7173499999999999,0.7513,0.18985000000000002,0.6627500000000001,0.72595,0.75735,0.7227,0.6053499999999999,0.29745,0.40170000000000006,0.26485,0.2723,0.6038,0.7666000000000001,0.76235,0.9083,0.5945,0.7473,0.65625,0.2582,0.7335499999999999,0.2919,0.64935,0.71815,0.75555,0.7463,0.83445,0.70235,0.7721,0.56455,0.6900999999999999,0.8054500000000001,0.70125,0.73705,0.6938,0.74085,0.55705,0.7142999999999999,0.568,0.63085,0.8385,0.5479,0.8473,0.7683,1.0,0.6727000000000001,0.83625,0.5307000000000001,0.6374500000000001,0.37475,0.71975,0.59615,0.85405,0.8041499999999999,0.7659,0.7434999999999999
0.45999999999999996,0.5495,0.45305,0.57905,0.6627500000000001,0.58785,0.32334999999999997,0.5141,0.62195,0.6791,0.6142000000000001,0.50545,0.47140000000000004,0.52835,0.40525,0.5063,0.71505,0.73805,0.48555000000000004,0.6816,0.7775000000000001,0.7355,0.4801,0.49665,0.7393500000000001,0.19155,0.46654999999999996,0.5564,0.5325,0.595,0.6312,0.5429999999999999,0.5472,0.46180000000000004,0.48164999999999997,0.65935,0.64925,0.62115,0.57125,0.661,0.48555000000000004,0.6009,0.5071,0.47035,0.6174000000000001,0.4901,0.7203,0.72365,0.6727000000000001,1.0,0.6497499999999999,0.67015,0.57225,0.5887,0.7202,0.503,0.6421,0.6174000000000001,0.59395,0.53965
0.52855,0.7927500000000001,0.4989,0.6683,0.6432,0.7779,0.23675000000000002,0.5599000000000001,0.725,0.6644,0.6858,0.51155,0.16575,0.3124,0.1702,0.24689999999999998,0.5187,0.7325999999999999,0.7679,0.8763,0.5558,0.6231,0.7011999999999999,0.17175,0.68285,0.19105,0.51185,0.63765,0.7516499999999999,0.63375,0.8407500000000001,0.5905,0.7684,0.4603,0.6064,0.70765,0.6435,0.7535999999999999,0.60375,0.66025,0.67055,0.6864,0.49115000000000003,0.53945,0.7267,0.5037499999999999,0.7949499999999999,0.7668999999999999,0.83625,0.6497499999999999,1.0,0.47355,0.6603,0.31215000000000004,0.71575,0.5238,0.89115,0.7061499999999999,0.7611,0.6635
0.33895,0.5251,0.3872,0.4323,0.50585,0.5721499999999999,0.37755,0.49695,0.6188,0.59895,0.58125,0.48905000000000004,0.5864,0.6158,0.64065,0.65015,0.72665,0.62575,0.5671999999999999,0.501,0.75595,0.69355,0.39780000000000004,0.6534500000000001,0.59595,0.16605,0.34775,0.39554999999999996,0.45655,0.5106499999999999,0.5149,0.39135,0.4524,0.44075,0.3932,0.5037499999999999,0.50515,0.49074999999999996,0.42915000000000003,0.5084500000000001,0.3448,0.42755,0.4768,0.40275,0.60565,0.41095,0.51425,0.59135,0.5307000000000001,0.67015,0.47355,1.0,0.64955,0.6362,0.6953,0.44684999999999997,0.49829999999999997,0.6003000000000001,0.63795,0.42885
0.45475000000000004,0.7785,0.49005,0.6586000000000001,0.70475,0.8416499999999999,0.38455,0.63005,0.8563000000000001,0.80145,0.82545,0.62625,0.3301,0.41525,0.30205000000000004,0.3552,0.7316499999999999,0.8016500000000001,0.7394499999999999,0.6534,0.5079,0.68435,0.56465,0.3936,0.733,0.17175,0.4527,0.54915,0.65545,0.60975,0.72595,0.54525,0.63045,0.5471,0.47190000000000004,0.6740999999999999,0.69145,0.72045,0.55915,0.6645,0.52175,0.57775,0.6239,0.53695,0.7586999999999999,0.52815,0.71755,0.6811,0.6374500000000001,0.57225,0.6603,0.64955,1.0,0.3141,0.8025499999999999,0.5918,0.70555,0.72295,0.8569000000000001,0.5467
0.17475000000000002,0.24785,0.1792,0.24145,0.33625,0.2766,0.43470000000000003,0.2387,0.3249,0.3721,0.2969,0.21800000000000003,0.79665,0.7303499999999999,0.76135,0.76935,0.51955,0.36575,0.29700000000000004,0.3377,0.6958,0.48365,0.19945,0.83435,0.42065,0.20274999999999999,0.2004,0.2557,0.2426,0.31695,0.3174,0.26105,0.23345,0.18775,0.23135,0.34435,0.3261,0.26,0.30455,0.33265,0.1879,0.30724999999999997,0.20179999999999998,0.20065,0.32225000000000004,0.2172,0.399,0.3684,0.37475,0.5887,0.31215000000000004,0.6362,0.3141,1.0,0.4803,0.2193,0.28264999999999996,0.32365,0.27965,0.26339999999999997
0.38875000000000004,0.6939,0.42915000000000003,0.5503,0.6627,0.6929000000000001,0.36285,0.5132,0.75535,0.6978,0.7755,0.48564999999999997,0.42140000000000005,0.4556,0.42140000000000005,0.4588,0.7048,0.72915,0.76485,0.67605,0.6295,0.7849,0.5515,0.38245,0.7241500000000001,0.17629999999999998,0.41255,0.52935,0.6531,0.6109,0.7738,0.495,0.7067,0.4484,0.4351,0.67155,0.66855,0.72565,0.5305500000000001,0.65725,0.5034,0.567,0.4727,0.45725,0.7043,0.46580000000000005,0.7392000000000001,0.8083,0.71975,0.7202,0.71575,0.6953,0.8025499999999999,0.4803,1.0,0.45824999999999994,0.7678,0.6667,0.7424000000000001,0.5244500000000001
0.7485999999999999,0.63665,0.80785,0.6990999999999999,0.73265,0.59315,0.32705,0.87235,0.6616,0.7555,0.64505,0.8577,0.26585000000000003,0.2615,0.1447,0.18414999999999998,0.62275,0.6668499999999999,0.5082,0.57005,0.3581,0.48765000000000003,0.7567,0.34325,0.6397999999999999,0.23679999999999998,0.75495,0.76585,0.6477,0.5659,0.6231,0.76095,0.62025,0.8826499999999999,0.75855,0.7657499999999999,0.71295,0.6466999999999999,0.84995,0.6129,0.7199,0.79365,0.81705,0.7542,0.7481,0.80235,0.6033999999999999,0.52835,0.59615,0.503,0.5238,0.44684999999999997,0.5918,0.2193,0.45824999999999994,1.0,0.4904,0.8145,0.66505,0.7668999999999999
0.5294,0.8314999999999999,0.49105,0.65495,0.6304000000000001,0.79325,0.26705,0.563,0.72965,0.6559,0.73905,0.51675,0.21985000000000002,0.35375,0.24565,0.31615000000000004,0.4948,0.72185,0.79745,0.8676,0.5511999999999999,0.6989,0.7013,0.1522,0.6505,0.2334,0.54455,0.6672,0.77025,0.65335,0.8438000000000001,0.6132500000000001,0.79035,0.466,0.6071,0.6832499999999999,0.6048,0.8070499999999999,0.5841999999999999,0.6632,0.6304000000000001,0.6609499999999999,0.49885,0.55145,0.756,0.49955,0.79995,0.8158,0.85405,0.6421,0.89115,0.49829999999999997,0.70555,0.28264999999999996,0.7678,0.4904,1.0,0.6990999999999999,0.7840499999999999,0.6753
0.6769499999999999,0.7943,0.74415,0.7628999999999999,0.77545,0.74075,0.3316,0.87905,0.81885,0.8789999999999999,0.79915,0.85845,0.35145,0.40835,0.2754,0.29375,0.7199,0.828,0.7272000000000001,0.768,0.4772,0.65425,0.7505499999999999,0.3941,0.76735,0.26415,0.70225,0.76085,0.75125,0.67205,0.7910999999999999,0.7477,0.7242,0.82535,0.7409,0.85135,0.7585,0.7537499999999999,0.8044499999999999,0.74185,0.6534,0.77135,0.80335,0.74195,0.9258,0.7506999999999999,0.7558,0.7076,0.8041499999999999,0.6174000000000001,0.7061499999999999,0.6003000000000001,0.72295,0.32365,0.6667,0.8145,0.6990999999999999,1.0,0.8429,0.8187
0.51725,0.8741,0.5785,0.71715,0.73995,0.885,0.37075,0.7272000000000001,0.92645,0.85605,0.87415,0.70055,0.28664999999999996,0.37305,0.2646,0.30175,0.68045,0.8632,0.79515,0.7801,0.46745000000000003,0.6359,0.64795,0.34435,0.76505,0.236,0.5462,0.62515,0.7461,0.7031,0.80935,0.6182000000000001,0.7325999999999999,0.62905,0.6024499999999999,0.7527999999999999,0.72275,0.77855,0.6432,0.6948000000000001,0.57785,0.63,0.6847000000000001,0.6049,0.89,0.58925,0.74755,0.77515,0.7659,0.59395,0.7611,0.63795,0.8569000000000001,0.27965,0.7424000000000001,0.66505,0.7840499999999999,0.8429,1.0,0.63795
0.8452500000000001,0.7367,0.7579,0.7141,0.64515,0.62915,0.23984999999999998,0.8587999999999999,0.6155999999999999,0.70965,0.6416000000000001,0.8711499999999999,0.30775,0.36619999999999997,0.25684999999999997,0.27105,0.5404,0.6209,0.6512,0.7061,0.47765,0.61505,0.89725,0.27705,0.6096,0.24545,0.8580500000000001,0.90565,0.7565500000000001,0.5810500000000001,0.74805,0.8688499999999999,0.6829,0.82325,0.89795,0.7194499999999999,0.5988,0.73995,0.8491,0.68265,0.76195,0.8737,0.79245,0.8337,0.74515,0.7840499999999999,0.7333000000000001,0.5856,0.7434999999999999,0.53965,0.6635,0.42885,0.5467,0.26339999999999997,0.5244500000000001,0.7668999999999999,0.6753,0.8187,0.63795,1.0
