-0.1317,0.096791,0.17675,0.15662,-0.046869,0.062772,-0.033215,0.028543,-0.0019847,-0.023861,0.15024,0.081624,-0.12641,0.25028,-0.14586,0.11997,-0.095821,0.063049,-0.29859,0.10452,-0.179,0.075761,-0.23819,0.038859,0.023123,-0.10161,0.033195,0.027476,0.10879,-0.36712,-0.3712,0.2192,0.070163,0.18661,-0.19534,-0.048262,-0.083284,-0.18363,-0.042543,-0.086374,-0.022501,-0.035401,-0.0047363,-0.0084849,-0.079962,-0.089881,-0.025581,-0.080063,-0.081068,-0.16742,-0.01493,-0.076626,-0.041582,-0.055375,-0.014329,-0.10808,0,0,0,0
-0.14811,-0.0015686,-0.12728,-0.008369,-0.17312,-0.017418,-0.020919,0.12365,0.053567,0.069892,0.14088,-0.043473,0.0085453,-0.079926,0.0016162,0.33396,0.037702,-0.066065,0.061623,-0.16955,0.0027247,-0.0042492,0.060795,-0.082254,0.010898,0.0098065,-0.010482,-0.032816,0.065702,0.025306,-0.10989,-0.094416,-0.025828,0.13286,0.10743,-0.016155,-0.011,-0.11334,-0.0037292,-0.19092,0.22419,-0.11609,-0.060589,-0.073935,-0.052458,0.035513,-0.004354,0.093156,-0.22903,0.23373,-0.062862,0.11196,0.20629,0.05721,-0.37661,-0.044545,-0.37034,-0.26431,-0.081491,0.011123
-0.12583,0.10971,0.14376,-0.11507,-0.038645,0.1725,0.12879,0.10954,-0.23156,0.091586,0.14695,0.047293,0.12962,0.27706,0.14621,0.045306,-0.21558,-0.04652,0.15603,-0.0050888,-0.17135,-0.093127,-0.064457,-0.091868,-0.17457,-0.23618,0.36549,0.060422,-0.22524,0.0085522,0.15041,-0.21096,0.015215,0.085105,0.032452,0.10347,0.063392,0.083694,-0.17643,0.26811,-0.065114,-0.1755,0.011916,-0.04327,-0.11176,0.053003,-0.089211,-0.015949,0.0096077,0.0043563,-0.0036772,0.018026,-0.0033759,0.091253,0.0087698,-0.050458,-0.056762,0.017988,-0.027257,-0.030971
-0.13508,0.061237,-0.013916,0.090242,-0.11126,-0.0068206,0.21003,-0.038588,0.16494,-0.30568,0.032449,-0.31913,-0.046657,0.0038616,-0.017943,-0.065208,-0.28393,-0.04664,0.11739,0.061678,0.24333,0.24907,-0.1052,-0.044261,0.16347,-0.068271,0.088277,0.32999,0.059712,-0.067235,-0.034121,-0.10321,-0.018393,-0.09833,-0.045397,0.081229,-0.021057,0.10802,0.21403,0.073109,-0.10563,0.06376,0.11197,-0.18769,0.01594,0.21782,0.030725,0.14949,-0.045548,-0.089063,0.026786,-0.023208,0.067206,-0.10292,-0.17321,0.023572,0.04364,0.00054271,-0.01671,0.060783
-0.14499,0.0073108,-0.094648,-0.15406,-0.15194,-0.038447,0.016405,-0.043138,-0.13884,-0.14166,-0.13906,0.11799,-0.077067,-0.1387,0.036113,-0.10272,-0.2447,-0.088721,-0.029775,-0.055845,-0.091682,0.056491,-0.14816,-0.036453,0.11459,-0.047941,-0.11232,-0.02272,-0.1812,-0.017193,-0.037547,-0.055348,0.17531,-0.16748,-0.11726,-0.1791,0.12006,-0.17672,-0.026575,0.0076604,0.11428,0.05889,-0.003137,0.28391,-0.013125,0.065354,-0.11052,0.018817,-0.012864,0.29693,-0.057976,-0.1027,-0.22302,0.1474,-0.12639,-0.12297,0.31884,-0.21201,-0.13309,-0.05295
-0.14346,-0.034345,-0.15635,0.075818,0.048491,-0.11059,0.055212,0.076103,-0.017317,0.08826,0.30187,-0.036606,-0.10416,-0.094161,0.13934,0.17305,0.059615,0.1393,-0.049898,-0.026926,0.13692,0.0051735,-0.073957,-0.018015,0.034965,-0.00096403,-0.018713,0.091326,-0.060129,0.097212,-0.16232,-0.090818,0.099616,0.033987,0.14435,-0.040922,-0.041905,0.060107,0.16259,0.061088,-0.032018,0.069011,-0.018382,-0.10922,-0.10384,0.0022421,0.19761,-0.13178,-0.14295,0.19721,0.2031,0.15931,-0.25568,0.21008,0.26368,-0.2874,0.11503,0.21304,0.1564,-0.14703
-0.036196,-0.21681,0.13187,-0.01527,0.00040468,0.276,-0.54527,0.13697,-0.36897,-0.050167,-0.13801,-0.18138,-0.027519,0.028097,0.048504,0.11015,0.096974,0.17656,0.05159,-0.074538,0.22142,-0.0067325,-0.044975,0.19238,0.19749,-0.020657,0.085627,0.21087,-0.0029428,-0.068511,0.024714,-0.017685,-0.0018052,-0.19311,-0.040285,0.021223,0.1176,-0.091902,0.041936,-0.058942,-0.0020313,-0.12529,0.03571,-0.073309,-0.030939,-0.093129,-0.010233,0.029633,0.0077179,0.013387,0.016088,0.0088688,1.5867e-06,0.029177,0.012008,-1.0752e-10,-2.1128e-10,-7.9215e-12,-1.6366e-11,-5.1377e-11
-0.14373,0.07343,0.12981,-0.12028,0.084869,0.071291,0.051627,-0.0041243,0.14466,0.04047,-0.083962,-0.14583,0.023274,0.1943,0.23912,0.010424,0.11616,-0.049227,-0.056696,-0.14559,-0.052623,-0.02158,0.042104,0.15556,0.00852,-0.072996,-0.049414,-0.2623,0.065859,0.14805,0.073259,0.077205,0.011387,-0.026545,-0.011376,0.10375,0.091735,-0.053974,0.12792,-0.10661,-0.22588,0.26347,-0.031494,-0.32922,-0.30682,-0.1428,-0.079253,-0.10674,-0.15664,0.11459,-0.11,-0.078484,-0.050988,-0.060563,-0.19693,0.026704,0.24151,0.034461,-0.15294,0.0058613
-0.14748,0.0025853,-0.07147,-0.17627,0.04337,-0.056984,-0.17306,-0.019803,0.073748,0.087873,0.0021976,0.13758,-0.11501,-0.040341,-0.10155,0.042914,0.1252,-0.08425,0.08768,-0.11279,0.1089,0.24903,-0.049937,-0.13524,-0.155,0.11794,0.21844,-0.0040808,0.08171,0.085639,0.076273,0.073602,0.037286,-0.082685,-0.27086,0.030454,-0.058162,0.072394,0.067787,0.031556,-0.14085,0.10161,-0.18319,-0.062694,-0.0035318,0.12644,-0.27507,0.1201,-0.13795,-0.16607,-0.090594,-0.051535,-0.27021,-0.013301,0.27089,-0.14287,-0.22777,-0.19822,-0.10743,0.03313
-0.15143,0.001154,-0.051708,-0.21155,-0.031,0.061365,-0.0040552,0.063811,-0.059766,0.060522,0.0072023,0.028921,-0.085726,0.0023834,-0.033388,-0.057704,0.1529,-0.0035445,0.04396,-0.13511,-0.017826,-0.01093,-0.010211,0.18659,0.042577,-0.16021,-0.11228,-0.029152,0.052583,0.013964,-0.25103,-0.090463,-0.16998,0.13637,0.049321,-0.16463,0.033148,0.28612,0.15052,0.07329,-0.05228,0.053778,0.16076,0.097441,-0.035474,0.2371,0.1111,-0.16515,0.10433,-0.18429,-0.25495,-0.073704,0.34769,0.17575,0.18669,-0.078474,0.11427,-0.21963,-0.057367,0.090287
-0.14711,-0.0067346,-0.094372,-0.21813,-0.046297,0.010401,-0.035594,-0.043473,-0.080038,-0.05596,0.055906,0.06931,-0.032784,-0.044097,0.077736,0.10554,-0.066223,-0.26124,0.050783,-0.14322,0.032051,0.11128,0.16333,-0.10531,0.013693,-0.10916,0.0047537,0.051572,0.2127,0.051232,-0.11179,0.074403,0.15143,0.042798,0.09816,-0.022863,0.028223,0.021184,-0.32207,-0.2608,-0.10733,0.013469,0.18957,-0.032889,-0.10123,-0.065861,0.24554,0.065193,0.26254,-0.1502,0.17528,-0.14902,-0.23115,0.1161,-0.013309,0.23667,-0.038716,0.10726,0.062252,0.17611
-0.13931,0.096304,0.17114,-0.066763,0.13405,0.052662,0.0053854,-0.047533,0.088957,0.096127,0.0795,0.079808,-0.21083,-0.02994,-0.025491,0.037767,0.12262,-0.15697,0.12988,0.22057,-0.0028157,0.0051447,-0.04439,0.13343,0.11999,-0.03874,-0.15183,0.26848,-0.076364,0.10094,0.071607,0.10413,0.055799,0.033295,0.12418,-0.17625,-0.05653,0.029791,0.059007,0.092977,0.034954,-0.15689,0.00048662,0.055547,0.0062925,0.0071313,0.0024024,-0.19043,-0.087893,-0.043994,0.041039,0.11529,-0.15732,-0.056032,-0.049854,0.39194,-0.084416,-0.027803,-0.36085,-0.30051
-0.054391,-0.28075,0.23195,-0.17198,-0.18357,0.005857,-0.11308,0.10727,0.10768,-0.061787,0.18086,-0.09524,-0.14742,-0.084652,-0.092463,-0.080607,-0.020606,0.23685,0.23122,-0.052124,-0.291,0.0082011,0.11599,-0.085118,0.18673,0.20851,-0.033611,-0.14992,-0.10898,-0.19231,0.08403,0.2149,0.20778,0.12274,0.23291,0.13948,-0.12848,0.13602,-0.047746,0.14978,-0.066731,0.13002,0.042774,0.032724,0.009223,0.108,0.02895,0.06893,-0.018774,0.015974,-0.051964,-0.022684,-0.065335,-0.033841,-0.068892,-0.044,-0.00045737,0.051577,-0.012221,0.038673
-0.07509,-0.27846,0.078862,0.066467,-0.23972,0.2075,-0.036467,-0.13666,-0.025573,0.1535,0.044522,-0.1455,0.082578,0.17559,-0.031146,-0.093454,-0.062495,-0.3796,-0.34997,0.1069,0.15041,0.026488,-0.027603,0.01446,0.02032,0.2937,0.19684,-0.022689,-0.046479,0.12598,-0.051999,0.046433,-0.14128,0.052411,0.2335,-0.19228,-0.017514,0.068515,-0.062644,0.048043,-0.0086617,0.15637,-0.22541,0.069705,0.022672,0.1038,0.070002,-0.013286,0.049587,0.091519,-0.041576,-0.008057,-0.029498,-0.02036,-0.00015257,5.5282e-13,-2.7001e-12,-3.5272e-12,-1.4805e-12,1.1855e-12
-0.057969,-0.27517,0.13506,-0.0019587,-0.34714,-0.16312,-0.013567,-0.23078,0.018393,0.0055154,-0.059336,-0.16589,-0.093234,0.17223,0.013012,0.083123,0.25358,0.054052,0.057981,0.058125,-0.23596,-0.020498,0.041896,-0.30877,-0.21854,-0.16314,-0.21617,0.21441,-0.025672,0.091867,-0.013397,-0.25239,-0.070398,-0.18812,-0.15495,-0.021513,-0.0051057,-0.047124,0.031729,0.0032289,0.06868,0.085364,-0.097102,0.033542,-0.05473,-0.12677,0.097257,-0.10362,0.02705,-0.15567,0.01775,-0.0089901,-0.007554,-0.024306,-0.021665,-0.028572,0.0022502,0.027872,0.0012523,-0.0093694
-0.056214,-0.32442,0.10509,0.17039,0.10466,0.040493,-0.083121,0.0011402,0.048954,-0.012527,0.26823,-0.037012,0.10426,-0.30362,0.20789,-0.25312,-0.24663,-0.078258,0.16306,-0.058478,-0.07431,-0.13744,-0.086386,-0.11059,0.044653,-0.002922,0.067409,-0.092716,0.11168,0.25098,-0.067742,-0.0051449,-0.07232,0.17127,-0.21647,-0.051337,0.033946,-0.14091,0.14411,-0.12519,0.11741,-0.13643,0.031821,-0.065389,0.0038032,-0.010415,-0.13279,-0.26284,0.046458,-0.18628,-0.017758,-0.07192,-0.025127,-0.021778,-0.005664,4.9955e-11,9.5264e-11,1.3908e-12,6.7755e-12,2.3788e-11
-0.12978,-0.13338,0.032345,-0.13535,0.12432,0.025676,0.098472,-0.20135,-0.030233,0.24955,-0.14922,-0.10459,0.055394,-0.10168,-0.30377,-0.052343,-0.13321,0.17913,-0.15742,0.087966,0.04349,-0.081591,0.28707,0.1412,-0.11248,-0.069316,0.10512,0.10073,0.27851,0.059975,-0.10748,-0.19857,0.27805,0.056329,0.10189,0.20304,-0.050056,-0.22636,0.067235,0.068404,0.065262,0.017467,0.12022,0.10884,-0.15402,0.14489,-0.1442,-0.047525,-0.0018653,0.0053122,-0.040546,0.10272,-0.059519,-0.034686,-0.012195,1.0786e-10,2.1344e-10,7.5887e-12,1.5119e-11,5.2601e-11
-0.13873,-0.058225,-0.11654,-0.13804,0.14509,0.17646,-0.03893,-0.12696,0.01807,0.056823,0.1064,0.060029,-0.06809,0.0089492,0.04164,-0.21144,-0.0031324,0.030328,-0.23231,0.25425,-0.029882,0.013827,-0.071179,-0.23926,0.21343,-0.12301,-0.15697,-0.098148,-0.24121,0.01142,0.056457,-0.15731,0.042555,0.0018739,0.11057,0.10359,0.087758,-0.036072,0.024363,-0.24614,0.014847,-0.011825,0.042495,-0.11684,0.021603,-0.09581,-0.04085,0.38469,-0.16268,-0.20305,-0.17292,0.14265,0.10391,0.13971,0.11235,0.06078,-0.044475,0.031163,0.05403,-0.024599
-0.13201,-0.038592,-0.15232,0.033484,-0.061043,-0.059319,-0.20192,-0.1805,0.15698,0.21548,-0.3139,-0.096956,0.12878,0.031483,0.059397,0.15104,-0.24651,-0.13202,0.10646,0.053718,-0.066337,-0.22663,0.099639,0.059434,0.10835,-0.059614,-0.08796,-0.18601,-0.020215,-0.16926,0.00684,0.071849,-0.0067665,0.051022,-0.18867,-0.041728,0.062683,-0.012182,-0.019507,0.20647,-0.12865,-0.097015,0.0066414,-0.11988,0.22576,0.13748,0.23814,0.00065402,-0.28377,-0.13103,0.15031,0.067178,-0.051446,0.12546,0.049823,-4.4709e-10,-8.7664e-10,-3.275e-11,-6.8895e-11,-2.139e-10
-0.13116,-0.016498,-0.19562,0.077003,-0.063068,0.23536,-0.029244,0.088656,0.20007,-0.065815,0.0032794,0.040121,0.21045,-0.057786,-0.19568,-0.16886,0.078286,-0.11512,0.064379,-0.019974,-0.045847,-0.24956,-0.042475,-0.084729,-0.016613,-0.12806,-0.052059,0.13878,0.2514,-0.28147,0.1731,0.11464,0.056484,-0.068991,-0.005839,-0.037515,-0.048962,0.20512,0.12491,0.018016,-0.005195,-0.071626,-0.26958,-0.0038539,-0.27753,-0.15717,-0.053462,0.017724,0.18196,0.060866,-0.015942,0.19272,-0.058024,0.19843,-0.035698,-0.0078204,0.070782,-0.053752,0.087899,-0.04371
-0.068376,-0.2559,0.0042299,0.23482,0.0038615,0.20894,0.27921,0.065784,0.079249,0.21763,-0.17893,0.28755,0.17771,0.23392,0.1487,0.15348,-0.012433,0.1743,0.15453,-0.059539,0.062266,0.10617,0.061675,-0.070698,0.15907,0.1416,-0.039078,0.0089095,-0.046509,-0.04553,-9.8178e-05,-0.022687,0.047642,-0.15628,-0.074783,-0.21997,-0.19555,0.099614,0.0036246,-0.19628,-0.03341,0.048445,0.30155,0.085788,-0.051899,0.064771,-0.14579,0.00066744,0.018417,-0.044008,-0.0095014,0.10853,-0.051782,-0.024273,-0.010119,8.9479e-11,1.7841e-10,7.2809e-12,1.2744e-11,4.3534e-11
-0.11695,-0.1142,-0.094837,0.20258,0.15601,-0.0064994,0.15421,-0.10487,-0.14082,0.051162,-0.085259,-0.25416,-0.32264,-0.027005,-0.38168,0.067545,-0.19113,0.024038,0.0066472,-0.27227,-0.12973,-0.11818,-0.16292,0.16995,-0.07737,-0.026507,-0.011421,-0.020096,-0.17893,0.21449,0.14567,0.13168,-0.07514,-0.019628,-0.074853,-0.059356,-0.14596,0.22257,-0.18355,-0.11978,0.080462,-0.0030453,0.043515,-0.095753,-0.067434,-0.1489,-0.0097553,0.10566,-0.010936,-0.018902,0.0067266,-0.00059559,0.018532,0.050697,0.020235,-1.8091e-10,-3.5548e-10,-1.3026e-11,-2.6915e-11,-8.6423e-11
-0.1423,0.10042,0.1374,0.11629,-0.029098,0.0075098,-0.067411,-0.12945,-0.017338,0.016069,0.216,0.025086,-0.049594,0.091304,0.015488,0.24993,0.062353,-0.074124,0.075152,0.082186,-0.12657,0.059728,-0.005621,0.061444,0.059602,-0.086185,0.089572,-0.22656,0.24744,0.22302,0.018711,0.13678,0.18399,-0.22718,-0.14665,-0.035436,0.080081,0.069201,0.15306,0.11586,0.24369,-0.068323,-0.011018,0.080469,0.13641,0.13199,-0.018674,0.24881,0.1231,0.13495,-0.15494,0.14815,0.11636,-0.018172,0.057984,0.15264,0.17298,0.17328,0.18413,0.096218
-0.068076,-0.31436,0.18994,-0.047266,0.030625,-0.17659,0.084321,0.072798,0.086689,0.065936,-0.030143,0.042747,-0.063379,-0.16152,0.28629,-0.0031776,0.018381,-0.094342,-0.26761,-0.01992,0.10734,0.043855,-0.072153,0.10676,-0.17267,-0.06841,-0.043036,0.020468,0.11637,-0.23719,0.14748,0.016095,-0.10012,0.075691,-0.12439,0.094772,0.058441,0.23023,-0.012476,0.14707,0.15404,-0.16605,0.21199,0.11796,-0.19698,-0.095922,0.077001,0.2729,-0.13558,0.14753,0.047138,-0.10527,-0.0020006,-0.12154,0.096885,0.072572,-0.0017928,-0.079448,0.010969,-0.029304
-0.13328,-0.042061,-0.067275,-0.20553,-0.0037327,0.050908,0.24299,0.13827,-0.16321,0.23447,0.037374,-0.16231,0.13459,-0.056916,-0.1174,-0.065507,0.044987,-0.10697,0.010067,0.069948,-0.10518,0.45698,0.035509,0.024436,0.011371,0.17211,-0.0341,-0.032697,-0.075201,-0.14144,0.17666,0.14165,-0.0087257,-0.052199,-0.23467,0.11433,0.016141,-0.18772,0.13028,0.012728,0.11813,-0.072958,0.032521,-0.13791,0.10762,-0.17394,0.17873,-0.21209,0.13188,0.050719,0.069313,0.066887,0.15595,0.12749,0.059268,-5.279e-10,-1.0437e-09,-3.9396e-11,-7.7931e-11,-2.5212e-10
-0.1221,-0.007825,-0.12242,0.1893,0.021026,-0.14775,-0.028647,0.37462,0.05739,0.046849,-0.2012,-0.025132,-0.31097,0.19933,0.23539,-0.29259,-0.00024129,-0.016769,0.07062,0.20105,-0.035215,-0.0043593,0.099905,0.17754,-0.092578,0.029367,0.017746,-0.0015779,0.046643,-0.013723,-0.028245,-0.012733,0.063899,-0.07408,0.050856,0.010051,-0.053783,-0.10263,-0.090403,0.023736,0.33638,0.091065,-0.12289,-0.11464,-0.054924,0.16736,-0.027702,0.033763,0.092165,-0.092693,-0.036879,-0.092666,-0.039412,0.24781,-0.038592,-0.0017321,-0.14197,0.10693,-0.004001,0.071132
-0.13558,0.078258,0.10147,0.15231,0.043996,-0.17023,0.059766,0.096102,-0.22932,0.027804,0.1854,-0.071162,0.2232,0.05029,-0.15077,-0.082709,0.10606,-0.056852,-0.028209,0.14972,-0.18693,-0.10839,0.076829,0.078687,0.22593,0.072059,-0.21665,0.057702,0.23238,0.092859,0.17896,-0.055235,-0.18375,-0.10065,-0.052992,-0.022527,0.043349,-0.032213,-0.036078,-0.059811,-0.27166,-0.019067,0.10948,0.10537,-0.034539,0.15882,-0.029444,0.16829,-0.083888,0.083252,0.04292,-0.31836,-0.083288,0.13017,-0.0051541,-0.16982,-0.18965,0.033768,-0.03034,-0.084134
-0.14344,0.10151,0.12435,0.1495,-0.076861,0.012335,0.012645,-0.15064,-0.084764,-0.0097996,-0.12006,0.11858,-0.087118,-0.063074,0.044788,-0.10811,-0.016153,-0.12809,0.0094823,-0.18072,0.033175,-0.11597,-0.11367,-0.048298,-0.043343,0.046637,0.050667,-0.091636,-0.046865,-0.10972,-0.00015249,0.024775,0.14819,-0.091716,0.058551,0.204,0.13895,0.032367,0.25637,-0.15558,-0.042824,0.08047,0.032429,0.21788,-0.033688,0.0045249,0.091524,-0.030045,0.07597,0.019247,0.19637,0.089889,0.21743,0.0052556,0.089122,-0.15248,-0.27804,0.31288,-0.40662,0.086599
-0.14193,0.011502,-0.11165,0.088715,0.043751,-0.25682,-0.070853,0.01479,-0.15796,0.04124,0.14316,0.0070591,0.075714,0.025548,0.07259,-0.036439,0.051339,0.17589,-0.22454,-0.16004,-0.053934,0.014007,-0.043161,-0.091939,-0.09004,0.32829,0.0049,0.085041,0.11267,-0.057872,-0.0054616,-0.048891,0.013898,-0.032348,0.030581,0.026468,0.1359,0.14995,-0.11913,0.084328,-0.071363,-0.053539,-0.031656,-0.024832,0.10284,0.041071,-0.21656,-0.025601,-0.07427,-0.2183,0.17044,0.22128,0.093977,0.17726,-0.21567,0.24263,0.30338,-0.027231,-0.20537,0.12312
-0.12757,-0.0087285,-0.11468,0.071881,-0.28025,-0.073286,-0.005974,0.34261,-0.10073,-0.011548,-0.1535,0.072413,-0.20329,0.093645,-0.15683,-0.092298,0.002216,-0.052689,0.069923,0.27364,0.13849,-0.10955,0.042992,-0.17599,0.060249,0.067822,0.07547,-0.13689,0.10532,0.26733,-0.08121,-0.025288,0.084444,0.16882,-0.1168,0.19048,0.031283,0.11307,0.0056582,-0.043859,-0.22681,-0.14034,0.12152,0.069137,0.017473,-0.23411,0.031566,-0.045998,-0.059105,0.1047,0.038158,0.097658,0.073191,-0.20988,0.056528,0.041992,0.15706,-0.1144,0.0029815,-0.070285
-0.13673,-0.016238,-0.17428,0.095354,0.060081,-0.2549,-0.048367,-0.15634,-0.025806,0.066734,-0.10174,-0.095737,0.0045411,-0.061179,0.10782,-0.1796,0.10093,0.054687,0.020091,-0.038872,-0.13466,0.15831,0.017114,-0.014903,-0.00015714,-0.035613,0.24256,0.059788,0.0048535,-0.16263,0.0062301,0.0018813,0.14818,-0.035463,0.10186,-0.23578,0.10731,0.092789,-0.10972,-0.15439,-0.20976,-0.29063,-0.027393,-0.033804,0.029899,0.0017909,0.084986,-0.1273,0.00043492,0.13576,-0.4298,0.00050296,0.022921,-0.23812,-0.05529,-0.067412,-0.062841,0.17751,0.066483,-0.13117
-0.1465,0.10253,0.10604,0.1217,-0.067097,0.079677,0.030061,-0.022852,-0.098858,0.010275,0.1018,0.09915,-0.05727,-0.13068,-0.013414,-0.092101,-0.0085796,-0.10662,0.17806,-0.055251,0.099802,-0.032964,0.14047,0.11118,-0.074785,0.078914,-0.13387,0.06662,0.12231,-0.13385,0.046535,-0.2323,-0.033155,0.13616,0.025916,-0.27402,-0.040813,-0.17818,-0.12898,0.23305,-6.6942e-05,0.19235,0.080948,-0.16337,0.17747,-0.37376,-0.022929,0.16924,-0.059534,0.007708,-0.19409,0.14808,-0.032772,-0.12056,0.087023,-0.13802,0.056279,0.085267,-0.12217,0.23857
-0.1426,0.04999,-0.10384,0.0011019,-0.11576,-0.12354,-0.21956,-0.15282,-0.033125,-0.11971,-0.16094,0.088144,0.0041659,0.086828,0.11295,0.0019949,-0.16507,0.15737,-0.13775,-0.036054,-0.16372,0.11794,-0.18491,-0.027478,-0.0048061,0.029591,-0.091441,-0.056564,0.090767,0.096016,0.1187,-0.0026281,-0.21114,0.17904,0.14287,-0.024839,-0.24043,-0.14022,0.20033,0.17484,-0.10636,0.015469,0.20491,-0.15709,-0.04547,-0.031961,-0.11204,0.0113,0.34595,0.19132,0.021537,0.12435,-0.023882,0.03772,0.093261,0.14711,-0.2162,-0.063063,0.053247,-0.082851
-0.13881,0.10771,0.18456,-0.057083,0.1063,-0.012082,-0.075599,-0.097641,-0.063521,-0.016957,-0.08526,0.24072,-0.044076,-0.08011,0.0026694,-0.047254,0.033541,-0.077493,-0.042599,0.12849,0.017567,-0.12132,-0.10607,-0.11993,-0.0029007,0.1174,-0.082467,0.16904,0.02376,0.080651,0.15427,0.19343,-0.080711,-0.099145,-0.0039597,0.11649,0.052868,0.029856,-0.23633,-0.031967,0.14246,0.068098,0.16717,-0.22695,-0.10074,0.25946,0.17085,-0.19543,0.0096914,-0.012656,-0.02256,0.26513,0.036811,-0.17003,-0.14998,-0.32961,0.041137,-0.13911,0.19726,0.096287
-0.14405,0.091815,0.13145,0.17259,-0.048992,0.054307,-0.025457,0.13055,0.061856,0.087263,-0.046979,-0.037288,0.056612,-0.012559,-0.11757,0.10608,-0.028691,-0.055654,-0.0024262,-0.1515,0.058563,-0.015855,-0.084216,-0.085781,-0.21435,0.030157,-0.083637,-0.10155,0.044486,-0.13606,0.035471,-0.10965,0.014373,-0.048264,0.26311,0.18198,0.2522,0.055818,0.079603,-0.10714,0.14681,0.084165,0.16159,-0.10952,0.3413,-0.00029845,-0.017472,-0.031852,0.14119,-0.13559,-0.14165,-0.17592,-0.21005,-0.010494,0.01878,0.00731,0.082386,-0.11841,0.085317,-0.42221
-0.14761,0.043345,0.047739,-0.18573,-0.034605,0.019882,0.099656,-0.010983,0.062478,-0.26426,-0.098986,-0.11941,0.10685,-0.034208,0.025401,0.032613,-0.021546,-0.073029,-0.071005,0.02667,0.00055516,-0.11852,0.028664,-0.099835,0.049309,0.13134,-0.053137,-0.0723,0.06441,0.014217,-0.22255,0.079687,0.063589,-0.36012,0.17504,-0.062985,-0.11443,0.078954,-0.16722,0.13003,0.14636,-0.1939,0.10588,-0.15004,0.022858,-0.17496,-0.32117,-0.20104,-0.18317,0.029647,0.047501,-0.15393,0.16956,0.02735,0.28114,-0.023544,-0.12454,0.074422,0.030187,-0.0084726
-0.13317,0.011655,-0.067692,-0.27212,-0.11556,0.083161,0.16474,0.062085,-0.20066,-0.037703,-0.063268,0.14834,0.10572,0.018262,0.11846,-0.043044,-0.031013,0.23241,-0.1115,-0.038638,-0.035376,-0.24366,-0.16693,0.082615,-0.091104,0.044066,0.025612,0.14004,0.14846,0.10774,0.16406,0.052782,0.18326,0.067436,-0.0075598,-0.12086,-0.22498,0.063365,0.22671,-0.13036,0.10192,0.027799,-0.20431,-0.08486,0.29338,0.01213,0.21673,0.059949,-0.15134,-0.08268,0.017148,-0.22902,-0.011606,-0.17562,-0.057163,0.057385,-0.022039,0.053777,0.039994,0.036883
-0.13775,-0.0066923,-0.149,0.17736,0.024141,-0.11765,-0.085392,-0.0023897,-0.23248,0.020691,0.11713,-0.05958,0.17475,0.13053,0.075806,-0.13747,0.0021616,-0.082043,-0.035676,-0.1017,0.032119,0.13404,0.23452,0.027556,0.10266,-0.39556,-0.1697,-0.019643,-0.13681,-0.025234,0.040361,0.18734,0.11748,0.029241,0.14015,0.053268,-0.053483,0.11098,0.032788,0.035839,0.1478,0.16833,-0.083238,0.077771,0.063492,-0.011822,-0.16946,-0.088663,-0.052327,-0.049458,0.21144,0.044328,-0.0098465,-0.37436,0.08101,-0.025986,-0.049543,-0.21989,0.058488,0.064189
-0.14719,0.094959,0.11163,-0.013334,-0.081783,0.027581,0.025458,0.094999,-0.030133,-0.20148,0.03878,-0.019605,0.13651,0.014793,-0.022831,-0.067627,-0.059502,0.064548,-0.077193,-0.16532,0.12211,0.025893,0.21521,0.12852,-0.16539,0.1766,-0.2758,-0.19901,-0.22508,0.087474,-0.13755,-0.055956,0.019743,-0.059066,-0.12954,-0.049317,-0.080915,-0.065307,0.0052382,0.023223,-0.035882,-0.34881,-0.17428,-0.025454,-0.23398,0.16619,0.17603,0.17911,0.14287,-0.20075,-0.050442,0.17449,-0.11007,-0.17375,0.016895,-0.031212,-0.012809,0.034218,-0.026534,-0.15828
-0.13182,0.042052,-0.04822,-0.043232,-0.24127,0.075189,0.32696,-0.14785,-0.06114,-0.024378,-0.079785,-0.17886,-0.067378,-0.091292,0.18332,0.041037,0.13623,0.24343,0.15228,0.077047,0.13677,-0.0099425,-0.11302,0.097498,0.052654,-0.068829,0.037977,-0.10591,0.13478,0.00080787,0.068373,0.2923,-0.29112,0.1198,0.15255,0.04525,0.23379,-0.17168,-0.13867,-0.041497,0.0027946,-0.090635,-0.10625,0.21652,0.0092458,0.0023635,-0.15361,0.041274,0.00072965,-0.18876,0.012281,0.15044,-0.15622,0.031312,0.056821,-0.076093,-0.013168,-0.015222,0.045352,0.011754
-0.13079,0.1135,0.11265,0.15221,-0.089406,-0.084762,-0.092584,-0.050169,-0.12464,0.092224,-0.20411,0.1091,0.18109,-0.35249,0.054655,0.24086,-0.07814,0.0019778,0.1164,0.21958,-0.039631,0.14043,0.11849,-0.042828,-0.014367,0.025449,0.0303,0.14424,-0.1307,0.020566,-0.050884,0.086074,-0.067795,0.18484,0.070558,0.089567,-0.17752,0.083342,-0.023514,-0.11606,0.054459,0.093392,-0.23522,-0.080743,-0.20571,-0.007721,-0.10493,0.12748,0.016758,-0.057102,-0.04402,-0.21891,0.2209,0.06731,0.086196,0.007127,0.25823,0.11623,-0.050866,-0.11278
-0.14622,0.10311,0.12999,0.10296,-0.087925,-0.0083431,0.028145,-0.12638,-0.099034,-0.0076959,-0.013996,0.13993,-0.066836,-0.16107,0.0044701,-0.043932,0.027267,0.016258,-0.029124,0.018557,0.15627,0.041561,0.0083483,0.14152,0.027394,0.071919,-0.019635,-0.10731,-0.17894,-0.01197,0.0018884,-0.098406,0.10895,-0.034969,-0.10477,0.038776,0.033788,0.1418,0.097662,0.15562,-0.13222,0.11308,-0.036051,0.13438,-0.076856,-0.17975,-0.044087,-0.21252,-0.11619,-0.11147,-0.065151,-0.092231,-0.032258,0.20055,-0.29342,0.20072,-0.27238,-0.013704,0.49582,0.061086
-0.13463,0.10421,0.16863,-0.10008,0.13032,0.039943,-0.0020381,-0.026442,0.2739,0.019548,-0.10683,-0.15095,-0.0028049,0.081706,0.18982,-0.033291,0.045353,0.0063505,-0.049783,-0.078006,-0.12679,-0.034661,0.13162,0.10395,0.077559,0.13819,-0.019018,0.30564,-0.085728,0.15958,-0.11405,0.01975,0.17578,0.24833,-0.17175,-0.031139,0.15435,0.11186,-0.046544,-0.067092,-0.061609,-0.0026183,-0.062693,0.10188,0.23799,-0.16549,-0.1524,0.16214,0.24657,0.083319,0.18635,0.049993,0.10779,0.055279,-0.011479,-0.23087,-0.061461,-0.111,0.14946,-0.09746
-0.14415,0.08115,0.1218,0.074894,-0.048027,-0.026415,-0.013829,-0.11859,0.081244,-0.095332,0.046654,-0.019896,0.014124,0.115,-0.096969,-0.11929,0.15683,0.20937,-0.13617,-0.14566,0.40308,-0.080768,0.2217,-0.27935,0.088914,-0.14698,0.084988,-0.028589,-0.076584,-0.011735,0.1993,0.12879,0.0018035,0.2233,-0.23647,-0.050989,-0.10253,-0.056227,-0.14624,0.020921,0.15478,-0.012007,0.073246,-0.044057,0.095358,0.10529,0.049835,-0.10978,0.01603,0.1844,-0.093094,-0.15189,0.046995,0.24292,0.039161,0.08358,0.039871,0.085904,-0.1285,-0.064434
-0.1512,0.03007,-0.029992,-0.19129,-0.028997,-0.029802,-0.097859,0.089778,0.093408,-0.054403,-0.045072,0.063736,0.020578,0.051627,-0.071769,-0.028269,0.049268,-0.18925,-0.0084097,-0.17416,-0.089076,0.027692,0.021237,0.14195,0.13871,-0.033773,0.03058,0.064581,-0.041022,-0.063766,-0.030816,-0.19893,-0.38329,0.071945,-0.085843,0.26931,-0.24641,0.058848,-0.024093,-0.17244,0.13151,-0.029346,-0.0025763,0.19594,0.16809,0.050036,-0.15953,-0.10055,-0.12879,0.047663,-0.052748,0.15377,-0.1664,-0.080045,-0.065883,0.023053,0.11423,0.40235,0.11826,0.018308
-0.13243,0.081695,0.16535,0.013931,0.15717,-0.032457,-0.087689,0.28923,0.15228,0.060136,-0.1482,-0.14604,0.16268,0.014332,-0.1362,0.069567,-0.14084,0.1128,-0.031636,0.051787,0.010232,0.072352,-0.08408,-0.21792,-0.19105,-0.040957,-0.15533,0.095702,-0.133,0.1253,0.02306,0.11705,-0.066938,0.066359,0.15392,-0.15522,0.19172,-0.0061544,0.14762,-0.044912,-0.023602,-0.071193,-0.0091526,0.18576,-0.012487,-0.0062416,0.038966,-0.057559,-0.094599,0.096455,-0.11455,-0.0024136,-0.14049,0.004586,0.074084,0.10045,-0.037398,0.08952,0.037011,0.50573
-0.13543,-0.029492,-0.17552,0.050085,-0.080404,0.27443,0.026154,-0.022509,0.043016,0.15839,0.063072,0.038237,0.025259,-0.20369,-0.045231,-0.076224,0.15947,0.18861,0.0015822,0.11147,-0.052531,-0.05272,-0.12944,0.044044,-0.08501,-0.047824,-0.13448,-0.018134,-0.12772,-0.039579,-0.27578,-0.067595,-0.076428,-0.034281,-0.1966,0.095954,0.18082,0.1143,-0.19352,0.076569,-0.044274,0.073916,-0.036348,-0.23044,0.072833,0.20362,-0.097193,0.013954,0.16109,0.30678,0.12976,-0.14932,-0.067889,-0.22538,-0.014185,0.1951,-0.10732,0.11056,-0.074544,0.11694
-0.1119,-0.059611,-0.11135,0.048585,0.34686,0.14934,0.011215,-0.041963,-0.18158,-0.32572,-0.11574,-0.28861,0.045498,0.02138,0.094209,0.19343,0.23739,-0.14765,0.093726,0.18925,-0.0012244,-0.0012367,-0.17164,-0.12566,-0.11947,0.15293,-0.088701,-0.19642,0.040298,-0.13575,0.075807,-0.19751,0.19031,0.29699,-0.080184,-0.012692,-0.14499,0.028906,-0.059128,0.018274,0.031625,0.10146,0.020318,0.16375,-0.020452,0.13857,-0.0079883,-0.067542,0.015338,0.0012593,-0.00062468,0.012573,-0.023292,-0.048635,-0.019991,1.7863e-10,3.5156e-10,1.3154e-11,2.6561e-11,8.5371e-11
-0.14003,-0.0080154,-0.1345,0.021762,-0.08142,-0.19901,0.037814,0.17846,0.19164,-0.11317,0.040287,-0.0072784,0.19211,-0.07057,-0.062201,0.18059,0.076324,0.012563,-0.10672,-0.064669,-0.086327,-0.20882,-0.11088,0.13523,0.26927,0.093391,0.23696,0.099101,-0.18183,0.021697,0.13043,-0.094247,0.085529,-0.019936,-0.091684,-0.0076136,0.18796,-0.21697,-0.1111,0.054912,0.097682,0.28675,0.056875,0.060054,-0.1829,-0.022733,0.1084,-0.031984,0.082323,-0.16552,-0.10873,0.039688,0.059031,-0.17358,0.24206,0.19233,-0.06945,-0.041122,-0.006444,-0.015586
-0.099329,-0.17271,-0.06248,0.16007,0.17941,0.24161,0.16888,0.12127,-0.044825,-0.28049,-0.11455,0.20306,-0.26905,-0.14585,0.03175,0.20017,0.0082349,-0.028796,-0.26167,-0.087922,-0.23625,0.031475,0.39701,-0.14082,0.052544,-0.073711,0.091154,0.067329,0.019701,0.012955,0.066014,0.040642,-0.17291,-0.046244,0.043054,0.027893,0.14434,-0.1004,0.11892,0.16893,-0.15833,-0.035428,-0.14878,-0.026762,0.13443,0.06513,0.046489,-0.065012,-0.010936,-0.012362,-0.013745,-0.03216,0.014146,-0.01915,-0.0076029,6.8342e-11,1.3353e-10,4.8229e-12,1.0642e-11,3.2475e-11
-0.137,-0.0047922,-0.18227,0.083711,-0.0021711,0.11331,-0.16595,-0.07829,0.26086,-0.10122,0.11733,0.055571,0.13511,-0.037781,0.017681,0.10083,-0.0043641,0.1776,-0.12016,0.24137,0.001963,0.16239,0.013683,0.20733,-0.043607,-0.060462,0.089212,-0.10067,-0.023345,0.18249,0.12147,-0.063026,-0.0097041,-0.11674,0.055135,0.13905,-0.11617,0.16315,-0.1006,0.077363,0.07121,-0.10117,0.098246,0.14442,0.087047,-0.24129,0.16167,-0.096219,0.09299,-0.12861,-0.034059,-0.14135,-0.088141,0.034032,-0.19337,-0.29418,0.0056714,-0.051911,-0.2895,0.11865
-0.090051,-0.26452,0.083719,0.034889,0.21626,-0.12601,0.092489,-0.10893,0.035365,-0.094637,-0.13827,0.29245,0.13696,0.23099,-0.17589,-0.062996,0.025607,0.034843,0.21251,-0.15232,0.087547,0.19597,-0.24538,0.025306,0.21779,-0.0049106,-0.1028,-0.016738,0.12705,0.11319,-0.1317,-0.10085,0.025308,0.11423,0.13909,0.18055,0.16262,-0.052315,-0.12931,0.1844,0.073674,-0.095427,-0.31739,-0.06929,0.0018563,-0.087657,0.15039,0.033691,-0.032815,0.058444,0.018588,-0.10326,0.056449,0.030335,0.012717,-1.1262e-10,-2.24e-10,-8.9882e-12,-1.6233e-11,-5.4591e-11
-0.13395,-0.079204,-0.10747,-0.11649,0.19564,-0.11593,0.014536,0.020762,0.0071881,0.19637,0.20614,-0.034596,-0.153,0.095019,0.15966,0.20292,-0.25556,-0.003149,0.048701,0.025632,0.27248,-0.23013,-0.023792,-0.094551,0.0011933,0.053801,-0.21708,0.067633,-0.010283,-0.12524,0.010663,0.084295,-0.066834,-0.19436,-0.03113,0.2031,-0.15468,-0.12191,-0.06422,0.050135,-0.20645,0.040169,-0.19918,0.17477,0.073249,-0.063781,-0.035158,-0.064615,0.2624,0.044508,-0.24268,-0.099736,0.15974,-0.093441,-0.033457,3.0211e-10,5.8812e-10,2.168e-11,4.9347e-11,1.4507e-10
-0.06336,-0.32521,0.15927,-0.02321,-0.055232,-0.19092,0.053037,0.12212,0.056433,-0.22312,0.034502,0.11047,0.13175,-0.086677,-0.090754,0.051421,0.079292,-0.097071,-0.01215,0.14821,0.099022,-0.015301,-0.090748,0.27027,-0.27392,-0.28017,0.019307,-0.045,-0.13127,0.0042723,0.032241,0.084921,0.11793,-0.050243,0.041948,-0.043963,-0.083652,-0.12614,-0.08796,-0.18276,-0.30281,0.058072,0.0027173,-0.11798,0.26352,0.1102,-0.12773,0.0026678,0.037462,0.060376,0.035144,0.21066,0.12458,0.19231,-0.012726,1.1846e-10,2.8675e-10,4.9493e-11,3.2594e-11,4.9405e-11
-0.12627,-0.11322,-0.094467,-0.17485,0.10909,-0.16524,-0.020494,-0.19475,-0.065644,-0.20526,0.13393,0.14249,-0.016936,0.23679,-0.14321,0.063493,-0.12315,0.074086,0.18899,0.24902,0.05346,-0.13145,0.25871,0.10612,-0.13185,0.17998,0.12391,-0.040002,-0.11971,-0.18612,-0.029578,0.035025,-0.21226,0.058642,-0.020904,-0.14496,0.29926,0.12428,0.24344,-0.18665,0.1632,0.045434,0.047879,-0.091344,-0.078322,-0.088065,-0.062026,-0.0018219,0.048559,0.081335,0.095985,-0.068497,-0.055273,-0.040009,-0.020759,1.8548e-10,3.6631e-10,1.4136e-11,2.679e-11,8.7291e-11
-0.13652,0.10283,0.19817,-0.043601,0.12817,0.07029,-0.078739,0.070743,0.054024,-0.044166,0.018787,-0.058708,-0.013314,-0.064531,0.034368,-0.11946,-0.24555,0.25525,0.04671,0.051495,-0.054901,0.14881,0.044697,-0.039049,-0.053487,-0.064452,0.10732,-0.16496,0.23143,-0.052442,0.0012551,-0.17515,-0.17646,-0.18517,-0.054696,-0.14088,-0.034345,0.092506,-0.22819,-0.17149,-0.029796,0.28251,-0.19545,0.16291,0.017352,-0.031253,0.21717,-0.069116,-0.11001,0.11198,0.16312,0.17734,0.1289,-0.024853,0.12201,0.14075,-0.066975,-0.13059,0.0075507,-0.20621
-0.13108,-0.00085594,-0.21461,0.11647,0.014216,0.21008,-0.12493,-0.10552,0.096459,-0.08651,0.11639,0.055726,0.053399,0.11435,0.042639,-0.18253,0.0696,-0.022004,0.18833,-0.11213,-0.075189,0.037966,0.012418,0.056909,-0.3642,0.14118,0.0076014,0.21474,-0.063601,0.091187,-0.067701,0.2354,-0.03128,-0.038249,0.049,0.1402,-0.030931,-0.27382,-0.026185,0.044219,-0.074475,0.048244,0.20681,0.21117,-0.047427,0.011164,0.12292,0.10035,-0.30032,0.068828,-0.0065587,-0.10816,0.18667,0.029146,0.064364,0.11389,0.10122,-0.025217,0.14192,-0.12763
-0.14149,0.01557,0.10377,-0.0174,0.23512,-0.14088,0.072707,0.033278,-0.10005,0.06589,-0.099836,-0.075708,0.12987,-0.097265,-0.00040399,-0.11737,0.2443,-0.016041,0.058961,0.0085023,-0.01775,-0.17438,-0.026545,-0.17378,0.050797,-0.071556,0.32135,-0.077602,-0.13153,-0.017388,-0.37603,0.13283,-0.1882,-0.16642,0.03888,-0.0025855,-0.23861,-0.064251,0.1415,0.14597,0.013574,0.067657,0.088592,0.016022,0.080084,-0.14372,0.16908,0.24072,0.10901,-0.017589,0.029795,0.045382,-0.15478,0.019214,-0.20243,0.024745,0.014154,-0.14561,-0.047871,-0.001321
-0.15032,-0.016045,-0.070898,-0.15264,0.054921,0.0070356,-0.11283,0.1292,0.14296,0.14983,-0.014921,0.046733,-0.11323,-0.049174,-0.16331,0.0055795,0.078867,-0.0087323,0.0013237,-0.037624,0.11394,0.066893,-0.10614,-0.11087,-0.022156,-0.1029,0.041576,-0.15277,-0.0056614,0.012435,0.15716,-0.049762,-0.037028,-0.0071988,0.088382,-0.35369,0.04136,-0.17119,0.011221,0.15746,-0.024611,-0.018534,0.048912,0.060094,-0.092424,0.038299,-0.13516,0.077619,0.061416,-0.17002,0.35676,-0.16536,0.24663,-0.18606,-0.24698,-0.15652,0.091826,0.26143,0.13889,-0.14504
-0.1443,0.10385,0.1294,0.13339,-0.01787,-0.002315,0.020625,-0.14034,0.15001,0.076269,0.058105,0.003581,-0.17534,0.0004455,0.009331,-0.030516,0.14627,-0.025823,0.05579,-0.021732,-0.032657,-0.065268,-0.008026,0.086376,0.065884,0.087674,0.12141,-0.071374,-0.095332,-0.15621,0.15841,-0.26166,0.0040538,-0.065224,0.16231,0.044154,-0.18217,-0.17185,0.061287,-0.20996,-0.07028,-0.29816,-0.095778,-0.049035,0.0082539,0.081354,0.024041,-0.052103,0.054246,0.075096,0.23716,-0.16743,0.0016321,-0.050212,0.18904,0.069637,0.20576,-0.33029,0.11696,0.30485
