-0.12557,0.1376,0.19688,-0.13183,0.036842,-0.022662,0.042987,-0.0024431,0.2275,-0.024693,0.0088521,0.0081239,-0.096116,0.11849,-0.23592,0.069346,-0.090352,0.032559,-0.10941,0.043397,-0.062835,0.12708,-0.23738,0.1484,0.21413,-0.069372,0.18803,0.017851,0.046485,0.019931,-0.13533,-0.1302,-0.023289,-0.21861,0.25372,0.0024422,0.13298,0.073891,-0.21097,-0.15735,-0.23471,-0.061276,-0.17494,-0.079975,-0.12936,0.057856,0.04316,0.0050369,0.18635,0.18596,0.1141,0.060022,0.074146,0.12718,0.18053,-0.21002,-0.11295,-0.022269,-0.054208,-0.0069585
-0.14555,0.015339,-0.12117,-0.022306,-0.13934,-0.015227,0.22232,0.09249,0.030931,0.087904,-0.077164,0.11421,-0.16102,-0.026099,-0.039077,0.030556,0.14159,0.10179,-0.016727,-0.213,-0.023034,0.022729,0.14692,0.11382,-0.0064112,-0.025407,-0.26523,-0.12364,0.047775,-0.011949,-0.1255,0.22399,0.17754,0.10557,0.15983,-0.10922,-0.014467,-0.21639,0.072569,-0.044684,-0.25052,-0.042651,0.13107,-0.1256,-0.26429,-0.052541,0.24234,0.11321,-0.14966,-0.12377,0.018327,0.021877,0.0366,-0.00068235,-0.19904,-0.18553,-0.22624,0.14384,-0.026022,-0.010833
-0.12631,0.1143,0.1354,0.095268,0.03817,-0.011234,-0.03648,-0.070754,-0.070458,-0.16843,0.075467,0.30906,-0.39825,-0.11816,-0.25193,-0.12268,0.13112,-0.035407,0.13017,-0.065335,0.32138,0.079852,0.16803,-0.20165,0.1061,-0.35985,0.040497,0.18441,-0.094315,-0.17277,-0.10088,-0.047523,-0.049226,0.081252,-0.054347,-0.15016,-0.049231,0.046411,-0.097153,-0.023688,0.099174,0.032398,0.05559,0.019911,-0.011666,0.01841,-0.023602,-0.040456,-0.0084199,-0.015182,-0.068611,-0.083036,-0.099555,-0.083521,0.057419,-0.023604,0.072803,-0.0022944,0.0018983,0.011778
-0.13192,0.044537,-0.033088,0.093001,0.16016,-0.030286,0.22957,0.17855,-0.084513,0.098557,0.21898,-0.43728,-0.2137,0.16623,-0.011406,0.16087,0.31311,0.08682,0.030925,-0.11229,-0.054929,0.039612,-0.17089,-0.044633,-0.033031,0.036975,0.067236,-0.015928,-0.057492,-0.19602,-0.080723,-0.2785,-0.2046,0.0065254,0.021256,0.022217,0.019976,-0.16199,0.058583,0.042857,0.031432,-0.013022,0.12734,-0.041719,-0.014632,-0.079002,0.0431,-0.18479,-0.0053058,-0.071915,0.057424,-0.044185,-0.041321,0.09123,-0.022722,0.12109,0.17441,0.097689,0.052359,-0.041583
-0.1454,-0.002197,-0.050774,0.12313,0.11733,-0.31121,-0.032557,0.0017358,-0.072587,0.10881,0.049591,0.030778,-0.070262,0.0032425,0.1024,-0.079624,0.028173,-0.060382,0.0053483,0.14514,-0.067457,0.16572,-0.028298,-0.0331,-0.0059294,0.010651,-0.009538,0.063261,0.0014314,-0.029599,0.025832,-0.14861,0.0065248,-0.090376,0.013179,-0.082911,-0.13214,-0.22364,0.039138,0.12139,-0.015902,-0.074599,0.052275,0.019859,0.12451,0.0022474,-0.12813,0.23956,0.29659,-0.11032,-0.011454,0.12131,0.13257,-0.09384,-0.28521,-0.1822,-0.12635,-0.45417,-0.19539,0.079057
-0.13817,-0.023128,-0.15963,0.020601,-0.092146,0.035333,0.12937,0.21072,0.32022,0.064028,-0.18566,0.0067311,-0.042537,0.099945,-0.077613,0.0012429,-0.02674,0.12105,-0.037747,-0.09651,0.21579,-0.054973,-0.010934,-0.16136,-0.097224,0.1039,-0.011062,-0.050445,-0.060424,0.016848,0.020846,-0.040665,0.079432,-0.0037123,0.15806,0.028823,0.12083,-0.06681,-0.053432,-0.077559,0.27408,0.1467,-0.040531,0.16635,-0.017029,0.015072,-0.19248,0.27584,0.00173,-0.28005,-0.21221,0.15406,0.13613,0.092324,0.3132,0.069725,0.080711,-0.099076,-0.021699,-0.011344
-0.052415,-0.20367,0.14971,0.0029596,-0.30931,-0.30924,-0.23671,0.45162,0.046596,-0.23013,0.27245,-0.054212,0.0058459,-0.32472,-0.024878,0.13844,0.035667,-0.07189,-0.23446,0.0095732,0.077961,-0.29007,0.0097039,0.14772,-0.034117,-0.016424,0.086724,-0.097837,0.0060639,-0.095568,-0.029534,-0.028039,0.054407,0.0091886,0.033762,-0.0010718,-0.057182,0.009507,-0.029387,0.026798,-0.045645,0.049333,-0.020918,-0.0079145,-0.022261,0.021659,-0.0096274,-0.032583,0.026588,-0.039178,-0.023585,-0.025963,0.0056279,-0.024053,-0.012208,0.013321,0.010062,-0.023525,0.0081168,0.010132
-0.14172,0.079506,0.10681,0.17898,-0.065086,0.17064,0.10829,-0.039853,-0.15032,-0.053827,0.026175,0.10571,0.01789,-0.025394,-0.02363,0.11439,-0.0068288,-0.075164,-0.055553,0.049325,0.048922,-0.016558,0.059432,0.074294,0.096851,-0.028181,0.02402,0.0095504,-0.09056,0.19735,0.16926,0.026267,0.20834,-0.039578,-0.086977,0.081247,-0.13039,-0.0052293,0.092145,0.15505,-0.055445,0.074997,-0.081873,-0.11229,-0.09419,-0.086792,-0.14232,-0.030949,0.048389,-0.31246,0.43927,-0.029005,0.092447,0.38087,0.056273,-0.0099812,0.24926,-0.0013103,-0.15598,0.099097
-0.14186,-0.035113,-0.15029,0.15067,-0.16576,-0.010204,-0.022621,0.058928,0.11327,0.022795,-0.15495,0.02185,0.11904,0.12385,0.046353,-0.035109,-0.080537,0.085379,-0.096037,-0.047135,0.06439,-0.067768,0.078267,-0.15157,-0.083666,0.034,-0.023485,0.20265,-0.041217,-0.0077869,-0.080797,-0.17072,-0.029204,-0.1423,-0.016388,0.0026161,-0.019835,0.076266,-0.089028,0.083603,0.073319,-0.34735,-0.13365,-0.28345,-0.089803,0.2883,-0.23079,-0.34774,-0.16111,-0.052474,-0.050098,-0.00096719,-0.1477,0.058173,-0.22855,-0.19201,-0.033835,0.035433,0.019207,0.0198
-0.15027,-0.010519,-0.03485,0.21284,0.01101,-0.04985,0.085719,-0.001526,0.016021,0.020362,-0.075165,0.12418,0.11532,-0.00096993,-0.037159,0.027165,-0.12502,-0.095009,-0.07707,0.05874,0.068813,0.0069572,0.069998,-0.0052696,-0.0046328,0.010817,0.10391,0.034073,-0.17875,-0.095994,-0.069427,0.012033,0.038656,0.007097,-0.027868,0.018511,-0.03069,-0.1764,0.089587,-0.077873,-0.022033,0.024449,0.065808,-0.060568,-0.044431,-0.18604,-0.27747,-0.042887,0.33259,0.24741,0.005005,0.09916,0.11834,0.0024801,-0.087098,0.38201,-0.28847,0.38722,0.076928,-0.14175
-0.1438,-0.02516,-0.14137,0.12795,-0.1512,-0.13687,0.021251,-0.061851,-0.016268,0.15367,0.0051964,0.12692,0.018446,0.097384,0.048375,-0.10101,-0.0074292,0.010923,0.058444,-0.21948,-0.11286,0.055934,0.11942,0.16347,-0.062125,-0.025837,-0.051935,-0.041351,0.046313,-0.066424,-0.027724,0.01762,0.038938,-0.17289,0.11732,0.126,-0.0304,0.090748,-0.016823,0.1164,-0.012742,0.11077,-0.091719,0.1402,-0.14198,0.29127,0.20654,-0.098318,0.25918,0.080362,-0.010896,-0.36653,-0.083414,-0.062307,0.10312,0.33699,0.1447,-0.12646,-0.19811,-0.087915
-0.13513,0.094352,0.16002,0.19346,-0.04531,0.22502,0.01715,0.024361,0.00011008,0.066614,0.041004,-0.00084259,0.048667,-0.030043,0.09014,0.0093899,-0.11508,0.16875,0.052255,-0.0093722,0.060313,-0.0049881,0.098554,0.16053,0.045769,0.10478,0.1072,-0.12517,-0.047065,-0.16028,0.040147,0.018014,-0.079521,-0.0017362,0.1237,-0.022858,0.056046,-0.11092,0.15971,-0.2073,0.074011,-0.043155,-0.088392,0.021236,0.07316,0.033586,0.0016905,-0.058595,-0.0052096,-0.025713,0.10839,-0.066169,-0.054237,-0.32912,0.050455,0.0094965,-0.079366,-0.054179,0.10117,0.63489
-0.061158,-0.29756,0.22222,-0.025648,-0.078564,-0.039743,0.08288,-0.010087,-0.12749,0.041628,0.053099,-0.072039,0.16838,0.070629,-0.20473,-0.28587,0.018391,0.048277,0.029261,-0.21785,-0.058864,0.021697,0.023431,0.1905,-0.25998,-0.21805,0.072514,0.30797,0.075852,0.17859,0.1948,0.1613,-0.34608,0.033596,0.1133,-0.13884,0.15911,-0.11281,0.069238,-0.045746,-0.058123,0.0054047,-0.070182,-0.0037172,0.067341,-0.026703,-0.097183,0.0065959,0.028579,-0.12506,-0.026368,0.079271,0.030133,0.056498,-0.00094739,-0.0044854,0.0049241,0.047764,-0.014553,-0.016126
-0.070125,-0.29491,0.12986,-0.046564,-0.0037865,-0.021336,0.23214,0.14801,0.072654,-0.0023664,-0.069109,0.20365,-0.15591,-0.30851,-0.09196,0.18703,-0.052829,0.18539,0.28379,0.10531,-0.29539,0.2465,-0.086666,-0.12938,-0.0901,0.093595,0.082851,-0.066798,-0.1601,0.13737,0.014007,0.12245,-0.089432,-0.013061,-0.014665,0.19804,-0.17072,-0.044564,0.058242,0.086754,0.044955,-0.066593,0.0558,0.11527,0.018882,0.10388,-0.098202,-0.15269,-0.12293,0.15837,-0.020635,-0.00388,0.0014488,0.014356,0.072367,-0.049135,-0.017174,-0.019781,-0.059794,0.0052822
-0.056446,-0.30092,0.15633,-0.10893,-0.1805,-0.05494,0.16842,-0.16373,-0.099914,0.16633,0.064285,0.020306,-0.042707,0.17484,0.26383,0.0046228,0.00078059,0.11142,-0.16777,0.080292,0.0048786,0.03252,-0.17971,-0.30625,-0.067848,-0.33983,0.23997,-0.29328,-0.005671,-0.13019,0.0079614,0.098331,0.20768,-0.034555,-0.078784,-0.11654,0.035536,0.11845,0.056747,-0.12146,0.10723,0.0065837,-0.11565,-0.17309,0.0086226,0.00026561,0.05381,0.088152,-0.0043436,-0.019549,0.017981,-0.031902,-0.023909,0.0028845,-0.048468,0.039075,-0.01544,-0.0087048,0.020758,-0.021192
-0.056376,-0.30133,0.19028,-0.096127,-0.089723,0.029317,0.010503,0.12712,-0.050092,0.030453,0.19768,-0.088007,0.047288,0.14354,-0.11329,-0.3265,-0.062315,-0.19252,0.036946,-0.20414,0.050719,0.31814,0.098012,-0.028409,0.35316,0.35361,-0.12594,0.011486,-0.022248,-0.047461,-0.02029,-0.11124,0.28654,0.047999,-0.10363,0.0041399,0.021851,0.019508,0.019462,0.019959,0.1647,-0.11746,0.034316,-0.012106,0.023478,-0.026713,0.023463,0.034582,-0.046309,0.11129,0.028843,0.033019,-0.029586,0.035966,0.041276,-0.009528,-0.013181,0.025242,0.004522,0.0088638
-0.11788,-0.14121,0.0091537,0.221,0.11198,0.065917,-0.15175,-0.11229,0.15088,0.073977,-0.14175,-0.087193,0.21512,-0.29331,-0.15576,0.086677,0.37616,0.14547,-0.29955,-0.066407,-0.20715,0.052857,0.021245,-0.3077,0.21421,0.069936,-0.13709,0.12205,-0.070657,-0.038931,0.087296,0.039076,-0.014575,0.012301,0.078837,-0.18762,0.078042,0.18699,0.067216,-0.044709,-0.03752,0.11624,-0.06903,0.0043906,0.073346,-0.038148,0.072003,0.031573,0.0272,0.034989,0.096418,-0.064239,-0.028302,-0.025558,-0.0058318,0.038995,-0.044049,-0.055077,-0.035523,-0.015353
-0.14013,-0.063028,-0.11022,0.15535,0.073191,0.05045,-0.062938,0.18873,0.05234,-0.098144,-0.027373,-0.044701,0.14253,-0.038206,0.13025,-0.00309,-0.27225,-0.12953,0.11331,0.1477,-0.10575,0.28549,-0.11806,-0.030951,0.069543,-0.2261,-0.082649,0.066855,0.039836,0.10379,-0.096342,-0.11146,0.12507,0.15029,0.050253,-0.11141,0.016275,-0.22078,-0.12642,-0.072005,-0.090254,0.3098,-0.14987,-0.17867,0.19595,-0.050324,0.20565,-0.2112,-0.088647,-0.19974,-0.15646,-0.092133,-0.021188,-0.052057,0.071403,0.026288,0.023293,0.056626,-0.010459,-0.033047
-0.13057,-0.027693,-0.1506,-0.12981,-0.23239,0.1145,0.060214,-0.21816,-0.053287,0.02575,0.041291,-0.31301,-0.021273,-0.21866,-0.040876,-0.038879,0.12862,-0.096135,0.041152,0.23423,-0.16049,0.085952,0.22686,0.017801,0.0026472,-0.085822,0.13287,0.17981,0.22787,-0.064541,-0.016037,-0.087609,0.14589,-0.19544,-0.028207,0.050287,-0.22396,-0.00020332,-0.087397,-0.070287,-0.011953,0.017147,0.1011,0.12124,-0.019433,0.23815,-0.037221,0.084336,0.040956,-0.15942,-0.05954,0.079762,0.12633,-0.042008,0.12623,-0.026186,-0.065748,0.21623,0.19025,0.077097
-0.13767,-0.016382,-0.13538,-0.14271,0.15339,0.12867,0.095325,0.24076,-0.12472,-0.1425,-0.057533,-0.058334,0.021712,-0.094513,0.088861,-0.14432,0.014368,-0.17953,-0.020451,0.16892,0.00977,0.096149,-0.016788,-0.12118,-0.030306,-0.0045173,-0.01893,-0.023393,0.21767,-0.080284,-0.032305,0.2715,-0.010165,-0.036096,0.23722,0.035759,0.22737,0.20315,0.030312,0.067583,-0.085,-0.16023,0.1883,-0.16164,-0.17573,-0.15926,-0.29027,-0.038512,0.099953,-0.036673,0.078281,-0.17269,-0.035376,-0.23254,0.10926,0.025597,0.12279,-0.11323,-0.012484,-0.031335
-0.094798,-0.22756,0.04897,-0.1482,0.29588,0.14042,-0.075954,-0.018703,0.20229,0.023638,-0.10951,0.045239,-0.17903,-0.0090493,0.17132,0.10121,0.23191,-0.28367,-0.069062,0.015463,-0.035431,-0.0069336,0.26091,0.3027,-0.34266,-0.015258,0.097988,0.090006,-0.1945,0.14356,-0.048756,-0.16332,0.17291,-0.018429,0.043991,-0.02855,0.087896,0.018308,-0.023274,-0.069702,0.20425,-0.012877,-0.019148,-0.15616,0.02285,-0.043696,0.088114,0.035575,-0.012863,0.1056,0.053938,-0.060567,-0.059364,0.015906,-0.0068709,0.0011637,-0.023926,-0.055126,0.0071744,0.034904
-0.12682,-0.11567,-0.06723,-0.076165,0.14883,0.09867,-0.029915,-0.27395,0.19483,0.096679,0.31825,-0.063991,0.079313,-0.33219,-0.12126,0.0053835,-0.099639,0.020615,0.073678,-0.068462,0.31816,0.059193,-0.049754,-0.050982,-0.15445,0.017272,-0.20001,-0.20439,0.16076,-0.009722,-0.17703,0.053028,-0.13337,-0.06946,-0.027205,0.26454,0.050089,-0.090045,-0.041487,0.11265,0.056026,0.027899,-0.2354,-0.16124,0.018744,-0.025825,0.018911,0.074837,0.12604,-0.025264,0.059303,0.057698,-0.072671,0.035753,-0.1542,-0.022953,0.061602,0.047831,0.030705,-0.010249
-0.13891,0.10904,0.093702,-0.13752,-0.15282,0.086209,-0.060148,0.0098737,-0.054023,0.2498,-0.064007,0.15344,-0.17829,-0.017394,-0.068199,0.0031015,-0.0097385,0.089308,-0.13277,0.022912,-0.066123,-0.07033,0.048355,0.051143,0.015464,0.011864,-0.029372,-0.07409,0.16988,0.064897,0.094306,-0.18398,0.08568,-0.084552,0.046584,0.087036,0.12586,-0.050763,-0.01634,0.17949,-0.070925,-0.0042893,0.056712,0.032849,0.3796,-0.13967,-0.052531,-0.13715,-0.05821,-0.12681,0.13678,0.25359,-0.35506,-0.25673,0.072707,0.12006,-0.086987,0.029618,-0.070581,-0.23794
-0.065544,-0.28862,0.1917,0.14401,-0.0364,-0.067056,0.091555,-0.084917,-0.10743,-0.0058588,-0.33139,-0.027772,0.04073,0.086408,0.018792,0.2533,0.017193,0.010302,0.1135,0.12333,0.11932,0.0068105,0.01935,0.17191,0.029978,0.0062979,-0.15181,-0.01757,0.2986,-0.083475,-0.20124,-0.24043,-0.10646,0.3971,-0.10234,0.062546,0.031663,0.25302,-0.088573,0.039202,-0.04695,-0.036242,-0.066902,0.15875,-0.13738,-0.057296,-0.042668,0.048752,0.10831,-0.096334,0.024622,0.033591,-0.038474,-0.031362,0.0096759,-0.018927,-0.052268,-0.015258,-0.00050664,0.016727
-0.13837,-0.05581,-0.09418,0.16613,0.20413,-0.10728,-0.037444,0.058251,0.0091988,0.027629,0.049744,-0.10789,0.0073747,0.062977,-0.051342,-0.13929,-0.031627,0.09226,-0.039397,-0.0026326,-0.10199,-0.12094,0.32735,0.01491,0.23375,-0.23999,0.0047847,-0.4631,0.044346,0.41639,-0.013461,-0.021277,-0.14387,0.026093,-0.034229,0.03593,-0.076,0.050354,-0.21398,-0.18154,0.054129,-0.18101,0.152,0.038352,0.082341,0.0047942,-0.082167,0.027074,-0.035629,0.048369,0.0042723,-0.032184,0.024827,0.039865,0.0094251,0.0066507,0.047695,0.033188,0.015984,-0.0034826
-0.14023,0.052333,0.00028068,-0.14511,-0.012107,-0.06634,0.1701,-0.1351,0.086679,-0.26628,0.13849,-0.11914,0.21301,0.15829,-0.059434,0.26366,-0.0068409,-0.01334,-0.022589,0.1453,0.18171,0.1677,0.29241,0.011325,0.045818,0.095125,0.12698,-0.042095,-0.17106,0.027805,0.11506,0.1313,-0.011366,0.010994,0.0081802,-0.023715,0.042483,0.02276,0.14801,-0.21747,-0.072684,0.054427,0.001329,0.19103,-0.049514,0.037555,0.053874,-0.15672,0.020507,-0.10029,-0.11162,0.12118,-0.26337,-0.11039,-0.16473,-0.055666,0.0674,-0.1196,-0.17804,-0.20721
-0.12856,0.12932,0.19221,-0.13737,0.058607,-0.015402,0.072718,-0.010567,0.12812,-0.14947,0.022866,0.1193,0.16564,0.0087886,0.12734,-0.1091,0.1873,0.11488,-0.031139,-0.026017,-0.034257,-0.019166,-0.058986,0.011049,0.03798,0.028721,0.0012564,-0.077647,0.29456,0.20035,-0.084014,-0.084415,-0.047365,-0.17706,-0.3072,-0.17921,0.054886,-0.10576,0.043931,0.18152,0.20691,0.34203,0.16142,-0.0051014,-0.30001,-0.008995,-0.078283,-0.19971,-0.0076407,0.030215,-0.085895,0.011672,-0.010217,-0.0038611,0.015483,0.019469,-0.18243,-0.051181,-0.004973,0.10943
-0.14302,0.10157,0.13073,-0.14115,0.021595,-0.01492,-0.024586,0.041466,-0.0064555,0.042605,0.018358,0.15291,0.13282,-0.073529,0.1948,-0.016122,0.044687,-0.036124,0.15637,0.10544,0.038659,-0.0011985,0.074422,-0.067096,0.0045425,0.055804,-0.072871,-0.097699,0.013665,-0.10437,0.039023,-0.024125,-0.089396,0.096192,0.25382,-0.16674,0.068781,0.11991,0.040692,0.078143,-0.12781,-0.068671,0.23337,-0.062195,0.21509,0.22984,0.10356,0.020958,0.13703,0.0094308,-0.16753,0.14309,-0.15559,0.53317,-0.002917,0.14094,0.018015,0.039547,0.11417,0.15536
-0.14213,0.058863,-0.028264,-0.19208,-0.16295,-0.17821,0.019483,-0.12104,0.062224,-0.02661,-0.16705,0.12164,-0.032108,0.04488,-0.10463,0.066194,-0.0088884,0.0048612,-0.21913,-0.037337,-0.14698,0.11774,-0.12713,0.090137,0.053013,0.074131,-0.032169,0.042621,-0.068337,0.10813,-0.047919,0.1019,0.010399,0.068802,-0.063957,0.00079953,0.019621,-0.049947,-0.16901,0.041212,0.079498,-0.019129,0.079264,0.0040927,0.079748,-0.17386,0.0056504,-0.0044502,0.17666,-0.0091493,-0.13055,-0.050541,-0.0078333,-0.094006,-0.25351,0.0055107,0.51399,0.096323,0.32917,0.22925
-0.13237,0.0024588,-0.077487,-0.062723,0.1082,-0.3174,0.1037,-0.12351,0.28982,-0.29831,-0.011002,-0.12239,-0.070974,0.0055142,0.10234,-0.096476,-0.19809,0.1558,0.18398,-0.11366,-0.093596,-0.14467,0.044692,-0.01765,0.07214,-0.04608,0.055154,0.09662,-0.082261,-0.0040444,0.097129,-0.047265,0.069296,0.049438,-0.030655,-0.027974,0.049755,0.17429,0.25838,0.29422,0.011137,-0.12412,-0.044341,-0.033479,0.10771,-0.10326,0.14278,0.075142,0.091093,-0.15538,0.18757,-0.087602,-0.01926,-0.075855,0.14625,-0.046702,-0.14617,0.1166,0.19619,-0.014432
-0.14549,0.0032844,-0.14264,-0.11275,-0.10534,-0.028707,0.0044802,-0.14098,-0.17282,0.12825,-0.035998,-0.11087,0.11658,-0.035963,-0.029347,0.18299,-0.071838,-0.038753,-0.036929,-0.14768,0.1368,-0.044393,0.093513,-0.00081318,-0.0032931,-0.04709,0.087225,-0.077014,-0.071124,-0.01094,0.023801,-0.082478,-0.0037984,0.1207,0.072231,-0.082798,0.074429,0.011677,0.058928,0.28887,0.032974,0.13277,0.14438,-0.078517,0.16786,-0.06853,-0.061616,-0.087063,-0.0026781,0.30742,-0.15988,-0.10222,0.22027,-0.048285,0.20837,-0.37266,0.041931,0.13903,-0.33279,0.11185
-0.13984,0.10361,0.14402,-0.10583,0.084151,-0.062284,0.10785,0.063024,0.089125,-0.032378,-0.014593,0.073045,0.17836,0.12155,0.038446,0.0016172,0.22657,-0.11246,0.058953,-0.077214,0.041152,-0.090292,-0.0866,0.010835,-0.04841,0.016893,-0.10079,-0.0082141,-0.02271,-0.032304,-0.33143,0.13486,0.060732,0.0099812,-0.21507,0.001549,-0.013162,-0.044295,0.055273,-0.11459,-0.21116,-0.0077869,-0.05925,0.079607,0.42572,0.32875,-0.21965,0.0848,-0.1175,-0.021889,0.18255,-0.15853,0.18929,-0.13754,0.040666,-0.022306,0.070619,0.075628,-0.017559,-0.083656
-0.13617,0.049487,-0.10981,-0.17925,-0.15562,-0.16601,-0.10131,-0.264,-0.10839,-0.092519,0.0032695,-0.05465,-0.047214,-0.085889,-0.1002,0.16998,-0.1196,0.015571,-0.004553,-0.078822,0.073229,0.069625,-0.13551,-0.018357,-0.077079,0.18374,-0.0084088,0.05848,0.06557,0.142,-0.043964,-0.041292,-0.076431,0.11437,0.009314,-0.16875,-0.057256,-0.075534,-0.088173,-0.25077,0.085379,-0.16328,0.16196,-0.19587,0.034233,-0.040105,-0.035862,0.0020298,-0.21773,-0.050064,0.15976,-0.2049,0.053395,0.084582,0.1283,0.36091,-0.20177,-0.24119,-0.08364,0.022181
-0.13088,0.1182,0.19492,0.15418,-0.06658,0.059094,-0.16414,-0.047678,-0.038316,-0.0089396,-0.033669,0.062832,0.027634,-0.16546,0.19398,-0.096054,-0.10495,0.14127,0.032832,0.060198,-0.063537,0.055982,-0.05765,0.080293,-0.11787,0.20717,0.0024107,-0.069387,0.015286,-0.058326,0.024759,-0.11239,-0.11061,-0.010696,-0.017973,-0.16998,-0.0084985,-0.094528,0.092654,-0.23624,0.2047,-0.10648,0.13318,-0.04922,-0.099131,0.035678,0.05973,0.17156,0.11597,-0.049915,0.051585,-0.14387,-0.028217,-0.044212,0.093782,-0.2992,0.22978,0.21865,-0.037523,-0.42707
-0.13263,0.12528,0.17765,-0.15761,0.031042,0.070886,0.039851,0.026657,0.12364,-0.15538,-0.056127,-0.041362,-0.046683,0.004427,0.067752,-0.18215,0.040816,0.18807,-0.095594,0.14539,-0.088821,-0.048647,0.096936,0.01834,0.0374,-0.0024103,-0.027515,0.094134,0.13567,-0.15165,0.082075,-0.063831,-0.04275,0.066057,-0.00046996,0.2028,-0.17838,0.017214,0.018591,-0.008927,-0.003775,-0.14264,-0.20969,-0.097179,0.058368,-0.19721,0.052976,0.12658,-0.16524,0.052844,-0.26266,-0.087667,0.16368,0.047973,-0.15843,0.22363,0.086905,0.13376,-0.45998,0.066797
-0.14825,0.02656,-0.037283,0.11381,0.093617,-0.14337,0.012049,-0.093112,-0.27874,-0.08866,-0.02317,0.032447,-0.034395,-0.013244,-0.073099,0.020721,0.087982,-0.1034,0.065845,0.0041714,-0.10119,0.0069458,-0.0018849,0.068289,-0.059269,0.19608,0.047508,-0.19149,-0.037164,-0.068283,0.077222,-0.00089249,0.042841,-0.23607,-0.052349,-0.10682,0.096978,-0.04227,-0.085116,0.074409,-0.14933,0.019707,-0.37312,0.071871,-0.0065004,-0.1642,-0.21103,0.20182,-0.21989,-0.022499,-0.29245,-0.21682,-0.27201,0.13962,0.084446,-0.067942,-0.1089,0.082183,0.13732,0.028414
-0.13924,0.0070383,-0.081105,0.13145,0.1066,-0.32317,-0.14682,-0.076156,-0.054333,0.022509,-0.10253,0.12179,-0.10016,0.041626,-0.067486,-0.13702,0.055762,-0.15038,0.066439,0.046899,0.010813,0.055976,-0.001343,0.023062,-0.058361,0.1882,0.18342,-0.12056,0.20879,-0.12969,0.009522,0.11468,-0.034782,-0.057013,0.16933,0.082166,0.050262,0.20223,0.12825,-0.11776,0.14907,0.19389,-0.065568,-0.00013534,0.03474,-0.010365,0.1226,-0.25509,-0.2694,-0.04083,0.1414,0.28033,0.30056,0.030035,-0.11196,-0.02912,0.07624,0.10164,0.0095716,-0.0057354
-0.14493,0.027707,-0.046703,-0.098064,-0.13115,-0.086958,-0.083217,0.064271,-0.042055,0.09965,0.21926,0.18997,0.061637,0.14208,0.19489,0.11162,0.076155,-0.132,-0.13341,0.25775,0.045199,0.10949,0.070011,-0.16623,0.0060018,-0.10855,-0.30206,0.12017,-0.085558,0.13722,0.01193,-0.072192,-0.27692,-0.072092,0.056385,0.049102,0.099853,-0.07794,0.090457,0.072497,0.077154,-0.19052,-0.18144,0.28182,-0.12716,-0.1258,0.15488,0.025236,-0.13853,0.068137,0.12621,-0.031338,0.16099,-0.028212,0.17798,-0.011021,-0.053139,0.11242,0.11418,0.03712
-0.14306,0.096683,0.1357,-0.014728,0.044444,-0.11248,-0.098301,-0.033247,-0.1374,-0.027816,-0.064898,-0.12901,0.05406,0.12997,0.061865,-0.053273,0.17783,0.033906,-0.053944,0.012615,0.017926,-0.031952,-0.13444,0.065691,-0.01817,-0.031893,-0.21189,0.049602,-0.15218,-0.065222,0.049873,0.34823,0.036462,0.080839,0.08213,0.35468,-0.28523,-0.0071566,-0.19572,-0.055811,0.27554,0.051988,0.022724,-0.095284,0.06656,-0.046549,0.029781,-0.15328,0.16465,-0.065173,-0.049208,0.015214,-0.16845,0.046492,0.21996,-0.18132,-0.26535,-0.010349,0.030649,-0.0055641
-0.13405,-0.0084154,-0.069988,0.10676,0.18242,-0.15322,0.13303,0.013161,-0.035481,0.28515,0.28527,-0.016667,-0.19385,-0.10678,0.25711,0.012338,-0.112,0.26209,-0.10016,0.12255,0.1494,-0.067464,-0.054345,0.16902,0.11126,0.13034,-0.014549,0.38751,0.05599,0.16125,0.037405,0.17924,0.15736,0.11518,-0.097576,-0.043539,0.11316,0.17812,-0.094324,-0.096785,-0.074209,0.11997,0.011706,0.02837,-0.032282,0.09127,-0.10892,0.030702,-0.10287,0.13723,-0.079504,0.036954,-0.068655,0.011821,0.025539,0.0088772,0.059703,0.053073,-0.010113,0.007685
-0.12441,0.10345,0.083308,-0.16822,-0.084808,-0.0086478,-0.36125,0.14395,0.032313,0.21354,-0.17195,-0.26409,-0.078358,-0.052336,0.16423,0.028907,-0.058385,0.10776,0.30214,-0.17618,0.0078455,0.062189,0.18523,-0.12886,-0.074357,-0.045183,0.032116,0.03032,-0.056296,-0.023376,-0.13886,0.18167,0.055929,-0.10438,-0.23607,-0.12615,0.01892,0.033617,-0.053493,-0.089941,-0.16214,-0.033159,-0.15315,0.15997,-0.084789,-0.27426,-0.051132,-0.15232,0.11782,0.032662,0.064776,0.091166,0.049271,0.12354,-0.017679,0.012509,0.05764,-0.084668,-0.026514,0.012791
-0.14271,0.083488,0.11386,-0.12449,0.066713,-0.095599,-0.11633,0.02278,0.0044981,0.13729,-0.14711,-0.1608,0.15372,-0.052339,0.051091,-0.0086011,-0.085046,-0.13996,0.1044,-0.059332,0.031809,0.032757,-0.14518,0.042638,0.13973,-0.16154,0.065984,-0.0030927,-0.23202,0.014765,0.018339,-0.038745,-0.086494,0.040333,0.19307,-0.021529,-0.18235,0.017003,-0.05019,0.18535,0.052718,0.15173,0.028915,-0.0057923,-0.28577,0.17223,-0.1098,0.31503,-0.30767,0.043632,0.16297,0.14187,-0.21159,-0.18596,-0.13722,0.14268,0.077849,0.11115,-0.047573,0.0054344
-0.13085,0.082876,0.13168,0.21687,-0.016559,0.20609,0.085502,0.068791,0.050376,0.072753,0.16875,-0.027979,0.030527,0.11689,-0.121,0.18985,-0.13831,-0.198,0.049455,-0.060571,-0.04838,-0.12561,-0.11223,-0.049205,-0.10024,0.052606,0.068006,0.092692,0.14805,0.17793,-0.2427,0.18637,0.025628,-0.1574,0.12571,-0.24656,-0.29569,0.29306,0.030118,0.13681,0.18728,-0.11804,0.047349,0.11901,0.11717,-0.18212,0.15915,0.07765,-0.0021892,-0.032122,-0.14591,-0.012779,-0.015136,-0.046436,-0.11755,0.015005,-0.064892,0.012055,-0.029741,-0.029169
-0.13734,0.095452,0.11389,0.0012468,0.020233,-0.074771,0.16828,-0.032155,0.11043,0.13749,0.064208,0.057049,0.043619,-0.073907,-0.010776,0.14938,-0.086138,-0.40279,0.19598,-0.16348,-0.23995,-0.35321,-0.01193,-0.24333,0.051216,-0.036601,-0.059577,0.084535,0.17045,-0.095721,0.35004,-0.042044,0.058711,0.11658,-0.099329,0.13516,0.1698,-0.12133,-0.13096,-0.24067,0.061256,-0.039791,0.0014837,-0.0073076,-0.11076,0.0060599,0.017006,-0.031306,0.031582,0.050853,-0.018826,-0.014753,-0.029707,-0.032641,-0.049999,-0.075332,0.025311,-0.04181,-0.041509,0.025022
-0.15013,0.0092039,-0.064748,0.13264,-0.085119,0.040853,0.13024,-0.03982,-0.16066,-0.1926,-0.0057085,-0.014134,-0.0062606,-0.047018,0.038682,0.00018928,-0.02845,-0.046923,-0.0087486,-0.079926,-0.15561,-0.077684,0.00077535,0.081216,-0.034531,-0.05027,-0.23082,-0.0070119,-0.15,-0.032217,-0.12942,-0.01585,-0.09646,-0.14297,-0.22997,-0.009031,-0.0058899,0.11601,0.11705,-0.069928,-0.080119,-0.030042,-0.039648,-0.29754,-0.037408,0.013266,0.11751,0.10052,-0.024492,0.18086,-0.11719,0.51185,0.014993,-0.10825,0.2734,0.090467,0.18244,-0.20594,0.0033162,0.0036001
-0.12672,0.11557,0.17405,0.067244,-0.0067173,0.051077,-0.1718,-0.05787,0.061289,0.007749,0.1417,-0.1584,-0.17338,0.22724,-0.28711,-0.11813,-0.1897,0.022553,-0.14072,0.25405,-0.22925,-0.026019,0.12477,-0.18512,-0.37446,0.10598,-0.12408,-0.10212,-0.077689,-0.003731,-0.023083,0.036532,0.078928,0.31833,-0.050091,-0.028663,0.07316,0.013333,0.023563,0.16084,-0.12654,0.16945,0.027667,-0.024605,-0.13921,0.18364,-0.059376,0.014699,-0.014123,0.076764,0.028251,-0.035061,0.033106,-0.013454,0.014441,0.0026563,-0.021519,-0.053033,0.063595,0.036718
-0.14181,-0.034126,-0.10733,-0.070198,0.16534,-0.032795,0.053389,0.11971,0.0095949,0.2347,-0.10436,0.13809,0.19629,-0.049278,-0.12845,-0.21744,-0.043326,-0.082262,-0.20645,0.02374,0.15964,-0.051169,-0.048688,-0.10872,-0.12916,0.11427,0.33532,0.038465,-0.023061,-0.020725,-0.029367,-0.084425,-0.10511,0.091185,-0.27994,0.11852,-0.26301,-0.0015845,0.053647,-0.044083,-0.28111,-0.066294,0.10568,0.025847,-0.098541,-0.10147,0.30542,0.014225,-0.017279,-0.085873,-0.013004,-0.049385,-0.14522,0.0078611,0.19697,-0.07237,0.0052468,-0.052705,0.034403,0.078156
-0.13109,-0.067432,-0.14524,-0.059313,0.00093723,0.17806,-0.17749,0.07251,-0.18371,-0.20358,0.19961,0.21739,0.0791,0.192,0.11267,0.11675,0.19533,0.20205,0.19615,-0.15334,-0.077159,-0.040376,0.055821,-0.18575,-0.011885,0.21289,0.28936,0.064704,0.039595,0.1174,0.040783,-0.020185,-0.023529,0.17619,0.06371,0.068297,-0.016686,0.002769,-0.32152,0.077946,-0.074132,0.055708,-0.11608,-0.13481,-0.032696,0.049299,0.075071,0.16985,0.13412,-0.007634,0.075418,0.13205,0.083926,-0.16912,-0.045157,0.01226,-0.031557,0.083058,0.026316,-0.024536
-0.14007,-0.013491,-0.12259,-0.11921,0.15377,0.1016,0.16876,-0.016835,-0.18341,-0.19173,-0.049598,-0.040676,0.052719,-0.1632,-0.0083507,-0.21057,-0.031024,0.07567,-0.081052,-0.019874,0.048689,-0.16323,-0.20242,0.0074605,-0.16124,-0.022807,-0.10947,-0.090034,-0.033252,-0.02204,0.062866,-0.10517,0.24377,0.1257,0.12856,-0.28769,-0.11174,-0.093508,-0.15757,-0.0080746,0.077116,-0.15504,-0.1978,0.40358,-0.029419,0.054023,0.060027,-0.21682,0.061557,0.16638,0.15552,0.15229,0.02302,0.0086149,-0.053175,0.012862,0.047651,-0.011069,-0.033552,0.00085307
-0.1183,-0.14535,-0.03126,-0.033435,0.34591,0.079147,-0.27475,0.025969,0.0049795,-0.070012,0.061857,0.12815,0.064423,0.15916,-0.062427,0.313,-0.2103,0.13265,-0.1781,-0.1922,-0.075579,0.15292,-0.0070571,0.12858,-0.020007,-0.1896,-0.067665,0.023986,0.19556,-0.34715,0.18491,0.096385,0.096306,-0.12175,-0.13827,-0.012484,-0.067143,-0.083872,0.02035,0.065255,0.0096034,-0.14605,0.18746,0.11136,-0.03181,0.10092,-0.060802,0.031038,-0.11078,-0.05641,-0.037479,0.066361,0.065746,0.055592,0.078181,0.027846,0.035501,0.032759,0.044268,0.0010961
-0.13107,-0.00030002,-0.1784,-0.18474,0.03839,0.13378,-0.086597,0.20197,-0.17627,0.023599,-0.19084,-0.070966,-0.23581,0.0046402,-0.14749,0.085151,-0.048405,-0.085383,-0.067362,0.088513,-0.0054162,-0.10387,-0.046424,0.036457,0.26542,0.013676,0.087493,0.0070133,0.11435,0.094777,-0.002246,0.18425,-0.16712,0.11248,-0.18349,-0.069473,0.07015,-0.11957,0.33136,0.018748,0.24239,0.0007656,-0.27437,-0.066609,0.032565,0.30066,0.10569,0.069184,0.18317,0.029527,-0.025081,-0.037669,-0.075192,0.084712,-0.084435,0.010585,-0.084124,0.023416,-0.011481,-0.046937
-0.09563,-0.24142,0.040972,0.069919,-0.054851,0.1963,-0.096525,-0.25807,0.1906,-0.13171,-0.038254,-0.046535,-0.35553,0.057634,0.34531,-0.087852,-0.044932,-0.25374,-0.16991,-0.15519,0.058098,-0.085091,-0.13336,-0.056399,0.15712,0.15716,0.0081207,-0.072343,-0.034172,0.039539,0.068075,0.10374,-0.2617,0.013596,0.057325,-0.030467,-0.15485,-0.1072,-0.021371,0.057769,-0.28485,0.050105,0.052257,0.14029,-0.010698,0.052983,-0.099623,-0.13641,0.0019314,-0.071881,-0.10083,0.024594,0.03564,-0.018753,0.037278,-0.012448,-0.011056,0.012534,-0.037315,-0.019038
-0.1292,-0.066678,-0.14962,0.1393,-0.18691,0.094647,-0.048151,0.012588,0.29574,0.081362,0.013617,-0.022911,0.044691,0.091225,-0.1337,-0.06336,0.22831,-0.026243,0.26468,0.31941,0.14057,0.0010231,-0.19399,0.25766,0.03897,-0.022848,0.018918,-0.11395,-0.061875,-0.12885,0.31466,0.17754,-0.026486,0.014909,-0.23958,-0.20694,0.069751,-0.0056478,-0.21589,0.16471,-0.0016496,-0.14968,0.0652,-0.0771,0.0299,-0.032822,0.089218,-0.012988,-0.051041,0.090792,0.046694,-0.0053647,0.053203,-0.045723,0.015295,0.050141,-0.0041065,-0.02873,-0.049121,-0.047023
-0.064387,-0.31015,0.14977,-0.086942,0.12363,-0.019806,-0.018211,-0.021355,-0.16311,-0.020843,-0.17719,-0.041948,-0.013837,0.14428,-0.13371,0.035931,-0.12422,0.15019,0.15757,0.2516,0.18504,-0.37859,0.064703,-0.13797,0.086619,0.12806,-0.18285,0.10735,-0.069063,0.005928,-0.0033326,-0.02212,0.030532,-0.41114,0.10291,-0.017177,-0.0013986,-0.16737,-0.065521,-0.025753,-0.080279,0.15345,0.15834,-0.081713,0.010969,-0.010446,0.18432,0.0024458,0.00084707,0.024055,0.032461,-0.11861,0.07747,-0.063813,-0.0613,0.024509,0.10114,0.0015985,0.039937,0.0048165
-0.12441,-0.13533,-0.16469,-0.043613,-0.047336,0.10561,-0.26583,-0.19016,0.031298,0.050751,0.1769,0.13394,0.10262,0.07249,-0.090107,-0.10392,0.11284,0.072348,0.19616,0.097625,-0.18794,-0.26003,-0.20684,0.1116,0.15705,-0.11979,0.063982,0.056119,-0.10039,0.0016752,-0.28784,-0.080997,0.17194,0.13183,0.1276,0.13652,0.058589,-0.061546,0.33277,-0.1113,-0.0074054,-0.055544,0.086011,0.10972,-0.11946,-0.13981,-0.16179,-0.070357,-0.054377,-0.056617,-0.14679,-0.0028905,-0.085723,0.083789,-0.001891,-0.044223,0.065963,-0.10026,-0.037081,-0.0051623
-0.13446,0.10383,0.14867,0.1584,-0.023289,0.020811,-0.15727,0.022857,-0.07328,-0.094523,-0.1212,-0.13014,-0.03439,-0.02653,-0.015291,0.041006,0.14705,0.012926,0.060253,-0.10454,0.28928,0.14022,-0.23221,-0.071233,-0.11423,-0.095652,-0.0022531,-0.026547,0.087299,0.36267,0.26007,-0.12269,0.26726,-0.039805,0.022423,0.24946,0.078994,0.037114,0.25521,-0.028855,-0.16651,-0.15159,0.067975,0.024248,-0.021112,0.1104,0.091763,0.024269,0.011628,0.13524,-0.2167,-0.031967,0.10555,-0.091572,-0.077763,0.056806,-0.013874,-0.0014478,0.14911,-0.0055932
-0.13523,-0.025628,-0.18573,-0.20398,-0.049522,0.13737,-0.0018053,0.14753,-0.04468,0.0051352,0.082135,0.08458,-0.077744,0.032811,-0.057461,-0.048649,-0.084737,0.010935,0.04966,-0.066929,-0.034305,0.038589,-0.15507,0.075736,-0.084446,-0.028702,-0.25395,-0.070153,-0.18264,-0.023636,0.21208,-0.24289,-0.14443,-0.10279,-0.12426,0.010094,-0.090609,0.46503,0.041346,-0.2553,-0.051247,0.2693,0.075794,0.026469,0.046783,-0.041816,-0.10903,0.014447,0.089856,-0.10378,0.023501,-0.11129,0.051694,-0.012067,-0.22718,-0.083792,-0.17012,0.095948,-0.021061,0.058562
-0.14993,0.031838,0.026162,0.12353,-0.060597,0.13029,0.02494,-0.023806,-0.14271,-0.14194,-0.064379,-0.071002,0.021413,-0.1326,0.062917,-0.080957,-0.12567,-0.015973,-0.11061,-0.026428,-0.062461,0.0023949,-0.068615,0.015253,0.0037171,-0.042688,0.15066,0.051272,-0.2195,-0.065843,-0.19657,0.071119,-0.045154,-0.081911,-0.15767,0.25358,0.49042,0.026766,-0.22278,0.097729,0.088376,-0.031239,0.22906,0.22949,0.05549,0.040834,0.20906,0.097865,-0.10718,-0.1133,0.030735,-0.017212,0.060541,0.12432,-0.20015,0.0045294,-0.17363,-0.028054,-0.11518,0.0062984
-0.1428,-0.021498,-0.1481,0.11348,-0.20574,0.086353,0.055568,0.075069,0.098094,-0.18266,-0.06836,-0.040586,0.00049865,0.11121,0.077327,-0.0501,-0.032384,0.050494,-0.017344,-0.017818,0.039524,0.026995,0.066129,-0.028595,-0.053623,-0.088896,0.04324,0.11321,0.25469,-0.088237,0.014209,-0.00193,-0.053156,0.0025608,0.052438,0.13521,-0.12113,-0.10076,0.060794,-0.067814,0.013181,0.23229,0.063269,0.083629,0.16471,-0.14177,-0.036964,0.18597,-0.14029,0.45946,0.25558,-0.076211,-0.22138,0.21739,-0.1024,-0.1356,0.041885,-0.19901,0.17139,-0.050537
-0.14228,0.099835,0.13934,-0.097946,0.016906,0.17213,0.1269,-0.017069,-0.067338,0.15453,0.015668,0.029251,0.088107,-0.10548,0.030528,-0.002017,-0.059963,0.062431,-0.033381,-0.042237,0.022413,-0.057195,0.14432,0.15262,0.16108,-0.01004,0.074502,-0.03329,-0.11111,-0.11572,0.066934,-0.048419,-0.058484,0.10763,0.082804,0.039924,-0.079947,0.038597,-0.022082,0.12932,0.0077625,0.043941,-0.11573,-0.070512,-0.014059,-0.033384,-0.023456,-0.11298,-0.12432,-0.021803,-0.14127,-0.11433,0.35904,-0.0091339,-0.082928,0.018233,-0.055915,-0.37966,0.42913,-0.34852
