1.0,0.8788518793948908,0.21313516369080943,0.9631610485512923,0.9199207980336315,0.0911465309460673,0.8167965222824218,0.8746682347573012,0.22951680398546653,0.49017034979477697,0.41412000282171435,0.9104766669352266,0.878041881025265,0.855996653379294,0.9013329497819624,0.8562569466487615,0.26738129984066705,0.8809577580104968,0.886981426581326,0.8964394693911055,0.849068536295485,0.8533180176922267,0.21560995590588336,0.8667412665098345,0.9128410954242521,0.26746526928896514,0.2939460730777945,0.10739535685847754,0.20615199338443935,0.21979257120504564,0.24765763282529055,0.2592206355554154,0.2791113903917456,0.20159948599644198,0.3448634899571309,0.9659357861278876,0.23926568841628057,0.7290609640573116,0.32972107212025603,0.8671819736287087,0.20730123422524754,0.11692904913256708,0.2410448256296017,0.13262660526070705,0.908777670167756,0.1954290417893836,0.16906931848498363,0.26675561700840006,0.8710728847094954,0.8787841795752124,0.8701548574128,0.36921728536179105,0.34679270779882077,0.8208461337017512,0.24974025699152708,0.228519974534133,0.31505228933227486,0.8831392498450453,0.9089506458075031,0.263223383951598
0.8788518793948908,1.0,0.12903925145486453,0.8949156021941077,0.9399559119948713,0.07582810397170092,0.9339209565493996,0.8599704941475104,0.1998787389625039,0.42448860450756143,0.42287272378786617,0.900685068493113,0.9168377581977843,0.908656117407539,0.8744988644362731,0.8439377090787696,0.19117339180645246,0.9535978624184457,0.9144728480964316,0.8921836983121327,0.926407025262816,0.9406673500731653,0.14759045183076314,0.886409837202795,0.8615182983412302,0.1871457330002394,0.24253267982094462,0.10366369292238271,0.1380400221800217,0.08930334207583436,0.2312775695085882,0.23137616126644045,0.2102584591088112,0.19272351923629036,0.3260459770487348,0.9127538175928265,0.15858536684347008,0.8049771517923968,0.3150516301233758,0.939851576117156,0.13077758905349204,0.11421906472915651,0.19053385936624118,0.07998575146182586,0.9421513285516309,0.15148530951057732,0.13312254458380646,0.3079433635236477,0.892672512433634,0.8765733969503042,0.8818722723153771,0.30931358335684467,0.31640075089256825,0.8045678027620319,0.1481466993986554,0.19074457142654844,0.21466804642254145,0.9562692773289794,0.9328448956295421,0.21068687497162916
0.21313516369080943,0.12903925145486453,1.0,0.19622486896956853,0.2232333470658403,0.44537199276722655,0.1396990728098777,0.29798547409530834,0.9009139688577072,0.8138095436645505,0.7665445510809543,0.18826907075603863,0.09074906923374874,0.2122469626555647,0.17341644084904462,0.30165324570378943,0.9422654631962086,0.1948624847876069,0.15738698912785296,0.11524551772930544,0.09105509724108077,0.17847209355032415,0.9469451599415365,0.1113000553430489,0.23544907913634594,0.9134887851994142,0.9280934687830869,0.2040261733764531,0.9559677277408468,0.4272790899183597,0.9132507288775512,0.940249307670323,0.9370578765758854,0.8843963206460197,0.8778151191467943,0.17229726578066576,0.9531364250142635,0.3871079391222033,0.8738919438507583,0.08844668407376303,0.9920187673670242,0.2524911515679667,0.9452051311144893,0.21281940469467536,0.1483988988002535,0.9769659918839544,0.35022929451409324,0.749700605096106,0.15002336120791776,0.3213025596589579,0.15894882984342232,0.8127416232870595,0.853597188567208,0.31386328313865053,0.9528669087199984,0.9661916744260747,0.9563146152463204,0.07934717050020615,0.19912816993658605,0.9751252760774557
0.9631610485512923,0.8949156021941077,0.19622486896956853,1.0,0.8979378117868849,0.053263007539264474,0.8188421073409241,0.8866028546151536,0.27006184758086216,0.48423875650477555,0.3663835605942354,0.8691125024565546,0.840026452672783,0.8225090871946712,0.8744719996833487,0.8313559801564823,0.2519307073814835,0.8860314165137856,0.8495862138095583,0.859767422876366,0.8194228554446091,0.8249938571536928,0.20529652392435405,0.8447466250505178,0.8867393102050212,0.2572400694285088,0.2794665887430143,0.06739179637168805,0.19778118563311833,0.1731882905485418,0.2883408236573513,0.2882531566755723,0.27354424441586433,0.23085867858290438,0.3429674072560875,0.9348058610361042,0.21933714874374538,0.73862044962614,0.3610540024709756,0.8676561475087103,0.1815627696448383,0.07256549263097334,0.2502490919669428,0.09301147412453666,0.8754120631395894,0.1642089163526376,0.16241103601832957,0.28587914397773306,0.8529675142875996,0.8425945250582944,0.8338074402029653,0.329856094672479,0.30760306640932067,0.800671823607089,0.2516965934457893,0.23915572755241626,0.29157764603898406,0.8777809224115328,0.8661111899158408,0.2617406035209689
0.9199207980336315,0.9399559119948713,0.2232333470658403,0.8979378117868849,1.0,0.12046259503253917,0.9058743249465311,0.8884556352380704,0.22386347993987413,0.4782243684698192,0.49459590288862654,0.9610901900122448,0.9423920709184201,0.9212403441048951,0.9041743562308933,0.8914595164116028,0.27762041793268477,0.8973688439087045,0.9480577569345912,0.9340975034332164,0.922332922247929,0.9192730366308858,0.21775394007326532,0.8883384294846255,0.9275559934703537,0.2507809015862748,0.3175826225506798,0.13179508015332872,0.193424383427443,0.13403456429294283,0.23310445628393187,0.25058120853987903,0.28069811323137617,0.21367205051104002,0.3700005796471082,0.9655734034102637,0.251267075472892,0.8004321489102878,0.3347709073367887,0.9361125798185193,0.22741577768525226,0.14328401494991197,0.2295768009642268,0.12889715292052417,0.9582807287580686,0.24511006913553857,0.15708705776742932,0.3699026217531637,0.8980705304380763,0.9400672773068977,0.9190279489702775,0.3397425193412341,0.37145660528017743,0.8612804620701671,0.219708145895459,0.24217628643085357,0.3082356804246014,0.9315306905702165,0.9781886892659045,0.2686903095274397
0.0911465309460673,0.07582810397170092,0.44537199276722655,0.053263007539264474,0.12046259503253917,1.0,0.14393162935099374,0.1028763748970071,0.3564928506865316,0.3635959626672095,0.4093173713507947,0.14483831070332645,0.0973494998692652,0.1294762041079661,0.14685361078370182,0.18910014681608156,0.40815982551554636,0.07968366268465317,0.1301479498067895,0.0957301248387352,0.09914818497714395,0.09602645631918923,0.46450186264214216,0.09696884192065205,0.16894498016582368,0.35268332278984105,0.38454763062442704,0.6545351713743233,0.4086705714479349,0.477539094585267,0.3620978446362394,0.39311213164929204,0.38603091417867996,0.3649535868253364,0.3542744748695398,0.10252280322087219,0.41265543960701195,0.13291565414897313,0.34294185455456355,0.10167209419812777,0.45027806212722093,0.6796272963560447,0.38162359067098317,0.641194299349406,0.10623225630776437,0.4486966960910257,0.5476612339783291,0.38503309620637216,0.14720103912788784,0.17569471432170655,0.0981634365872723,0.38894587500276295,0.3725303060045654,0.1666758746835066,0.38202158491455,0.41989406006120544,0.44746975583706605,0.0872486698098213,0.13346264412146022,0.4351086765788521
0.8167965222824218,0.9339209565493996,0.1396990728098777,0.8188421073409241,0.9058743249465311,0.14393162935099374,1.0,0.7842937909565104,0.16961143547593466,0.3601349888293652,0.39790813257737895,0.8876261355936809,0.9046686592988445,0.8190139696905752,0.8036384083963493,0.8102920283216063,0.16460495700624214,0.8527291044752229,0.9327716456294027,0.8982256205130688,0.9046620757838195,0.8488333712584133,0.09531662079524135,0.859215718249747,0.8407650332258504,0.08968473226406254,0.192712281046925,0.106633052395956,0.07893419182381223,0.08710993707592384,0.16199681154685278,0.19784576772773624,0.1565132161449244,0.1571322378267916,0.26480246605041247,0.85622679598504,0.14319981548068647,0.7047301832771365,0.25413647846847087,0.9703576231189146,0.1458375670949003,0.14348923859350118,0.1386159513874098,0.09008639352846458,0.8577753835669295,0.16786770155410918,0.08557064832745923,0.3031819567296735,0.8035122926618214,0.8500069858882254,0.8678379443075566,0.21067862166467505,0.23230751516712883,0.756036322572724,0.11248787097166506,0.18720442220262434,0.1918065133403647,0.9262194929663614,0.893256618188893,0.175933687309487
0.8746682347573012,0.8599704941475104,0.29798547409530834,0.8866028546151536,0.8884556352380704,0.1028763748970071,0.7842937909565104,1.0,0.29847118352141677,0.4962162269378182,0.4254401956844164,0.8908266685453873,0.8186713076524847,0.8648245460197199,0.8768530464816087,0.8862137815747901,0.36703742833029435,0.9108762016156803,0.8598882523607176,0.8221192261121362,0.8454284406812199,0.8947878067693311,0.29655166475390027,0.8773696140938492,0.9012451819501447,0.35987019431467804,0.35164503540010017,0.11842658187463755,0.31124035852052356,0.16549485894447122,0.3315956918139845,0.33985736909074377,0.369433218784823,0.19049838264422395,0.4193428915006331,0.8833269321293049,0.3395338065189083,0.8325848391595404,0.40764709610296296,0.7833642709459747,0.2888271961984234,0.12960514697215245,0.2755905706492706,0.11505351285766188,0.9019743337839625,0.27023077894333436,0.24095739522829657,0.37860612813390826,0.891269176486403,0.8820517533886847,0.8175721922463032,0.40257196501721443,0.3412378325410355,0.8286446850178019,0.3070622142686725,0.2660208551430685,0.36705239986684624,0.8304751493587945,0.8847635915566567,0.35531327580553845
0.22951680398546653,0.1998787389625039,0.9009139688577072,0.27006184758086216,0.22386347993987413,0.3564928506865316,0.16961143547593466,0.29847118352141677,1.0,0.8271619427761179,0.7636562128535472,0.18817627114200478,0.06475317349863503,0.20277750155144467,0.14999886937763296,0.2909913144871279,0.9486374368877419,0.24421378528658394,0.13841820579939984,0.08440941130723123,0.07965472921432311,0.16563275118599735,0.8385640638263171,0.11157882923406351,0.23231393724238214,0.9063746685649796,0.9460712457662748,0.14108078279980435,0.859161840748395,0.3172792261669506,0.9656592997807504,0.9196340480557013,0.959768748757895,0.857804747496181,0.9159519354038241,0.16681878926911442,0.9508002521797912,0.3902774847811191,0.9577778365826541,0.1412913966821515,0.9015777181022637,0.1617763028881131,0.8874827291763129,0.15087127803688186,0.14048760988324968,0.882530872722419,0.2580612481826988,0.727908724650847,0.1463830989957202,0.31304319234592737,0.1329982545536756,0.8135986436346807,0.8295373875450733,0.2943280003419429,0.8491426737396598,0.9247655027936272,0.916585674050373,0.11438066188478815,0.18128968825788852,0.9329121583240421
0.49017034979477697,0.42448860450756143,0.8138095436645505,0.48423875650477555,0.4782243684698192,0.3635959626672095,0.3601349888293652,0.4962162269378182,0.8271619427761179,1.0,0.902391596071047,0.41938086441012706,0.38486650942713285,0.4559747546613087,0.45286868149039494,0.5060606113104106,0.8514952781303649,0.47747504733114265,0.41563238542498154,0.4063728366842767,0.3569609441273946,0.4456553287515227,0.8056736841785501,0.36463573633358076,0.4579325567111239,0.8601375749057796,0.8832726570988905,0.17897342851402936,0.7980685516915431,0.33225301865630474,0.8339107855005242,0.8176062762578239,0.8699713003792983,0.7966497979719358,0.8707147091811182,0.46991643609173045,0.8383786008387142,0.5491698435028431,0.8590040770392765,0.3785184298160671,0.8061440138809655,0.18752554260411472,0.8349546361858724,0.20563652210999686,0.41740113644937027,0.7982758936484012,0.28228663426850664,0.7647678458188996,0.4025347355675132,0.533044763360509,0.4446454775558462,0.8820450946278283,0.8766645368077353,0.5217626943467654,0.8291468062071752,0.8256712432769074,0.8727831701552059,0.3826235089388703,0.46035044122385305,0.8506623240524093
0.41412000282171435,0.42287272378786617,0.7665445510809543,0.3663835605942354,0.49459590288862654,0.4093173713507947,0.39790813257737895,0.4254401956844164,0.7636562128535472,0.902391596071047,1.0,0.4619202050938556,0.38020136608595945,0.4464414568051895,0.421091346018646,0.5158196640280795,0.8212563520088889,0.4439422643460362,0.4201881976379475,0.37581646220588416,0.37120498385393996,0.4676535801297854,0.7253804818750368,0.3365679976561873,0.4555612733276586,0.7697406998837023,0.8463232364088906,0.20292173489543436,0.714414516175988,0.24128002160797068,0.7476783558071025,0.7583997990735794,0.8148163104052049,0.7171241877369139,0.8716540774920659,0.4288977505197059,0.8092824525989432,0.48550366845554266,0.8282214397193245,0.3818280570975385,0.7814353664210043,0.21934036474817228,0.7339375692365776,0.19665679878085207,0.4346398547633381,0.7999229097375402,0.22366255024246354,0.7356877450174103,0.40485886103524776,0.5438234484796972,0.42191281123908614,0.8389480879843083,0.8691374539151265,0.5360304163451134,0.7290316821615584,0.76580802958902,0.8328504093255045,0.3599051300336825,0.49628049094492627,0.7957413620510999
0.9104766669352266,0.900685068493113,0.18826907075603863,0.8691125024565546,0.9610901900122448,0.14483831070332645,0.8876261355936809,0.8908266685453873,0.18817627114200478,0.41938086441012706,0.4619202050938556,1.0,0.8915965753177314,0.9055490006890661,0.883365860851127,0.8919702455819994,0.2584167088730032,0.8904955082537225,0.9306491027203773,0.8953267443182646,0.8980995562473705,0.9057133555493339,0.148643377199756,0.8895177506966647,0.962490040656354,0.19000982604728162,0.25772702167924616,0.1318145482813485,0.13815066408498797,0.12162123789336335,0.17306322890458106,0.19584732099850408,0.23896271373387842,0.09767854533417111,0.31777653904922004,0.9534344815054446,0.23547777113076548,0.7540973738488573,0.2898547021398352,0.8936261397573851,0.2009675978246067,0.15526198977639613,0.138923990198689,0.12746576377647284,0.9564457255931902,0.20573861654140185,0.15937881935341675,0.2656153315004858,0.8972938686892032,0.9524091531365336,0.8755789801688879,0.3091029109247133,0.28742690309907293,0.8242684043156876,0.15015977110096262,0.17364519039770387,0.2707657888667774,0.8835025965779364,0.9708614327751143,0.2177950654837441
0.878041881025265,0.9168377581977843,0.09074906923374874,0.840026452672783,0.9423920709184201,0.0973494998692652,0.9046686592988445,0.8186713076524847,0.06475317349863503,0.38486650942713285,0.38020136608595945,0.8915965753177314,1.0,0.8921693624728931,0.8783756571575434,0.809406693076841,0.1397415665038586,0.851437023617234,0.9759654397460423,0.9875741745167528,0.9760936646994395,0.8948046681311392,0.11947426202874527,0.934680792503799,0.8584932607842715,0.15184115612394752,0.1841227244940885,0.1263325339975485,0.0949809518816181,0.1323865407016362,0.10174399261811728,0.11528881401489124,0.14571175197106165,0.1025688385564613,0.23750760863282752,0.9272323171632625,0.10737506741703431,0.7448080759960765,0.1910015939057475,0.951110893307721,0.0865111458800712,0.12931175405314335,0.12045782713276147,0.12311150870454599,0.9279991020455981,0.10654851693409376,0.10731219541163964,0.34899839432143115,0.871301713453359,0.8609425317094047,0.9653684673235088,0.2598475210593606,0.2967554223439502,0.7844743690350018,0.12425369690698082,0.10153931857724603,0.18451402319768423,0.9746071472892929,0.9265726348071424,0.14179371596348372
0.855996653379294,0.908656117407539,0.2122469626555647,0.8225090871946712,0.9212403441048951,0.1294762041079661,0.8190139696905752,0.8648245460197199,0.20277750155144467,0.4559747546613087,0.4464414568051895,0.9055490006890661,0.8921693624728931,1.0,0.8708724809636053,0.83152897219129,0.27147738461923876,0.9004571998579681,0.872701405191326,0.861131606664198,0.9073841989290241,0.939537811276464,0.2500403405121613,0.8704168398745985,0.864106191785179,0.2913344048240021,0.30130293258181184,0.16265618995652018,0.24487720020252843,0.18585185071141272,0.25101554453494035,0.23163553100763518,0.2769045894263483,0.20671765583303942,0.3217736101536992,0.9057652998480371,0.24817617930762745,0.8403407824846696,0.2961059429543679,0.8347183309615364,0.22014219433599655,0.174483992910784,0.24155804690234292,0.13150092055976806,0.9615956236738944,0.2418354547009432,0.215173043851211,0.33350841245991847,0.9116367499965303,0.9211700443834865,0.8612275510404974,0.413850667553184,0.3872603660704299,0.7866937505328886,0.21187838710045415,0.21872949555908114,0.2843381753473904,0.8892032260786621,0.9301843370345455,0.2725912158700175
0.9013329497819624,0.8744988644362731,0.17341644084904462,0.8744719996833487,0.9041743562308933,0.14685361078370182,0.8036384083963493,0.8768530464816087,0.14999886937763296,0.45286868149039494,0.421091346018646,0.883365860851127,0.8783756571575434,0.8708724809636053,1.0,0.9368331980637382,0.23484387338210536,0.8878919224983699,0.8778800674530844,0.8787404501508995,0.844017131280018,0.9083428966243895,0.21551128612447182,0.8433682165467633,0.9142610281829573,0.23162706202687589,0.23850589111295584,0.15796980623621093,0.1709191282427125,0.1512866957183247,0.1769307116674707,0.19049659233422425,0.22901894295445607,0.16033024375898025,0.28554896960219683,0.9343322481850906,0.19598938035181607,0.7720609641289135,0.25473072235567046,0.8332006257667407,0.15961003284477407,0.14161524118268268,0.17488203660864526,0.17168970710883177,0.9070074795789601,0.1572748011639575,0.1546345302459212,0.3885622604356521,0.9504801709072759,0.8724388546530534,0.851186756956209,0.33517022530530227,0.3272557822941953,0.9253402668590252,0.21270070708166067,0.16221237660443694,0.27455066045559195,0.8549297827956043,0.9281687182115717,0.22541028036680227
0.8562569466487615,0.8439377090787696,0.30165324570378943,0.8313559801564823,0.8914595164116028,0.18910014681608156,0.8102920283216063,0.8862137815747901,0.2909913144871279,0.5060606113104106,0.5158196640280795,0.8919702455819994,0.809406693076841,0.83152897219129,0.9368331980637382,1.0,0.37122093249540283,0.8945326421665012,0.8644343372791786,0.8273124639300447,0.7994874203341744,0.8855310716161192,0.28365339046334503,0.8136039992262347,0.9182655008050589,0.3112962633701909,0.34528195857556127,0.17731519297285506,0.2536281254768976,0.18187193557427386,0.281977497670337,0.30014825664901856,0.34822678139184066,0.20886615798622232,0.3889501802990879,0.8869556114402088,0.33299137516617805,0.7716055318950681,0.36540176986201184,0.8051922042686588,0.29010594765140946,0.17612246437406426,0.246623058354439,0.19413044636369298,0.8607324999562451,0.2772412324839878,0.1905683293551558,0.4368638864645953,0.885022922881825,0.9011268263802574,0.7977086369227451,0.4235939412452572,0.37416883075840174,0.9689265991584601,0.29307181572269586,0.27272824239732474,0.38249014450072905,0.7969950648679041,0.9043920459593838,0.33496050503413244
0.26738129984066705,0.19117339180645246,0.9422654631962086,0.2519307073814835,0.27762041793268477,0.40815982551554636,0.16460495700624214,0.36703742833029435,0.9486374368877419,0.8514952781303649,0.8212563520088889,0.2584167088730032,0.1397415665038586,0.27147738461923876,0.23484387338210536,0.37122093249540283,1.0,0.2632827667201629,0.2141016939820803,0.16130168883521243,0.15545218800644045,0.24183446444779744,0.8850440803545843,0.18612259623937405,0.3081394636123183,0.9535921072302923,0.9643753529388741,0.19891243020489163,0.9013894679345562,0.3648123832426355,0.926521776856422,0.8967434736754509,0.9880406004751745,0.8061746568407637,0.9331958755659805,0.2226154945510483,0.9910723737867178,0.4429065609145729,0.9352267128334735,0.14234535723430947,0.9384314831025382,0.21098590546101445,0.8745265942305677,0.21025936355252423,0.2131263709084224,0.9184027758287033,0.30447404260927363,0.7904706934393018,0.22897858422479453,0.3798356773846571,0.20398301067362387,0.8703711934292737,0.8856744493650541,0.3735732564455834,0.8923244391849167,0.900888958505476,0.9707242222308465,0.13781232013367753,0.2550964503054158,0.9567826774572696
0.8809577580104968,0.9535978624184457,0.1948624847876069,0.8860314165137856,0.8973688439087045,0.07968366268465317,0.8527291044752229,0.9108762016156803,0.24421378528658394,0.47747504733114265,0.4439422643460362,0.8904955082537225,0.851437023617234,0.9004571998579681,0.8878919224983699,0.8945326421665012,0.2632827667201629,1.0,0.8710134774122764,0.8420678560329723,0.8806767822912539,0.961567854260873,0.21874192653917915,0.8801639187030194,0.8726884179606624,0.27188349757002955,0.28499877716057653,0.10832864468299037,0.2256418130034103,0.14230627536792662,0.2894569566908943,0.2894208723745243,0.27913198249051974,0.18916196476805214,0.3723961096572465,0.9059743989218294,0.22986469057027087,0.8443978440402606,0.3584617337887955,0.8437930971116911,0.19194782047071252,0.12411095171152606,0.2396847446129045,0.09239591535266989,0.9352115052713099,0.19006602430722885,0.19984232567892352,0.3068546312663146,0.8995185026142639,0.8795479746886951,0.8377223480585506,0.3978595097998875,0.3423314160964438,0.8467773418843004,0.22435970244900078,0.22131061964844861,0.2811208216527473,0.8936896976791028,0.9100494082979587,0.27568354100977366
0.886981426581326,0.9144728480964316,0.15738698912785296,0.8495862138095583,0.9480577569345912,0.1301479498067895,0.9327716456294027,0.8598882523607176,0.13841820579939984,0.41563238542498154,0.4201881976379475,0.9306491027203773,0.9759654397460423,0.872701405191326,0.8778800674530844,0.8644343372791786,0.2141016939820803,0.8710134774122764,1.0,0.9814837761804028,0.9639840774577941,0.8902680485280717,0.14337988540260455,0.947430836067179,0.9069260982538223,0.1817735620048329,0.23002669068864257,0.13888680008060345,0.12479653783649532,0.14864785786677773,0.1464335541288607,0.16759540652681051,0.2069331526962443,0.09864250525747084,0.28479432964667484,0.9304614915957634,0.18243373376441963,0.7442758444857799,0.24905598017620284,0.9565582850915932,0.15429900824273246,0.151213396640891,0.1380223869240741,0.14478981263465981,0.9193283995996936,0.159379432354485,0.12605926196059888,0.3645767713331364,0.8629520000191583,0.9018317656353524,0.9574422087571774,0.29281980872117763,0.2944201338168634,0.8169973850783574,0.15841577669358897,0.14872671547973051,0.24569371694621248,0.9574119862938915,0.9386148691616214,0.19330319256401013
0.8964394693911055,0.8921836983121327,0.11524551772930544,0.859767422876366,0.9340975034332164,0.0957301248387352,0.8982256205130688,0.8221192261121362,0.08440941130723123,0.4063728366842767,0.37581646220588416,0.8953267443182646,0.9875741745167528,0.861131606664198,0.8787404501508995,0.8273124639300447,0.16130168883521243,0.8420678560329723,0.9814837761804028,1.0,0.9558087146970085,0.8700043185704345,0.12493058719956482,0.9316252633517044,0.8766919371051245,0.1586987070533875,0.1902931833166366,0.11225542092035741,0.0982990209609515,0.1564662879106704,0.10378721097002867,0.12140371242122776,0.1583218300838107,0.1005894763361033,0.23645283939267853,0.9394983939732164,0.12576764532608586,0.723959315190705,0.19660987993657508,0.9486869876790948,0.10288196918774177,0.11672040879267513,0.12627569885913598,0.13085469877485786,0.904655767686851,0.1105822843740121,0.1104108269182859,0.35200178364351065,0.8477033561624644,0.8664634481990884,0.9649671303777438,0.26248367607067735,0.29118735022244074,0.8007782666516654,0.15404892908534937,0.11380936157565838,0.20794563482632186,0.9565223596866833,0.9163125924566469,0.1497291604483829
0.849068536295485,0.926407025262816,0.09105509724108077,0.8194228554446091,0.922332922247929,0.09914818497714395,0.9046620757838195,0.8454284406812199,0.07965472921432311,0.3569609441273946,0.37120498385393996,0.8980995562473705,0.9760936646994395,0.9073841989290241,0.844017131280018,0.7994874203341744,0.15545218800644045,0.8806767822912539,0.9639840774577941,0.9558087146970085,1.0,0.9168251837375211,0.11726042582761438,0.968856885352694,0.8630299460751552,0.1626149429639455,0.17504712447531065,0.13057254248547148,0.11761014619635561,0.12085527542280719,0.12864709554837497,0.13680123993412807,0.15579250227451924,0.06237192881352636,0.2538030573421695,0.8940612887461377,0.12048278737039068,0.755536635791192,0.21705878229501482,0.9242378095154209,0.0894040725445048,0.1417127279632156,0.10825931523741192,0.1053421252596766,0.9452790326195355,0.10425548949171963,0.14431075465875415,0.32319896500414363,0.8930539433716422,0.8654631067239109,0.9491267752031032,0.28865827326022997,0.28067326260187697,0.7581218435297136,0.11282980874302773,0.08832680982779698,0.1788194340326687,0.975868131278192,0.9076535763632041,0.15621755441912621
0.8533180176922267,0.9406673500731653,0.17847209355032415,0.8249938571536928,0.9192730366308858,0.09602645631918923,0.8488333712584133,0.8947878067693311,0.16563275118599735,0.4456553287515227,0.4676535801297854,0.9057133555493339,0.8948046681311392,0.939537811276464,0.9083428966243895,0.8855310716161192,0.24183446444779744,0.961567854260873,0.8902680485280717,0.8700043185704345,0.9168251837375211,1.0,0.20575137197720603,0.8733189818008361,0.8713252060631183,0.24910745964033518,0.2634178041962346,0.1281765535622767,0.20367177103316822,0.12079669183371551,0.21505245833225653,0.22297716593950953,0.24058081125384004,0.16371918941864755,0.34282750323865224,0.9045612820917011,0.20448349268183552,0.8484676308135096,0.2950702787282464,0.84277679213362,0.17440036790434682,0.13446009385961527,0.19789618153672217,0.0998728692273229,0.9649063994534142,0.19498530172153777,0.1830321967078512,0.32400597571501877,0.9279032944970353,0.8958028829378375,0.8652348425093093,0.3751384924623327,0.37542978108196323,0.8535573287769971,0.20316461250225526,0.17839789720771962,0.2602623870018121,0.8897360722250628,0.9511966685250883,0.2435440902157439
0.21560995590588336,0.14759045183076314,0.9469451599415365,0.20529652392435405,0.21775394007326532,0.46450186264214216,0.09531662079524135,0.29655166475390027,0.8385640638263171,0.8056736841785501,0.7253804818750368,0.148643377199756,0.11947426202874527,0.2500403405121613,0.21551128612447182,0.28365339046334503,0.8850440803545843,0.21874192653917915,0.14337988540260455,0.12493058719956482,0.11726042582761438,0.20575137197720603,1.0,0.1376925678153484,0.20731655667280385,0.9266536876203562,0.8972222429605299,0.2590234337311743,0.96994003813607,0.43272371985731006,0.9045115798359122,0.9182870790065298,0.9021227372415559,0.8929804904337368,0.8498028189310585,0.18550002858939957,0.8943375574003871,0.41938004174276255,0.8392424220112474,0.06574109481821619,0.9382109269137577,0.30037948125131725,0.9564862918767758,0.25680563737270207,0.17963159261232794,0.9271295980818962,0.4132904678849235,0.7723701648457704,0.20357678282876607,0.29083071241614655,0.1843624978472444,0.8247398853592809,0.8650687536033571,0.318651941237036,0.9444819577688885,0.9285981023028287,0.9174115421107347,0.11737533584524062,0.18751710749074074,0.9561715574490751
0.8667412665098345,0.886409837202795,0.1113000553430489,0.8447466250505178,0.8883384294846255,0.09696884192065205,0.859215718249747,0.8773696140938492,0.11157882923406351,0.36463573633358076,0.3365679976561873,0.8895177506966647,0.934680792503799,0.8704168398745985,0.8433682165467633,0.8136039992262347,0.18612259623937405,0.8801639187030194,0.947430836067179,0.9316252633517044,0.968856885352694,0.8733189818008361,0.1376925678153484,1.0,0.8895420385427499,0.19819996325057238,0.17301615292810718,0.12109113354570125,0.1532210466764068,0.15057050515945253,0.16265692838990825,0.16825724444760373,0.18961741315519728,0.021222461721542872,0.2541669381268169,0.8898487000080071,0.15624879067148897,0.7241646249142615,0.24217537447769882,0.8786299152792274,0.10935054745158287,0.13588801618618443,0.1115927484639101,0.11027056226867463,0.9203732434102548,0.09065180747219917,0.17532832597323975,0.31721644530810983,0.8943714058845795,0.8566678245194078,0.9330923381341133,0.32345456140230733,0.23907100113210844,0.7615542228379335,0.13923403499447382,0.08255646156103065,0.21071062166879564,0.9501931872262098,0.8660108010926709,0.17730062530717006
0.9128410954242521,0.8615182983412302,0.23544907913634594,0.8867393102050212,0.9275559934703537,0.16894498016582368,0.8407650332258504,0.9012451819501447,0.23231393724238214,0.4579325567111239,0.4555612733276586,0.962490040656354,0.8584932607842715,0.864106191785179,0.9142610281829573,0.9182655008050589,0.3081394636123183,0.8726884179606624,0.9069260982538223,0.8766919371051245,0.8630299460751552,0.8713252060631183,0.20731655667280385,0.8895420385427499,1.0,0.24655885725499077,0.27737956924908846,0.15534037113373875,0.19275365058780225,0.16299146719141783,0.22373626873073538,0.24530847607809375,0.28879573459312646,0.11569823078564119,0.33756393286594266,0.9377631577295198,0.2760589459729305,0.7225182452341247,0.3282521818056399,0.8563096965292818,0.22920769797867352,0.16237011298799675,0.17271093204071497,0.1678281015047977,0.9183661012506658,0.2102567270262695,0.1919653301893761,0.34296017170167475,0.9293107663167254,0.9587432464796393,0.8847153478275613,0.3539345526292702,0.30413302360386313,0.8857846493014254,0.22181394694202936,0.19991132946522644,0.32577836994716275,0.8545040035699376,0.9355312754409344,0.26960500692223427
0.26746526928896514,0.1871457330002394,0.9134887851994142,0.2572400694285088,0.2507809015862748,0.35268332278984105,0.08968473226406254,0.35987019431467804,0.9063746685649796,0.8601375749057796,0.7697406998837023,0.19000982604728162,0.15184115612394752,0.2913344048240021,0.23162706202687589,0.3112962633701909,0.9535921072302923,0.27188349757002955,0.1817735620048329,0.1586987070533875,0.1626149429639455,0.24910745964033518,0.9266536876203562,0.19819996325057238,0.24655885725499077,1.0,0.9552195192119697,0.18534419326429402,0.9487024685484415,0.3965756254861791,0.9431360424649349,0.8954236377420652,0.9746122817481041,0.8335293028324712,0.91540433961844,0.2189070061545531,0.9507680290360033,0.46343189313036415,0.9129561517012634,0.0958876535782277,0.9042614910459041,0.19360777494802328,0.9192713994313761,0.19137689678916034,0.2212582672449525,0.8832438940865508,0.3358210219709593,0.7926798419270166,0.23312127322472667,0.330618824892546,0.22282677871081052,0.9013170832754767,0.9159487203523364,0.33859461846574673,0.915519111131346,0.8846776283860678,0.947240824607614,0.154588861604595,0.21887547871273877,0.9553987351442508
0.2939460730777945,0.24253267982094462,0.9280934687830869,0.2794665887430143,0.3175826225506798,0.38454763062442704,0.192712281046925,0.35164503540010017,0.9460712457662748,0.8832726570988905,0.8463232364088906,0.25772702167924616,0.1841227244940885,0.30130293258181184,0.23850589111295584,0.34528195857556127,0.9643753529388741,0.28499877716057653,0.23002669068864257,0.1902931833166366,0.17504712447531065,0.2634178041962346,0.8972222429605299,0.17301615292810718,0.27737956924908846,0.9552195192119697,1.0,0.19630587985749984,0.89775505933166,0.3594718650317528,0.936346172196005,0.9057298597698636,0.9790538639104988,0.8825888802731111,0.9578506171800159,0.25780937620430455,0.9674736154671093,0.4725482196386975,0.9448719839885438,0.18996618655973052,0.9330660895247934,0.21369334512842983,0.9227552928036975,0.20226001877080585,0.24071477746187314,0.9352966724248468,0.28589586491724994,0.7935987131714376,0.21669246659534203,0.3832500730279302,0.24187873679224942,0.8523267030397221,0.9306769642188705,0.3593235225402426,0.8789043839850184,0.9368799521345924,0.9488743922679796,0.18777601576750205,0.2858074868717101,0.9593329397926237
0.10739535685847754,0.10366369292238271,0.2040261733764531,0.06739179637168805,0.13179508015332872,0.6545351713743233,0.106633052395956,0.11842658187463755,0.14108078279980435,0.17897342851402936,0.20292173489543436,0.1318145482813485,0.1263325339975485,0.16265618995652018,0.15796980623621093,0.17731519297285506,0.19891243020489163,0.10832864468299037,0.13888680008060345,0.11225542092035741,0.13057254248547148,0.1281765535622767,0.2590234337311743,0.12109113354570125,0.15534037113373875,0.18534419326429402,0.19630587985749984,1.0,0.2037531466037033,0.7639304334937436,0.16264724623785992,0.17170250615059454,0.19385176246862038,0.15150663055029404,0.1711369431480286,0.11521564802810924,0.1893660320559405,0.11203024327361573,0.15154235587353826,0.10261219136053554,0.2042109811357457,0.9692790258445665,0.1772149531837289,0.9864659002148629,0.1370184460371125,0.20665301588173576,0.8401246485337216,0.22303712722687047,0.1689868378771182,0.1715473639257707,0.1259658046181633,0.22166862498588605,0.21150288426678726,0.1642238969214183,0.1666569431391488,0.18814786216478102,0.22826586001674545,0.12117064419203123,0.14112855987932996,0.2192357861570997
0.20615199338443935,0.1380400221800217,0.9559677277408468,0.19778118563311833,0.193424383427443,0.4086705714479349,0.07893419182381223,0.31124035852052356,0.859161840748395,0.7980685516915431,0.714414516175988,0.13815066408498797,0.0949809518816181,0.24487720020252843,0.1709191282427125,0.2536281254768976,0.9013894679345562,0.2256418130034103,0.12479653783649532,0.0982990209609515,0.11761014619635561,0.20367177103316822,0.96994003813607,0.1532210466764068,0.19275365058780225,0.9487024685484415,0.89775505933166,0.2037531466037033,1.0,0.44753059397024336,0.9332096432827827,0.9436608515887667,0.9208542538934446,0.8703452409320057,0.8645062718527964,0.15727052018059384,0.9131566614823206,0.41416722510827164,0.8638349220181002,0.03748451560514904,0.9477842603958182,0.2497527726440149,0.9604170290564085,0.19355928578991968,0.17415077352712954,0.9270080514321389,0.39982445699855473,0.7333549429372852,0.1878560168308155,0.2775223479497916,0.166095181334789,0.8535875811863196,0.8596635978535581,0.277990319201794,0.9570353384453643,0.9249093331176661,0.9258911325683906,0.10344655752257317,0.16190142397522,0.9682633167069182
0.21979257120504564,0.08930334207583436,0.4272790899183597,0.1731882905485418,0.13403456429294283,0.477539094585267,0.08710993707592384,0.16549485894447122,0.3172792261669506,0.33225301865630474,0.24128002160797068,0.12162123789336335,0.1323865407016362,0.18585185071141272,0.1512866957183247,0.18187193557427386,0.3648123832426355,0.14230627536792662,0.14864785786677773,0.1564662879106704,0.12085527542280719,0.12079669183371551,0.43272371985731006,0.15057050515945253,0.16299146719141783,0.3965756254861791,0.3594718650317528,0.7639304334937436,0.44753059397024336,1.0,0.3715419727581232,0.38851026573291425,0.37331343561620317,0.358611575470683,0.30925809661811,0.16795664791964388,0.364970788201527,0.20765781586389093,0.30734570893183083,0.08775351190163382,0.40904171683696083,0.8001200506236008,0.42549240624943196,0.7809426446799205,0.13068925737211676,0.3834200849727981,0.8035660589035485,0.28877719374322625,0.12327861044534338,0.1956911298765543,0.158004152208721,0.3710865303086819,0.3799771283205765,0.17419566698719402,0.4497927263604555,0.39831073026735864,0.43277705007815453,0.12003446052920345,0.12593932834999294,0.420649682087464
0.24765763282529055,0.2312775695085882,0.9132507288775512,0.2883408236573513,0.23310445628393187,0.3620978446362394,0.16199681154685278,0.3315956918139845,0.9656592997807504,0.8339107855005242,0.7476783558071025,0.17306322890458106,0.10174399261811728,0.25101554453494035,0.1769307116674707,0.281977497670337,0.926521776856422,0.2894569566908943,0.1464335541288607,0.10378721097002867,0.12864709554837497,0.21505245833225653,0.9045115798359122,0.16265692838990825,0.22373626873073538,0.9431360424649349,0.936346172196005,0.16264724623785992,0.9332096432827827,0.3715419727581232,1.0,0.9664152080832403,0.9582648228506058,0.8913266036600642,0.9263056126415619,0.18310379373475605,0.9299789303004686,0.4401704953412329,0.9597408012991911,0.1295088701340928,0.9092793954559484,0.19786821491095274,0.9448851933929039,0.1535850655897466,0.18802821520915225,0.8898711946544413,0.32962102201756854,0.741516143540563,0.19843276281788919,0.3058426142715494,0.17040951498358378,0.8518548210594463,0.8596704583356936,0.2978248467103699,0.9047710908969568,0.9388101514150545,0.9267000789958771,0.15984000904542814,0.18631850339920875,0.9671383294099707
0.2592206355554154,0.23137616126644045,0.940249307670323,0.2882531566755723,0.25058120853987903,0.39311213164929204,0.19784576772773624,0.33985736909074377,0.9196340480557013,0.8176062762578239,0.7583997990735794,0.19584732099850408,0.11528881401489124,0.23163553100763518,0.19049659233422425,0.30014825664901856,0.8967434736754509,0.2894208723745243,0.16759540652681051,0.12140371242122776,0.13680123993412807,0.22297716593950953,0.9182870790065298,0.16825724444760373,0.24530847607809375,0.8954236377420652,0.9057298597698636,0.17170250615059454,0.9436608515887667,0.38851026573291425,0.9664152080832403,1.0,0.9233044603197296,0.8976793387089584,0.924257322005173,0.19837996092771565,0.9021560379101234,0.4243795739246267,0.9428992570780727,0.14378912972097502,0.9357865589845507,0.22190498381399268,0.9541638863762927,0.1629603722940828,0.19605238017528165,0.9168140369177614,0.34453391702818503,0.7224223312743343,0.20296855936680766,0.3139871953189461,0.18378281367066696,0.801885291119597,0.8390814174324934,0.31540113062939057,0.9350754117836187,0.957019918287416,0.9238362893722085,0.16248438656065425,0.20785595483476133,0.9689781673266216
0.2791113903917456,0.2102584591088112,0.9370578765758854,0.27354424441586433,0.28069811323137617,0.38603091417867996,0.1565132161449244,0.369433218784823,0.959768748757895,0.8699713003792983,0.8148163104052049,0.23896271373387842,0.14571175197106165,0.2769045894263483,0.22901894295445607,0.34822678139184066,0.9880406004751745,0.27913198249051974,0.2069331526962443,0.1583218300838107,0.15579250227451924,0.24058081125384004,0.9021227372415559,0.18961741315519728,0.28879573459312646,0.9746122817481041,0.9790538639104988,0.19385176246862038,0.9208542538934446,0.37331343561620317,0.9582648228506058,0.9233044603197296,1.0,0.8374884584841457,0.9510865755968692,0.2289817776687994,0.9848100726019948,0.45755349721486605,0.9567083695408567,0.1463723790583656,0.9349313755321758,0.20656311005885725,0.9092672532584597,0.20241441518010306,0.21790607668385734,0.9147412463933629,0.3116601691996365,0.7926933540235981,0.22448236271123134,0.3685431832507729,0.2158973302782326,0.8776265759488094,0.8976222452934113,0.35812136870829797,0.9034138468562336,0.9183585103907808,0.9717601356970675,0.15831072360547863,0.24818001557938824,0.9693634071819937
0.20159948599644198,0.19272351923629036,0.8843963206460197,0.23085867858290438,0.21367205051104002,0.3649535868253364,0.1571322378267916,0.19049838264422395,0.857804747496181,0.7966497979719358,0.7171241877369139,0.09767854533417111,0.1025688385564613,0.20671765583303942,0.16033024375898025,0.20886615798622232,0.8061746568407637,0.18916196476805214,0.09864250525747084,0.1005894763361033,0.06237192881352636,0.16371918941864755,0.8929804904337368,0.021222461721542872,0.11569823078564119,0.8335293028324712,0.8825888802731111,0.15150663055029404,0.8703452409320057,0.358611575470683,0.8913266036600642,0.8976793387089584,0.8374884584841457,1.0,0.829617606238708,0.16271393727992714,0.8172045454180626,0.3909614617994879,0.8313920618743464,0.13538481630067445,0.8791663570196644,0.1898877571381076,0.961919017552628,0.15183120492660776,0.12371069038745426,0.9022489731603921,0.2578998848495208,0.7190951084295907,0.11185613453054355,0.23306371258920094,0.13705139921874657,0.7212545661535309,0.8585511797861247,0.26067719011970986,0.8870891301012186,0.9596331036259065,0.8436784500108321,0.11988382975973162,0.1716045447689466,0.8967737831539295
0.3448634899571309,0.3260459770487348,0.8778151191467943,0.3429674072560875,0.3700005796471082,0.3542744748695398,0.26480246605041247,0.4193428915006331,0.9159519354038241,0.8707147091811182,0.8716540774920659,0.31777653904922004,0.23750760863282752,0.3217736101536992,0.28554896960219683,0.3889501802990879,0.9331958755659805,0.3723961096572465,0.28479432964667484,0.23645283939267853,0.2538030573421695,0.34282750323865224,0.8498028189310585,0.2541669381268169,0.33756393286594266,0.91540433961844,0.9578506171800159,0.1711369431480286,0.8645062718527964,0.30925809661811,0.9263056126415619,0.924257322005173,0.9510865755968692,0.829617606238708,1.0,0.30361839761512177,0.9215741234016251,0.5104658675672651,0.9815256663585814,0.24943988195212027,0.8814706798651443,0.18977937386639931,0.8787877410432383,0.16390578660785657,0.3142909930101507,0.8817413523434567,0.27594000826237436,0.7750733096169798,0.29554169404884184,0.41146312671060564,0.29658158969305004,0.8226156476687502,0.916003594733492,0.4041943375294146,0.8632240648228968,0.8900735574973073,0.9296120835369086,0.26192870047156214,0.3381054084895303,0.9359400112598184
