1.0,0.772563815470712,-0.6793054985637287,0.9004221233602042,0.8042168646481886,-0.1822183213581084,0.6762480035780974,0.6587932055991731,-0.41103817020491046,-0.10542344425304481,-0.1693078825292251,0.7068981449303318,0.7418873593729026,0.6153983963037742,0.7838723049805036,0.6456554376190515,-0.4458024262206406,0.7114246728593867,0.6935243228196125,0.7433404995053486,0.6779337136066985,0.6432922180810126,-0.6236662619188065,0.7001961111064245,0.774080323227794,-0.4350713722074199,-0.4446022072004999,-0.21258820658943672,-0.630040035897573,-0.18672641361277292,-0.4261599747287856,-0.47813394219146754,-0.43159963078338687,-0.4709381120232532,-0.2874488304553126,0.8881746698026008,-0.4686918600191278,0.3770800207209634,-0.3683621274109147,0.765182021716735,-0.6604881109006732,-0.23691553411061217,-0.45596617310435555,-0.16676347325581115,0.7385914088959487,-0.5850527563201152,-0.2415990898444384,-0.3965415364939815,0.7517901377890117,0.6435037446421648,0.682949996274964,-0.26633068414420785,-0.3412661550514905,0.6205387307751012,-0.4678424388390557,-0.5083702745899131,-0.3999332707642752,0.7766633466731717,0.7437589162742437,-0.4492204117851147
0.772563815470712,1.0,-0.7679277620991549,0.79890923180556,0.8742685782182832,-0.1770536076735031,0.8249312562441353,0.7746679885925584,-0.4686435537261217,-0.22033841497630569,-0.11081882844557982,0.8052182997677402,0.8163052270679468,0.7701652030336298,0.7869439309926225,0.7660259509104115,-0.5850131919730402,0.8791251459154757,0.7719645466686015,0.8050689231235688,0.8424127608007822,0.8592572377019361,-0.6876296617136788,0.7560731476481724,0.7642097681951889,-0.5661961716071512,-0.5169111465950261,-0.2556592329800302,-0.7617046453176972,-0.42924366783784357,-0.46672098266329015,-0.5168210970611622,-0.5618806271078608,-0.5884721353843173,-0.31463743826711366,0.9072421827892289,-0.5307619689811726,0.5604687399831298,-0.42884272191971873,0.8490635481185359,-0.7569663220688457,-0.27695575525978444,-0.5522922733667505,-0.2761780300365414,0.8833383470907329,-0.6517876471130386,-0.2848207988681686,-0.40089166963784545,0.8278374772693258,0.7805035043976554,0.7523668958554881,-0.3576189569973527,-0.3753276880776156,0.6167283421800873,-0.6594474078504231,-0.5961227332563381,-0.5703452910122258,0.8774143986474556,0.8425794965492024,-0.5000863680008194
-0.6793054985637287,-0.7679277620991549,1.0,-0.6379032007589485,-0.7054696042998934,-0.11156421724981629,-0.656900537847599,-0.5607535862941391,0.6556777092376477,0.4345001242216955,0.37807420877044334,-0.6347817121394632,-0.72981282030819,-0.6186066907274886,-0.6661061673464566,-0.5221235240694369,0.7089746633788465,-0.7062824404784827,-0.6678053151878375,-0.710187845922909,-0.7687659797112871,-0.6435964230619792,0.7138088542188923,-0.6893582088399683,-0.6672975515367263,0.648203560422936,0.7268738515931161,-0.1859927069505742,0.8232855898180655,0.06348678823705502,0.6449712224400954,0.7045126198508197,0.7287146173565139,0.7895670958772156,0.5414186360857713,-0.7751026102662714,0.6370184720115685,-0.3392100826915848,0.689337717839128,-0.7081960769696993,0.9079546460563737,-0.16474525469782036,0.6879325938786474,-0.17036563556690842,-0.7267847068092697,0.85583717946029,-0.09430248906192736,0.5568429811078957,-0.7278740162109187,-0.5447257412299313,-0.705778389082697,0.4804811126017907,0.5730734659983342,-0.41451822366195373,0.7638017408312716,0.8370508788187419,0.7296965966076676,-0.7462239353767106,-0.7024401422756752,0.7019809714473126
0.9004221233602042,0.79890923180556,-0.6379032007589485,1.0,0.8323899497957262,-0.22376759812820035,0.6971928793595153,0.7709945937919837,-0.46418606351864755,-0.13594904313740983,-0.19267938043264193,0.7898469474495251,0.7628116977465791,0.6410285050249155,0.8210367129934175,0.7070842518763079,-0.48489926397443694,0.7187805913830718,0.7079006701062991,0.7683392931326856,0.7168524636001268,0.6942314365859652,-0.6492167431201727,0.7285463296287797,0.8087127291798508,-0.48320209492044564,-0.40985210010076945,-0.2607853042111412,-0.6731072113617861,-0.2834939670770769,-0.47060530699345976,-0.5197359882097192,-0.4675720159140698,-0.42668914307965417,-0.3449181392840421,0.8943357989603461,-0.5325468918089691,0.46674442534725813,-0.33008031731300225,0.7868003298055185,-0.6827035372539367,-0.2994580779353896,-0.5142970627054504,-0.22003500612455676,0.7880181133826734,-0.5601968431256286,-0.28438650745254535,-0.2962190502493028,0.8402780790142236,0.6530340931481781,0.7012611877166083,-0.336290067272634,-0.3822093173054695,0.6545836657222689,-0.4986049044681664,-0.4764151153681503,-0.43303881749220796,0.8540687834030282,0.7671730248727835,-0.4990654649939003
0.8042168646481886,0.8742685782182832,-0.7054696042998934,0.8323899497957262,1.0,-0.23863651013750603,0.8770788060849227,0.6532158369170645,-0.5176706744879402,-0.15309540478385603,-0.0659599208943952,0.8794059967166327,0.8298265234849687,0.7482321989733338,0.7884429479960156,0.6647420268976055,-0.5068743989727957,0.8100581211134099,0.8787780701469119,0.8436040530059404,0.8363091943118753,0.7789525718315271,-0.6836429206221845,0.7176232858685513,0.8639709951269039,-0.5756666894505764,-0.43162805042072483,-0.19947197347704995,-0.7718844144892083,-0.4262265730271494,-0.5586355444383353,-0.6032150243838397,-0.4883939091727914,-0.5643439784690621,-0.2502949061554529,0.930581821408982,-0.5688612804009254,0.512667524738001,-0.3845014614585108,0.9452802390799626,-0.6933192150339278,-0.22492750715673598,-0.536443165915594,-0.18236735867426004,0.8565434525126043,-0.5800584656682704,-0.3269952195496883,-0.34119688740045334,0.8116336830186015,0.7724497844000124,0.8017980084505247,-0.39166459204830584,-0.37600893194763907,0.6697493316710167,-0.627254497369558,-0.5205473243611909,-0.48915872478019135,0.8507417444636085,0.9538461700635533,-0.5960176842541244
-0.1822183213581084,-0.1770536076735031,-0.11156421724981629,-0.22376759812820035,-0.23863651013750603,1.0,-0.21059366235197383,-0.21825533597391863,-0.14538749167964,-0.3207167140134427,-0.2961766558099757,-0.23599142414463997,-0.2803757841624151,-0.30134791519308746,-0.12748386563488331,-0.08971329755290146,-0.10395251386271012,-0.23553122533845663,-0.19991554925344565,-0.1930394832912309,-0.18089748455894114,-0.18157996288727807,-0.018052444281075927,-0.23412540325135675,-0.10655821493898213,-0.2529257931515349,-0.2449484448593346,0.252140111157652,-0.1466320709705834,0.16340727460433585,-0.13207510362434416,-0.11783193151023807,-0.18394130743158082,-0.13029168302659705,-0.2900786505884917,-0.1706532462246852,-0.14690595550407223,-0.27335106465262426,-0.2943280297695585,-0.21467949130744354,-0.14454573615158758,0.2463818023975953,-0.17090218799045592,0.27680378380798626,-0.23813223893284285,-0.1547419844670201,0.24971361509012283,-0.19246071752942226,-0.1354563781162288,-0.1628636942126051,-0.22020269265239323,-0.17948588056060613,-0.25032527728169435,-0.14883323978344498,-0.13443221562869107,-0.11669072722244667,-0.12948683075312648,-0.2227966316799142,-0.19100210070685858,-0.05252061269566819
0.6762480035780974,0.8249312562441353,-0.656900537847599,0.6971928793595153,0.8770788060849227,-0.21059366235197383,1.0,0.5920350121790628,-0.5777365314833143,-0.28797932336976145,-0.1564263551623032,0.7881340292110811,0.7817963232680203,0.652042031745159,0.6809989463926964,0.5984006009694207,-0.6058954923561761,0.7340964900510485,0.8660333443696718,0.8135872917281194,0.825742171411933,0.7207031226114147,-0.6691721672356409,0.7160598444931564,0.7646293540881266,-0.6968878285720694,-0.5207431884657643,-0.1404682461988297,-0.7636114927375528,-0.3390643786663527,-0.6244018429013842,-0.6081428065909305,-0.5728795803628908,-0.6123432302282006,-0.3503481481520528,0.8088865990115812,-0.6389376246399844,0.407642586944028,-0.46107468686007475,0.9320057428223386,-0.6461104536368477,-0.16698584060421354,-0.5962075079382317,-0.17264186456190234,0.758638848114205,-0.6056215268595826,-0.2573132236673374,-0.3689793005205682,0.7145463346908514,0.7176666963023497,0.7472204817751953,-0.47460277207282,-0.4897754610188695,0.5590368894521818,-0.6941208869197442,-0.540398108070445,-0.5628501976245136,0.8328038968036516,0.848554157714883,-0.60683126342616
0.6587932055991731,0.7746679885925584,-0.5607535862941391,0.7709945937919837,0.6532158369170645,-0.21825533597391863,0.5920350121790628,1.0,-0.30565477937646357,-0.18625692164377544,-0.21496502743933607,0.7366912758854787,0.6271007449703393,0.6202648848953907,0.6896795518302496,0.7095590817270028,-0.40698681914069434,0.7398515665044618,0.5412449572599647,0.5393669026742514,0.6051368369676438,0.6738310790544416,-0.5850152020681636,0.6914713767077327,0.6817460166111851,-0.32783837856039916,-0.36095182931846714,-0.27323707149281273,-0.5315271836007915,-0.425260932231064,-0.3011574829016296,-0.3471752399186199,-0.39550990218035004,-0.4574135377556516,-0.24220804601006002,0.6871674840353666,-0.31838980801125716,0.5628006589552292,-0.22033883374523172,0.5965113124915129,-0.5315248266407047,-0.2594782589639996,-0.49429276383437193,-0.29950379389798987,0.7382111620142673,-0.4278085094756105,-0.27527867332215344,-0.2902695692534104,0.7547687455071376,0.5781540927414499,0.5049628207878895,-0.36475295004144614,-0.5219999828639632,0.5447149469154422,-0.5051843716395527,-0.4586174775219337,-0.39753342995586494,0.692354867981296,0.6352543382442704,-0.35727384684703384
-0.41103817020491046,-0.4686435537261217,0.6556777092376477,-0.46418606351864755,-0.5176706744879402,-0.14538749167964,-0.5777365314833143,-0.30565477937646357,1.0,0.715143539478874,0.44680022845607875,-0.5715209374375577,-0.6786083379653733,-0.4719848437569324,-0.5425520752360565,-0.3626894694899035,0.8593439759445813,-0.41438609245336594,-0.631909122689806,-0.6426457073429661,-0.651370437763814,-0.5176364826124835,0.5576244556293896,-0.5834430042304113,-0.5322563011905322,0.8390186353463364,0.8501318256995605,-0.23619783998409138,0.6546462609087007,-0.08828643672580738,0.9664976376941912,0.8932570149664892,0.9177258981238522,0.7632808585996097,0.7821586965730458,-0.5392218742189603,0.9250481941287367,-0.10134555642277357,0.8517844746298591,-0.5788330573533946,0.6583249130088553,-0.258353086072011,0.795032196050439,-0.22617880159673476,-0.6249258411450207,0.7446823055068801,-0.24046586351069718,0.572331541919534,-0.5902186295735226,-0.3901372958936364,-0.5700898435106605,0.6595631445940139,0.6820586807967289,-0.33921932382407693,0.7566335886254544,0.7775906340911757,0.821049314044582,-0.6255413498604686,-0.5816242465500696,0.8898572202126103
-0.10542344425304481,-0.22033841497630569,0.4345001242216955,-0.13594904313740983,-0.15309540478385603,-0.3207167140134427,-0.28797932336976145,-0.18625692164377544,0.715143539478874,1.0,0.6134906802247803,-0.31783199686470365,-0.2963689137012773,-0.16554944140217842,-0.1991771769968605,-0.21091893323248198,0.6390577761982024,-0.11286356231901891,-0.2772938220702549,-0.2546853995326724,-0.33074890064128726,-0.20792743894071494,0.38692344308672977,-0.331738668995352,-0.2770223061378133,0.6654853355337924,0.6595510715338483,-0.36688062530682947,0.4583681255037493,-0.24004970680151927,0.6842189767476187,0.6265262563160223,0.712586700182767,0.6227986165491521,0.6796177366095844,-0.18043060452702603,0.6492807916719676,0.015850262649190837,0.6608071179806873,-0.23515518723173917,0.41168586422652986,-0.4011013025946051,0.6990914687573089,-0.31812746207873543,-0.32446933155347957,0.5222898136280826,-0.3934676684005708,0.5067806236956687,-0.3339033501853029,-0.1414476135747334,-0.17254284413161622,0.6906429657141306,0.6667593719345517,-0.1482600498108126,0.6352702423980887,0.5894842005800386,0.6343445906861727,-0.30445559509362474,-0.23312488623603977,0.6039743590892414
-0.1693078825292251,-0.11081882844557982,0.37807420877044334,-0.19267938043264193,-0.0659599208943952,-0.2961766558099757,-0.1564263551623032,-0.21496502743933607,0.44680022845607875,0.6134906802247803,1.0,-0.0764830883039052,-0.12644421439415815,-0.1477657752027785,-0.13342850849702934,-0.0042247910019902885,0.4800118408956425,-0.05256812552387049,-0.1071333780886726,-0.15379327050608643,-0.19971764855926466,-0.024206197258129666,0.16022488455312217,-0.191170328837266,-0.13256626203397412,0.452102266591197,0.5282775051302888,-0.31220759833770273,0.28047989164231885,-0.39815457710076674,0.390484892102423,0.3711582285096697,0.4975603617784832,0.3473190040396403,0.6711874413023231,-0.13764436017413428,0.43452127396634965,-0.14598859882179688,0.5729241263793978,-0.12482151766176401,0.3405564959565383,-0.3135047390635394,0.37099276751473603,-0.30407668468261784,-0.08382076562232947,0.4415782455492982,-0.40947114051451494,0.39231763985374546,-0.21658525580717125,0.04242831080239995,-0.13355709366756952,0.5953762539659048,0.6340907923220629,0.12803224941689925,0.3820925733996971,0.4156310451777149,0.48192418245224317,-0.2126392896437302,-0.07248346722129888,0.3739256303717802
0.7068981449303318,0.8052182997677402,-0.6347817121394632,0.7898469474495251,0.8794059967166327,-0.23599142414463997,0.7881340292110811,0.7366912758854787,-0.5715209374375577,-0.31783199686470365,-0.0764830883039052,1.0,0.8228815147829603,0.7666227275161115,0.729033290988475,0.662552643622151,-0.5608309881277759,0.7175828049134704,0.8000990308966172,0.7363266246945834,0.7612313037217665,0.7127534100996734,-0.7723261898535214,0.7512338197627006,0.8535189743723498,-0.5542165896647522,-0.44751202844281296,-0.2064693840664522,-0.7386151560574329,-0.46736178153513863,-0.6243539314494618,-0.6560598114437093,-0.5683419930237305,-0.6223372680943142,-0.3627870523736736,0.8149981314583024,-0.5367702938497374,0.39885552063434965,-0.38745200663224033,0.8331761846592638,-0.5801419562842876,-0.18082274862667522,-0.6948048899056358,-0.20498977011691677,0.8985161509483138,-0.4879195454817816,-0.3345050303853141,-0.4418118191553556,0.8361487621905794,0.7173155320597974,0.6830760663010714,-0.42975691686200534,-0.5087118107356441,0.6001988220145897,-0.708544637436444,-0.5591161586902486,-0.5418082661921215,0.7913889272556653,0.8981745450999259,-0.6693969705933446
0.7418873593729026,0.8163052270679468,-0.72981282030819,0.7628116977465791,0.8298265234849687,-0.2803757841624151,0.7817963232680203,0.6271007449703393,-0.6786083379653733,-0.2963689137012773,-0.12644421439415815,0.8228815147829603,1.0,0.7994889362361376,0.7629305173793017,0.6125843231759663,-0.6801677965124655,0.7437896922162288,0.8593132806720453,0.9066537469724956,0.8726554800633405,0.7602012951347692,-0.6788613036298248,0.852724960724322,0.7183879582111018,-0.5353302196540353,-0.613497678994768,-0.21793024967164015,-0.6582708807518312,-0.31019798101060075,-0.6844930230283113,-0.732006503595616,-0.6740793777253613,-0.6689644385864523,-0.44049621036315756,0.8651241702636359,-0.6376766924877726,0.4441036882372639,-0.5740586376021385,0.8621204224917338,-0.7094042018832961,-0.21132801080777414,-0.6260256983557488,-0.23412006557354542,0.9111833172119672,-0.6756824441133784,-0.2808054412881308,-0.3416269230561648,0.7745339928067212,0.671230699380231,0.8442795219244248,-0.42241912746417787,-0.4082111103154581,0.5836096931364757,-0.6628673969542895,-0.7094621829449189,-0.632187570688199,0.8995503070730212,0.821901128089183,-0.7206773701550268
0.6153983963037742,0.7701652030336298,-0.6186066907274886,0.6410285050249155,0.7482321989733338,-0.30134791519308746,0.652042031745159,0.6202648848953907,-0.4719848437569324,-0.16554944140217842,-0.1477657752027785,0.7666227275161115,0.7994889362361376,1.0,0.668316849468035,0.5415341658376729,-0.4714073688341413,0.7121619178873738,0.6861519152969084,0.6852101662896516,0.7683994791570387,0.7207509313945681,-0.5342133385602587,0.706570698325598,0.6726239053726809,-0.331878433046352,-0.4530390967778626,-0.2828235493884958,-0.519590363616751,-0.405233650803848,-0.4487577221881164,-0.5133361877777245,-0.4797372320575749,-0.5281178946489551,-0.3849483171840144,0.7392595138825067,-0.4070584170740695,0.5371155107916834,-0.40176893142715364,0.6817257737375609,-0.5691695273327423,-0.26326993036752516,-0.4620199947419198,-0.3209048387481217,0.8681724574937334,-0.47170314004661335,-0.31683946865149487,-0.29155931193517726,0.7692499861686191,0.6889451519865345,0.6788873303604693,-0.20075688261416108,-0.2620753953167641,0.4581288293092888,-0.5376072783066836,-0.534961180224499,-0.5257561068017682,0.74631701203308,0.7686759279795602,-0.5055437230316243
0.7838723049805036,0.7869439309926225,-0.6661061673464566,0.8210367129934175,0.7884429479960156,-0.12748386563488331,0.6809989463926964,0.6896795518302496,-0.5425520752360565,-0.1991771769968605,-0.13342850849702934,0.729033290988475,0.7629305173793017,0.668316849468035,1.0,0.8250068662858933,-0.41156850654443033,0.7686399463456434,0.8030363746142939,0.8220428818562009,0.7851745531371893,0.8462690559407676,-0.49964448202710016,0.7280384512403145,0.8680291847850448,-0.49208502411577965,-0.5329276887754506,-0.1592842046563171,-0.7061435063468207,-0.2667258999797478,-0.5391678101957208,-0.6034800306533217,-0.4961304400909845,-0.5385279961676861,-0.40517027723054033,0.8535278405438653,-0.5074016108186028,0.46097537898181057,-0.4531879942172209,0.7496025020835784,-0.7101355258597104,-0.2094730183279832,-0.5713145530223097,-0.11831873891069158,0.7677395544540824,-0.6211688663933286,-0.1876648992098658,-0.19826309247475615,0.8789199225184976,0.7270508644587961,0.7635871062700376,-0.24790533641479612,-0.3100140683059342,0.7961066952082569,-0.5149370411367573,-0.5780186041463476,-0.4122041115071607,0.7705458540667226,0.8496820194375048,-0.5516554697441791
0.6456554376190515,0.7660259509104115,-0.5221235240694369,0.7070842518763079,0.6647420268976055,-0.08971329755290146,0.5984006009694207,0.7095590817270028,-0.3626894694899035,-0.21091893323248198,-0.0042247910019902885,0.662552643622151,0.6125843231759663,0.5415341658376729,0.8250068662858933,1.0,-0.3396137051298326,0.7417572426147465,0.6520062742182258,0.6802413998663998,0.6309277938125738,0.8107680028848108,-0.540324006669671,0.6704212069164184,0.7316803986348188,-0.4623930917457083,-0.43078728307953373,-0.2447696819475941,-0.6238294580749826,-0.3464889954743501,-0.3835816403449109,-0.42352297625160873,-0.38584741174518056,-0.4785471469283039,-0.3199592333114572,0.719132079775566,-0.4022004526512498,0.42127755974339187,-0.3286382581741975,0.6350107824119637,-0.6124367896341141,-0.2929783267917592,-0.5543530647588008,-0.2245970006148294,0.6721560944030273,-0.5220699228997516,-0.2487298580161356,-0.15920716355193226,0.7244333664118385,0.7360701437644699,0.5416999147463889,-0.1829544272033067,-0.2805395639526995,0.8738970780438313,-0.4417206171295171,-0.4764850934440991,-0.33463713451754595,0.6579751961311764,0.6644567753627895,-0.37854541946083853
-0.4458024262206406,-0.5850131919730402,0.7089746633788465,-0.48489926397443694,-0.5068743989727957,-0.10395251386271012,-0.6058954923561761,-0.40698681914069434,0.8593439759445813,0.6390577761982024,0.4800118408956425,-0.5608309881277759,-0.6801677965124655,-0.4714073688341413,-0.41156850654443033,-0.3396137051298326,1.0,-0.4932429282015051,-0.5103017917208036,-0.5890051047921652,-0.581813456503546,-0.4633802788541975,0.6368384397049153,-0.5700703771634106,-0.38430460915264386,0.8083140088038144,0.8024661282814384,-0.10749235031065159,0.6296195715875565,-0.035680901195289806,0.8300963437416895,0.7418430023487427,0.9432611013599308,0.6972790361640568,0.7307692348222529,-0.5785413798810628,0.8586871686457831,-0.15779116139932592,0.808920291837713,-0.5752974202746695,0.6426341967712754,-0.15935758951968412,0.6955351697434979,-0.09867121244194418,-0.6193884479365389,0.741376406169014,-0.1627513480654654,0.6884556628017775,-0.49367067655161617,-0.32721544246815737,-0.5175300892109376,0.7066273256969239,0.731381160742704,-0.2213282287167218,0.7684812940442629,0.7579206789555576,0.87543801114159,-0.6528888820521489,-0.4821547808256298,0.7818733341073181
0.7114246728593867,0.8791251459154757,-0.7062824404784827,0.7187805913830718,0.8100581211134099,-0.23553122533845663,0.7340964900510485,0.7398515665044618,-0.41438609245336594,-0.11286356231901891,-0.05256812552387049,0.7175828049134704,0.7437896922162288,0.7121619178873738,0.7686399463456434,0.7417572426147465,-0.4932429282015051,1.0,0.7209425755586754,0.7256182852972571,0.7860764727479056,0.917423841032522,-0.6059796715226151,0.7645506494111826,0.6854730229128966,-0.4160894958647014,-0.4435178058089789,-0.2248173977172085,-0.6069903589409111,-0.3754728184675854,-0.39491741933437774,-0.4555043092992954,-0.4227579618584916,-0.5498731627650362,-0.19105080410010028,0.7938028172961701,-0.48216683707427643,0.6468681982710384,-0.3386019282152244,0.7591361035728086,-0.6775599242807671,-0.2533762474120165,-0.4282773862763244,-0.2611144419730743,0.8111927500638647,-0.6026805846697665,-0.22479334350847718,-0.3401369100020546,0.7558487964055368,0.6511130945556878,0.6992800254212697,-0.20798895818097357,-0.30526099974782706,0.6697948215439394,-0.5257656722857844,-0.5608867768759025,-0.4582858611229602,0.7883918618428218,0.7723694047515997,-0.49375018407146243
0.6935243228196125,0.7719645466686015,-0.6678053151878375,0.7079006701062991,0.8787780701469119,-0.19991554925344565,0.8660333443696718,0.5412449572599647,-0.631909122689806,-0.2772938220702549,-0.1071333780886726,0.8000990308966172,0.8593132806720453,0.6861519152969084,0.8030363746142939,0.6520062742182258,-0.5103017917208036,0.7209425755586754,1.0,0.952045611911237,0.9169141535428433,0.800650481896327,-0.6720682108380188,0.8362496072509813,0.8381571499314433,-0.6408649501686987,-0.5812056557278974,-0.11806718977504638,-0.7530707431280284,-0.27812707181595386,-0.6721588858205954,-0.7203985812932008,-0.5300190968008527,-0.7105443399076357,-0.37614361760469023,0.8066412787918077,-0.6326922984078859,0.3882343794781637,-0.5190336214498731,0.9326647425892493,-0.7164355583237884,-0.179676831637851,-0.6594511303158436,-0.12846306664378865,0.7794475354080904,-0.6945142799595622,-0.23074077898255382,-0.2776432102380394,0.7707935168657947,0.7869887294552413,0.859528357546257,-0.3639674682406008,-0.39065131695329225,0.6570805240439146,-0.6348376409368559,-0.669743953380651,-0.4846497913168092,0.8082353803502393,0.9145912420138742,-0.730607988752698
0.7433404995053486,0.8050689231235688,-0.710187845922909,0.7683392931326856,0.8436040530059404,-0.1930394832912309,0.8135872917281194,0.5393669026742514,-0.6426457073429661,-0.2546853995326724,-0.15379327050608643,0.7363266246945834,0.9066537469724956,0.6852101662896516,0.8220428818562009,0.6802413998663998,-0.5890051047921652,0.7256182852972571,0.952045611911237,1.0,0.9086248724211028,0.8079568153811694,-0.6552476041780954,0.8477303588287587,0.7642075928258841,-0.6319714207327449,-0.6232275875076696,-0.18223647006416127,-0.737869709912804,-0.2224325427951853,-0.6616182824798015,-0.7092057433477933,-0.5849001987428916,-0.6602565988887463,-0.43452095094322224,0.8598904809149819,-0.6646218263772885,0.4127333160512265,-0.5755647194726021,0.9048485125169362,-0.786995092815677,-0.25293768265719946,-0.6146555975517003,-0.1702628295940332,0.7850625488881492,-0.7617230549254927,-0.22550146254885783,-0.26263520422366526,0.7566052519896045,0.7599423342035048,0.8863109815669148,-0.3620874755260972,-0.3429993294044353,0.6576545105751606,-0.583722331507629,-0.7011400414655333,-0.5302423041905818,0.8550899712331745,0.8454522762229857,-0.711930607450131
0.6779337136066985,0.8424127608007822,-0.7687659797112871,0.7168524636001268,0.8363091943118753,-0.18089748455894114,0.825742171411933,0.6051368369676438,-0.651370437763814,-0.33074890064128726,-0.19971764855926466,0.7612313037217665,0.8726554800633405,0.7683994791570387,0.7851745531371893,0.6309277938125738,-0.581813456503546,0.7860764727479056,0.9169141535428433,0.9086248724211028,1.0,0.8482433130670536,-0.618756922944079,0.8635187838762715,0.796669089946362,-0.6052462299613721,-0.6357244388262282,-0.10653704077413825,-0.7153900567661513,-0.29163736451876987,-0.6189348411156474,-0.6910707586955374,-0.6109713082703735,-0.720936813682339,-0.4061822328284963,0.7972858790465478,-0.6327654128175948,0.46715160615578116,-0.5343624635867477,0.8754372700360287,-0.7809849793723918,-0.16379102742008447,-0.6461577239365968,-0.17618016926410174,0.8513294679210205,-0.7474767695410759,-0.15488665421046294,-0.34363497150212086,0.871981676176793,0.7294333777425175,0.8939231388274077,-0.33202640780535325,-0.390073720054186,0.5554788010777735,-0.681495238819038,-0.7278879154433748,-0.5990801860685722,0.8980509279515327,0.8684771118838682,-0.6980019410239269
0.6432922180810126,0.8592572377019361,-0.6435964230619792,0.6942314365859652,0.7789525718315271,-0.18157996288727807,0.7207031226114147,0.6738310790544416,-0.5176364826124835,-0.20792743894071494,-0.024206197258129666,0.7127534100996734,0.7602012951347692,0.7207509313945681,0.8462690559407676,0.8107680028848108,-0.4633802788541975,0.917423841032522,0.800650481896327,0.8079568153811694,0.8482433130670536,1.0,-0.5866691905748889,0.7801443818714793,0.7248950434498165,-0.4818875879394435,-0.4963725961226581,-0.20604069715276507,-0.6540386193860637,-0.3511269991674904,-0.4933187954043907,-0.5596582051313362,-0.45545384582026005,-0.5786709288611892,-0.27729901241564353,0.7623323768264332,-0.5504624897816783,0.596437481084888,-0.3986097627102162,0.7444724919069797,-0.7250061953413887,-0.268991196249774,-0.5169348679391181,-0.24106582890744005,0.8317268402073029,-0.6282863883336122,-0.19719212435259936,-0.2675244638484434,0.8073239757815761,0.7445441002547681,0.7316431613392453,-0.18493642255533302,-0.22735391864457127,0.7361734247627099,-0.5264265112618534,-0.5856462209329312,-0.4423167739635809,0.7837730621575328,0.8087692894913918,-0.5591010386463526
-0.6236662619188065,-0.6876296617136788,0.7138088542188923,-0.6492167431201727,-0.6836429206221845,-0.018052444281075927,-0.6691721672356409,-0.5850152020681636,0.5576244556293896,0.38692344308672977,0.16022488455312217,-0.7723261898535214,-0.6788613036298248,-0.5342133385602587,-0.49964448202710016,-0.540324006669671,0.6368384397049153,-0.6059796715226151,-0.6720682108380188,-0.6552476041780954,-0.618756922944079,-0.5866691905748889,1.0,-0.6878152179609479,-0.6038638195775107,0.6259114284567346,0.5312032460093834,0.017084816749454272,0.7679224647610599,0.16734528358062284,0.6373893823329284,0.6531109813455866,0.5837495712315887,0.7185287390520018,0.4316520558918757,-0.6510754936821812,0.5872427741679601,-0.24997612871298988,0.5145156300528386,-0.6961469748217061,0.732642059257915,0.022465913086596727,0.714601335886411,0.016060549907438652,-0.7002629307286186,0.6338876065367247,0.15703871651457205,0.5897901885654445,-0.570047870476684,-0.5822271635955105,-0.5184749295853803,0.4811756509480932,0.5529117763539657,-0.42803021400104696,0.7036707795772812,0.6746437517789733,0.5673946837213346,-0.6233192407375253,-0.660421020796415,0.700326631337351
0.7001961111064245,0.7560731476481724,-0.6893582088399683,0.7285463296287797,0.7176232858685513,-0.23412540325135675,0.7160598444931564,0.6914713767077327,-0.5834430042304113,-0.331738668995352,-0.191170328837266,0.7512338197627006,0.852724960724322,0.706570698325598,0.7280384512403145,0.6704212069164184,-0.5700703771634106,0.7645506494111826,0.8362496072509813,0.8477303588287587,0.8635187838762715,0.7801443818714793,-0.6878152179609479,1.0,0.7372418885754389,-0.4899085135186579,-0.6512547753962247,-0.1903538084053883,-0.5745501983873729,-0.24082034328813112,-0.567825081761929,-0.6269768748186938,-0.5333519070754065,-0.7444130300875659,-0.4307318507533945,0.7225303942683933,-0.5890280162985506,0.3812053742677705,-0.5086108706879687,0.7612776822393171,-0.7186830032456185,-0.22841552376590135,-0.6557169665012861,-0.25110188821824697,0.8202210548108877,-0.7317949476438418,-0.16090492917091304,-0.3395932574807223,0.7910326157428809,0.6916343150682771,0.7622396015472812,-0.25695802211292995,-0.4539466165804664,0.5910371359624514,-0.5752015275728419,-0.7658691873407376,-0.5071243408810402,0.8181171145796486,0.715408185856665,-0.6806669821331652
0.774080323227794,0.7642097681951889,-0.6672975515367263,0.8087127291798508,0.8639709951269039,-0.10655821493898213,0.7646293540881266,0.6817460166111851,-0.5322563011905322,-0.2770223061378133,-0.13256626203397412,0.8535189743723498,0.7183879582111018,0.6726239053726809,0.8680291847850448,0.7316803986348188,-0.38430460915264386,0.6854730229128966,0.8381571499314433,0.7642075928258841,0.796669089946362,0.7248950434498165,-0.6038638195775107,0.7372418885754389,1.0,-0.5715134905508247,-0.5011394174462056,-0.09366681160852114,-0.7554370008965958,-0.35249853904682116,-0.5607415077115007,-0.6179777427581998,-0.47894228784653,-0.6286812946442514,-0.37608329343515606,0.8353091069199451,-0.5095020616463964,0.3508122716389651,-0.4050086083983137,0.8241803076294975,-0.6653436097779714,-0.1265897780117673,-0.6794676888108935,-0.08244706193642352,0.7880417394483655,-0.5785136398451163,-0.20511130848010253,-0.29426671215115163,0.9118089143214052,0.8242179888803053,0.7666873270241215,-0.3206316449396637,-0.4544491670446438,0.7305106313367895,-0.6234330960384445,-0.5632304510626176,-0.45134993196756606,0.7660121992858717,0.9107308355893045,-0.5740531907625933
-0.4350713722074199,-0.5661961716071512,0.648203560422936,-0.48320209492044564,-0.5756666894505764,-0.2529257931515349,-0.6968878285720694,-0.32783837856039916,0.8390186353463364,0.6654853355337924,0.452102266591197,-0.5542165896647522,-0.5353302196540353,-0.331878433046352,-0.49208502411577965,-0.4623930917457083,0.8083140088038144,-0.4160894958647014,-0.6408649501686987,-0.6319714207327449,-0.6052462299613721,-0.4818875879394435,0.6259114284567346,-0.4899085135186579,-0.5715134905508247,1.0,0.7779088404902879,-0.24576555366998862,0.8042011294473781,-0.05869830334580557,0.8544991114522841,0.7614376876363094,0.8387292717733015,0.7244637630231885,0.71597354595231,-0.5808103626629354,0.8949176407278319,-0.08602430163149913,0.7758217005049923,-0.678437545459566,0.6767753029362026,-0.23071104835445957,0.8000600493465333,-0.25710522422727855,-0.4994880306432944,0.7575484050139208,-0.20911210857137638,0.5853151130379206,-0.5222342645434199,-0.5021537102545535,-0.5102338436467833,0.7235254218997724,0.7351321202814184,-0.36214814563350095,0.7862815692547434,0.6797973389173637,0.7705294592497005,-0.6020640265349428,-0.5892742095584904,0.7513583871940706
-0.4446022072004999,-0.5169111465950261,0.7268738515931161,-0.40985210010076945,-0.43162805042072483,-0.2449484448593346,-0.5207431884657643,-0.36095182931846714,0.8501318256995605,0.6595510715338483,0.5282775051302888,-0.44751202844281296,-0.613497678994768,-0.4530390967778626,-0.5329276887754506,-0.43078728307953373,0.8024661282814384,-0.4435178058089789,-0.5812056557278974,-0.6232275875076696,-0.6357244388262282,-0.4963725961226581,0.5312032460093834,-0.6512547753962247,-0.5011394174462056,0.7779088404902879,1.0,-0.21049633237804813,0.579488861939559,-0.16003900093605386,0.8033724269624811,0.7401079468381351,0.8685246620075375,0.831232549947946,0.7852603001068176,-0.5218147192126081,0.7782478546091797,-0.10010471172784144,0.9166107974231281,-0.503710450414107,0.7177098722282811,-0.23048014206524609,0.7505036167850405,-0.19239943407249946,-0.5480333317921954,0.8381432994881873,-0.3059419955852837,0.5854721266828424,-0.5501122842296996,-0.43309185069267064,-0.5469183162360876,0.5649907482055012,0.7254060899546189,-0.3104511519150289,0.6812501276318409,0.8740794479437966,0.7709772277610398,-0.5488341976179106,-0.48863164166315576,0.7557858185966236
-0.21258820658943672,-0.2556592329800302,-0.1859927069505742,-0.2607853042111412,-0.19947197347704995,0.252140111157652,-0.1404682461988297,-0.27323707149281273,-0.23619783998409138,-0.36688062530682947,-0.31220759833770273,-0.2064693840664522,-0.21793024967164015,-0.2828235493884958,-0.1592842046563171,-0.2447696819475941,-0.10749235031065159,-0.2248173977172085,-0.11806718977504638,-0.18223647006416127,-0.10653704077413825,-0.20604069715276507,0.017084816749454272,-0.1903538084053883,-0.09366681160852114,-0.24576555366998862,-0.21049633237804813,1.0,-0.18012093365005263,0.7035142818558139,-0.24604539864097247,-0.2835035761493126,-0.17407878532463295,-0.23059259291705175,-0.24497393344620297,-0.20708023544457763,-0.23236306309887303,-0.2596592317166422,-0.2577201450230152,-0.12454398813576606,-0.13158491398892086,0.9704251933199528,-0.2507167374548548,0.9678097498883886,-0.215719570503991,-0.19602907271006215,0.8289082695461973,-0.1470608601613726,-0.12362684190286952,-0.25707094941986086,-0.16581579786664294,-0.21777639529062412,-0.2947150411981555,-0.20336656176105944,-0.241847169137424,-0.1694124240339276,-0.12997556354879422,-0.14146460466725336,-0.1484438938187299,-0.22117670998860023
-0.630040035897573,-0.7617046453176972,0.8232855898180655,-0.6731072113617861,-0.7718844144892083,-0.1466320709705834,-0.7636114927375528,-0.5315271836007915,0.6546462609087007,0.4583681255037493,0.28047989164231885,-0.7386151560574329,-0.6582708807518312,-0.519590363616751,-0.7061435063468207,-0.6238294580749826,0.6296195715875565,-0.6069903589409111,-0.7530707431280284,-0.737869709912804,-0.7153900567661513,-0.6540386193860637,0.7679224647610599,-0.5745501983873729,-0.7554370008965958,0.8042011294473781,0.579488861939559,-0.18012093365005263,1.0,0.14331817929752583,0.717976411569144,0.7525932445428707,0.667497339817315,0.6966472874491854,0.5261193845082786,-0.778638292870467,0.6946018859764812,-0.2801532798608279,0.5840156976234565,-0.8035888055459873,0.8244183707933592,-0.12471493847520201,0.7744949123334346,-0.20806098821844624,-0.6748254216337715,0.7348137174631295,0.013610459604801606,0.4684783840346481,-0.7115556849135667,-0.655877667284116,-0.6420571586388844,0.5575724143148808,0.5552996745548286,-0.5353310609813566,0.8100227624809933,0.6601272213753517,0.6384957832408596,-0.7232682680309089,-0.7950023325227409,0.712819323232919
-0.18672641361277292,-0.42924366783784357,0.06348678823705502,-0.2834939670770769,-0.4262265730271494,0.16340727460433585,-0.3390643786663527,-0.425260932231064,-0.08828643672580738,-0.24004970680151927,-0.39815457710076674,-0.46736178153513863,-0.31019798101060075,-0.405233650803848,-0.2667258999797478,-0.3464889954743501,-0.035680901195289806,-0.3754728184675854,-0.27812707181595386,-0.2224325427951853,-0.29163736451876987,-0.3511269991674904,0.16734528358062284,-0.24082034328813112,-0.35249853904682116,-0.05869830334580557,-0.16003900093605386,0.7035142818558139,0.14331817929752583,1.0,-0.04163731558579753,-0.0418654221851966,-0.03595512134835134,0.032327388121236,-0.2463647474139377,-0.3299746753767935,-0.11293337205352509,-0.2884600929449795,-0.2227449815629856,-0.32403576790797783,0.048942649106919534,0.6821882998096178,0.045649326346848686,0.7169116669621293,-0.4235050437204424,-0.08525612777568851,0.813730108501803,-0.043284459346769846,-0.3509229497636194,-0.41193128242561594,-0.27760212674485657,-0.09662452929564147,-0.09674816432991717,-0.3035072388703651,0.12993531865023486,-0.024327185888297763,0.06402728422325443,-0.29593519437587845,-0.4137957325633246,-0.0010540064372874468
-0.4261599747287856,-0.46672098266329015,0.6449712224400954,-0.47060530699345976,-0.5586355444383353,-0.13207510362434416,-0.6244018429013842,-0.3011574829016296,0.9664976376941912,0.6842189767476187,0.390484892102423,-0.6243539314494618,-0.6844930230283113,-0.4487577221881164,-0.5391678101957208,-0.3835816403449109,0.8300963437416895,-0.39491741933437774,-0.6721588858205954,-0.6616182824798015,-0.6189348411156474,-0.4933187954043907,0.6373893823329284,-0.567825081761929,-0.5607415077115007,0.8544991114522841,0.8033724269624811,-0.24604539864097247,0.717976411569144,-0.04163731558579753,1.0,0.9325712107776605,0.8813282915652156,0.7903482890476672,0.751352973833863,-0.5615204786322235,0.9001044859614007,-0.07687843909096984,0.8272388890570568,-0.6283006869716271,0.649876820722268,-0.25556443141867263,0.8438784865129811,-0.2630473291338065,-0.6115390010138626,0.7378349262898635,-0.15949546558000896,0.5546008411996198,-0.5506438148123306,-0.42869090708147095,-0.5560328939422411,0.6878832968955109,0.6934539879771237,-0.3799452245976026,0.7966773753045885,0.7739240656997673,0.798546756424036,-0.6008350949864789,-0.6184528965009986,0.9320914187878433
-0.47813394219146754,-0.5168210970611622,0.7045126198508197,-0.5197359882097192,-0.6032150243838397,-0.11783193151023807,-0.6081428065909305,-0.3471752399186199,0.8932570149664892,0.6265262563160223,0.3711582285096697,-0.6560598114437093,-0.732006503595616,-0.5133361877777245,-0.6034800306533217,-0.42352297625160873,0.7418430023487427,-0.4555043092992954,-0.7203985812932008,-0.7092057433477933,-0.6910707586955374,-0.5596582051313362,0.6531109813455866,-0.6269768748186938,-0.6179777427581998,0.7614376876363094,0.7401079468381351,-0.2835035761493126,0.7525932445428707,-0.0418654221851966,0.9325712107776605,1.0,0.8008561837804891,0.8411773542722674,0.7146717887846433,-0.6089961020090422,0.8256741108014637,-0.14808085201226784,0.7857107087908954,-0.6698719456379687,0.7110841873397041,-0.2584126566560488,0.8838566153839993,-0.2914186827704989,-0.6702279902352126,0.7974850438073512,-0.1744041335358732,0.4762676544080907,-0.627058947584225,-0.4596713742044297,-0.6183048140557525,0.5847049815803984,0.6214594502405977,-0.4250128599957218,0.8526668299487081,0.8279041722352414,0.7236130896260033,-0.6653891278712776,-0.6680355398134704,0.9445926630897361
-0.43159963078338687,-0.5618806271078608,0.7287146173565139,-0.4675720159140698,-0.4883939091727914,-0.18394130743158082,-0.5728795803628908,-0.39550990218035004,0.9177258981238522,0.712586700182767,0.4975603617784832,-0.5683419930237305,-0.6740793777253613,-0.4797372320575749,-0.4961304400909845,-0.38584741174518056,0.9432611013599308,-0.4227579618584916,-0.5300190968008527,-0.5849001987428916,-0.6109713082703735,-0.45545384582026005,0.5837495712315887,-0.5333519070754065,-0.47894228784653,0.8387292717733015,0.8685246620075375,-0.17407878532463295,0.667497339817315,-0.03595512134835134,0.8813282915652156,0.8008561837804891,1.0,0.747349225395334,0.8109467802540898,-0.5750970348022506,0.8318811368210006,-0.10766217681473936,0.8765707329032575,-0.5530150152148868,0.6604240414570348,-0.23415852414404698,0.7862068591256189,-0.16693829655985393,-0.6227161971691493,0.7434256484735842,-0.1973232699223634,0.6664207440866871,-0.5721182906541354,-0.36183415635653254,-0.5407737589220802,0.7249334616404727,0.7512613532082056,-0.2563219083140399,0.8171478564863506,0.7934505594981379,0.9067900010834149,-0.6324901695483239,-0.5310956574831666,0.789841407123647
-0.4709381120232532,-0.5884721353843173,0.7895670958772156,-0.42668914307965417,-0.5643439784690621,-0.13029168302659705,-0.6123432302282006,-0.4574135377556516,0.7632808585996097,0.6227986165491521,0.3473190040396403,-0.6223372680943142,-0.6689644385864523,-0.5281178946489551,-0.5385279961676861,-0.4785471469283039,0.6972790361640568,-0.5498731627650362,-0.7105443399076357,-0.6602565988887463,-0.720936813682339,-0.5786709288611892,0.7185287390520018,-0.7444130300875659,-0.6286812946442514,0.7244637630231885,0.831232549947946,-0.23059259291705175,0.6966472874491854,0.032327388121236,0.7903482890476672,0.8411773542722674,0.747349225395334,1.0,0.6291730557916643,-0.5525264476354812,0.6954394466327313,-0.1463901980086423,0.7688501618421553,-0.6322180082467791,0.7498052961741177,-0.21753437084196853,0.8990017754043567,-0.18809019521492343,-0.6492902117157852,0.8756626825355569,-0.17390916413494825,0.5767142350961003,-0.6120215593059766,-0.5529281416540028,-0.5882352612124319,0.5192090858164957,0.688564589897284,-0.37823890225435297,0.8513077352069273,0.9532752624885701,0.7173814628052962,-0.5928216847120027,-0.6295515226842199,0.8539316388339895
