1.0,0.7428060756551104,-0.4529633730099504,0.9002915065576718,0.8210538048355855,-0.24387804438284397,0.5839548831379215,0.7204080426550552,-0.2939118258704417,0.06053208223427338,0.04148932394522801,0.7775661107776066,0.6921614653304886,0.8210351669330066,0.7948093308220185,0.6594723624301401,-0.33377393239085806,0.661131201061459,0.6608664540911088,0.6711911276806664,0.6537698641575016,0.6935769098120205,-0.3354397394942009,0.7043031077524968,0.7593576207906715,-0.2529863878117534,-0.21349998718316615,-0.4614249174425275,-0.3692961521434993,-0.413250012444644,-0.24443005473623405,-0.271345973908919,-0.26818996561007424,-0.31473918177610916,-0.10705525144790426,0.8542122610231017,-0.26871103817742154,0.4374890705489019,-0.05138039035700041,0.6229508590043545,-0.3307987301433015,-0.39590960227645206,-0.26610814205235134,-0.46268831134189903,0.8823911145990049,-0.3349340776046792,-0.3754512916065337,-0.29776424915856897,0.799580667873582,0.6465434143278943,0.5937907218045648,-0.0161921125809674,-0.19060567523176736,0.6420105453248584,-0.2752732006227232,-0.3760074933768802,-0.19433030778086577,0.7493959844938253,0.8168043574350763,-0.3155798974296782
0.7428060756551104,1.0,-0.4842820778960604,0.798202236920883,0.947238826195162,-0.24026458630594308,0.8350124065895862,0.7070560502155939,-0.3786332767475623,0.030011641563585562,0.10689893676370452,0.9130152900505835,0.9041167583617303,0.8907997949931978,0.7665880042679433,0.6751277585309017,-0.45094132384571034,0.7636505711687883,0.9077974765020391,0.8963690930518297,0.8537690538154845,0.7862761162600109,-0.5395962660773261,0.7993862339114528,0.784723611866814,-0.41262011093593853,-0.2792014184684355,-0.63461243164453,-0.511540339551886,-0.5638349897181374,-0.38387301802656754,-0.4405754462316297,-0.38332910287990135,-0.3844530062807271,-0.10036212642263971,0.8926676723564562,-0.3881689442600257,0.4984517111406953,-0.16907995064755768,0.8502171298592179,-0.42412437440359885,-0.5158822756560036,-0.4437791251158611,-0.6120644734143807,0.889899453371003,-0.4124975270004563,-0.5582971031838028,-0.23328071819329949,0.7245592386720945,0.7950685480315154,0.7637039117142004,-0.165129163699055,-0.2296567203800853,0.6098704734627296,-0.44786040893313145,-0.3836041401844184,-0.2983501048697842,0.9248903135491728,0.9178542843548639,-0.4632257673153072
-0.4529633730099504,-0.4842820778960604,1.0,-0.4954487565532492,-0.4355701592626845,0.07934423916393454,-0.4635352687216473,-0.3156132195358903,0.7326429957478597,0.4084296436198609,0.353095225497192,-0.4160766000777996,-0.5526521755213649,-0.42887573300325527,-0.4702029233536356,-0.27851724518641713,0.7654678502017559,-0.38399561330138543,-0.5283582556485792,-0.5442091588010675,-0.5428114086929193,-0.4100003645843871,0.9049106559712465,-0.6054047700292132,-0.39290840985664743,0.7175351222987013,0.7079039227131301,0.8278618395696068,0.8245548312256643,0.7699289907373488,0.752114785141586,0.7752533874108833,0.73607633867662,0.8301353666621996,0.6028349001527673,-0.4254901386727944,0.7466953892698289,-0.07452185235015216,0.57103015869722,-0.4539815963970245,0.8241373799866455,0.7687778366307173,0.7899098905624963,0.8470877548035606,-0.461147315717389,0.8364150562495022,0.8083902826289032,0.5172576256652046,-0.3900264986287388,-0.43400337886584667,-0.4488728833912951,0.4730148270859257,0.545386131075038,-0.2871910079618757,0.7229916089444602,0.8616211819994266,0.7155469486763621,-0.5769508441623774,-0.40410683608111303,0.870391319722053
0.9002915065576718,0.798202236920883,-0.4954487565532492,1.0,0.8640144977378444,-0.2510383453349706,0.6331323107670833,0.7720994545158107,-0.3684875656323586,0.03902435304815395,0.04517527991725788,0.825895617787932,0.7374582733186332,0.8719209691652111,0.8079915298105611,0.6811915509465079,-0.35956642022211344,0.6871558418646655,0.7132718452033797,0.7163697043656356,0.6867288620866459,0.7389724263523713,-0.40126032324205696,0.7128002253088401,0.7861907477583872,-0.3388431120900045,-0.26868846700567756,-0.5554507218807861,-0.44481005081714453,-0.4889402673109102,-0.32354225931713765,-0.35459345397170394,-0.33854964317683256,-0.3527895661140702,-0.1557593916129228,0.9072905301408978,-0.345608765062814,0.5203415514549795,-0.12891618639341484,0.7026921035718054,-0.3891337339015249,-0.4801780650153347,-0.3297499893172544,-0.5509708720090445,0.9329176044143482,-0.3894503205269414,-0.4432632356202414,-0.22565262206062817,0.8636751806087327,0.708694928384626,0.6679136539181997,-0.12166139752853877,-0.17434298631738973,0.6348194068593561,-0.3295392158409721,-0.43158086235776805,-0.22299676936868354,0.7953966049730121,0.8742793875151957,-0.38678495443351246
0.8210538048355855,0.947238826195162,-0.4355701592626845,0.8640144977378444,1.0,-0.25796299881722895,0.7943353511603207,0.7833709741002237,-0.35804491470363,0.11349660763316768,0.12994971550585405,0.9673111966979576,0.831952863758921,0.9539052068668127,0.7955723460218594,0.7208772125245385,-0.40882560856883143,0.7934789079952671,0.8309524606505658,0.8211282386797325,0.786260153835306,0.8164614166771361,-0.4605207242654245,0.7322224462454844,0.7931715940211174,-0.38324921732588474,-0.2177244512511261,-0.585094251300719,-0.4897486058739545,-0.5456261635735473,-0.3198972922673476,-0.3801685381321595,-0.34633592126777263,-0.32195296985916866,-0.04433888092192806,0.9492570553766988,-0.3324731378779501,0.5724386224226159,-0.12436373700669656,0.8245285518172644,-0.37765286973983636,-0.473765205093582,-0.37179152839705404,-0.5701799474472706,0.9427579253084899,-0.3620429044428265,-0.509826443052275,-0.27690767813891115,0.8156858995502742,0.8075577664440814,0.7491963208828939,-0.14814833803536356,-0.19906688193044766,0.6655260528565765,-0.40016788738619036,-0.32150093097083127,-0.2687275013615192,0.8906369205979157,0.9788794210292003,-0.3914361650166115
-0.24387804438284397,-0.24026458630594308,0.07934423916393454,-0.2510383453349706,-0.25796299881722895,1.0,-0.21145744210579293,-0.17819649525356546,0.08928075066951564,-0.18322813346079034,-0.16205760215022033,-0.19952491135336203,-0.23218003787544467,-0.21846838457145004,-0.15016029431518535,-0.11330237346761558,0.027606909356385666,-0.1977979601941864,-0.17585737602719148,-0.20441377481318335,-0.22934731534515035,-0.23626664357575372,0.043862028070646465,-0.11924244147301295,-0.1053370088893348,0.02701852416117358,-0.06817589333893334,0.16790492525011785,0.1624469973912974,0.21814273157875644,0.06435831085075353,0.09338972703235211,0.10147864157071747,0.009973981948293558,-0.18467215812110685,-0.22700664132154072,0.05671595947432541,-0.22987668266220612,-0.13613408984092096,-0.24214230935794007,0.11099735978036333,0.20252228629928762,0.03858868143001242,0.18769227858114526,-0.23382697899690177,0.09685154310071098,0.17207390914605697,0.018791939067004864,-0.27529387054613697,-0.10410098346266017,-0.294746092381356,0.022246514283431395,-0.14046211134359646,-0.11141832553298292,0.14864978429524717,0.07029565348439312,0.02235302140620458,-0.2536393729731651,-0.2538462417999778,0.07601538647160161
0.5839548831379215,0.8350124065895862,-0.4635352687216473,0.6331323107670833,0.7943353511603207,-0.21145744210579293,1.0,0.6238890775877081,-0.4849445314390787,-0.07023728698062355,-0.03652847610569346,0.8125950794470882,0.7756857773928412,0.7177983583744603,0.5862682472531431,0.5670259931564064,-0.48416631719387626,0.5951903095779315,0.8094959785616744,0.7639518389024682,0.7629414498788528,0.6582159335266337,-0.549234356136175,0.6756460039811969,0.6560617690579589,-0.5724707939214708,-0.3839297896343755,-0.5194204807049907,-0.6374493414946668,-0.5867556643445007,-0.4855248463197565,-0.47280441389172445,-0.519657298223654,-0.4766125892182972,-0.22760809203587717,0.7322347946504404,-0.4307938634720189,0.3600236675927204,-0.2796132113102913,0.8924871657275357,-0.4517058871929079,-0.4686332637102531,-0.5084378147618258,-0.5130242791594288,0.7140722094742263,-0.4360562966526421,-0.6259909927161031,-0.2631645158264472,0.6586386651658396,0.6684797552488579,0.772773609027986,-0.35525111772209095,-0.32226561720446284,0.4662549781068517,-0.5795655378999947,-0.4290868609567443,-0.4495678589408566,0.8397717801098217,0.8150025210534283,-0.46410578675039266
0.7204080426550552,0.7070560502155939,-0.3156132195358903,0.7720994545158107,0.7833709741002237,-0.17819649525356546,0.6238890775877081,1.0,-0.16957813832098306,0.10533889994306138,-0.0495585465316843,0.7692529309488674,0.5996917507426551,0.7355881328173874,0.7789951462239976,0.65463156464255,-0.18052476036988865,0.6119892143883701,0.6054381550349344,0.5927876351166463,0.5719930544354253,0.612626783822705,-0.2571698550274565,0.6680971356419886,0.7842683280051204,-0.1980518013189503,-0.19476725548103774,-0.3176131363072985,-0.3117261289383119,-0.3545039415953394,-0.12437967623526233,-0.19813026375307843,-0.17685854242926924,-0.32784825143831026,-0.005668615107924846,0.7878788953827869,-0.12462280237358114,0.5493228949121101,-0.014880986079376846,0.673949230215502,-0.29805079631071757,-0.27928902321789273,-0.2878769529714176,-0.3054470178974172,0.746112548643468,-0.3050149450546068,-0.32097062428624445,-0.12219595084472985,0.7452434126562423,0.6949657157597582,0.5968896303877462,-0.16302388373445018,-0.33089261657212427,0.6653306299536454,-0.21962731139264396,-0.29163652478738455,-0.17111066950608878,0.6573665068214694,0.7903370468178083,-0.15243984122473223
-0.2939118258704417,-0.3786332767475623,0.7326429957478597,-0.3684875656323586,-0.35804491470363,0.08928075066951564,-0.4849445314390787,-0.16957813832098306,1.0,0.5251108274698044,0.4142201511059648,-0.32428494021915194,-0.4954092445575178,-0.36007824357688245,-0.34679914287336205,-0.24228850340092345,0.8330621878406461,-0.311556499622922,-0.5075381182258709,-0.5071519635519113,-0.5104779729486817,-0.42987554454510535,0.7284007208397887,-0.4194558695479513,-0.29069513331328745,0.9048300812115736,0.8276049948474521,0.7137302441362505,0.7728037508271717,0.7092129590978524,0.9597860641748348,0.8162481194087945,0.9165160192873355,0.6905558763942338,0.712250145011214,-0.35668024637949863,0.9748416958080295,-0.004345341183073575,0.7656905451580381,-0.49374580415528924,0.8298930185126923,0.8044991623272353,0.7549335991645858,0.7222202583820565,-0.3845562055627652,0.8144432005457866,0.7090681567988233,0.5226584311363626,-0.39105096723382926,-0.302570269323359,-0.5159017217613222,0.6366591844596996,0.48811719607725357,-0.18201894425461043,0.6666526653547165,0.7880232269204239,0.7703819947630144,-0.4833825270081844,-0.3688923270064811,0.8575619351453383
0.06053208223427338,0.030011641563585562,0.4084296436198609,0.03902435304815395,0.11349660763316768,-0.18322813346079034,-0.07023728698062355,0.10533889994306138,0.5251108274698044,1.0,0.5272546970349113,0.06268802076441209,-0.04136409651148104,0.16219763755660427,0.04245185404626982,0.020082816235262257,0.4246026699809186,0.10663977015511192,-0.04892061376707385,-0.056754027232505076,-0.0850865147963252,0.06923904259487604,0.4768398920586529,-0.0794157453608113,-0.057997656909418646,0.5488698276611446,0.5761368137551692,0.38933055471084066,0.4416546095555325,0.40144769217226617,0.5855017164989521,0.45659412720592274,0.5309352091298614,0.4840975742580282,0.5846316656766368,0.06761946405516472,0.5707052241152469,0.279803827478437,0.5812401947623013,0.0012203153895735785,0.5097454460010639,0.43583914662274126,0.5735400132795269,0.3922531352561382,0.0738417364113332,0.5134571140970341,0.41284919097284895,0.3489583386433911,0.08142400394727642,0.014737995805585912,0.0515399287283365,0.5609233545560504,0.3572168176213172,0.043231402200519825,0.4335813749695315,0.5225999845791476,0.4798874457284598,0.033178963312859695,0.10675660203085444,0.5039413948411633
0.04148932394522801,0.10689893676370452,0.353095225497192,0.04517527991725788,0.12994971550585405,-0.16205760215022033,-0.03652847610569346,-0.0495585465316843,0.4142201511059648,0.5272546970349113,1.0,0.15481851989710146,-0.01003004784517094,0.09674018558563639,0.037323808211935545,0.17978288877298104,0.41235079690084486,0.19817224330625735,0.05171049744782384,0.011088233821262578,-0.024999179592982722,0.13847426043897415,0.24068110087430866,-0.07521712339067872,0.03978548599770981,0.3431434794428244,0.5331943802335604,0.1874060020528225,0.30079444742469885,0.25869672999120635,0.413006021006672,0.37150507337574784,0.45286644978013346,0.3432652925913301,0.6703630901327334,0.08260914773614665,0.4104950163374026,0.04307563731090168,0.652769857606206,-0.003626252730589584,0.38478506504209253,0.27133516863267293,0.32143704893878944,0.2069591860632693,0.08650492112675948,0.39846367516150727,0.264544573094929,0.25836436051831413,-0.002919711356969533,0.161530813739156,-0.01405503183618122,0.5024332800616265,0.5365804323255143,0.2163947890637327,0.33115603740994254,0.4137207737544303,0.4770745374442941,0.011478309121601932,0.11996790753405014,0.35469459360835376
0.7775661107776066,0.9130152900505835,-0.4160766000777996,0.825895617787932,0.9673111966979576,-0.19952491135336203,0.8125950794470882,0.7692529309488674,-0.32428494021915194,0.06268802076441209,0.15481851989710146,1.0,0.7792490590204048,0.9139175009346848,0.7536971667261523,0.7232195804976336,-0.3966111341467313,0.7929604765021078,0.7888845579080627,0.768626045372262,0.7634845991244688,0.7880776687519315,-0.5018919390043951,0.6928469907623656,0.8168681954393158,-0.41724576341172914,-0.22726402652969022,-0.5680799550077538,-0.5341469321592246,-0.5769706717739492,-0.3173648187009846,-0.36920320792128564,-0.3556304740642274,-0.3583349508291448,-0.054242775776817784,0.918390119469513,-0.3074398322254789,0.523699268090131,-0.12269754462177104,0.804555052026258,-0.35327051907953255,-0.4550980281410732,-0.41958140825444945,-0.5605877225281646,0.9082883613559318,-0.33819328043871877,-0.5421912019192552,-0.31199179667222576,0.7920371354442268,0.81949151951382,0.6914630067239422,-0.18746938422140508,-0.22717543375846208,0.6251985810688574,-0.4429808148150416,-0.3178832765944287,-0.27457322682991825,0.8350921956176414,0.9635645300187907,-0.3813288808130428
0.6921614653304886,0.9041167583617303,-0.5526521755213649,0.7374582733186332,0.831952863758921,-0.23218003787544467,0.7756857773928412,0.5996917507426551,-0.4954092445575178,-0.04136409651148104,-0.01003004784517094,0.7792490590204048,1.0,0.8251597446769428,0.7469627380291513,0.5689439513466782,-0.5181617773284308,0.7563573116214055,0.9454238305230753,0.9902370533173851,0.9756382753306735,0.7647953659755163,-0.5637361296418198,0.8953477465879314,0.7341085731134684,-0.4038220656308388,-0.38861917674473173,-0.5556440402906775,-0.5175797060809206,-0.5037438327151056,-0.5075159514335497,-0.5518505984296084,-0.4890964404957778,-0.452128148602125,-0.22857021942581865,0.8035345824640974,-0.5267670947335228,0.42690543465072056,-0.3050115853854324,0.8477030888102088,-0.5634762739669019,-0.5334835763606961,-0.5150694088859462,-0.5484466293872121,0.8200688313640011,-0.5525804438593515,-0.554796789386382,-0.1686619023348573,0.6961934626272921,0.6844691781452019,0.8421170948427814,-0.15872687118934045,-0.2545849077230608,0.5500326503006728,-0.4783192098490264,-0.5011465347792017,-0.3923231331554105,0.9485438780638434,0.7949711477132698,-0.5703093560737624
0.8210351669330066,0.8907997949931978,-0.42887573300325527,0.8719209691652111,0.9539052068668127,-0.21846838457145004,0.7177983583744603,0.7355881328173874,-0.36007824357688245,0.16219763755660427,0.09674018558563639,0.9139175009346848,0.8251597446769428,1.0,0.8184657294750224,0.6656507947315541,-0.4179004135504594,0.7926784088628605,0.8149096765861769,0.8196127758832727,0.778653645350656,0.8323156752238052,-0.40327944970391555,0.7313778271731881,0.7383794512553312,-0.33106683181938334,-0.24366280904716048,-0.5393452587579255,-0.4197730426211007,-0.45891366585149973,-0.3119974153272563,-0.3846786343012214,-0.32040505470528846,-0.26148593194322667,-0.07640914109123112,0.9393139925570763,-0.33399520671566296,0.6113207454534992,-0.1437467628403832,0.77141595304497,-0.371146076860123,-0.4455223858018419,-0.3129176742514769,-0.5326286099992353,0.9455786398177244,-0.3557533836546959,-0.4275423921892346,-0.21969732915600507,0.8205987264082714,0.7685432232183895,0.7425947142467472,-0.07681650649538288,-0.15987001810931672,0.6452698542430343,-0.31331885171653245,-0.3091305327521969,-0.2205070018793421,0.8802222125016635,0.943629854977261,-0.39110872945116765
0.7948093308220185,0.7665880042679433,-0.4702029233536356,0.8079915298105611,0.7955723460218594,-0.15016029431518535,0.5862682472531431,0.7789951462239976,-0.34679914287336205,0.04245185404626982,0.037323808211935545,0.7536971667261523,0.7469627380291513,0.8184657294750224,1.0,0.7787877293944807,-0.28737892254826497,0.7989844109670996,0.7837382484020977,0.7793809719890168,0.7374060776755497,0.843790601588385,-0.3836074985530989,0.8611065651197645,0.8725602830497315,-0.26237586078310837,-0.36781186467994426,-0.4388345954649733,-0.29015503363406775,-0.3382369104778814,-0.3180767855241004,-0.37834052724639733,-0.2441842350481065,-0.44483176957984816,-0.19605155394739585,0.8383234546855662,-0.347844268783773,0.430407023467525,-0.19238340831017606,0.6494278234266538,-0.48533148568063744,-0.45816140261045357,-0.41787129831136943,-0.42669295125392637,0.8493186639587048,-0.49572705717551224,-0.2960083310684534,-0.13606554633556672,0.7874176566738352,0.8278661396077887,0.6593691495610905,0.036664528205610836,-0.16482137300020044,0.818229683124402,-0.21640199442332514,-0.4818151204766032,-0.1891907365679372,0.7264587645617513,0.7843227736144536,-0.37772449213812254
0.6594723624301401,0.6751277585309017,-0.27851724518641713,0.6811915509465079,0.7208772125245385,-0.11330237346761558,0.5670259931564064,0.65463156464255,-0.24228850340092345,0.020082816235262257,0.17978288877298104,0.7232195804976336,0.5689439513466782,0.6656507947315541,0.7787877293944807,1.0,-0.19226974026729465,0.7889297456814596,0.6509036930806346,0.5994065062417837,0.5620057027397977,0.7868099588265725,-0.3201210516444924,0.6160619757171377,0.7880587350876621,-0.28970226036085794,-0.24799189135647132,-0.40360337738826174,-0.3041236685456781,-0.34340616437203986,-0.23083973252801454,-0.32554151327980246,-0.17166630822936543,-0.3582902742373059,-0.1004854272406643,0.7493210280308191,-0.23562255963800735,0.45588791174621673,-0.12691246009053628,0.5939677790907597,-0.33306294202352615,-0.3937597867701244,-0.37676705920037723,-0.37854304253785254,0.7439305008485344,-0.33377911601237453,-0.3066334750163275,-0.06086481535276482,0.6743165076187925,0.7130464572457511,0.5029714405871102,0.010759976790717319,-0.14703364349763876,0.8932811214944401,-0.21267626913920196,-0.37238634265117326,-0.030695681425519483,0.5738514173009783,0.7264781498101512,-0.26595222202095126
-0.33377393239085806,-0.45094132384571034,0.7654678502017559,-0.35956642022211344,-0.40882560856883143,0.027606909356385666,-0.48416631719387626,-0.18052476036988865,0.8330621878406461,0.4246026699809186,0.41235079690084486,-0.3966111341467313,-0.5181617773284308,-0.4179004135504594,-0.28737892254826497,-0.19226974026729465,1.0,-0.3204603650279882,-0.4710273689917348,-0.49856199452643396,-0.5075646689806967,-0.36570736219790045,0.7485298403460867,-0.42598331102497183,-0.2579756089395668,0.8175879691364194,0.702118503454311,0.744322751930876,0.7576875237142631,0.7027954372207635,0.8345761838977243,0.7346658429399688,0.8803882335429801,0.5750246393811247,0.6315205671305455,-0.404774890879518,0.8453555294957825,-0.053563242278060044,0.6585982533469632,-0.4097494613936192,0.6829590415058358,0.6775623958359575,0.6550474207927046,0.7622745012111641,-0.43360721623588666,0.673363370312935,0.7529931311557417,0.5669743474101322,-0.32566996916801216,-0.24614853900804795,-0.39079032819315546,0.6199283534641765,0.6505993679905749,-0.10307931413432762,0.6634788131183426,0.6629018590599968,0.7228624058630447,-0.5375246469512788,-0.3939350545211503,0.8302743527716732
0.661131201061459,0.7636505711687883,-0.38399561330138543,0.6871558418646655,0.7934789079952671,-0.1977979601941864,0.5951903095779315,0.6119892143883701,-0.311556499622922,0.10663977015511192,0.19817224330625735,0.7929604765021078,0.7563573116214055,0.7926784088628605,0.7989844109670996,0.7889297456814596,-0.3204603650279882,1.0,0.739787642131738,0.7708434855045316,0.7866187289473847,0.9255376879326123,-0.4307511547334314,0.7284234767403654,0.7265532142312714,-0.24974836615830615,-0.21545145263353085,-0.4339860771464249,-0.3417243211031996,-0.4021860537472886,-0.3130510620097449,-0.363988182712187,-0.27990594354411774,-0.3217675184770929,-0.06408120614841387,0.743532069971988,-0.33530064311804636,0.5626237341000015,-0.13140533442588784,0.6139758773024472,-0.387205707759653,-0.4234450473521478,-0.3831301344359711,-0.4380016449551922,0.7742055119492299,-0.37515516081862926,-0.3368624077002834,-0.17632453414406096,0.6681129602750374,0.7444718575021615,0.6136131051714069,0.016013493161974934,-0.07381165672849424,0.7521173857115926,-0.27375556619877506,-0.3103055584794382,-0.20644014417952355,0.7104199468422558,0.7485487383081956,-0.4009664173377587
0.6608664540911088,0.9077974765020391,-0.5283582556485792,0.7132718452033797,0.8309524606505658,-0.17585737602719148,0.8094959785616744,0.6054381550349344,-0.5075381182258709,-0.04892061376707385,0.05171049744782384,0.7888845579080627,0.9454238305230753,0.8149096765861769,0.7837382484020977,0.6509036930806346,-0.4710273689917348,0.739787642131738,1.0,0.9713096141912775,0.9148365196161767,0.7941035849696052,-0.5860652787630682,0.8690597745330741,0.7349747613876698,-0.4787686672450704,-0.3875864389789524,-0.5682241960679459,-0.49804294385857906,-0.4611373307820399,-0.5051368685607762,-0.5572404437719017,-0.42507046789954944,-0.484854710918154,-0.21944020113482682,0.7861896790720236,-0.5220054616588948,0.4067515227169256,-0.280695615846167,0.8729316733249842,-0.5388018206702881,-0.5459928448574655,-0.524416781382096,-0.5448635953767372,0.8071838593212595,-0.5270961300387832,-0.5315215569203288,-0.13330856409831943,0.650627178056802,0.7678454448652794,0.8285829984476006,-0.176925888386173,-0.21374900190909413,0.6190871699803677,-0.4382454057145059,-0.5050101902533036,-0.32369076750793807,0.9267282624010404,0.8067618681103335,-0.5683095041069489
0.6711911276806664,0.8963690930518297,-0.5442091588010675,0.7163697043656356,0.8211282386797325,-0.20441377481318335,0.7639518389024682,0.5927876351166463,-0.5071519635519113,-0.056754027232505076,0.011088233821262578,0.768626045372262,0.9902370533173851,0.8196127758832727,0.7793809719890168,0.5994065062417837,-0.49856199452643396,0.7708434855045316,0.9713096141912775,1.0,0.9711036118351286,0.7896111701670572,-0.5692165085590364,0.9099001772929508,0.736261511623072,-0.4164265846563538,-0.40475869034458045,-0.549843865978719,-0.4900334926637358,-0.46944145003234805,-0.5136472777414227,-0.5653339750314433,-0.46056171210509456,-0.4655111622866512,-0.23294190878379673,0.7912810450424179,-0.5375743299532274,0.41161386478471573,-0.3179139001465668,0.8422773114575393,-0.5805552341250385,-0.5387249024488552,-0.5346800332746945,-0.53724944246974,0.8077434985509147,-0.5691747618074574,-0.5229838768699262,-0.14066525351315065,0.6761885670367536,0.7211591366969207,0.8408406369585425,-0.14365641670616794,-0.2272151005938609,0.587671079638127,-0.4451630961236159,-0.5094115220010504,-0.36431836941658663,0.9343208905493723,0.7800382978049797,-0.5778442574129133
0.6537698641575016,0.8537690538154845,-0.5428114086929193,0.6867288620866459,0.786260153835306,-0.22934731534515035,0.7629414498788528,0.5719930544354253,-0.5104779729486817,-0.0850865147963252,-0.024999179592982722,0.7634845991244688,0.9756382753306735,0.778653645350656,0.7374060776755497,0.5620057027397977,-0.5075646689806967,0.7866187289473847,0.9148365196161767,0.9711036118351286,1.0,0.7796527272049487,-0.5818743536878163,0.9004368085285794,0.7436364273603606,-0.41002016726018764,-0.4219184087800366,-0.5132727840901433,-0.5357961190767375,-0.5238158481732793,-0.53064202243383,-0.5674567541188175,-0.5170961448166407,-0.5006065770500777,-0.27134060789869385,0.7461261982077049,-0.5453656292173369,0.37566192269163184,-0.33952634182026165,0.8216962537324604,-0.5943113031159669,-0.5430496714616251,-0.5694721250083921,-0.518651390018978,0.7714645168659684,-0.5819980819239463,-0.5421540368863415,-0.16887322319008252,0.6928408504565603,0.6791994632242694,0.8310599740212883,-0.17051810599140543,-0.2526240507718591,0.5312242332619803,-0.49422782868771853,-0.5214461301633486,-0.4176994429418791,0.8967063967873568,0.7439604274953294,-0.5822397813537787
0.6935769098120205,0.7862761162600109,-0.4100003645843871,0.7389724263523713,0.8164614166771361,-0.23626664357575372,0.6582159335266337,0.612626783822705,-0.42987554454510535,0.06923904259487604,0.13847426043897415,0.7880776687519315,0.7647953659755163,0.8323156752238052,0.843790601588385,0.7868099588265725,-0.36570736219790045,0.9255376879326123,0.7941035849696052,0.7896111701670572,0.7796527272049487,1.0,-0.43306528449753845,0.7172376717920588,0.7403648912997279,-0.34105193775286186,-0.280590935341586,-0.4941867600432026,-0.38738998579604317,-0.4337813300023,-0.3943677800379846,-0.44667687716647836,-0.33741892714970245,-0.3535208635123023,-0.13019871359565635,0.7962947130584397,-0.4264442017753831,0.5326068586205958,-0.18139616357811905,0.679648782775448,-0.4649365316228877,-0.516525491831222,-0.41591072216313396,-0.49155322816093944,0.8368801310665109,-0.44806010780257743,-0.35648369078447406,-0.1801378862086546,0.756067893724123,0.7944358234141022,0.6955407567198337,-0.051168832432715305,-0.007381384604585939,0.7269656940726426,-0.291540824558032,-0.39002542907075977,-0.2000717356316259,0.7396092416314991,0.8089548661180679,-0.45139357083714043
-0.3354397394942009,-0.5395962660773261,0.9049106559712465,-0.40126032324205696,-0.4605207242654245,0.043862028070646465,-0.549234356136175,-0.2571698550274565,0.7284007208397887,0.4768398920586529,0.24068110087430866,-0.5018919390043951,-0.5637361296418198,-0.40327944970391555,-0.3836074985530989,-0.3201210516444924,0.7485298403460867,-0.4307511547334314,-0.5860652787630682,-0.5692165085590364,-0.5818743536878163,-0.43306528449753845,1.0,-0.5353625782958696,-0.42354326307148904,0.8038115941488249,0.686331683271139,0.8661747213689761,0.8916880031121286,0.8451625567540495,0.7998403180213026,0.8282640947615297,0.7633585641914864,0.8465428399692652,0.5631195714081805,-0.3874650273584512,0.7688314427684915,-0.04292664966941044,0.5794298819292762,-0.5174815754866746,0.799477287624132,0.8120337456322243,0.8837148320640622,0.8733906422295721,-0.41662984044838963,0.7980069105969475,0.8827239701967826,0.5583809873668036,-0.30941703988077807,-0.5059772357313566,-0.44185054607402313,0.5488211662771671,0.5122475022951154,-0.2404833172729406,0.8098370513580951,0.8094674844805129,0.7017501539817841,-0.5493755229546116,-0.4296005406806415,0.9006340048722107
0.7043031077524968,0.7993862339114528,-0.6054047700292132,0.7128002253088401,0.7322224462454844,-0.11924244147301295,0.6756460039811969,0.6680971356419886,-0.4194558695479513,-0.0794157453608113,-0.07521712339067872,0.6928469907623656,0.8953477465879314,0.7313778271731881,0.8611065651197645,0.6160619757171377,-0.42598331102497183,0.7284234767403654,0.8690597745330741,0.9099001772929508,0.9004368085285794,0.7172376717920588,-0.5353625782958696,1.0,0.7965529381284338,-0.329479537489439,-0.4631016194252764,-0.45038737079258373,-0.42109714519667535,-0.39752470702854686,-0.41991775706768875,-0.47425662415404923,-0.38075814391906715,-0.5519999684734399,-0.29358712305625606,0.7417930956013655,-0.44695096793179856,0.32010881926073564,-0.3078447099091396,0.7372231540141877,-0.5917619230402744,-0.44238887240244773,-0.5470014141109987,-0.4474954308374093,0.7523087869100095,-0.6025146168787845,-0.431436030808163,-0.09847873458724979,0.6854849702136188,0.7320265836096884,0.7522671346244468,-0.0629718489923679,-0.30913193806637407,0.6601083578392035,-0.3615211355061575,-0.5627320534450284,-0.3446554503446403,0.8449985896367576,0.6786930870132807,-0.5033779701073063
0.7593576207906715,0.784723611866814,-0.39290840985664743,0.7861907477583872,0.7931715940211174,-0.1053370088893348,0.6560617690579589,0.7842683280051204,-0.29069513331328745,-0.057997656909418646,0.03978548599770981,0.8168681954393158,0.7341085731134684,0.7383794512553312,0.8725602830497315,0.7880587350876621,-0.2579756089395668,0.7265532142312714,0.7349747613876698,0.736261511623072,0.7436364273603606,0.7403648912997279,-0.42354326307148904,0.7965529381284338,1.0,-0.293322904377689,-0.37508417125720217,-0.44885378691854283,-0.39481041621928065,-0.47142690016072375,-0.33042990470260614,-0.380694710937889,-0.3154961494979543,-0.5155351276551466,-0.22552804035961005,0.833464411033531,-0.3214927142806986,0.34027107788155975,-0.20545544720626796,0.7020403113380698,-0.45811161337127027,-0.48187224603199336,-0.5079058541036351,-0.43147083059084324,0.8239915223205218,-0.46875691655676555,-0.4151821520640927,-0.19561976357062535,0.7977098505263748,0.8132647392874762,0.6256331483738643,-0.047822876579480866,-0.2706015996123868,0.7228432869980812,-0.3656100034817589,-0.4983953143949796,-0.21187972528332427,0.668685556045015,0.8064747374541404,-0.34304115850989425
-0.2529863878117534,-0.41262011093593853,0.7175351222987013,-0.3388431120900045,-0.38324921732588474,0.02701852416117358,-0.5724707939214708,-0.1980518013189503,0.9048300812115736,0.5488698276611446,0.3431434794428244,-0.41724576341172914,-0.4038220656308388,-0.33106683181938334,-0.26237586078310837,-0.28970226036085794,0.8175879691364194,-0.24974836615830615,-0.4787686672450704,-0.4164265846563538,-0.41002016726018764,-0.34105193775286186,0.8038115941488249,-0.329479537489439,-0.293322904377689,1.0,0.7894847454172961,0.767083542809774,0.8540310279426805,0.7748798256828121,0.8974190860106127,0.7698744833502513,0.8811541807861685,0.7196846410243868,0.6565453573949689,-0.3531497403715592,0.8805177377813613,0.019493552794764467,0.7008213774775014,-0.5206174016390877,0.7227322544932231,0.7641533876744264,0.7733443228172399,0.7683059641762787,-0.35841092340884123,0.7093870672069872,0.8047316984247244,0.5918941652029167,-0.32345392511574894,-0.3539874591259946,-0.42932418730960026,0.7318392948900929,0.5745318438271939,-0.1569539072307042,0.7313943832106881,0.7381804946106526,0.7334160339764298,-0.45681096396015003,-0.4099705990276174,0.831878411459597
-0.21349998718316615,-0.2792014184684355,0.7079039227131301,-0.26868846700567756,-0.2177244512511261,-0.06817589333893334,-0.3839297896343755,-0.19476725548103774,0.8276049948474521,0.5761368137551692,0.5331943802335604,-0.22726402652969022,-0.38861917674473173,-0.24366280904716048,-0.36781186467994426,-0.24799189135647132,0.702118503454311,-0.21545145263353085,-0.3875864389789524,-0.40475869034458045,-0.4219184087800366,-0.280590935341586,0.686331683271139,-0.4631016194252764,-0.37508417125720217,0.7894847454172961,1.0,0.6129080773928288,0.6737902458591399,0.629345325188279,0.867685009200468,0.7895872453751089,0.8231977658737474,0.7733166126099208,0.7869267142088106,-0.27496510107754657,0.8496038874070407,0.08676048221300325,0.8366246109331229,-0.37643046539870034,0.8318709387825594,0.7139517163941966,0.8177841358586267,0.6207710133074932,-0.25640983719455746,0.8417205087560792,0.6346911589810159,0.4633971966687346,-0.3172041251019149,-0.29840940024107016,-0.3752919888314074,0.5318471533846562,0.6607956449685913,-0.197439179245531,0.6014970582582541,0.8359239381218984,0.7024405061923096,-0.32485171817272096,-0.22997897368909165,0.796462826781377
-0.4614249174425275,-0.63461243164453,0.8278618395696068,-0.5554507218807861,-0.585094251300719,0.16790492525011785,-0.5194204807049907,-0.3176131363072985,0.7137302441362505,0.38933055471084066,0.1874060020528225,-0.5680799550077538,-0.5556440402906775,-0.5393452587579255,-0.4388345954649733,-0.40360337738826174,0.744322751930876,-0.4339860771464249,-0.5682241960679459,-0.549843865978719,-0.5132727840901433,-0.4941867600432026,0.8661747213689761,-0.45038737079258373,-0.44885378691854283,0.767083542809774,0.6129080773928288,1.0,0.8360701592155731,0.8914357143006815,0.7557772954805233,0.7970507747746454,0.7157964393658818,0.685560608955171,0.4820698923728216,-0.5661133945330967,0.7348573425439471,-0.1801485219671064,0.5356909608287986,-0.5127973880824849,0.7420357674748416,0.9053860932415224,0.7604053574782338,0.9937114856583218,-0.5808530564198497,0.7353858130138311,0.8513492631974356,0.5679442777931619,-0.4452470078985792,-0.5012158585480142,-0.44220670178368826,0.5044994910724944,0.4352029963828773,-0.29348617336712457,0.7463495806542135,0.7588592177783405,0.5951797615196062,-0.5789992840850232,-0.5712455286887488,0.8357682780834436
-0.3692961521434993,-0.511540339551886,0.8245548312256643,-0.44481005081714453,-0.4897486058739545,0.1624469973912974,-0.6374493414946668,-0.3117261289383119,0.7728037508271717,0.4416546095555325,0.30079444742469885,-0.5341469321592246,-0.5175797060809206,-0.4197730426211007,-0.29015503363406775,-0.3041236685456781,0.7576875237142631,-0.3417243211031996,-0.49804294385857906,-0.4900334926637358,-0.5357961190767375,-0.38738998579604317,0.8916880031121286,-0.42109714519667535,-0.39481041621928065,0.8540310279426805,0.6737902458591399,0.8360701592155731,1.0,0.9398658995268278,0.7901400150838309,0.8203311508150459,0.8488451128742319,0.7949710548816594,0.5534644853904453,-0.4518448611761112,0.7496202481651772,-0.0838913694915163,0.5918597813455105,-0.6057717454713751,0.7994213485111867,0.813478004024849,0.8555038915465649,0.8535258719971122,-0.45070954612428604,0.7866889324530308,0.9466055562290796,0.5623878596511703,-0.4532756963412158,-0.3837407463850964,-0.5184523198704536,0.6575536109888535,0.5436156139375189,-0.16614791344205962,0.88972364537392,0.7960519703076494,0.7356984521370104,-0.5610705746354393,-0.5093031420337855,0.8138572091134477
-0.413250012444644,-0.5638349897181374,0.7699289907373488,-0.4889402673109102,-0.5456261635735473,0.21814273157875644,-0.5867556643445007,-0.3545039415953394,0.7092129590978524,0.40144769217226617,0.25869672999120635,-0.5769706717739492,-0.5037438327151056,-0.45891366585149973,-0.3382369104778814,-0.34340616437203986,0.7027954372207635,-0.4021860537472886,-0.4611373307820399,-0.46944145003234805,-0.5238158481732793,-0.4337813300023,0.8451625567540495,-0.39752470702854686,-0.47142690016072375,0.7748798256828121,0.629345325188279,0.8914357143006815,0.9398658995268278,1.0,0.7484449371345425,0.7765103847404901,0.810208766870838,0.7515056328798371,0.5115138601540931,-0.49504010442784896,0.7049337462787614,-0.12497065820066948,0.549145405708236,-0.5616888254153901,0.7553558856808531,0.8816163214377525,0.815399266299103,0.9100298152821532,-0.49460862679600853,0.7444658160728418,0.8984450485617949,0.6079866769890317,-0.4969348856979428,-0.43077941131811537,-0.4776092648653707,0.5888725914085616,0.5000818916550284,-0.20637953494166003,0.8494745398798719,0.7526612166189873,0.6940523170235198,-0.5169521011742377,-0.5488509719860037,0.7706470303030387
-0.24443005473623405,-0.38387301802656754,0.752114785141586,-0.32354225931713765,-0.3198972922673476,0.06435831085075353,-0.4855248463197565,-0.12437967623526233,0.9597860641748348,0.5855017164989521,0.413006021006672,-0.3173648187009846,-0.5075159514335497,-0.3119974153272563,-0.3180767855241004,-0.23083973252801454,0.8345761838977243,-0.3130510620097449,-0.5051368685607762,-0.5136472777414227,-0.53064202243383,-0.3943677800379846,0.7998403180213026,-0.41991775706768875,-0.33042990470260614,0.8974190860106127,0.867685009200468,0.7557772954805233,0.7901400150838309,0.7484449371345425,1.0,0.8577842248695422,0.939526065030617,0.7501077188609002,0.7400565668735986,-0.31644510612672805,0.9801113619859176,0.04642333728704614,0.790022025886773,-0.4652405950729637,0.8367399430803918,0.850012406577811,0.8178185387693044,0.764935369174609,-0.3438496973198454,0.827785524795336,0.7601565959268815,0.5656741954116692,-0.32594136192456025,-0.3134190044019947,-0.46194515890385796,0.6354958733228083,0.5331410396138667,-0.14757742135012558,0.7267195108009705,0.8318528779893368,0.7892707901721436,-0.4444858632342553,-0.3295317038676293,0.9094251822488844
-0.271345973908919,-0.4405754462316297,0.7752533874108833,-0.35459345397170394,-0.3801685381321595,0.09338972703235211,-0.47280441389172445,-0.19813026375307843,0.8162481194087945,0.45659412720592274,0.37150507337574784,-0.36920320792128564,-0.5518505984296084,-0.3846786343012214,-0.37834052724639733,-0.32554151327980246,0.7346658429399688,-0.363988182712187,-0.5572404437719017,-0.5653339750314433,-0.5674567541188175,-0.44667687716647836,0.8282640947615297,-0.47425662415404923,-0.380694710937889,0.7698744833502513,0.7895872453751089,0.7970507747746454,0.8203311508150459,0.7765103847404901,0.8577842248695422,1.0,0.8149451385029849,0.7851361544936787,0.6643683926433542,-0.38316983952570594,0.8386288757903164,-0.06569405840857945,0.7566080617785104,-0.5241058498035127,0.902440706499531,0.8804854583659573,0.8838779299950426,0.7999100434807804,-0.3851496738571735,0.8931231614535683,0.7951821821633911,0.45196773547383984,-0.3731830806760063,-0.35717875279307953,-0.5179432268812738,0.5065643459737335,0.5220564050388589,-0.2080190778190941,0.7385957509075264,0.8697235998824915,0.6242424896989391,-0.4883477247590971,-0.3843181219779066,0.8878831248918144
-0.26818996561007424,-0.38332910287990135,0.73607633867662,-0.33854964317683256,-0.34633592126777263,0.10147864157071747,-0.519657298223654,-0.17685854242926924,0.9165160192873355,0.5309352091298614,0.45286644978013346,-0.3556304740642274,-0.4890964404957778,-0.32040505470528846,-0.2441842350481065,-0.17166630822936543,0.8803882335429801,-0.27990594354411774,-0.42507046789954944,-0.46056171210509456,-0.5170961448166407,-0.33741892714970245,0.7633585641914864,-0.38075814391906715,-0.3154961494979543,0.8811541807861685,0.8231977658737474,0.7157964393658818,0.8488451128742319,0.810208766870838,0.939526065030617,0.8149451385029849,1.0,0.7149911777565785,0.7073527886855182,-0.33200704445586465,0.9239161849909762,0.029605403974581335,0.744587460770338,-0.4902839397618301,0.7914161060089049,0.7859066237745066,0.7791009511728424,0.7384120897928508,-0.34306201186988716,0.7808357700706533,0.8017825470870834,0.6279652522612384,-0.37650856880812034,-0.2430561015004435,-0.47304654727777073,0.686937452486072,0.6161759862200047,-0.07602594480217298,0.7672084081781515,0.7725675261641658,0.8186310537322766,-0.45763374248061994,-0.36220750861447776,0.8530018278089926
-0.31473918177610916,-0.3844530062807271,0.8301353666621996,-0.3527895661140702,-0.32195296985916866,0.009973981948293558,-0.4766125892182972,-0.32784825143831026,0.6905558763942338,0.4840975742580282,0.3432652925913301,-0.3583349508291448,-0.452128148602125,-0.26148593194322667,-0.44483176957984816,-0.3582902742373059,0.5750246393811247,-0.3217675184770929,-0.484854710918154,-0.4655111622866512,-0.5006065770500777,-0.3535208635123023,0.8465428399692652,-0.5519999684734399,-0.5155351276551466,0.7196846410243868,0.7733166126099208,0.685560608955171,0.7949710548816594,0.7515056328798371,0.7501077188609002,0.7851361544936787,0.7149911777565785,1.0,0.663728013759101,-0.31144799338861257,0.7108348746315049,0.08898610921839745,0.6099324961641404,-0.4902069892262741,0.8403284279179346,0.7794510844981726,0.896739317685874,0.6934436047078677,-0.3202248570143686,0.8553977488635534,0.752173031072317,0.4773542140439563,-0.364805473195983,-0.4544481350703961,-0.4343539085746147,0.4713643870072334,0.5820588701364612,-0.3139766405571507,0.7235595817963093,0.9245973448078855,0.6489011977232254,-0.405018147871458,-0.32612691262380755,0.7909389034629725
