0.12506,0.13859,-0.14085,0.12318,0.13124,-0.072256,0.13807,0.10599,-0.13543,-0.075272,-0.067916,0.13961,0.14961,0.12249,0.12797,0.10476,-0.13021,0.12589,0.14371,0.14748,0.1479,0.13125,-0.14222,0.14234,0.12908,-0.13285,-0.12644,-0.14295,-0.1427,-0.14355,-0.13635,-0.13437,-0.13164,-0.13589,-0.11272,0.13904,-0.13663,0.066893,-0.11505,0.14832,-0.14143,-0.14194,-0.1396,-0.14361,0.14082,-0.13819,-0.14324,-0.085965,0.12844,0.10807,0.13384,-0.093309,-0.10261,0.097134,-0.13489,-0.13986,-0.12765,0.14779,0.13622,-0.13744
0.15378,0.13626,0.090432,0.15197,0.1437,-0.16903,0.058952,0.13457,0.13975,0.18837,0.19338,0.13532,0.091186,0.14037,0.14802,0.1458,0.14152,0.14693,0.089433,0.08722,0.08147,0.14239,0.10424,0.093478,0.13671,0.14909,0.15695,0.034312,0.10562,0.077412,0.13368,0.11334,0.15474,0.11334,0.16882,0.15024,0.13261,0.13856,0.16512,0.085378,0.099728,0.045937,0.11319,0.034914,0.15039,0.099055,0.098936,0.098031,0.14736,0.14163,0.096572,0.1749,0.15647,0.15905,0.10817,0.10445,0.13934,0.099899,0.14608,0.11639
0.052622,0.15559,-0.043311,0.044196,0.12431,-0.026049,0.087167,-0.085886,0.11813,-0.021572,0.22741,0.2061,-0.0089695,0.13557,-0.16375,-0.13714,-0.11191,-0.037346,-0.080343,-0.1243,-0.12261,-0.087137,-0.12433,-0.12304,-0.12256,-0.10624,0.16273,-0.19324,-0.11837,-0.20444,0.040817,0.035829,0.046393,0.1668,0.11539,0.073745,0.058881,0.024712,0.128,0.039108,0.19061,0.022341,0.058616,-0.21203,0.10908,0.27043,-0.19264,-0.26271,-0.14866,0.017261,-0.13182,-0.15376,-0.043811,-0.24237,-0.17607,0.11015,0.0027626,0.060549,0.08811,-0.041202
0.12195,-0.015403,-0.025872,0.1195,-0.019144,0.38074,-0.12792,0.23414,0.10702,-0.081312,-0.14483,0.10064,-0.24777,0.0083897,0.17012,0.25556,0.043122,0.12381,-0.16289,-0.22032,-0.23802,0.0019162,-0.004179,-0.092515,0.15913,0.0039852,-0.041389,-0.069957,0.013305,-0.014915,0.063576,0.056172,0.057796,-0.11148,-0.026962,0.090341,0.097925,0.082345,-0.0056756,-0.20712,0.036026,-0.041508,-0.030604,-0.057472,0.036229,-0.03751,0.0011479,-0.21027,0.12209,0.15998,-0.23555,-0.041446,-0.20714,0.189,0.0029836,-0.0062947,0.043202,-0.18027,0.02655,0.043811
-0.15295,-0.0041455,-0.065404,-0.16317,-0.044528,0.19064,0.10419,-0.042518,0.19267,0.13312,0.33298,0.053855,-0.025512,-0.17312,-0.037298,0.16178,0.16824,-0.03231,0.058208,-0.0021205,0.015161,-0.059976,-0.19407,0.024478,0.075034,0.029331,0.06416,-0.066988,-0.19156,-0.17101,0.031066,-0.074203,0.10873,-0.27256,0.13505,-0.087466,0.17382,-0.22687,0.13988,0.069639,-0.058038,-0.078245,-0.23778,-0.055514,-0.11391,-0.080229,-0.17383,0.25538,-0.032044,0.091286,0.035287,0.15555,0.056249,0.099316,-0.17564,-0.13457,0.065567,-0.040916,-0.02337,0.013737
0.25198,-0.082704,-0.19656,0.14831,-0.051593,-0.26344,-0.34759,-0.15165,-0.039788,0.19843,0.099123,-0.068017,-0.056966,0.048121,0.066212,-0.14755,-0.0054845,-0.018221,-0.11954,-0.056263,-0.083339,-0.061424,0.00019177,0.027963,0.0025246,0.12263,0.032521,-0.1513,0.010291,-0.03031,0.0013712,-0.068875,0.05648,-0.014723,0.016162,0.10377,-0.064577,-0.28095,0.020298,-0.15188,-0.17212,-0.13858,0.012079,-0.15754,0.087249,-0.20944,-0.0063578,-0.20724,0.097443,-0.082978,-0.063829,0.37574,0.12582,-0.057217,0.0047383,-0.10238,0.036547,0.00711,-0.06194,-0.078757
-0.21713,0.061861,0.12793,-0.20397,-0.0030906,0.067966,-0.0041213,-0.085145,-0.15064,0.11787,0.22558,-0.066628,-0.03817,0.13997,0.025895,0.12423,0.0060675,0.1594,-0.053143,-0.040162,-0.013614,0.35991,0.01519,-0.29654,-0.12533,-0.033115,-0.01417,-0.097922,-0.010704,0.0067406,-0.12652,-0.12933,-0.1173,0.094565,-0.051967,-0.096787,-0.11284,0.24419,-0.11027,-0.057807,-0.0415,-0.21648,-0.0078626,-0.10034,-0.010404,0.068791,0.033239,-0.096385,-0.068295,-0.056423,-0.10497,0.16991,0.32246,0.1597,0.038405,-0.016002,-0.068771,-0.19513,0.15158,-0.03917
-0.022191,0.012889,-0.17516,0.074135,-0.001021,0.2679,-0.20745,0.10426,0.046031,0.02282,-0.20572,-0.13922,0.069738,0.097543,0.014459,-0.15612,0.074188,0.0048466,0.017394,0.042942,0.0035738,-0.0063251,-0.029484,0.042649,-0.16284,0.20032,0.17339,-0.13737,-0.020806,-0.055994,0.047137,-0.11291,0.16517,0.035059,0.14039,0.016119,0.014421,0.50857,0.13046,-0.010563,-0.15056,-0.097638,0.021811,-0.14059,0.028413,-0.1453,-0.063129,0.30912,-0.056343,-0.15714,-0.01761,-0.11919,0.076878,-0.13281,-0.039345,-0.086051,0.016118,0.10364,-0.045913,-0.057471
0.040059,0.03978,-0.094435,0.047297,-0.018076,0.64817,0.014449,-0.060598,-0.10738,0.33497,0.22105,-0.032067,0.073515,0.16055,0.029643,-0.0901,-0.16377,0.026989,0.050966,0.039984,-0.0046669,-0.03258,0.018614,0.088491,-0.057732,-0.066062,-0.042783,0.15743,0.031142,0.09851,-0.032962,0.00040264,-0.050854,0.092322,-0.092155,0.070426,-0.11229,-0.075784,-0.076788,0.034615,-0.0022824,0.25074,0.093604,0.15231,0.067995,-0.01353,-0.029222,-0.046804,0.0092714,0.056587,0.077103,0.22991,-0.09382,-0.11166,-0.030194,0.024654,-0.016676,0.13595,0.01207,-0.062964
-0.0079162,0.077174,-0.23651,-0.055658,-0.065019,-0.30122,-0.0095119,-0.008645,0.0091125,0.021138,0.16517,-0.049491,-0.04427,-0.11119,0.12133,0.17857,-0.16488,0.35757,-0.051072,-0.12317,-0.074422,0.06695,-0.095386,0.092924,-0.21527,-0.030745,0.031592,0.19513,-0.093136,-0.043022,0.031232,0.088015,-0.008298,0.025348,0.041069,-0.01623,-0.059037,0.15945,0.023542,-0.10201,-0.027396,0.34354,0.0026311,0.14493,0.0012559,-0.051351,-0.1139,0.12928,-0.057008,-0.23137,-0.22055,0.034097,-0.20901,0.18294,-0.08877,0.0073629,-0.08552,0.086879,-0.1054,-0.10084
0.12796,-0.098788,0.060382,0.04501,-0.035707,-0.01247,-0.0088582,0.099163,0.10132,-0.01596,-0.13239,0.13679,0.02071,0.075163,-0.065018,-0.14588,0.17709,0.13959,-0.044183,0.0087471,0.19009,0.16531,-0.11833,-0.051324,0.07992,0.12915,0.11845,0.34677,-0.17911,-0.021938,0.0094155,-0.11106,-0.0083428,-0.1324,-0.018087,-0.081627,0.10276,0.096281,0.016452,0.043496,-0.083391,0.19762,-0.2145,0.28265,-0.010769,-0.026561,-0.041996,-0.3266,0.02367,-0.026146,-0.082703,0.048564,0.24021,-0.28362,-0.17178,-0.032354,-0.119,-0.14567,0.02587,0.016411
-0.12959,-0.021363,-0.029829,-0.13215,-0.021484,-0.20177,-0.007352,-0.13237,0.17917,0.0035006,-0.15317,0.0017645,-0.015584,0.44381,-0.065436,0.088138,0.04469,-0.077256,-0.030341,-0.041735,-0.054405,-0.15023,-0.0043136,0.032475,-0.0052817,0.087415,0.023535,-0.0044076,0.014888,-0.011457,0.065891,-0.21213,0.091573,0.012059,-0.38756,-0.018352,0.14828,0.15348,-0.24217,-0.0037726,0.068939,0.060105,0.028906,-0.0016286,-0.041515,0.058152,-0.022073,0.1423,-0.042146,0.32015,-0.017913,0.2863,-0.16426,0.0012871,-0.16106,0.024836,-0.022816,0.034697,-0.063408,-0.03846
0.14043,0.089838,0.038353,0.07523,-0.095701,0.028034,0.29942,0.19126,0.076018,0.050055,-0.099942,-0.076357,0.090551,-0.11121,0.058712,0.1549,0.10354,-0.051979,0.21084,0.13008,0.042259,-0.07521,0.030786,0.096994,-0.16755,-0.034046,-0.10098,-0.12275,0.069158,-0.0010094,0.026818,-0.022143,0.050458,-0.085898,-0.060585,-0.067818,0.1035,0.078265,-0.097759,0.14828,0.069054,-0.11447,0.0091949,-0.07843,-0.12406,0.024409,0.007657,-0.26729,-0.27966,-0.28613,-0.30379,0.33953,-0.069038,-0.096877,0.12806,-0.025771,0.093995,0.10109,-0.069059,0.053296
-0.15021,-0.071125,0.097873,0.0066004,-0.11588,-0.14199,0.06069,0.2981,0.01561,0.47297,0.097154,0.060801,-0.056606,-0.10344,0.054872,-0.19806,-0.04169,0.18326,-0.075423,-0.052613,0.067032,0.066849,0.07028,0.032064,0.11824,0.016241,-0.086589,-0.07121,0.040703,-0.12924,0.014396,0.10131,-0.10043,-0.041836,-0.099121,-0.046296,0.041889,0.0722,-0.062275,-0.063402,0.054145,-0.17259,-0.013942,-0.13349,-0.037168,0.022041,0.10158,0.15586,0.1394,-0.017109,0.022536,-0.034693,-0.29257,-0.37484,-0.041484,0.077496,-0.16676,-0.12126,-0.03376,0.065184
0.061758,-0.017041,-0.034542,-0.18589,-0.11031,0.21067,0.087644,-0.35108,0.067723,-0.27606,-0.13594,0.024489,0.060745,0.0098403,0.070804,-0.034179,-0.055087,0.42438,-0.022283,-0.013847,0.18895,0.10426,0.058439,0.24973,-0.0058554,0.11735,0.036055,-0.069426,0.012837,-0.26835,0.13824,0.21454,-0.043108,0.068211,-0.088995,-0.075963,0.052478,-0.13122,-0.041246,-0.0138,0.047057,-0.079483,0.032125,-0.20313,-0.015386,0.019208,0.10402,0.0099871,0.15318,-0.022239,-0.017545,0.058952,0.1265,-0.074478,0.0083472,0.17373,0.044795,0.024989,-0.13323,0.071153
-0.0044911,-0.048434,-0.050181,-0.079959,-0.10904,-0.056928,0.066356,-0.39974,-0.013674,-0.010546,0.16649,0.17893,-0.048651,-0.078796,0.060609,-0.087769,0.019246,-0.095239,-0.018558,-0.0079849,-0.052146,-0.11491,-0.051538,0.058897,0.23462,-0.16132,-0.26074,0.026622,-0.019778,0.062539,-0.0089926,0.084615,-0.019365,-0.16484,-0.011482,0.13028,-0.0081839,0.47286,0.004461,-0.0021095,-0.0023715,0.026755,-0.094601,0.055382,0.068771,-0.045814,-0.028078,-0.0031806,0.12204,0.011715,-0.11508,0.0047073,0.038856,-0.1969,0.26699,-0.093808,0.31246,-0.019287,0.021903,-0.019133
0.047596,0.0023365,-0.087505,-0.054467,-0.22746,-0.059516,0.098898,-0.12383,0.070042,0.1605,-0.034264,-0.2583,0.0015226,-0.20106,0.018256,-0.012768,-0.044455,0.08145,0.060185,-0.017485,-0.10137,0.029945,0.022103,0.0012961,-0.070446,0.073779,0.019557,-0.029311,0.052561,0.0059578,0.023923,-0.055034,0.096462,0.010722,0.11914,-0.16833,0.085657,0.23348,-0.0042682,-0.024121,0.015113,0.02205,0.081246,-0.039148,-0.18022,-0.0092016,-0.073663,-0.44594,0.06158,0.2022,0.51412,-0.0891,-0.098372,0.1073,-0.12213,-0.042582,0.097663,0.0086771,0.020475,-0.00050699
-0.19293,0.27009,-0.16014,-0.19723,-0.21282,-0.059445,0.18443,0.0443,0.028587,-0.033011,-0.15105,-0.11394,0.038327,0.11464,0.32435,-0.044508,-0.016972,-0.034719,0.089314,-0.073379,-0.21608,0.15547,0.031771,-0.075279,-0.032824,0.040517,-0.0417,-0.026491,0.11252,0.16353,0.05197,-0.053716,0.11936,0.002334,0.017606,0.075877,0.069092,-0.29106,0.014106,0.048968,-0.076834,0.075238,0.042453,0.054417,0.071904,-0.040617,-0.07002,0.043545,0.19173,-0.051001,-0.13514,-0.13385,0.080766,-0.27641,-0.097296,-0.109,0.15138,-0.024957,0.3034,0.026085
-0.17744,-0.083079,-0.1098,-0.056706,0.36678,0.025362,0.016104,-0.014604,-0.086247,-0.078502,0.11077,-0.11658,0.22115,-0.056692,-0.043425,0.015629,-0.0068144,-0.23092,-0.15465,-0.09389,0.011964,-0.098739,0.11969,0.029762,0.12702,0.14166,-0.087093,0.0073074,0.14406,-0.10407,0.16219,0.16796,0.032228,0.044265,-0.015325,-0.057852,0.043549,0.14197,-0.051433,0.23852,-0.14682,0.030689,0.00089753,0.0074084,-0.018106,-0.05228,-0.0046595,-0.16281,0.27326,-0.26559,-0.068345,0.11831,-0.10369,0.10488,-0.29539,0.050464,-0.069856,-0.12212,0.14153,0.1424
-0.049781,-0.013144,-0.22805,0.073965,0.15862,-0.019707,0.055044,0.22179,0.054296,-0.040267,0.15364,-0.12573,0.10373,0.26594,-0.12281,-0.14119,-0.0082164,0.019041,-0.095222,-0.066061,0.075735,0.16647,-0.13339,0.019129,-0.099415,0.044384,-0.10393,0.01951,-0.10501,-0.041746,0.1276,0.078846,0.10907,0.081405,-0.099791,-0.27228,-0.013254,-0.11151,-0.0042969,0.029254,-0.14004,0.014848,-0.16012,-0.016004,-0.13041,0.062131,0.022175,-0.065577,0.053361,0.095535,0.0073089,-0.11068,-0.12576,0.039382,0.47218,-0.089672,0.3047,-0.10005,-0.073326,-0.097442
0.38632,-0.051836,-0.099356,0.29116,-0.12232,0.02608,0.34179,-0.0106,0.15513,-0.05137,0.08983,-0.047206,0.014242,0.067573,-0.028321,0.079471,-0.10791,-0.13072,-0.2362,-0.11759,-0.028164,-0.017873,0.021452,-0.090911,-0.11066,-0.038377,-0.13504,0.024781,0.079954,0.092808,-0.089879,0.031252,-0.14653,0.064302,-0.039741,-0.14519,0.11317,0.051374,-0.036346,-0.09007,0.027278,-0.085295,-0.0041922,0.0043957,-0.11865,0.15546,0.020452,0.26939,0.24517,-0.078369,0.0462,-0.017586,0.24433,-0.0090732,-0.17065,-0.20255,-0.1104,-0.0025812,-0.054794,-0.029667
0.28394,0.28306,0.19432,0.048382,-0.022269,0.035576,-0.056609,-0.0031641,-0.059987,-0.15466,-0.012573,-0.046183,-0.1054,-0.27147,-0.054863,-0.23929,0.11313,-0.049676,0.069704,-0.11103,-0.10267,0.16312,-0.096396,-0.14137,0.046588,-0.075446,0.075137,-0.058183,-0.15626,-0.098087,0.13659,-0.18729,0.079892,0.098976,-0.1744,-0.055181,-0.073872,0.033107,-0.16669,0.053102,0.002993,0.075149,-0.085084,0.0449,0.018542,0.072236,-0.023945,0.22047,0.16362,-0.17024,0.15782,0.23694,-0.18879,0.037708,-0.003622,0.18799,0.15143,-0.05163,0.15082,-0.041743
0.26764,0.099156,0.038203,-0.18359,-0.3333,-0.051044,-0.063632,0.12222,-0.21783,-0.061681,0.037388,-0.15822,0.0071181,0.3037,0.022625,0.017651,0.027166,-0.16664,0.036103,-0.087665,-0.062673,-0.025716,-0.020361,0.0010197,0.10461,-0.15518,0.041505,-0.068437,-0.0070296,-0.16566,0.052502,0.41618,0.025802,-0.057039,0.12532,-0.099372,-0.20617,0.089797,0.15006,0.15804,-0.091743,0.014689,-0.11132,0.073165,-0.12404,-0.066355,0.042067,0.047633,-0.12836,0.18563,-0.012057,0.087654,0.0087,-0.02629,-0.042732,0.080476,-0.18069,-0.030632,0.025413,0.11256
-0.24153,-0.048188,0.0094222,-0.066613,-0.090773,-0.0085492,0.0010949,0.26158,0.015411,-0.16309,-0.055393,-0.047762,-0.050724,-0.098056,-0.13635,0.04173,-0.025588,-0.083085,0.14267,0.028559,-0.032551,-0.15598,-0.023393,0.094498,-0.10816,-0.088708,0.12344,0.0063064,-0.08196,-0.10368,-0.22293,-0.010963,-0.050957,0.083553,0.095848,-0.050897,-0.079531,0.072035,0.13636,-0.07162,0.10479,0.096456,0.056328,-0.065105,0.026877,0.072153,-0.1042,-0.085822,0.55839,0.12485,-0.073581,0.29201,0.11627,-0.068514,0.19261,0.0082643,-0.12597,0.087802,-0.010409,-0.14855
0.067292,0.09765,0.15487,-0.057925,-0.010164,-0.0019095,-0.11086,-0.18891,-0.038328,0.41971,-0.19878,-0.013364,-0.0097147,0.086405,-0.16857,0.44385,0.1504,-0.073912,-0.02946,0.0054498,0.041023,-0.0079596,-0.038456,-0.039212,-0.083791,-0.10212,0.090277,-0.051359,-0.11709,-0.070862,0.07256,0.030884,0.068391,0.099189,-0.034298,-0.028732,-0.10496,-0.06137,-0.071253,0.11056,-0.042006,-0.01163,-0.11934,0.077704,0.020373,0.046765,0.042746,-0.060325,0.32996,-0.1732,-0.07082,-0.2794,-0.011589,-0.059043,-0.0027634,-0.025187,0.12175,0.13947,-0.18423,0.0017164
-0.10462,0.49629,-0.13709,-0.11548,0.23751,0.032343,0.014802,-0.065262,0.17961,0.095842,-0.11028,0.025901,-0.11813,-0.097633,0.10937,-0.17602,0.11399,-0.10151,-0.093505,-0.14249,0.019597,-0.0050833,-0.082664,0.16271,0.15292,-0.043939,0.085177,-0.064045,-0.036764,0.24774,-0.013007,0.17811,-0.031858,-0.011964,-0.11381,-0.066095,-0.022702,0.040894,0.060746,-0.10032,0.035151,-0.059066,-0.1176,0.028872,-0.10807,0.065729,0.18956,-0.11048,-0.044789,-0.034002,0.05773,0.043493,0.10605,0.073622,0.062543,-0.093914,-0.31738,0.14653,-0.13313,-0.12233
-0.094786,0.073373,0.14887,-0.091172,-0.18671,0.011588,0.1634,0.099748,-0.027061,-0.16993,0.24398,0.035728,-0.16818,0.19607,0.021603,-0.14071,-0.023581,-0.11408,0.029904,0.074446,0.16367,-0.062382,0.02342,-0.048496,-0.14304,0.011378,0.085807,0.038627,-0.092633,0.043142,0.2691,-0.12682,-0.13016,0.027946,-0.073857,0.13746,0.015545,0.042666,0.17004,-0.23822,-0.087538,-0.14992,-0.039704,0.07364,0.15856,-0.14389,0.16943,-0.15325,0.12768,-0.1458,0.05874,-0.035505,-0.15485,0.14182,-0.12013,-0.12803,0.073935,0.16648,-0.21028,0.25413
0.10531,0.17579,0.058997,0.041281,0.031342,-0.010984,-0.25047,0.034541,0.038718,-0.15384,0.33723,-0.062251,0.045161,-0.13727,0.024988,0.13106,-0.24069,-0.01884,0.21624,0.093824,0.027901,-0.028656,0.04213,0.11477,-0.10306,0.11283,0.20112,-0.052083,0.04048,0.31677,-0.16443,0.017934,0.038065,-0.082389,-0.2213,-0.11554,0.0046694,0.065204,-0.054336,0.09959,-0.044781,-0.037775,-0.10224,-0.060662,-0.044083,-0.04581,0.13259,-0.025423,0.087728,0.18491,-0.15361,-0.15837,0.020224,-0.19229,-0.17717,0.11012,0.11644,-0.20728,-0.15645,0.0087009
-0.25832,-0.132,-0.13895,0.30441,-0.2284,-0.012653,-0.039928,0.14125,0.018051,0.044887,0.086946,-0.012118,-0.036386,-0.13237,0.094662,-0.032131,-0.0043386,-0.12525,0.028329,-0.061432,-0.14983,0.054358,-0.053685,0.15849,0.13541,-0.12374,0.17907,-0.093841,0.022151,-0.29506,0.10826,0.01559,-0.04085,0.07411,-0.32854,0.063891,-0.041229,0.022823,-0.18007,0.084249,0.014747,0.1305,-0.015103,0.073805,0.0014977,0.035105,0.1328,-0.050533,-0.11136,-0.011069,-0.0043311,-0.14495,0.38532,0.12588,-0.050719,0.040869,0.10394,0.13619,-0.022488,0.078396
0.022397,-0.064542,-0.16958,-0.13002,-0.025942,-0.0073376,0.047014,0.061216,-0.024486,0.04037,-0.16785,0.077029,0.081799,-0.13507,-0.23842,0.060248,-0.33394,0.0077487,-0.13431,0.076331,-0.083497,0.11972,-0.14409,-0.013069,0.11675,-0.11066,0.28996,-0.10426,-0.091386,0.30184,0.20508,0.0045476,-0.14668,0.089572,0.15674,0.05465,0.093687,0.023314,-0.2279,0.048202,-0.12171,0.013108,-0.06173,-0.065451,0.075967,0.0084443,-0.079118,0.049891,-0.031663,0.075821,0.0013623,0.15959,0.013651,-0.043249,0.13565,-0.084432,-0.030335,-0.020358,-0.041635,0.39996
0.24001,-0.14878,-0.040231,-0.24399,0.31373,-0.015779,0.19088,-0.044048,0.02755,0.22975,-0.17573,-0.043943,-0.084489,-0.16889,0.20613,-0.045104,-0.26189,-0.26716,0.19612,-0.03325,0.023661,0.039596,-0.024319,-0.024101,-0.1767,0.059905,0.096997,0.073857,-0.016884,-0.30347,0.021909,-0.043583,-0.094286,0.047007,-0.10665,-0.015018,-0.010647,0.042602,0.17409,-0.15866,-0.065748,0.015318,-0.054087,0.063275,0.094131,-0.025914,0.16765,0.043411,-0.037979,0.21707,-0.14673,-0.014294,0.052165,0.039595,0.033816,0.011355,0.065231,-0.096542,0.085266,0.020801
-0.15571,0.12015,0.033487,0.065535,0.24337,-0.042893,0.0035984,0.1948,-0.12341,-0.05268,-0.15271,0.059427,-0.11996,-0.035388,0.046046,0.10929,-0.021617,0.036346,-0.12558,-0.10214,0.037639,-0.033993,-0.015475,-0.044469,-0.22707,-0.10528,-0.18093,0.047803,-0.064369,-0.0024334,0.070912,0.23444,-0.049562,-0.077228,0.14315,0.03986,-0.12959,0.023997,-0.12089,-0.098319,0.0034432,-0.0067431,-0.013489,-0.003041,0.023525,-0.068816,0.022123,0.040231,-0.094484,0.12211,0.24251,0.22179,0.19658,-0.21935,-0.29002,0.043229,0.41447,0.015867,-0.1741,-0.031615
-0.13016,-0.032532,0.14729,0.30907,0.20059,-0.02396,0.12996,-0.20828,0.0067121,0.059816,-0.12,-0.19748,-0.10042,0.24328,0.061637,-0.25397,-0.059567,0.19222,0.21836,0.036709,-0.15712,-0.04043,-0.0022223,-0.071151,0.11737,-0.14257,0.30204,-0.045459,0.0071985,-0.016915,-0.23575,0.11709,-0.12219,-0.16255,0.15732,-0.12236,0.0011044,-0.017843,-0.03131,-0.0004521,0.019777,-0.015301,-0.068448,0.079713,-0.15232,-0.014968,-0.023158,0.034008,0.092774,-0.065351,-0.13327,0.05211,-0.10816,0.11567,-0.087202,-0.083365,0.16885,-0.018735,-0.053456,0.16528
-0.033091,-0.015401,0.03356,-0.122,-0.28988,0.014667,-0.087194,0.083568,0.17331,0.14196,-0.17544,0.31244,0.10314,0.061842,0.038771,-0.26843,-0.22359,-0.13539,-0.02476,0.014835,0.097191,-0.0072305,-0.062177,0.0084314,-0.10892,0.061842,-0.063387,0.026531,-0.012951,0.067033,-0.23894,0.16484,0.082132,0.036749,0.1252,0.044234,0.051023,-0.0048135,-0.099219,0.18793,0.020742,-0.04123,-0.14254,-0.041156,0.10051,0.1077,0.069046,-0.018018,0.04315,-0.13334,-0.030952,0.039714,-0.020404,0.3989,-0.14057,0.087933,0.19075,-0.14424,-0.063533,-0.17439
-0.14586,-0.052428,0.13235,0.19834,-0.043787,0.011622,-0.036631,-0.13088,0.15022,-0.10449,0.032269,0.064762,0.079654,-0.029708,0.24741,0.14584,-0.067294,-0.11873,0.10444,0.079208,0.068518,0.012291,-0.09576,0.026577,0.07024,0.0064067,-0.072642,-0.010587,-0.024486,-0.050901,-0.055066,0.084715,0.19896,0.51358,0.18703,-0.067746,-0.013487,0.0002661,-0.15632,-0.31009,-0.19336,-0.11707,-0.28059,0.14822,-0.063768,-0.0049379,-0.047333,-0.017239,-0.082101,0.032013,0.021249,0.073885,-0.12787,-0.14626,-0.0077154,0.025608,-0.12057,0.025522,0.075567,0.027108
-0.058603,-0.17397,0.017285,0.0014387,0.032856,0.02081,0.023055,-0.076213,0.15504,-0.17719,0.058793,0.0056757,-0.07352,-0.0057381,0.15022,0.12875,-0.043665,-0.09295,-0.17371,-0.093194,-0.1627,0.32753,-0.049095,-0.11855,-0.065631,0.029085,0.14653,-0.033853,0.082186,-0.095103,-0.17739,-0.061652,-0.020487,-0.08778,0.12388,0.13042,0.026682,-0.0018139,0.05747,0.39776,-0.045694,-0.037551,0.0079753,0.11412,0.081721,-0.011822,0.33752,-0.027908,-0.017884,-0.018933,0.1602,0.12064,-0.22517,-0.20098,0.10027,-0.041936,-0.070429,0.15075,-0.20913,-0.14193
0.12866,-0.020825,-0.13356,-0.20886,0.10842,-0.011876,0.011126,0.13432,-0.0092774,0.0044599,0.04038,0.069366,-0.20542,0.026421,0.049953,-0.074669,0.16673,0.17125,0.075043,-0.045257,-0.13355,-0.14566,-0.013283,0.026802,0.12699,-0.055399,-0.17294,0.015035,-0.02213,0.0068304,-0.22953,-0.1935,-0.10367,0.54677,0.027704,0.0091952,0.053232,-0.001013,0.042393,0.29686,0.066777,-0.0017265,-0.019285,-0.0056627,-0.14904,-0.24191,0.017777,0.0063542,-0.0028901,0.00038465,-0.0084676,-0.048529,0.076254,0.005391,-0.066288,-0.030091,0.088355,-0.047834,-0.20548,0.18458
0.092333,-0.096887,-0.0082284,-0.17452,0.10084,0.0077775,-0.3241,0.078326,0.079007,-0.047746,0.093301,0.15935,-0.028659,0.12423,0.32763,0.031741,-0.049691,0.049504,0.069159,0.0053079,0.023379,-0.27759,-0.041305,-0.029897,-0.2216,-0.092993,0.10211,0.015123,-0.055622,-0.058263,0.094478,0.0060202,-0.14121,-0.13788,0.033791,0.01849,0.093165,-0.00041792,-0.24347,0.037797,0.082732,-0.0022126,-0.0080972,0.018021,-0.31345,0.15688,0.063298,-0.0065476,0.071175,-0.20438,0.22444,-0.044375,0.039246,-0.057518,0.1546,-0.14914,-0.039982,0.047716,0.28296,0.10515
0.015365,-0.028254,0.32001,-0.084563,0.059443,-0.0076858,0.08936,0.10104,0.12155,0.041596,0.0029403,-0.10837,-0.037599,0.17325,0.03222,0.088685,-0.34532,-0.027127,-0.15289,-0.075692,-0.13491,-0.057,-0.11096,0.15811,0.20011,0.028077,-0.03063,-0.033165,-0.020746,0.072051,0.029516,-0.1464,-0.074921,-0.073284,-0.013024,-0.0076764,0.12215,0.0012109,0.12593,-0.045253,-0.12024,0.0097293,-0.033353,-0.01669,-0.15525,-0.22964,-0.16585,-0.030068,-0.023894,-0.22026,0.10061,-0.043271,0.17059,-0.019344,0.10587,0.45088,0.052909,0.12376,0.018777,-0.17784
0.090386,-0.10961,-0.10536,-0.22589,-0.0053222,0.010215,0.14519,0.13037,-0.064128,-0.05565,0.043002,0.069984,0.034179,0.02375,0.016374,0.11749,0.028255,-0.025719,-0.04405,-0.00054521,0.10799,-0.033469,0.13459,-0.035399,0.34437,-0.04631,0.47726,0.1285,0.15455,-0.0026708,-0.090664,0.076569,0.076001,0.10378,-0.1082,-0.029909,-0.17006,-0.00082752,-0.059158,-0.1754,0.10196,-0.1167,0.062051,-0.020129,-0.012502,-0.012818,-0.11906,-0.0043917,-0.096504,-0.20231,0.10349,0.014039,-0.079594,-0.07591,-0.055899,-0.18808,0.23465,-0.070433,-0.019412,-0.32235
-0.059651,-0.071009,-0.12069,0.17132,-0.050211,-0.0073004,0.25803,-0.11931,-0.090285,0.045302,-0.023172,0.14719,0.037208,0.03704,0.2473,0.059518,0.31033,-0.096409,-0.0098848,-0.12016,0.0078122,-0.15666,-0.14808,-0.030424,-0.23478,-0.04904,0.24227,0.13952,-0.057045,0.17643,-0.027351,0.033008,-0.054473,-0.003012,-0.076323,0.010536,-0.094875,0.0005534,0.0030403,0.059398,-0.1319,0.031662,0.012877,-0.28082,0.072126,-0.15758,-0.067854,0.0028558,0.023304,-0.022985,0.1438,-0.022957,-0.042413,0.013656,0.13866,0.34938,-0.11493,-0.29399,-0.037989,0.06758
-0.10549,0.19244,0.089094,0.21283,-0.12613,-0.0054194,0.00050509,-0.093027,-0.12173,0.02914,-0.061214,0.086204,-0.029216,-0.12982,0.070197,-0.019986,-0.15794,0.021145,-0.18553,-0.09828,0.22022,-0.14914,0.14056,-0.10751,-0.030039,0.061087,0.15742,0.1409,0.0039055,-0.038569,0.27969,-0.098059,-0.18589,0.14233,0.082931,-0.00091035,0.024764,0.00015319,0.059945,0.30275,0.022783,-0.15698,0.022936,0.047072,-0.2811,-0.19648,-0.047334,0.013062,0.0027127,0.25257,-0.21124,0.030477,-0.039892,0.040771,0.066791,-0.10758,0.039933,0.03382,0.12079,-0.25006
-0.059617,0.016047,-0.051116,0.080516,-0.026286,-0.0011247,-0.15969,-0.043403,-0.1085,0.0065438,-0.098442,0.14428,0.081133,0.016662,0.17968,0.064382,-0.1677,-0.10722,-0.10503,-0.1109,0.068509,0.15826,-0.13675,0.097996,0.074847,-0.0082815,-0.057501,0.19904,0.1032,0.014443,-0.066699,-0.26266,0.12966,-0.062656,-0.083629,-0.226,-0.27796,4.7009e-06,0.3544,0.017887,0.25879,-0.10099,-0.0076831,-0.1065,-0.13934,0.19005,-0.12428,0.0063772,0.00824,-0.061736,0.015802,0.091318,-0.051842,-0.017047,-0.041466,-0.0048213,0.087345,0.088011,-0.058193,0.3768
-0.038243,0.037483,-0.11021,0.050597,-0.086893,-0.00030683,0.018039,-0.021923,0.013723,0.0016568,-0.056527,-0.049884,-0.020127,-0.015675,-0.1752,0.11776,0.002778,0.031105,-0.2038,0.043494,0.20017,-0.063818,-0.042275,0.023093,0.051007,-0.077158,0.036638,-0.036419,-0.29692,0.026504,-0.33577,0.01895,0.030074,0.049038,-0.093504,0.055333,0.076734,-3.2065e-05,0.18998,-0.094629,-0.16095,0.10871,0.16221,-0.089551,-0.1742,-0.051193,0.43421,0.0047725,-0.069253,-0.045266,-0.013842,0.054489,-0.11003,-0.032989,-0.083508,0.047885,0.17687,0.051478,0.4256,0.10841
0.1084,-0.13826,0.17465,-0.1914,0.053901,0.00048155,0.04911,0.086977,0.014818,-0.0028469,0.092291,-0.073498,0.26593,-0.14592,0.17452,-0.21516,0.26227,0.054301,-0.34307,-0.0074152,0.0074157,-0.0081057,-0.076234,0.031943,-0.099686,-0.1273,0.090082,-0.0070664,0.082527,0.08663,-0.12815,-0.067281,0.057701,-0.043097,0.040207,0.021957,-0.12304,0.00016591,-0.18279,-0.068741,-0.167,-0.055163,0.031423,0.0043187,-0.090593,0.064801,-0.069952,-0.019445,0.065418,0.2623,-0.2482,-0.088038,-0.017811,0.07341,-0.085594,0.10235,0.092326,0.38876,-0.013481,0.06506
-0.044597,-0.049565,0.070532,0.0028242,-0.017263,-2.3636e-06,-0.034966,0.035533,0.033386,1.2015e-05,-0.10286,-0.041908,0.29002,-0.099127,0.08818,0.020218,-0.051552,0.3234,-0.0042336,0.0033952,-0.083674,-0.32678,-0.013876,-0.30291,0.029442,-0.10711,-0.019077,-0.14771,0.07273,0.057335,0.054401,0.031352,-0.040324,0.073463,-0.30042,0.053578,0.0028206,-7.6116e-07,0.40455,0.082208,-0.2566,-0.00085333,-0.1814,0.11056,0.12717,0.26331,-0.0019943,8.5836e-05,-0.0455,-0.0037703,0.12393,0.10284,0.03267,-0.0055387,0.0086524,-0.071111,0.024754,-0.041559,-0.078502,-0.048557
0,0.085143,0.10767,0.0013385,0.023219,-1.1203e-06,0.03005,-0.0018649,-0.046956,5.695e-06,0.00081253,-0.13373,0.1141,-0.028503,0.089532,-0.023032,-0.056831,-0.084038,-0.10707,0.22302,0.1264,0.094075,-0.23111,-0.31455,0.02399,0.17816,-0.013236,-0.066119,0.042255,-0.094146,-0.082996,0.16503,0.095132,0.030947,-0.15054,0.43186,0.038252,-3.6078e-07,-0.0032791,-0.070684,0.2484,0.30129,-0.048896,-0.17276,-0.30961,-0.15251,-0.1048,4.0685e-05,0.064299,-0.0017869,0.013729,-0.0008212,0.028168,0.0058801,0.065285,-0.10817,-0.041377,-0.068378,-0.18339,0.073092
0,0.3123,0.12484,-0.00084155,-0.026893,-9.2658e-07,0.039487,0.016574,-0.31195,4.7102e-06,0.018692,0.19149,0.23005,0.014364,-0.0855,0.027265,-0.013218,0.047542,-0.075144,0.02631,-0.2535,-0.18312,-0.31182,0.09085,0.022924,0.1196,0.049454,0.14057,0.29332,-0.2706,-0.10425,-0.13824,-0.00033766,-0.034863,0.1231,-0.14998,0.21224,-2.9839e-07,-0.10087,-0.14902,-0.10829,0.04231,0.08673,-0.0034939,0.066572,-0.032351,0.26505,3.2989e-05,-0.011663,0.001099,0.025299,-0.018699,0.01739,-0.0070278,0.075575,-0.12535,0.0029685,-0.092926,-0.076517,0.0024504
0,-0.072478,0.067418,0.0013568,0.042231,-2.7979e-06,0.14039,-0.011116,-0.13895,1.4223e-05,-0.011136,0.17929,-0.33337,-0.01817,0.040146,-0.042748,-0.040305,0.036726,-0.11965,0.47034,-0.30184,0.0078698,-0.073926,0.14702,-0.046488,0.18125,-0.0050196,0.047909,-0.15803,0.03882,0.1008,0.12189,0.22563,0.020469,-0.11816,0.021231,-0.16293,-9.0104e-07,0.060157,0.11428,-0.24556,-0.12069,0.21295,0.047054,-0.209,0.23069,-0.060197,0.00010094,0.043019,-0.0018362,-0.020627,0.011114,0.023354,0.011023,-0.061222,-0.068329,-0.055602,-0.071751,-0.0058408,-0.069566
0,0.042944,-0.21004,-0.0015568,-0.035872,7.332e-06,-0.075837,-0.0072111,0.10515,-3.7272e-05,-0.011797,-0.25616,0.082558,0.037164,-0.10461,0.035941,0.14019,-0.012504,0.023946,0.21778,-0.12103,0.047486,-0.17873,0.14652,0.022027,-0.060847,-0.01997,0.23901,0.14412,-0.015818,0.14279,-0.10992,-0.34535,0.037764,0.14624,0.35329,-0.092507,2.3612e-06,0.063158,-0.074635,0.076357,-0.22461,-0.19002,-0.0039135,-0.15749,0.24753,0.12105,-0.00026383,0.01814,0.0021687,-0.048027,0.011854,-0.074867,-0.0092374,-0.11277,0.21341,0.089121,-0.16217,0.036382,-0.12626
-0,-0.024971,0.19839,0.0034933,0.006672,-1.6479e-06,-0.11507,-0.015694,-0.17197,8.3769e-06,-0.011561,-0.30479,-0.092136,-0.016118,0.13769,-0.0041124,0.043591,-0.046856,-0.24121,0.11748,-0.070146,0.040645,-0.0053179,0.2569,-0.098292,-0.12037,0.050317,0.24376,-0.11811,0.018636,-0.082638,0.16578,-0.035859,0.12243,-0.14538,-0.047974,0.39354,-5.3068e-07,0.064654,0.10528,0.17516,-0.07281,-0.20413,-0.18331,0.32258,0.020947,-0.1477,6.0362e-05,-0.081659,-0.0046443,0.045549,0.011549,-0.033016,0.00074057,0.012513,-0.19931,0.020488,0.0044773,0.12216,-0.010341
-0,0.012098,-0.011295,-0.00091308,0.0067113,-6.6653e-07,0.14622,0.019377,-0.18211,3.3884e-06,0.022221,-0.076597,-0.017834,0.024426,0.049523,-0.0076969,-0.10668,0.039996,0.00096766,-0.083568,-0.090453,-0.13309,0.42581,-0.030075,0.11559,0.074068,-0.006481,0.18183,-0.19586,-0.015648,0.012098,-0.22068,0.24214,-0.061643,0.17711,0.13892,-0.07072,-2.1465e-07,-0.11964,-0.0013668,-0.05694,0.17352,-0.38551,-0.34497,-0.05524,0.23379,0.21892,2.3626e-05,-0.026192,0.0011975,-0.0093206,-0.022226,0.070896,0.002096,0.034578,0.010719,-0.067794,0.076698,-0.10147,-0.0095233
-0,0.017711,-0.054003,0.0026161,0.037766,-9.3278e-06,-0.0055432,-0.023768,-0.10315,4.7417e-05,-0.025264,0.30746,0.14,-0.013923,-0.25583,-0.03704,0.032135,0.011293,0.049468,-0.090465,-0.25266,0.21794,0.34569,0.10313,-0.27717,-0.12875,0.073909,0.047775,0.12041,-0.041469,-0.11906,0.098371,0.093334,-0.017043,-0.18746,0.21492,0.18378,-3.0039e-06,0.13521,-0.11956,-0.03389,-0.14912,-0.23821,0.12884,-0.27869,-0.18677,-0.12237,0.00033585,0.027613,-0.0035994,0.07919,0.025192,-0.021128,0.0094263,0.042116,0.049666,-0.01559,0.074103,0.065588,0.066445
-0,-0.012024,0.34681,0.00016796,-0.0082244,2.8947e-06,-0.022082,-0.0065234,0.29603,-1.4715e-05,-0.0073741,0.042181,0.33917,0.0018842,-0.032012,0.0086499,0.057297,-0.041659,0.08602,-0.19808,-0.26952,0.087747,0.081849,0.2215,0.0013331,0.083084,-0.038303,0.091475,-0.2726,0.016568,0.077176,0.046863,-0.21307,0.075008,-0.016773,0.070645,-0.28281,9.3219e-07,0.04019,-0.011923,-0.042167,0.10327,0.18293,-0.20573,-0.052472,-0.090196,0.028576,-0.00010389,-0.068612,-0.00017874,0.010196,0.0073965,-0.031454,-0.0022774,-0.026628,-0.34535,0.031032,-0.146,0.0021073,0.0070207
0,-0.030483,-0.144,-0.002141,-0.029324,6.3624e-06,-0.059877,0.011753,-0.12832,-3.2343e-05,0.010691,0.0099003,0.15554,-0.037598,0.01543,0.02868,0.0078298,-0.043985,0.24106,-0.083266,-0.19377,0.0096664,-0.089257,-0.33753,0.15319,0.32061,-0.054561,0.28697,-0.33147,0.047665,-0.053501,0.22826,-0.14058,-0.0036978,-0.09149,-0.067618,0.16554,2.0489e-06,-0.057646,-0.027824,0.042202,-0.28017,0.12519,-0.038404,0.0029301,0.029635,-0.0082475,-0.0002292,0.010091,0.0029267,-0.035726,-0.010642,-0.0065401,-0.0072861,0.0041461,0.14746,0.033704,0.36766,-0.0524,-0.011097
-0,-0.00078487,-0.08357,-0.0010097,-0.034298,1.789e-06,0.079374,-0.0020719,-0.12122,-9.0944e-06,-0.0049017,0.080381,0.13611,0.012438,0.10282,0.034796,0.095518,-0.025406,-0.24567,0.20285,-0.1668,-0.075019,0.16001,0.068832,-0.050114,0.38347,0.049875,-0.3715,-0.19414,0.023588,-0.061872,-0.049996,-0.27057,-0.0057368,0.040476,-0.1766,-0.15202,5.7613e-07,0.02556,-0.075033,0.3376,0.099519,-0.25609,0.25634,0.07727,-0.056316,0.016932,-6.4588e-05,-0.023917,0.0013621,0.027831,0.0049155,-0.055291,-0.0089808,0.025195,0.084384,0.074951,-0.015651,0.077306,0.0049753
-0,0.039054,0.076364,0.0022971,-0.028102,-7.0889e-06,0.098596,0.012588,0.15672,3.6036e-05,0.020306,-0.072701,-0.26581,-0.040773,-0.24361,0.031097,-0.034233,0.12653,-0.0052534,-0.19449,0.016936,-0.17748,-0.15282,0.018779,-0.096054,0.40572,0.022496,0.12301,0.27634,-0.017268,-0.15915,0.12405,-0.011293,-0.011451,-0.096449,0.13022,-0.31887,-2.2829e-06,-0.10796,0.11071,-0.042416,-0.089014,-0.24167,-0.022546,0.13159,-0.018729,-0.089893,0.00025534,-0.062933,-0.003144,0.050602,-0.020361,0.0096721,-0.008316,0.10331,-0.080194,0.017312,0.15804,0.27162,0.17871
0,-0.029806,0.057725,-0.0022187,-0.043432,8.1089e-06,-0.052218,-0.0065264,-0.25883,-4.1221e-05,-0.012412,0.074286,-0.16125,0.014652,0.050468,0.043255,0.13258,-0.13237,0.12039,-0.22962,0.18121,0.15182,0.017622,0.1645,0.045692,0.24348,0.016013,-0.20427,0.10244,0.056436,-0.10347,0.0039938,-0.3477,0.049444,0.032311,0.083118,0.20736,2.6114e-06,0.066006,-0.039616,-0.31823,0.23422,0.0071848,-0.067368,-0.14102,0.36596,-0.20432,-0.00029195,-0.046157,0.0030557,-0.0035095,0.012475,-0.086462,-0.011083,-0.026034,-0.053648,0.11572,0.050756,-0.084376,-0.037892
0,-0.0095218,0.018578,0.001881,0.0071488,-5.4198e-06,0.10615,0.0083391,-0.19541,2.7551e-05,0.014281,-0.19644,0.11945,-0.0005753,0.0287,-0.0058657,-0.080338,0.055785,-0.008438,-0.36355,0.11283,-0.11228,-0.10124,0.22725,-0.028644,0.07655,0.041884,-0.10021,-0.28101,0.0040805,-0.10806,-0.074314,0.23196,-0.01596,0.026921,0.33926,0.041668,-1.7454e-06,-0.075724,0.023125,0.12538,-0.28997,0.16032,0.38748,-0.0041363,0.14172,-0.042521,0.00019527,0.0055685,-0.0025687,0.022201,-0.014323,0.041857,0.0013597,0.06563,-0.021618,-0.040421,-0.23647,-0.090568,0.062558
0,0.35964,-0.094986,-0.001421,-0.032537,-1.8614e-07,-0.079181,0.015075,0.27228,9.4614e-07,0.01553,-0.070665,-0.0030848,-0.012269,0.077022,0.032656,-0.029187,-0.097793,-0.19562,0.17716,0.046513,-0.049043,0.34754,-0.080665,0.048777,0.00089791,0.017977,0.15576,-0.083286,-0.31058,-0.24407,-0.030291,-0.14138,-0.071076,-0.0075468,0.031372,-0.0068243,-5.9942e-08,-0.084337,0.0098728,-0.24746,-0.05409,0.16937,0.10422,0.090134,0.086988,-0.27918,6.202e-06,-0.050476,0.0018764,0.058921,-0.015532,0.00020427,-0.0083794,0.16245,0.094453,0.038885,-0.116,-0.15188,0.23326
