0.1329,0.14822,-0.14793,0.12976,0.13999,-0.064313,0.1472,0.11571,-0.14102,-0.075862,-0.067872,0.14685,0.15995,0.13168,0.14093,0.1157,-0.13392,0.13354,0.15274,0.15709,0.15872,0.1409,-0.14275,0.15273,0.13576,-0.13615,-0.13133,-0.023601,-0.14686,-0.056195,-0.14056,-0.13755,-0.13597,-0.1406,-0.11303,0.14811,-0.1408,0.074891,-0.11806,0.15673,-0.14769,-0.027948,-0.14445,-0.024707,0.15087,-0.14449,-0.042093,-0.080818,0.14349,0.11806,0.14454,-0.097695,-0.10725,0.10494,-0.14045,-0.14548,-0.13045,0.15813,0.14525,-0.14058
-0.11072,-0.1129,-0.12147,-0.11888,-0.11671,0.11109,-0.093943,-0.12273,-0.14605,-0.15421,-0.146,-0.10362,-0.090751,-0.10302,-0.098281,-0.10916,-0.14084,-0.11841,-0.095792,-0.092507,-0.090012,-0.11223,-0.10451,-0.089831,-0.10256,-0.14033,-0.14662,0.22302,-0.11735,0.14856,-0.14135,-0.13457,-0.14444,-0.12627,-0.15773,-0.10694,-0.13792,-0.13497,-0.15825,-0.095915,-0.12157,0.21941,-0.12791,0.22042,-0.10377,-0.12237,0.17378,-0.12062,-0.094972,-0.11507,-0.099444,-0.12871,-0.1408,-0.11465,-0.12648,-0.12745,-0.13033,-0.093859,-0.11035,-0.13101
0.082178,-0.049453,0.045959,0.026354,0.026177,0.068773,-0.16763,0.17492,0.00067207,0.069153,0.079679,0.11116,-0.0769,0.10737,0.16707,0.21661,0.11928,0.10984,-0.036332,-0.062142,-0.048473,0.12625,0.061403,0.016466,0.17171,0.11479,0.035735,0.29666,0.068044,0.24982,0.00030923,-0.020891,0.091677,-0.14085,0.027923,0.081266,0.10405,0.071714,0.010251,-0.16447,0.039261,0.26628,-0.047582,0.30886,0.10268,0.00094579,0.35561,-0.04887,0.17136,0.14435,-0.041517,0.17557,0.035291,0.21104,0.039529,-0.064121,0.097206,-0.11207,0.090402,0.047565
-0.13289,-0.062671,-0.0064607,-0.21874,0.040412,0.40272,0.088917,-0.17115,0.0016117,0.11744,0.37613,0.067394,0.073763,-0.079203,0.040279,0.094924,0.10109,-0.15342,0.10894,0.072611,0.025571,-0.040901,-0.073183,-0.041801,0.063162,-0.052103,0.076207,0.13247,-0.15992,-0.24892,-0.13437,-0.13331,0.033588,-0.085516,0.063244,-0.034548,0.083071,-0.195,0.0032822,0.10563,0.012873,0.068171,-0.15902,0.14659,-0.051609,0.048841,-0.23224,0.28906,-0.007393,0.066836,0.07119,0.063095,0.11055,0.12461,-0.11737,-0.052155,0.062792,-0.016996,0.078363,-0.039428
-0.069495,-0.012625,-0.072259,-0.13533,-0.02705,-0.20402,-0.11285,-0.122,-0.17912,0.12298,0.050827,-0.18078,0.24861,0.10187,-0.028253,-0.19419,-0.055302,-0.055714,0.098933,0.20921,0.22391,0.061319,0.10082,0.1598,-0.18948,0.17415,0.026779,0.10517,0.10807,0.2397,-0.033929,-0.091891,-0.0070433,0.033273,0.0047504,-0.020257,-0.082841,0.071335,-0.07503,0.0092247,-0.10176,0.057095,0.077157,0.096456,0.039132,-0.071694,0.099332,0.30132,-0.010289,-0.10611,0.24958,0.18456,0.27829,-0.10407,0.095488,-0.093475,-0.0015893,0.17168,-0.05764,-0.012909
-0.078836,-0.16127,0.12612,-0.098516,-0.058746,0.16508,-0.12986,0.048885,-0.22318,-0.13181,-0.21131,-0.11307,0.0097689,-0.0048517,0.26686,0.19488,-0.053511,-0.077039,-0.030055,0.030073,-0.056015,0.023631,0.24428,-0.028773,0.030339,0.01076,-0.13706,-0.1383,0.15638,-0.077316,-0.12661,-0.041054,-0.095104,0.055818,-0.22425,-0.0093016,-0.057384,0.11229,-0.26285,-0.16091,0.068232,-0.14501,0.058858,-0.10849,-0.054671,0.047507,-0.12398,0.28506,0.15569,-0.034683,0.0028498,-0.10092,-0.061513,0.29199,0.20439,-0.00078864,0.01438,-0.10963,-0.021897,0.031569
0.24208,-0.095396,0.15379,0.17287,0.11465,-0.11256,0.10318,-0.12861,-0.029051,0.098987,0.0055997,0.069842,0.088921,-0.13235,0.038351,0.036713,-0.045882,-0.18042,0.11545,0.19934,-0.10219,-0.19077,0.016186,-0.11244,0.096081,-0.11639,0.018288,0.017621,-0.043418,0.3808,-0.11373,0.010749,-0.056763,0.19747,-0.09028,0.19104,-0.019341,-0.23077,-0.11009,0.17155,0.13252,0.070005,0.11763,0.14766,-0.10293,0.12693,-0.0081327,-0.069857,-0.19063,0.09265,0.13581,-0.1818,0.0048057,0.090484,0.16784,0.17965,0.08854,-0.016866,0.078221,-0.0048765
-0.12393,0.14369,0.06981,-0.18885,0.10035,0.2325,0.14223,-0.1118,-0.13838,-0.039744,0.15876,0.076228,0.036227,0.25146,-0.049846,-0.082877,-0.1435,0.080249,-0.046586,-0.065246,0.038624,0.22448,0.11248,-0.18292,-0.14194,-0.13307,0.0090555,0.083871,0.06206,-0.050574,-0.060113,0.03625,-0.13784,0.27292,-0.025125,0.0081347,-0.092875,0.23642,-0.12754,0.018097,0.12841,0.19228,0.15637,-0.035284,0.15891,0.2637,0.099331,-0.2052,-0.015706,0.067035,-0.065342,-0.076207,0.11118,-0.11447,-0.023639,0.17515,-0.090779,0.0037119,0.17838,0.019557
-0.020009,-0.1731,0.17265,-0.15791,-0.0018622,0.19425,0.020079,0.099939,-0.080132,-0.16187,-0.097069,0.18286,0.065813,0.073975,-0.21818,-0.14631,0.099928,-0.14736,0.15494,0.087502,0.18692,-0.08158,0.060168,0.29054,0.14009,0.041369,-0.039934,-0.11469,0.17112,0.037372,-0.057099,0.0018959,0.04076,-0.29053,-0.077572,-0.025451,0.16067,-0.13798,-0.088347,-0.059701,0.21332,0.021068,-0.055491,-0.15557,0.077164,0.16127,0.079722,-0.18708,-0.032271,0.13533,0.13888,0.059283,-0.14584,-0.27656,0.024591,-0.040607,0.086216,0.012429,-0.013998,0.063232
0.24819,-0.028146,-0.075019,0.16671,-0.061268,0.28765,-0.19588,-0.13241,-0.10363,0.26219,0.16325,-0.027485,-0.017296,0.041963,0.093541,-0.089749,-0.11324,0.024807,-0.11582,-0.0051789,-0.053885,0.0032899,0.055305,-0.006025,0.0037869,0.035225,-0.082598,-0.13837,0.061064,-0.081875,-0.012682,-0.021707,-0.081093,0.050099,-0.091691,0.13559,-0.1162,-0.33623,-0.080096,-0.11098,-0.081449,-0.13762,0.06684,-0.10989,0.077184,-0.11196,-0.054907,-0.3484,0.088434,-0.073943,-0.018611,0.39685,0.12106,-0.051424,0.064906,-0.054889,-0.0084512,-0.012297,-0.019116,-0.049487
-0.0079082,0.13288,-0.00062292,0.18185,-0.046295,0.49053,0.2019,0.10254,0.037049,0.070409,-0.07144,-0.10034,0.031979,-0.18874,0.0055921,-0.0092895,-0.11271,0.12544,0.058202,0.044879,0.087794,-0.059084,0.10705,0.19275,0.025407,-0.076116,-0.12855,0.086376,0.084431,-0.036648,0.16688,0.28236,-0.047351,0.060415,0.065188,-0.03332,-0.12169,-0.054705,0.15045,0.13086,-0.038418,0.16264,0.10062,0.073281,-0.053375,-0.10149,0.2337,0.1715,0.060473,-0.12243,0.087464,-0.067663,-0.17854,0.0011608,0.13162,0.072733,0.00087898,0.19035,-0.13559,0.08591
0.19164,-0.082646,-0.080211,0.19967,0.06188,0.42081,-0.20727,0.087083,0.057743,0.040891,-0.24259,0.049346,0.068089,0.099884,0.063783,-0.17781,0.079419,-0.13975,-0.021372,0.075441,-0.061849,-0.11789,-0.0070583,-0.081152,-0.021945,0.14882,0.17542,0.033783,-0.086206,0.027157,-0.016463,-0.16684,0.11961,0.045119,0.042198,0.17967,0.07455,0.41217,0.026211,0.024454,-0.071289,-0.068717,0.00055011,0.10465,0.045677,-0.047615,-0.12865,0.044534,-0.04559,-0.057211,-0.037099,-0.22023,0.079691,-0.26775,-0.058906,-0.032555,0.049974,0.007743,0.045354,-0.041907
-0.029353,0.042767,0.042237,-0.083984,-0.15337,0.23115,0.19783,-0.059552,0.10961,0.10069,-0.00010313,-0.058758,-0.010241,0.022371,-0.040343,0.24181,0.086042,0.22886,0.11922,0.076721,0.010848,0.091773,-0.18957,0.05049,-0.14631,-0.016462,-0.045825,-0.12767,-0.036899,0.4419,0.024171,-0.065691,0.023616,-0.083674,-0.16177,-0.08061,0.055779,0.29078,-0.11567,0.082507,0.010486,-0.067286,-0.038312,-0.071221,-0.15286,-0.042956,-0.17017,-0.094786,-0.25781,-0.070129,-0.15379,0.28253,-0.059708,0.062153,0.035319,0.00053093,0.045972,-0.014309,-0.067478,-0.034472
0.045682,-0.076864,0.013206,-0.065901,-0.0045294,0.027847,-0.064719,0.1101,-0.25276,-0.031168,0.23237,0.054423,0.027686,-0.35397,0.005156,0.011685,-0.010676,0.067246,0.056241,0.071865,0.029202,0.18231,-0.088994,-0.018617,-0.060459,-0.068204,-0.052599,-0.11752,-0.0066826,0.070508,-0.1768,0.11833,-0.050931,-0.18431,0.36936,0.035712,-0.083174,0.11988,0.14295,-0.10797,-0.020498,-0.07728,-0.091651,-0.092709,0.048076,-0.014385,0.06126,-0.14965,-0.10785,-0.25051,-0.040779,-0.27496,0.18496,0.0029165,0.25658,-0.12424,0.15435,-0.11498,0.087633,-0.017185
-0.075058,-0.067384,0.057117,0.044492,0.043675,-0.1502,-0.022414,0.27978,-0.028164,0.466,0.10657,0.0048478,0.011699,-0.09075,-0.048599,0.032742,-0.011908,0.053539,0.093326,0.11446,-0.073584,-0.02392,0.07728,-0.025356,-0.10082,0.00091582,0.018844,-0.034246,-0.03,-0.40565,-0.11688,-0.1288,-0.011004,-0.036427,-0.13368,0.082982,0.027953,0.15756,-0.16638,-0.0034844,0.056624,-0.031421,0.033002,0.07636,-0.099431,0.036353,0.30929,0.030934,-0.29871,-0.057526,-0.011123,0.081222,-0.26631,-0.10545,0.023221,0.02493,-0.057088,-0.062395,-0.0010526,-0.085594
-0.20638,-0.016008,-0.032247,0.025758,-0.029379,0.076528,-0.0030994,-0.15145,0.097592,0.21963,0.15996,0.063784,-0.11285,0.12567,-0.094313,-0.19428,-0.015696,-0.062925,-0.16105,-0.049486,-0.071473,-0.013734,-0.16512,-0.096148,0.23552,-0.085641,-0.14302,-0.25407,-0.067983,0.19565,0.042211,-0.010672,-0.057784,0.012641,-0.088112,0.021221,-0.030716,0.12886,0.058808,-0.0062499,-0.091773,-0.13059,-0.092488,-0.23472,-0.002499,-0.10962,0.33927,0.24286,0.086054,0.31213,0.14249,-0.13581,0.014868,-0.017134,0.129,-0.0583,0.055119,-0.12457,0.0094416,-0.073642
-0.027894,0.051913,-0.01537,-0.028903,0.092953,0.15372,-0.068104,-0.14816,0.11255,-0.25511,-0.24854,-0.10686,0.022367,-0.053626,-0.2313,0.098961,0.047112,0.09063,0.045283,0.11458,0.015778,0.083486,0.046697,-0.070748,-0.056682,0.1359,0.11787,-0.076093,-0.048978,-0.24145,0.048377,-0.13145,0.065796,0.011897,0.0085477,-0.0084274,0.00058686,-0.060853,-0.031438,0.044538,-0.11086,-0.089483,0.0447,0.010012,-0.080226,-0.11132,0.31923,-0.221,-0.26983,0.17918,0.22707,-0.017204,0.27057,0.34126,0.05855,0.0035438,0.056881,-0.014123,-0.0064278,-0.025886
-0.038263,-0.061404,-0.01779,-0.094551,-0.17885,-0.0030387,-0.13464,0.015765,-0.053475,0.22797,0.005048,-0.099097,-0.093351,-0.086367,-0.1437,-0.1029,-0.12714,0.19642,-0.012456,-0.073256,-0.054717,0.039643,0.033019,0.039024,0.12268,0.017331,0.0087213,0.1477,0.06859,-0.0014802,0.005187,0.11352,0.012986,-0.070207,0.07664,-0.039511,-0.075321,0.18219,0.038577,-0.12422,0.019021,-0.0094315,0.09591,0.18028,-0.057631,-0.015438,-0.42898,-0.20117,-0.043224,0.32952,0.44544,-0.11717,-0.12629,0.088641,0.017935,0.028679,-0.11453,0.0040286,-0.03497,-0.017407
-0.079527,0.078363,0.16881,0.065246,-0.12925,-0.04321,0.18598,0.18066,0.053371,0.072581,-0.19084,-0.079815,0.019539,0.1018,0.036336,-0.14859,0.17331,-0.12596,0.053836,0.055224,0.092467,0.1987,-0.10762,-0.11854,0.085698,-0.059528,-0.18307,0.2237,0.00053054,-0.1503,-0.022847,0.035102,0.002482,0.041076,-0.11277,-0.22207,-0.068458,-0.072005,-0.011979,0.1265,-0.070268,-0.197,-0.11519,0.26227,-0.081342,-0.058257,-0.091342,-0.12928,0.10775,0.076087,-0.096661,0.041286,0.20537,-0.17455,0.37967,-0.010506,0.10995,-0.14559,0.10185,-0.0024639
-0.073863,0.044285,0.016938,0.011142,-0.039831,0.15169,-0.0026359,0.50977,0.0022242,0.12601,-0.066382,-0.11674,0.024595,0.044114,0.039421,-0.018256,-0.05167,0.063005,0.010434,-0.014142,0.0067675,0.21568,-0.16789,-0.12881,-0.15362,0.12097,0.21339,-0.10389,0.03612,0.23642,-0.038782,-0.10766,-0.0063709,0.073962,0.045424,-0.10368,0.059822,-0.43588,-0.028119,-0.057218,-0.020926,-0.0095188,0.025486,-0.13728,-0.016463,0.055602,-0.0040235,0.10635,-0.035528,0.070914,0.08267,-0.17867,0.060086,-0.0016913,-0.16138,0.0031374,-0.25549,-0.067171,0.082288,0.065271
-0.13423,-0.037818,0.023076,0.14313,0.37331,0.066394,-0.23087,0.19564,-0.073376,-0.14164,0.15134,0.071655,0.016476,0.24961,-0.36219,0.10614,-0.070743,-0.12304,-0.066437,-0.016622,0.055848,-0.11279,-0.12456,0.015916,-0.086134,-0.023155,-0.068825,0.099211,0.092594,0.063867,-0.0036436,0.16919,-0.0064432,-0.021207,0.010242,0.032645,-0.17846,-0.035327,0.094676,0.013258,-0.048226,-0.17572,0.045941,0.11697,0.11784,-0.051006,-0.15386,0.13207,-0.2197,0.062486,-0.18461,0.11558,-0.098945,0.15174,0.19603,0.013586,-0.13383,0.0074271,-0.037612,-0.067066
-0.12714,0.095965,0.078253,-0.11328,-0.17558,-0.01794,-0.0919,-0.18838,0.043138,-0.010607,-0.1777,0.22046,-0.12235,0.038856,0.0090984,0.087964,-0.021722,0.38299,0.082346,0.073478,-0.084159,0.1007,0.16466,0.058797,0.101,-0.013555,0.021566,-0.016809,-0.012693,-0.0021046,-0.039546,0.056949,-0.024655,-0.13769,-0.037733,0.32947,-0.075895,-0.24778,0.05584,-0.041511,0.0032248,-0.10171,0.079222,0.1509,0.12011,-0.10715,-0.054,0.26304,-0.20129,0.053043,-0.20096,-0.10214,0.128,-0.29025,0.029249,0.072108,-0.070244,-0.029255,0.068164,-0.025944
-0.14648,0.17601,-0.15998,-0.13021,0.1486,-0.0089808,-0.0017156,0.031315,-0.030738,-0.050104,0.034377,-0.08929,0.08615,0.13176,0.1873,-0.096269,-0.14354,0.040822,0.077757,-0.11279,-0.22408,-0.0065893,-0.074474,-0.011986,-0.17574,0.14047,-0.096249,0.0050261,0.04606,-0.016439,0.23089,0.035509,0.20388,-0.042572,-0.12048,0.1018,0.062613,-0.15301,-0.029983,-0.015939,-0.0029407,0.11885,0.040884,-0.0307,0.017559,-0.090819,-0.10028,-0.035958,-0.12603,-0.030077,0.10052,-0.097356,-0.23222,-0.030845,0.1342,-0.1074,0.50383,-0.030974,0.25575,-0.10897
0.04561,-0.17688,-0.15955,0.14023,-0.21083,-0.033984,0.097603,0.052638,0.078015,0.086109,0.067699,0.031234,-0.023211,0.38175,-0.026466,0.19723,0.055708,0.0054125,-0.060468,0.1214,0.084349,-0.02472,0.26915,0.138,-0.26215,-0.059311,-0.1035,-0.037821,-0.10812,-0.0644,0.021933,-0.043581,-0.12652,0.12198,0.051678,-0.01686,0.084881,-0.094351,0.14958,-0.12159,0.0077868,0.22727,-0.13665,-0.045294,-0.020197,0.064014,-0.091645,-0.066326,-0.10158,0.14311,-0.048988,-0.26268,0.083184,0.026979,0.13003,-0.18819,0.12204,-0.012125,-0.25764,-0.12207
0.03265,0.0019478,0.067056,0.27281,-0.11507,-0.031835,-0.029094,0.14358,0.067059,-0.2096,0.056015,0.11047,-0.10081,-0.23718,-0.24379,-0.17395,0.0093063,0.036895,0.045502,0.012073,0.040553,0.16549,0.10749,-0.14561,0.090802,-0.00090352,-0.077907,-0.049897,-0.12889,-0.023911,0.15227,-0.26476,-0.12469,0.070774,-0.060736,0.014924,-0.06112,0.041503,-0.098026,-0.1016,-0.10119,0.40694,-0.048982,-0.11763,0.16934,-0.011686,-0.20847,0.2046,-0.10226,-0.03676,0.080003,0.22334,-0.025829,0.011537,0.10974,0.048994,0.10135,-0.082841,0.11053,0.054229
-0.46788,0.078845,-0.042315,-0.022704,0.16259,-0.0079139,-0.048096,0.045005,0.081554,0.14116,0.016783,0.0061939,0.054879,-0.1028,0.063898,0.049689,0.041078,-0.17014,0.12373,0.045678,0.0073688,-0.089848,0.52992,-0.055135,0.15141,0.052467,0.062339,-0.085685,-0.08518,0.18929,0.066264,-0.043127,0.032333,-0.030032,-0.015335,-0.012749,-0.047869,0.011741,0.072636,0.1308,-0.13862,0.059943,-0.10569,-0.06975,0.019588,-0.15624,-0.094822,-0.30242,0.043597,-0.06482,-0.098867,-0.034345,-0.0051721,0.014794,0.02875,-0.074601,-0.18715,0.0047924,0.092548,0.099431
0.17738,0.23549,0.023081,0.15605,-0.13037,0.02522,0.025462,0.11078,0.061588,-0.27169,0.20265,-0.073401,-0.022248,0.0098427,0.11078,-0.098314,-0.16013,-0.099018,0.19393,-0.11188,-0.2024,-0.08159,0.31246,0.071484,-0.084431,-0.033456,0.027861,-0.027098,0.020679,0.055099,-0.11638,0.18239,-0.063257,-0.075639,-0.092116,-0.14627,-0.0011737,0.10335,0.12342,-0.014038,0.14518,-0.15362,-0.14793,0.048325,-0.14139,0.0048871,0.076359,0.10392,-0.15538,0.12718,0.1068,0.14481,0.14633,-0.059611,-0.14054,-0.10478,-0.11233,-0.15962,0.16665,-0.22266
0.2764,-0.11179,-0.035123,-0.25628,-0.17345,-0.01426,0.011294,0.097719,-0.24399,-0.034386,-0.075004,-0.11977,0.052326,0.26286,0.010723,-0.0025974,0.042452,-0.042133,0.074735,-0.0067134,-0.069012,-0.08635,0.11267,-0.25742,0.050792,-0.13421,0.077842,-0.11605,-0.2305,-0.031665,-0.023314,0.13656,0.18829,-0.12507,0.23249,-0.0039313,-0.17535,-0.00083052,0.033839,0.14193,-0.20307,0.14979,0.0097641,-0.12441,-0.10575,-0.10722,0.05459,0.073472,-0.076093,0.17672,-0.077636,0.17987,-0.14429,-0.02684,0.10571,0.10208,-0.034576,0.065948,0.088922,0.19562
0.23288,0.15377,-0.054165,-0.091866,0.16714,0.04528,0.019833,-0.081257,0.052144,-0.01331,0.056392,0.0051558,-0.039396,-0.0033481,-0.12056,-0.17985,0.23074,0.17496,-0.15068,-0.056397,0.1061,0.19903,0.36671,-0.090333,-0.044178,-0.022021,-0.094779,0.063541,-0.081907,0.15421,-0.12206,-0.22723,0.16743,-0.0035757,0.12542,-0.10844,0.065092,-0.12896,-0.030261,0.023009,-0.015906,-0.26541,-0.021891,0.053594,-0.020042,0.10862,0.019817,0.078507,0.084832,-0.094113,0.033697,-0.067587,-0.35354,0.047074,0.10934,0.042734,-0.010137,0.038525,-0.053409,-0.25624
0.15808,-0.32691,0.00381,-0.10259,0.17265,-0.017092,0.40891,0.011565,0.05227,0.02568,-0.020534,0.014018,0.075982,-0.011627,-0.096437,-0.1959,-0.14365,0.0054215,-0.31362,0.047333,-0.075767,0.16094,0.14363,0.005252,-0.02326,0.052561,-0.056673,0.040867,0.16558,-0.020319,0.11205,0.12955,-0.039524,-0.17076,-0.060453,0.17823,0.26332,0.026669,-0.019613,0.10596,-0.069813,0.042184,0.045148,0.021846,-0.069534,-0.21993,-0.072466,0.05942,-0.056427,-0.055667,-0.065131,0.0035329,0.093515,0.11556,-0.0514,-0.14555,-0.18225,-0.19583,0.11676,0.055014
-0.18766,-0.00015031,-0.090321,-0.18058,-0.080005,0.014193,0.19842,0.18825,0.029341,-0.23605,0.0615,-0.044987,-0.14987,-0.011037,0.15338,-0.28908,0.11532,-0.046517,0.051905,0.24509,-0.06223,-0.09773,-0.099331,0.044707,-0.044249,-0.011228,0.026737,-0.085528,-0.031088,0.016971,-0.1482,-0.16579,-0.13283,0.1398,0.046973,0.3579,0.028282,0.029538,0.30292,-0.16914,-0.022462,-0.048683,0.22597,0.14199,-0.061153,-0.0016874,0.011349,-0.098512,0.099198,0.057129,-0.035455,0.19113,-0.11413,0.1337,0.079647,0.052046,-0.052951,0.038575,-0.081112,-0.085365
-0.07682,-0.14905,0.052307,0.14825,-0.23832,-0.0070089,0.07729,0.10482,-0.084571,-0.17898,0.38162,-0.020564,0.0028273,0.10512,-0.011699,-0.079031,-0.13531,0.097878,0.0011778,0.010725,0.080577,-0.028541,0.12145,-0.071079,0.04613,0.019862,0.063221,0.15986,-0.11411,0.046625,0.12881,-0.11997,0.031003,-0.097949,-0.14973,0.017699,-0.00076171,-0.0041007,-0.12851,0.041162,-0.091727,-0.37819,0.0891,0.085625,0.033068,-0.063653,0.070491,-0.06883,-0.028385,-0.049589,-0.032528,-0.17754,-0.013435,0.048878,-0.19389,0.10721,0.2429,0.099777,-0.12208,0.36452
0.28024,0.38158,0.05799,-0.21707,-0.02555,0.0017758,0.053165,-0.081229,0.04692,0.0086824,0.13314,0.060246,-0.071842,-0.071843,0.059054,0.13564,-0.19347,-0.20914,0.069026,0.056252,0.053337,-0.10982,-0.069105,-0.0436,-0.085756,0.10134,-0.025055,0.074138,0.14596,-0.04157,0.21136,-0.24893,-0.0050939,-0.046404,-0.037651,0.03183,0.1294,0.03936,0.026215,-0.16222,-0.13204,-0.042793,-0.095995,0.0059286,0.11368,-0.035673,0.0081338,-0.002189,-0.058687,0.10974,-0.021657,-0.12991,-0.084456,-0.071458,0.28934,-0.044252,-0.27425,-0.072634,-0.12903,0.27346
0.048578,-0.095497,0.070233,0.099035,-0.056654,-0.01611,-0.016744,0.0016136,0.019187,-0.058445,0.24715,-0.096969,-0.071034,-0.034718,0.042065,-0.026655,0.14798,0.031634,0.067999,-0.11784,0.039787,-0.024469,-0.052301,-0.0048754,-0.078458,0.067751,-0.1489,-0.134,0.22088,-0.064591,-0.10019,-0.14615,0.39945,-0.22866,-0.28322,-0.0092824,-0.097995,0.014112,0.087472,0.13542,-0.01467,0.25831,0.19022,-0.032692,-0.030709,-0.098881,-0.019784,-0.041272,0.08572,0.050465,-0.10369,-0.22479,0.17766,0.012214,0.077466,0.20846,-0.20183,0.16057,-0.0019214,-0.20402
0.12852,0.093435,0.20201,-0.18722,0.22726,-0.0013391,0.069456,0.14131,0.0096729,0.1889,-0.13567,-0.058082,-0.16215,-0.17723,-0.092038,0.069276,-0.22282,-0.16771,-0.02976,-0.041758,0.14658,0.025244,0.12584,0.052346,-0.1616,0.047837,-0.13013,-0.058965,-0.23712,0.055849,-0.11769,-0.014848,-0.023115,-0.097522,-0.098785,-0.024855,-0.11485,0.029735,0.15717,-0.093109,-0.059247,-0.0029142,0.16025,0.0088765,0.097257,-0.090278,-0.044579,0.032116,0.11071,0.22573,-0.12493,0.024623,0.14341,-0.025725,-0.2609,0.13402,0.35877,-0.025329,-0.12247,-0.042189
0.042354,-0.31316,-0.10218,-0.018594,-0.12357,-0.0046397,0.088012,-0.093179,0.1541,0.072383,-0.092894,0.033041,-0.038924,-0.054583,-0.05115,0.060302,-0.20103,-0.03775,0.22932,-0.13454,0.040348,0.018738,0.040578,-0.082482,-0.052572,-0.023153,0.23094,0.051591,0.47157,0.014066,-0.090676,-0.20561,-0.16008,0.062059,0.058922,-0.11462,-0.11469,-0.0041345,0.2048,0.088032,-0.16611,-0.11112,-0.10762,-0.010656,0.16302,-0.0062505,0.054031,0.01521,0.029355,0.082373,-0.13156,0.030185,-0.16939,0.04266,0.013107,0.040638,0.17187,0.11118,0.2214,-0.11566
-0.049787,-0.24699,-0.25084,-0.012729,-0.014139,0.023791,0.16771,0.083129,-0.11826,0.0080236,-0.086576,0.063461,-0.05322,-0.21403,-0.019173,0.20966,0.13937,-0.099752,0.076999,-0.15738,-0.099852,-0.048067,0.044094,-0.027319,-0.2102,-0.13231,-0.2787,0.13162,-0.14487,0.061637,0.34452,-0.066439,0.1537,0.045954,0.034393,0.1103,-0.031571,0.00096648,-0.036211,-0.11281,0.097727,-0.24475,0.042924,-0.022127,0.15821,0.11675,0.074525,0.031219,0.02581,0.1083,0.14736,0.099895,0.1584,-0.12513,0.0083419,0.014095,-0.16438,0.15331,0.17259,-0.05443
-0.063185,-0.12999,0.04065,0.29602,0.43328,0.0074587,0.19175,-0.22356,-0.12948,0.05078,-0.077223,-0.18601,-0.18008,0.12458,0.18684,-0.1844,-0.019101,0.21767,0.28937,-0.08588,-0.043737,-0.041336,-0.017164,-0.00902,-0.042969,-0.014383,0.04796,0.025106,-0.072165,-0.013342,-0.024632,-0.14458,-0.080467,-0.21677,0.13379,-0.14905,0.017713,-0.013474,0.022222,-0.27411,0.07654,0.021035,-0.050711,-0.034686,-0.070953,0.013082,-0.027734,0.045045,-0.036902,0.086482,-0.046809,0.025861,0.042989,-0.034401,0.0997,0.049659,-0.064824,0.0021114,-0.068777,0.19985
-0.10625,0.078292,-0.1532,0.023262,0.18103,-0.016072,0.072777,0.18762,0.038316,-0.14772,0.050077,0.070759,-0.092986,-0.12168,0.11597,0.13972,-0.04534,0.10545,-0.24461,-0.009026,-0.04655,-0.099555,0.065537,-0.14225,-0.020024,-0.22055,0.091709,-0.031884,0.32604,0.019183,-0.14402,-0.061047,0.049612,-0.034391,0.16147,0.072347,0.018451,0.01379,-0.28835,0.12931,-0.11414,0.039206,-0.096922,0.011206,-0.1435,-0.049142,-0.058413,0.01286,0.016931,0.19411,0.1334,0.13046,0.15399,-0.2918,0.054864,0.023104,0.16628,0.076212,-0.30633,0.00099125
-0.089101,0.16762,0.043937,0.011828,-0.19469,-0.0021338,0.055161,0.070574,0.037391,0.19212,-0.21095,0.28988,-0.10298,0.10362,0.055976,-0.33435,-0.15601,-0.082437,0.024057,-0.13192,0.024526,-0.17894,0.0095763,-0.019432,-0.13902,-0.15048,-0.029014,0.01955,0.03835,0.0089897,-0.03523,-5.3623e-05,0.17661,-0.18606,0.1661,0.07828,0.02032,-0.0038562,-0.18392,0.045019,0.097558,-0.0027944,-0.16138,-0.019293,0.17305,0.057694,-0.0078035,0.0046355,-0.085862,-0.14839,-0.019204,0.030784,0.16942,0.43404,0.021807,0.095418,0.0049016,0.094758,-0.1045,-0.047438
-0.15762,-0.24233,0.43101,0.0881,-0.051885,0.0044735,-0.03875,-0.10845,0.1405,-0.14667,0.039402,0.053665,0.098827,0.00054693,0.26592,0.073402,-0.27156,-0.019376,-0.085619,0.012752,0.050926,0.085813,-0.049612,0.053458,-0.21331,0.145,-0.045675,-0.0049908,-0.21507,-0.0010715,-0.0010144,0.049957,0.13282,0.058679,0.23546,0.016937,0.11052,-0.0005543,-0.037082,0.046672,-0.17503,-0.013274,-0.13265,0.010934,0.095648,-0.064615,0.039167,-0.06237,0.0424,0.054303,0.14884,0.098872,-0.17387,-0.12307,0.078848,0.21857,-0.12685,-0.060185,-0.037964,-0.20987
0.02193,-0.086924,-0.068127,-0.072541,-0.0083941,-0.0014978,-0.043564,0.035019,0.13696,-0.053677,0.014672,-0.06038,-0.0075885,-0.032518,0.029666,-0.0024229,-0.22947,-0.0097839,-0.10308,0.057144,0.06878,0.11181,-0.02136,-0.18929,0.053526,0.11202,0.039509,-0.035847,-0.12392,-0.0087565,0.00094135,-0.11412,0.0092646,0.020545,0.041944,-0.0292,-0.11899,0.00090445,0.026599,0.10146,0.7298,0.0065558,-0.09825,0.033062,0.037019,-0.31616,0.011535,-6.5652e-05,0.015862,0.051162,-0.072551,0.033283,-0.036606,-0.037704,0.14339,-0.12178,-0.026285,0.24326,-0.055512,0.031817
0.0020371,0.045584,0.23817,-0.0034772,-0.0010876,-2.9995e-05,0.075174,0.019527,-0.011,0.015496,0.014552,0.020695,-0.05234,-0.0095453,-0.029079,0.01115,0.039071,-0.10418,-0.15722,-0.039762,-0.22012,0.089754,0.0076588,-0.06379,0.097562,0.12646,0.013791,-0.032581,-0.038101,0.0020469,-0.086485,0.1187,-0.12396,-0.015662,-0.073003,-0.04229,0.14844,8.3281e-05,-0.042212,-0.25787,-0.18587,0.0026001,-0.10296,0.030912,-0.081154,0.057929,-0.0057029,-0.0060097,-0.12602,0.0025402,-0.048616,-0.02784,0.039819,0.0024581,0.055577,-0.12807,0.015173,0.74475,0.11892,-0.054285
0.081201,-0.20711,-0.24245,-0.15249,0.10158,0.0044359,-0.041794,0.066133,0.2966,-0.06101,0.046257,0.13867,-0.14437,-0.097333,0.17619,-0.13655,-0.18085,0.10345,0.19746,-0.06962,0.13373,0.0037953,-0.029193,0.0080937,0.1318,0.1277,-0.033191,-0.067438,-0.18573,-0.004954,-0.12055,0.22831,0.13836,0.14837,-0.12591,-0.17086,-0.015968,-0.0010399,-0.17448,0.055874,-0.17265,0.0041325,0.18169,0.063752,0.1023,0.26562,0.016011,0.015281,-0.10339,0.03639,-0.088477,0.0062425,0.0526,0.0045291,0.14162,-0.28033,-0.065251,0.018144,-0.12343,0.05303
0.057938,-0.06614,0.065223,-0.16993,0.071377,6.9906e-05,-0.081694,0.13415,0.049271,-0.0062753,0.012314,0.051418,-0.10033,0.092608,-0.21461,0.060608,-0.09754,0.18915,0.062148,-0.18511,-0.29756,-0.14906,-0.0034646,0.13253,-0.13104,-0.0053705,0.18584,0.028579,-0.23156,-0.0014149,-0.02106,-0.10719,-0.25317,-0.095851,-0.16615,0.013252,0.0984,0.00015717,0.063472,0.28424,-0.014365,0.0012058,-0.03535,-0.028453,-0.037667,0.054317,0.0010801,-0.013613,0.34018,-0.2255,0.18391,-0.0061031,0.13862,-0.035334,0.30972,0.071795,-0.013199,0.027811,-0.0051461,0.022977
-0.17492,0.15119,-0.16043,0.32231,-0.18811,-0.00028859,0.10829,-0.14496,-0.20909,0.003602,-0.1186,0.017348,0.060017,-0.071849,-0.14764,0.14414,-0.25182,-0.090401,-0.14299,-0.038244,0.022913,0.056188,-0.00028665,-0.10704,-0.046704,0.12199,0.053512,0.0077151,-0.10191,-0.0011664,-0.29123,-0.054669,0.15926,-0.19533,-0.0020267,0.025916,0.23938,-0.00012376,0.15921,0.12015,0.014786,0.0018514,0.2756,-0.0081334,-0.022623,0.25061,-0.00094438,0.029797,0.10633,0.084688,-0.039946,0.11276,-0.078689,-0.029339,0.14644,-0.19352,0.00070268,-0.031759,0.055847,0.089178
0,0.020297,-0.18281,0.040694,-0.025114,-4.1719e-05,0.17809,-0.046299,0.022056,0.00052071,0.023342,0.43804,0.28462,-0.077366,-0.042372,-0.028628,0.15233,-0.07529,0.067474,-0.18701,-0.0037495,0.078963,-4.1439e-05,-0.029262,-0.17886,0.31387,0.21883,0.064412,-0.068927,-0.00016861,-0.089097,0.17626,-0.069172,-0.03698,-0.1038,0.028007,-0.26248,-1.7891e-05,-0.11555,-0.25124,0.008918,-0.0015357,-0.0080556,-0.062661,-0.23824,-0.18124,-0.00014441,0.0043075,0.12745,0.09048,-0.0083144,-0.024186,-0.065967,0.014264,0.095438,0.18027,0.00010126,-0.057505,-0.11931,0.011943
0,-0.0090483,-0.25488,-0.042856,0.010564,3.591e-05,0.0072088,0.044726,0.063078,-0.00044821,-0.033374,-0.13492,0.37462,-0.049179,0.089303,-0.019159,0.017171,0.10543,-0.12512,0.1235,-0.12641,-0.082255,3.567e-05,-0.22555,0.089351,0.12527,-0.14194,-0.11794,-0.010422,0.00014514,-0.018707,0.088293,-0.19086,-0.24428,-0.1398,-0.1463,0.10045,1.54e-05,0.16311,-0.032196,0.0012984,0.0031335,-0.17284,0.11463,0.3633,0.20474,0.0001115,-0.0037078,-0.088603,0.013507,0.011956,0.034101,0.039826,0.0057026,0.013438,0.38387,-8.7678e-05,-0.0029195,-0.15451,-0.023235
-0,0.032219,0.21204,0.048234,-0.040971,-3.9477e-05,0.052642,-0.062689,-0.153,0.00049272,0.022078,-0.093141,-0.10549,-0.10923,0.056608,-0.070719,0.35151,0.016578,0.10456,-0.033597,-0.10923,-0.035332,-3.9211e-05,-0.2049,-0.21566,0.17782,0.10011,0.078493,0.037047,-0.00015955,0.025377,0.18075,-0.20572,-0.051545,-0.01117,0.076876,-0.021374,-1.6929e-05,-0.10002,0.30602,0.019546,-0.0019849,0.062895,-0.076324,0.40534,-0.058048,-0.00011775,0.004076,0.021801,0.18727,0.0011346,-0.022877,-0.11126,0.032174,-0.049842,-0.33098,9.658e-05,-0.018906,-0.24177,-0.078085
0,-0.0063496,0.31969,-0.038746,0.0068687,3.8364e-05,0.11523,0.050245,0.10341,-0.00047883,-0.015353,0.017238,0.41409,0.027697,-0.091959,0.012179,-0.097167,0.22821,0.036353,-0.12154,0.0082156,-0.26161,3.8105e-05,-0.24835,0.087061,0.020922,-0.091852,-0.11677,0.049502,0.00015505,0.17001,-0.17491,0.047272,-0.04082,0.095263,0.096988,-0.27274,1.6452e-05,0.072424,-0.13347,-0.0040491,0.0030611,0.054744,0.11351,-0.13875,0.23141,0.00013356,-0.0039611,0.12938,-0.031985,-0.028745,0.01613,0.062432,-0.0057449,-0.06874,-0.36278,-9.3088e-05,-0.036647,-0.0857,-0.11021
0,0.029375,-0.058263,-0.046213,-0.040201,3.9643e-05,0.056423,0.080725,-0.29122,-0.00049479,0.0055992,0.094842,-0.15778,0.024529,0.11046,0.038716,-0.022619,0.081719,-0.063677,-0.1729,0.33559,-0.28455,3.9377e-05,-0.055756,0.22586,0.38159,-0.075883,0.029593,-0.0243,0.00016022,0.17133,-0.081368,-0.29439,0.018704,0.15305,-0.091788,0.15675,1.7e-05,-0.045893,0.1476,0.0058136,-0.0011263,0.11539,-0.028659,-0.17506,-0.044792,0.00012495,-0.0040931,-0.14799,0.0048372,-0.069572,-0.0047967,0.083066,-0.0099996,0.032369,0.13169,-9.6716e-05,-0.018128,0.1031,-0.30707
-0,0.038506,-0.063919,0.034494,-0.049566,-3.091e-05,-0.13629,-0.016179,0.40994,0.00038579,0.050491,-0.075146,-0.057307,0.04519,-0.066273,0.0091937,0.035653,-0.0019924,0.038195,0.26715,-0.052123,-0.1354,-3.0704e-05,-0.067886,-0.1841,0.16725,-0.33754,0.14953,0.045201,-0.00012492,-0.10745,0.046046,-0.2221,-0.24627,0.28002,0.023982,-0.067489,-1.3255e-05,-0.25888,0.026448,0.0064918,-0.0040768,0.1589,-0.14531,-0.13616,0.066912,-9.4267e-05,0.0031914,0.16733,0.069839,-0.067749,-0.051117,-0.018267,0.0028638,-0.061217,0.040107,7.5537e-05,0.042189,0.28065,0.12353
0,0.014972,-0.0058676,0.032223,-0.018602,-2.8906e-05,0.066904,-0.035474,0.15361,0.00036078,0.022198,0.032291,-0.046268,0.10114,0.17391,0.081365,0.090321,-0.25838,-0.19507,-0.053657,0.012508,0.12083,-2.871e-05,0.11784,-0.00091322,-0.17694,0.26087,-0.26796,-0.052387,-0.00011682,0.21827,-0.085437,-0.18772,-0.34402,0.10015,-0.18992,-0.21672,-1.2396e-05,-0.10859,-0.012053,0.0052597,0.0078993,0.38927,0.26021,0.10716,0.037561,-9.9169e-05,0.0029845,-0.088861,-0.10261,0.12565,-0.022783,-0.046712,-0.028354,0.072471,-0.031275,7.0197e-05,-0.020713,0.06397,-0.074998
0,-0.025166,0.0083949,-0.023659,0.0323,2.2414e-05,0.011802,0.0097103,0.17587,-0.00027975,-0.035741,-0.16753,-0.10045,0.10398,0.14481,0.080884,0.0040648,-0.18206,-0.018828,-0.18288,0.14814,0.22213,2.2266e-05,-0.11165,0.15978,0.06022,-0.0069607,0.32588,-0.0043888,9.0588e-05,-0.040267,0.014167,-0.06618,-0.19041,-0.098493,0.36785,-0.21497,9.612e-06,0.18432,0.061037,-0.0029585,-0.009504,-0.065526,-0.31648,-0.12052,0.23992,7.1563e-05,-0.0023142,-0.21471,-0.18918,0.20089,0.036195,0.0069334,-0.034835,0.0054874,0.021597,-5.4646e-05,-0.0029848,-0.16875,-0.028588
0,0.019894,-0.02005,-0.00064685,-0.026259,7.5902e-07,0.34733,0.014677,-0.00034744,-9.4735e-06,0.01787,-0.065366,-0.16123,0.1913,-0.16324,0.17745,0.011927,-0.0877,0.030228,-0.073905,-0.27752,-0.055534,7.558e-07,0.091884,0.2132,0.35556,-0.17328,-0.10784,0.053823,3.0676e-06,-0.28416,-0.076676,0.14385,0.16573,0.19822,-0.041491,-0.19652,3.255e-07,-0.095825,-0.028684,0.0038355,0.0030769,-0.018625,0.10475,0.24218,-0.10658,9.2634e-06,-7.8369e-05,-0.052111,-0.24842,0.17939,-0.017854,0.013656,-0.064064,-0.073776,0.025723,-1.5759e-06,-0.10933,-0.052018,0.0736
0,-0.021947,0.051773,-0.011733,0.028538,9.81e-06,0.13041,0.00088703,-0.025135,-0.00012244,-0.02353,0.17724,-0.22916,0.056841,0.02607,0.086215,-0.037002,0.12405,-0.12081,0.47473,0.062249,-0.2415,9.744e-06,-0.26714,-0.016445,-0.030022,0.19971,0.21259,0.0016469,3.9648e-05,0.013039,0.12985,0.17543,-0.067773,-0.19527,-0.25166,-0.10972,4.2069e-06,0.12161,-0.20115,-0.0047756,-0.0061672,0.057638,-0.20647,0.093858,-0.058498,3.1955e-05,-0.0010129,0.066612,-0.19153,0.19505,0.023728,0.0049504,-0.036301,-0.0024875,-0.052478,-2.3892e-05,-0.040901,0.10755,-0.17152
0,0.014945,0.057894,-0.037007,-0.020945,3.3535e-05,0.037452,0.055538,-0.0035263,-0.00041856,-0.0063687,0.01042,0.22538,-0.11871,0.13292,-0.094359,0.014914,0.077292,-0.26107,0.030147,-0.29015,-0.089323,3.331e-05,0.4016,0.12584,-0.0062584,0.059906,0.34853,-0.066888,0.00013553,-0.059547,-0.25525,0.044419,0.052857,0.062521,-0.19605,-0.18727,1.4381e-05,0.022584,0.06669,0.0047117,-0.010224,0.13727,-0.33846,0.09823,0.025139,0.00010138,-0.0034625,-0.18937,0.1919,-0.19593,0.0070475,0.052136,0.038139,0.090875,-0.028958,-8.1988e-05,-0.011645,-0.0017994,-0.014185
0,-0.016396,-0.048808,0.024547,0.022451,-2.2466e-05,0.027454,-0.03577,-0.18748,0.0002804,0.005506,0.0056094,-0.25484,-0.064782,-0.017436,-0.085341,-0.085975,-0.0087202,-0.14349,0.28056,-0.10914,0.11326,-2.2316e-05,0.15496,-0.072634,0.28638,0.092484,-0.13905,0.028276,-9.0798e-05,0.26177,-0.001816,0.091454,-0.056248,-0.023065,0.047328,-0.35012,-9.6343e-06,-0.022,0.18733,-0.0077592,0.0041449,-0.35178,0.13501,-0.159,0.40026,-7.0638e-05,0.0023196,0.095567,0.10267,-0.13465,-0.0059608,-0.022493,0.029756,-0.038222,0.032528,5.4816e-05,-0.0092307,0.019846,0.0003816
-0,0.0055046,0.04792,0.0045761,-0.0071344,-2.7047e-06,0.0536,-0.015915,0.078415,3.3758e-05,-0.010648,-0.10508,-0.02905,-0.075461,0.10116,-0.01504,0.18549,0.16783,-0.35155,-0.21294,0.34168,-0.30691,-2.687e-06,0.10737,-0.22093,0.023889,0.038767,-0.10345,-0.049118,-1.0931e-05,-0.23334,0.017976,-0.01246,0.061713,-0.14984,0.1002,-0.14871,-1.1599e-06,0.059578,-0.015758,0.0093541,0.0029925,-0.20796,0.10047,0.094008,0.013966,-1.2988e-05,0.00027926,-0.12374,0.03711,0.1232,0.010593,-0.042983,0.0066063,0.067375,-0.066964,6.4194e-06,-0.017419,0.35406,0.30666
0,-0.050291,0.069408,-0.019571,0.065641,1.4804e-05,-0.16189,-0.019136,-0.086901,-0.00018478,-0.066191,0.46358,-0.031903,0.054511,0.19959,-0.039038,0.073027,0.015034,-0.035426,0.008582,-0.13923,0.11661,1.4705e-05,-0.10669,-0.15211,0.047627,-0.34423,-0.055494,0.11263,5.9833e-05,-0.038045,-0.14241,-0.082746,0.038653,-0.029654,-0.22656,-0.045235,6.3487e-06,0.3459,0.2206,-0.0037394,0.0014647,0.089748,0.053943,-0.16055,-0.029125,6.2048e-05,-0.0015286,-0.15148,-0.04802,0.20203,0.066491,-0.032829,0.0065845,-0.1547,-0.070777,-3.55e-05,0.050574,-0.061393,0.28487
