1.0,0.46280572854079677,0.4913125432983126,0.23368277154838796,0.2929001230790343,0.36531575786917647,0.015711935854382714,0.4059157271890291,0.3717816597608546,0.21317044979701896,0.3208898375230761,0.36473138573366154,0.03338667517090528,0.17503261451376884,0.3125216011060081,0.34693567069195164,0.26006512503589935,0.21605592812516802,0.3725826074872929,0.2785088025888567,0.3154259098913489,0.2893446636927613,0.6158134344666282,0.05215882075952286,0.20202567010242115,0.5198233960561117,0.6636639298732765,0.5076286742906251,0.6573390682891951,0.5178858637399905,0.5100091335229888,0.5124733736399972,0.4971882728855953,0.2619976419101907,0.705177618983698,0.364730841645652,0.2836295313138171,0.6073775865397495,0.5933026824273077,0.30141212929116734,0.4229358433796335,0.4872518403165511,0.33313591060109726,0.5620494443641653,0.3475624232637312,0.5177466961044969,0.3373905003636014,0.2396670719708059,0.3715287092200369,0.23039771611705268,0.3864294818951408,0.18411957649780636,0.25884970235221966,0.15545869173337207,0.3475230310571057,0.5781684117526026,0.21407985883452268,0.36921560880306675,0.25422006194057967,0.6538454339866291
0.46280572854079677,1.0,0.5245372139961157,0.3022730357087352,0.5513529149453715,0.8207254318095101,0.12317723145637578,0.6224742002342918,0.7789620797548078,0.5377510220600998,0.5608578063409644,0.513592320825744,0.13436936741209965,0.23107938114890297,0.15972787514737408,0.15383625265161796,0.4355208464933275,0.4688051341514686,0.5863832619655479,0.485211707692273,0.5298262029173972,0.34886674126992956,0.5859909609194646,0.18839435432183257,0.3779906729345489,0.47436146386895706,0.4603696849926354,0.5533559206020026,0.6360634891691509,0.5246705510978079,0.7178489621644626,0.4290361670444739,0.4900820429864007,0.45692595725338087,0.6302175813001277,0.508746590317135,0.5372167374002673,0.648818095095792,0.5354147254305883,0.3881680767508458,0.4256478440444228,0.44957012374018107,0.4727631723079516,0.28794914687772183,0.6708125205797192,0.4429768944957659,0.690647458855879,0.5473049531053411,0.5309799379523586,0.325436619871121,0.50592480464821,0.33673539558179166,0.6495630571618994,0.25199240591240646,0.4978867093235017,0.6566210337405105,0.42936373806159234,0.5614166182965864,0.7332500104055873,0.5174275553738368
0.4913125432983126,0.5245372139961157,1.0,0.22906723100743961,0.32627669542068904,0.4622052219880174,0.09324106460176385,0.4990601324976849,0.4257974903097037,0.3930839946481201,0.2770794833535616,0.3340156839419686,0.12444580947649417,0.07768903358684796,0.1899584900305213,0.21528413640697974,0.2784310524224659,0.292673116842232,0.37100027744863695,0.12183899519435164,0.33525603136657917,0.23715623282935122,0.6429289085731253,0.11677013107026761,0.19651491751132155,0.4855735988272025,0.6769575522701297,0.5727099116785312,0.5420710149348743,0.44044610722548627,0.5758876734440083,0.5047693056940007,0.45442734832842724,0.4484570773278113,0.6465260504512215,0.26325184192377127,0.269275861264264,0.6041133323697251,0.5105682487979991,0.24286053876616687,0.33528827806494454,0.5598667359219883,0.29415370602879687,0.30849132798682255,0.42689207648608807,0.45331367211735013,0.3868776654874785,0.3013826587760644,0.3387968931993203,0.183545568739181,0.37098372834880483,0.308640019443224,0.40512554011164986,0.18889704988402928,0.18658128234397475,0.6549782887411687,0.31854319277886645,0.4866841380126619,0.4072617886771733,0.4996494976311638
0.23368277154838796,0.3022730357087352,0.22906723100743961,1.0,0.6643872821305905,0.34580242478775447,0.04820190397172884,0.4435459597804813,0.2594601607085802,0.6138632681404229,0.5058932966885772,0.4034046803540242,0.11894164777604799,0.09895387647414716,0.2076385692390555,0.26298814431847467,0.5772452393078413,0.6464322918051524,0.23254267526381184,0.4957922554276933,0.3016093109118968,0.4248310355229911,0.19674432204199246,0.13354823807757538,0.7365640729098071,0.022925836674934058,0.227054483676647,0.18612038277811638,0.10480127899028055,0.2819994147516735,0.19205277005139212,0.17745978860383987,0.29296228784572803,0.4974379827594837,0.13438137546152687,0.5896582742978852,0.47554272085567967,0.07858249748899848,0.2835988538021822,0.8002365562156999,0.11090587619805876,0.273764089836413,0.47062692535266626,0.3064288370169579,0.4769001458540461,0.47185427850390826,0.5505308180889931,0.47878423570923456,0.563396083582634,0.440795949878404,0.21367247549568727,0.2661644727237629,0.4269763533860488,0.194485497594093,0.5857089563055673,0.26791877783277246,0.4569244225647055,0.6458930684922649,0.4104446182451061,0.17361883124541674
0.2929001230790343,0.5513529149453715,0.32627669542068904,0.6643872821305905,1.0,0.5919623351329426,0.1161936266928397,0.6463707751806872,0.6054382276684622,0.8612556571809549,0.8753163928085673,0.5111386652035745,0.06516515272667861,0.1761040213694713,0.22072620065010623,0.2365047567099007,0.6206769633045341,0.722652612468721,0.4919559771341849,0.59170299378606,0.5550606980083712,0.5868509155268505,0.3443405342664683,0.17862082709379898,0.7775791724541781,0.24118712456798358,0.25338455850580194,0.290992681545469,0.36079222641683073,0.4906980686894188,0.4701699997188422,0.3012149193407555,0.47296212716235947,0.53515145826176,0.34830831166289883,0.6237658442640723,0.8153424756694646,0.4064669577369412,0.3485313678799903,0.7745912233457019,0.28987203672366657,0.4014934512221388,0.5817967304381261,0.23491283439511984,0.7360901071430412,0.5048560468002672,0.854223397370875,0.684952684193056,0.660053863329945,0.4939115975430351,0.30464018219060035,0.4586534706355489,0.7049379753123806,0.20300339251713403,0.698578008643833,0.41982490170787645,0.4779251089245604,0.7040962594953954,0.7470337475340981,0.3630660461294072
0.36531575786917647,0.8207254318095101,0.4622052219880174,0.34580242478775447,0.5919623351329426,1.0,0.17067997810797358,0.5232119359241192,0.8898133291446211,0.6348478192811053,0.6425686130127202,0.3987071167086294,0.03657560629741172,0.1510951369719678,0.14330747782342193,0.18904875090758635,0.4594866311894347,0.5754964713560599,0.542568733467733,0.4781983274464608,0.5440188338787337,0.38806799906185696,0.544370035748736,0.1995178018089634,0.4936705144181513,0.3241608451778606,0.3060519235390128,0.35083216827994657,0.4761215355259541,0.5547927003040459,0.5707748788330269,0.37629232667802104,0.4416712659002792,0.4264720887821848,0.4474429159073302,0.4769112164562884,0.5460606107908201,0.4920536778246133,0.47406102969946035,0.41589279409517366,0.3897067248248152,0.4083186809869274,0.4732591481641257,0.24412507980330855,0.7398796132229274,0.43672646311063523,0.7251159056185099,0.5163834699495429,0.4885782031789822,0.31076869237521354,0.4011803776678735,0.41053712964642786,0.7630237519160346,0.2052168042983456,0.5498892678900569,0.4864143935100601,0.5317577184277116,0.5743185489089209,0.7868368569661236,0.3751449407731388
0.015711935854382714,0.12317723145637578,0.09324106460176385,0.04820190397172884,0.1161936266928397,0.17067997810797358,1.0,0.21028135849165625,0.15796053306164842,0.13623086241271276,0.15846497241519958,0.09146442466059576,0.6141386347056385,0.4172897506180259,0.29275901355725265,0.5432813558010429,0.1530970055279965,0.1787364242044962,0.18341777661768965,0.03378271222126197,0.20408267311490896,0.16496610888418065,0.15604722349278013,0.3600553018674187,0.10937983904853406,0.2498159806105164,0.02110319179410127,0.19482274548138462,0.02343155177867759,0.04909386443518118,0.11958482691306047,0.003852447019193836,0.0330154506200288,0.22990104401038897,0.0248911331754617,0.17046297216808395,0.07751042959134546,0.13731249376682803,0.17127455512859316,-0.023831982716283638,0.28361826309778576,0.12556877681285905,0.057557718464261456,0.07310781329541591,0.17600839372527916,0.026219449917369242,0.14558049991121466,0.20943931916128747,0.1229266097851514,0.26250862096831695,0.06831825269352182,0.28441846502042206,0.15562924598991723,0.3807203182963179,0.13558070965151184,0.09602375941932646,0.044714943008563095,0.1955606767721791,0.1921273476875493,0.12504886535757292
0.4059157271890291,0.6224742002342918,0.4990601324976849,0.4435459597804813,0.6463707751806872,0.5232119359241192,0.21028135849165625,1.0,0.5815266695683072,0.7253281221240899,0.6507162865314436,0.7200146729483712,0.2019880242653444,0.2347362290430679,0.3677722552522006,0.3087564883050455,0.4923173537542976,0.6001923767531704,0.48003759570560883,0.39262221396556685,0.5951372365569279,0.5994343055103528,0.38097824883175424,0.2425466286815094,0.5327771238398211,0.30726656207229786,0.39213925647583414,0.3594588005274708,0.3311577805587001,0.3869118654219242,0.44115918375301855,0.3038686402397017,0.2748713638677441,0.7012932749651686,0.47343804294334807,0.6795123517408934,0.5411256624874594,0.44173762017196844,0.4536154276237091,0.562932001187345,0.20845418398113633,0.32125288414547626,0.7225548062090343,0.27193221314392446,0.6822623015838882,0.5136055099893316,0.647987616503582,0.5609067290911177,0.5838825516145156,0.5311763104652474,0.19431106691989802,0.5857885795503852,0.5893446949690285,0.2525850616435599,0.5390337170961491,0.5684177313249765,0.3973392300021682,0.7811841387579337,0.696369770456077,0.4918332432990504
0.3717816597608546,0.7789620797548078,0.4257974903097037,0.2594601607085802,0.6054382276684622,0.8898133291446211,0.15796053306164842,0.5815266695683072,1.0,0.6505024160248684,0.652266607593188,0.4066331259849111,0.09073908766919285,0.20436561157480643,0.2616218068035668,0.18646291521762418,0.5212570326862064,0.5419057903066264,0.5313411626337337,0.43462641894101156,0.5377280608658711,0.39946884510016417,0.5096922450246979,0.2782234891561137,0.4475698061878769,0.3728809211500677,0.32746407761345553,0.36800142852979395,0.49114149804155616,0.5795685060252054,0.6191009035526573,0.37790272176295137,0.537706942998129,0.39199901448460756,0.45168149539201574,0.5389984231631598,0.5959959799507155,0.5642812024465004,0.5822037518918811,0.37754864705117547,0.39971242259247297,0.5043472287160559,0.5220426029358047,0.28134848753076225,0.7241521386318919,0.5165974258301673,0.6512601208229066,0.5424372956966198,0.438872340933699,0.2717757829487165,0.37444971362001883,0.4522519927576979,0.7636674944909847,0.23671182447742917,0.557013589888354,0.5080970601638185,0.47963688552446004,0.542662872038699,0.7978005055543032,0.41246734461993484
0.21317044979701896,0.5377510220600998,0.3930839946481201,0.6138632681404229,0.8612556571809549,0.6348478192811053,0.13623086241271276,0.7253281221240899,0.6505024160248684,1.0,0.7817030144763835,0.6291074826292212,0.05306911588618981,0.1222565051538496,0.2542237130319336,0.2659468518035454,0.6678582044294303,0.8260426672247627,0.4305680380261615,0.5236592224320303,0.5758910717832274,0.6412224084564152,0.24735338840787455,0.2686561172289994,0.7560357892923902,0.1857380773674261,0.23558130484076925,0.26208970862660075,0.25066403046187047,0.5126029325241817,0.3997474125295953,0.26955304341427266,0.36819540578446064,0.6181450645327826,0.24907280328218176,0.6314015646994617,0.7214265252915137,0.34070755665243146,0.3812163222124552,0.6954046292210287,0.2475757614762605,0.37683930870297005,0.7262192875732911,0.19718305172364853,0.7599589077288761,0.5018317839615204,0.7761664408645363,0.6397191065316435,0.5972101458525081,0.5507489090550662,0.14197622050928546,0.5156432884757092,0.7313586767238957,0.18135901306849894,0.6310192433370945,0.47610547365532446,0.43342194787020827,0.7532698016175504,0.7498385466849542,0.31379405576799496
0.3208898375230761,0.5608578063409644,0.2770794833535616,0.5058932966885772,0.8753163928085673,0.6425686130127202,0.15846497241519958,0.6507162865314436,0.652266607593188,0.7817030144763835,1.0,0.43010048777531756,0.02846535049887645,0.22612907295901347,0.25430431410518795,0.18816440414776045,0.5353877799684128,0.6638684418271383,0.5781623006449665,0.5876708096865537,0.5629317633968165,0.621278688976647,0.3777105400441364,0.19681402899175343,0.7120569089930409,0.3137332250766427,0.21269941743633147,0.34620771699716674,0.38987459897477256,0.45861428110067726,0.5015716589080877,0.227804187872174,0.4562033188845141,0.548595256935071,0.2993318690674641,0.6615358775272193,0.8694022589233825,0.4696820257807445,0.3557283430895112,0.6746143171635393,0.2806589612442697,0.3921733669772426,0.49878198527306783,0.2781532177368117,0.78883842164134,0.4275842713772574,0.8517895716818733,0.7823791169102827,0.6367088470012886,0.4302913333045268,0.2670712667219114,0.41586100486183203,0.7556761181665729,0.16521209517299668,0.7889904166556698,0.35797127686481095,0.5066966843960465,0.673054543217652,0.7815891286593428,0.4521149753886041
0.36473138573366154,0.513592320825744,0.3340156839419686,0.4034046803540242,0.5111386652035745,0.3987071167086294,0.09146442466059576,0.7200146729483712,0.4066331259849111,0.6291074826292212,0.43010048777531756,1.0,0.012077075619326468,-0.06916593898943245,0.10273453740594327,0.14457054890118282,0.40843089813593697,0.4713123925123314,0.5089372853749182,0.2787895148403622,0.42068473951440577,0.33678356751559724,0.2502894063447004,0.07286257900659081,0.43852513425121054,0.14798865568707958,0.15144151423962832,0.277844993981717,0.18992618806249797,0.25176738264292386,0.32020547984207026,0.2960852083397663,0.23048826522546023,0.6555813951164114,0.3079935352528046,0.628812566778995,0.5137042371411826,0.27114877857926084,0.4023109410360088,0.42391149152301794,0.30315319732967383,0.258153780469701,0.7526234174700865,0.3587461152690857,0.5526072811387385,0.5097297328819714,0.4839978833371525,0.4401166380204432,0.4241951996514494,0.5257700992694972,0.09982513352831153,0.36660723628647884,0.4978461889634763,0.0628631946859751,0.3274426870501469,0.6201245744542876,0.1723684989059545,0.647016109366824,0.47265138017337804,0.44541152548759966
0.03338667517090528,0.13436936741209965,0.12444580947649417,0.11894164777604799,0.06516515272667861,0.03657560629741172,0.6141386347056385,0.2019880242653444,0.09073908766919285,0.05306911588618981,0.02846535049887645,0.012077075619326468,1.0,0.6872917265200518,0.6324569606616076,0.600706980875277,0.15348176780184014,1.9187051521146886E-4,-0.036064992187888945,-0.10398290826547499,0.32717596411721617,0.06221255771285704,0.18044583162975697,0.5896053878394232,0.12151332859796056,0.03763765741812255,0.16529836989307123,0.07843051785059382,3.597294910830384E-4,-0.08943940211326042,0.11226246926610742,-0.023699305690784152,0.047558259582634016,0.12844873092822462,0.08131942157093912,0.18994691362932695,-0.06581892430831364,0.07007597788923758,0.1398169744829608,0.04625347884036933,0.13799966488678125,0.07041058958755758,-0.0183961408298016,0.0236907183745559,-0.011410294767797697,0.15306895060173037,0.09947132668586621,0.0485160829279636,-0.054642119132416636,0.268643209679922,-0.06863393686071464,0.29436418435212663,-0.006464173126518721,0.6775127141093826,0.09337456564112727,0.13364387859312885,-0.11305139326557292,0.07614004121310554,0.1010935557140475,-0.034355146120298205
0.17503261451376884,0.23107938114890297,0.07768903358684796,0.09895387647414716,0.1761040213694713,0.1510951369719678,0.4172897506180259,0.2347362290430679,0.20436561157480643,0.1222565051538496,0.22612907295901347,-0.06916593898943245,0.6872917265200518,1.0,0.678601808840348,0.5122623638907315,0.1986755589048826,0.06673469743508889,-0.004920079690372642,0.05385805160005349,0.36302870177630076,0.2626167493194029,0.13050012447307568,0.43963450163631695,0.13496569923642082,0.18492523108705333,0.2654792809445684,0.054841846214916924,0.16777859256600686,0.04715841136140532,0.11422082788566194,0.026330201432972357,0.09374140836764781,0.10334844995793194,0.20210181536378946,0.19427868679437604,0.05640270981882869,0.18697429072863933,0.062120753019065555,0.1886643333626779,0.07920026453169994,-0.013301021352143871,0.045034281755897014,-0.05852312371063525,0.07725825735944726,0.1597756787896418,0.3012773147600727,0.19932059564293952,0.17265092006900373,0.2138488711709427,0.019364658162894056,0.2057481417962379,0.12259974565974366,0.678155797947319,0.3172232736268936,0.11107344087059481,0.022932974056891365,0.07933247723185292,0.21128620423608152,-0.03352092541103681
0.3125216011060081,0.15972787514737408,0.1899584900305213,0.2076385692390555,0.22072620065010623,0.14330747782342193,0.29275901355725265,0.3677722552522006,0.2616218068035668,0.2542237130319336,0.25430431410518795,0.10273453740594327,0.6324569606616076,0.678601808840348,1.0,0.716785802639702,0.2870399794003806,0.18808895031031586,0.042325955861862344,0.03443147064627002,0.44208583040985483,0.17970370092695923,0.17692854813568373,0.6813053745200549,0.2768057920655666,0.05002127059520807,0.29186143712891277,0.13805363923216615,0.14419671571258963,0.11349605386297912,0.15564854476968673,0.0530874481933721,0.14643075894228522,0.23229124145932026,0.20832361966474652,0.32244505178632543,0.14545247147519658,0.21978401498142386,0.24117603904401475,0.2865262586905742,0.09440641726254179,0.12122322436773796,0.2233195495022074,0.13628508365155328,0.15688359986995848,0.34423642048127806,0.2467509257731569,0.17526995601647324,0.14502366507792142,0.21745147634456638,-0.05356268002179001,0.47778030309980546,0.1428894202879239,0.7427849047166274,0.2784237066011935,0.23656534372787114,-0.04501907856620928,0.24077100600157514,0.20349553845194684,0.12170459407540449
0.34693567069195164,0.15383625265161796,0.21528413640697974,0.26298814431847467,0.2365047567099007,0.18904875090758635,0.5432813558010429,0.3087564883050455,0.18646291521762418,0.2659468518035454,0.18816440414776045,0.14457054890118282,0.600706980875277,0.5122623638907315,0.716785802639702,1.0,0.3546447871461966,0.3084255579295798,0.07666260845195436,0.12472268242479337,0.5093401254944367,0.2752673389166822,0.23092385235059143,0.5675062942936726,0.3298481329381876,-0.0123004403435274,0.23741208523166732,0.0984476219151311,0.07390319991402497,0.112018647920282,0.1318120237488009,0.0386069388905995,0.03766315127528231,0.32454801599593447,0.20456443901207572,0.2400976047260484,0.08477354779264358,0.1722996088693758,0.2003997346175495,0.2741241037078694,0.19649722811127363,0.10544288423799483,0.2596443117637487,0.057424380684342524,0.14876309847769892,0.4221002166104323,0.3009798696744754,0.19211104480164026,0.19579698129731188,0.46396021317700126,0.05762200701113722,0.5575093355219136,0.1890896416220073,0.6742356841980491,0.26925963200721176,0.276057461230479,0.057409506472238525,0.297359569551891,0.18703698846991923,0.16035981129031748
0.26006512503589935,0.4355208464933275,0.2784310524224659,0.5772452393078413,0.6206769633045341,0.4594866311894347,0.1530970055279965,0.4923173537542976,0.5212570326862064,0.6678582044294303,0.5353877799684128,0.40843089813593697,0.15348176780184014,0.1986755589048826,0.2870399794003806,0.3546447871461966,1.0,0.7124390803671448,0.26357816570101955,0.49969386179177555,0.49872118563893536,0.5084359762510038,0.1857870478947655,0.46227056818566564,0.5469885030439066,0.1476252232902349,0.30646077946643413,0.21074412780916946,0.22783157834411694,0.21216013086080426,0.3072053115971481,0.21108236596879384,0.3386104539803499,0.48623035408663906,0.25708645152079884,0.5627554078909839,0.4844849192530297,0.2679448529387657,0.31405493479414515,0.6499059486220814,0.295800251303206,0.2347880642593308,0.4741074467897909,0.10428532376514237,0.570905859606204,0.43862751866190947,0.6505049738514963,0.536085834979339,0.6001054295981715,0.4332335109063187,0.27963115685319223,0.4562475832574804,0.6185956663198435,0.3662737823338025,0.7451007609046763,0.3733912049059729,0.40734038990701266,0.4949851820422767,0.5783478816809603,0.23042760595514858
0.21605592812516802,0.4688051341514686,0.292673116842232,0.6464322918051524,0.722652612468721,0.5754964713560599,0.1787364242044962,0.6001923767531704,0.5419057903066264,0.8260426672247627,0.6638684418271383,0.4713123925123314,1.9187051521146886E-4,0.06673469743508889,0.18808895031031586,0.3084255579295798,0.7124390803671448,1.0,0.41911938634324575,0.6366363616816825,0.47744329426464116,0.7351166169431933,0.2007408519303692,0.3326935185858935,0.7744496461992126,0.21690612723037472,0.17900075163855567,0.2067279549527455,0.23131422222297124,0.4803822015572032,0.3611717730022809,0.15700331086795957,0.2863785983340402,0.551753622964877,0.24567531976335544,0.5285770160340644,0.6030903370713661,0.31710472158139574,0.2662633805669411,0.735464407935001,0.186456664565772,0.2684960649541934,0.5635777302148719,0.07859088207866252,0.6607550616118838,0.44867061512228795,0.6858458646227354,0.599053103250543,0.6770321442551832,0.533670289660753,0.2927879199882644,0.5593548605682356,0.7151647797282178,0.12723550458420108,0.6441530877430868,0.38712431768498234,0.548739406170983,0.7024122551804024,0.6767149244124427,0.30845208492787635
0.3725826074872929,0.5863832619655479,0.37100027744863695,0.23254267526381184,0.4919559771341849,0.542568733467733,0.18341777661768965,0.48003759570560883,0.5313411626337337,0.4305680380261615,0.5781623006449665,0.5089372853749182,-0.036064992187888945,-0.004920079690372642,0.042325955861862344,0.07666260845195436,0.26357816570101955,0.41911938634324575,1.0,0.405301560770248,0.29884681850682415,0.4006835834904917,0.3273328300120716,-0.0053495550874794375,0.4139843585622153,0.4274183073863556,0.24392336985012766,0.41739091510158605,0.4849458805888858,0.3147820923048283,0.5385744215935458,0.1911670498151618,0.4705795815713194,0.4555454636659654,0.42045832996872506,0.49235789047234774,0.5726084898763759,0.5449993117497531,0.2349725515020534,0.30872085014096357,0.3013371367605254,0.26041375166800684,0.23464825731666475,0.30121107499624633,0.5551531117358454,0.3740213879656029,0.502406937574238,0.5196686147928429,0.3864360027668775,0.259136176744136,0.13261299131926668,0.29627500078405533,0.6004076913774098,-0.03628019059472857,0.36037063049503687,0.4164190195569441,0.47116896567486977,0.47354697057166933,0.5245488851713703,0.5067534456583306
0.2785088025888567,0.485211707692273,0.12183899519435164,0.4957922554276933,0.59170299378606,0.4781983274464608,0.03378271222126197,0.39262221396556685,0.43462641894101156,0.5236592224320303,0.5876708096865537,0.2787895148403622,-0.10398290826547499,0.05385805160005349,0.03443147064627002,0.12472268242479337,0.49969386179177555,0.6366363616816825,0.405301560770248,1.0,0.458449394225983,0.5773609040430524,0.30657638720528657,-0.017003076826428362,0.5833324416672323,0.20286316942810587,0.23766750423365784,0.26262525923576163,0.43416030192767063,0.419913568551496,0.35292642295151566,0.31941586081695084,0.3765681084449313,0.37237988459913157,0.3795179619565855,0.49849403273501947,0.6361412955411048,0.3286588509494654,0.29761430902982217,0.5310196151087734,0.17935056185442774,0.3318653553863057,0.2894153553965641,0.131507861512274,0.5529296549376944,0.2485347277551643,0.6929074310470502,0.6711707305466846,0.833759297066182,0.404521109998708,0.4594290267766302,0.328993667960683,0.5945513455943224,0.08533031101932027,0.6014029672172819,0.22919205109118296,0.7479046828485991,0.5619790371997391,0.5874807595622159,0.3654772099829192
0.3154259098913489,0.5298262029173972,0.33525603136657917,0.3016093109118968,0.5550606980083712,0.5440188338787337,0.20408267311490896,0.5951372365569279,0.5377280608658711,0.5758910717832274,0.5629317633968165,0.42068473951440577,0.32717596411721617,0.36302870177630076,0.44208583040985483,0.5093401254944367,0.49872118563893536,0.47744329426464116,0.29884681850682415,0.458449394225983,1.0,0.5003438035738494,0.30045434115043046,0.3319350598524153,0.49730552072817497,0.09610608583833942,0.2791856839415043,0.21578178765978634,0.25948819834622694,0.22005717072676362,0.30208708880970686,0.2552648105467404,0.1460093816661619,0.43023636395322135,0.37573883048262313,0.44988559227780434,0.42581009371947803,0.2863980788909549,0.2757776164602006,0.3784182869747345,0.21194009056913904,0.21983335013250013,0.5126442138098626,0.06760221449802539,0.4615588982601766,0.4294672843655696,0.6863289902106888,0.5077205947848181,0.5014744515044048,0.6147771762760152,0.18984269505547763,0.6053012192660129,0.5103212787518435,0.46083569671864827,0.5243526087589233,0.44141374503205516,0.3971144873237885,0.47517658451311917,0.6231909894693388,0.21331569860316443
0.2893446636927613,0.34886674126992956,0.23715623282935122,0.4248310355229911,0.5868509155268505,0.38806799906185696,0.16496610888418065,0.5994343055103528,0.39946884510016417,0.6412224084564152,0.621278688976647,0.33678356751559724,0.06221255771285704,0.2626167493194029,0.17970370092695923,0.2752673389166822,0.5084359762510038,0.7351166169431933,0.4006835834904917,0.5773609040430524,0.5003438035738494,1.0,0.15753308473622715,0.1758319621699403,0.6451632819603119,0.2999467979352027,0.270003971544122,0.175658024393431,0.31464334838721,0.42325435272886847,0.31938243859880433,0.15853267344961336,0.21466324241553872,0.4282540073959096,0.3414860563595966,0.4770435071082912,0.5128441738192254,0.33984817270694173,0.19029917219228176,0.6033337252102975,0.09320340571786925,0.196127942654264,0.40611073497891753,0.0533032701993084,0.4522599884312727,0.38711785067615045,0.6014337108144774,0.5286154583631011,0.5789396194953943,0.5674403842976118,0.13511917009284202,0.4358765374436815,0.5391702121783928,0.1455691444565715,0.5555690016967374,0.24282555010261167,0.5595119550070211,0.5795081703149232,0.5137050179793254,0.34378702145946516
0.6158134344666282,0.5859909609194646,0.6429289085731253,0.19674432204199246,0.3443405342664683,0.544370035748736,0.15604722349278013,0.38097824883175424,0.5096922450246979,0.24735338840787455,0.3777105400441364,0.2502894063447004,0.18044583162975697,0.13050012447307568,0.17692854813568373,0.23092385235059143,0.1857870478947655,0.2007408519303692,0.3273328300120716,0.30657638720528657,0.30045434115043046,0.15753308473622715,1.0,0.08122758495627624,0.20991571890844596,0.5142398064787986,0.6058190781596127,0.5731713425282297,0.705004004462148,0.5527324811694898,0.7210236708725188,0.6662232534932627,0.570842046239156,0.46666014973947434,0.7599861359937948,0.23627898114069756,0.36652932828847407,0.7217379767134343,0.7167662677053545,0.2179873482215997,0.5373349356393973,0.7119963019546451,0.22401404432725905,0.5211185351928387,0.5304423165975773,0.46204590690849273,0.43850343488458526,0.36232611674326787,0.35080335254722805,0.15043724077172838,0.6382471630687053,0.2112529665004766,0.4610787015858743,0.1705928586329757,0.2784889402351708,0.6384180103698818,0.3924514973972332,0.46156481480126843,0.47905723928261174,0.6522430610194137
0.05215882075952286,0.18839435432183257,0.11677013107026761,0.13354823807757538,0.17862082709379898,0.1995178018089634,0.3600553018674187,0.2425466286815094,0.2782234891561137,0.2686561172289994,0.19681402899175343,0.07286257900659081,0.5896053878394232,0.43963450163631695,0.6813053745200549,0.5675062942936726,0.46227056818566564,0.3326935185858935,-0.0053495550874794375,-0.017003076826428362,0.3319350598524153,0.1758319621699403,0.08122758495627624,1.0,0.2073972141888279,0.02344808583452266,0.2091435131532581,0.21147769528950083,0.06366184357097318,0.07916613214908873,0.22271711703202235,0.07343973809044751,0.17009906586818252,0.1446358782618527,0.10804154165485662,0.19848472099424025,0.06979857539018956,0.189805894964231,0.20568360485000553,0.2233280142364203,0.20327621538714014,0.1642260969364123,0.1583202126392517,0.08093363593486304,0.14538836170607655,0.1620886755411578,0.2022220103978197,0.08828659370344392,0.02641205028415161,0.10189603607687721,0.06238709237579136,0.44599518967602203,0.16569314784977965,0.680080849020447,0.3027115804060184,0.24863235510287499,-0.04470935502246441,0.07321477265672047,0.21975725288817366,0.10496813171620263
0.20202567010242115,0.3779906729345489,0.19651491751132155,0.7365640729098071,0.7775791724541781,0.4936705144181513,0.10937983904853406,0.5327771238398211,0.4475698061878769,0.7560357892923902,0.7120569089930409,0.43852513425121054,0.12151332859796056,0.13496569923642082,0.2768057920655666,0.3298481329381876,0.5469885030439066,0.7744496461992126,0.4139843585622153,0.5833324416672323,0.49730552072817497,0.6451632819603119,0.20991571890844596,0.2073972141888279,1.0,0.1041583104771707,0.10708103290283914,0.14848242126567798,0.20783870384004274,0.3952250101263575,0.38175291786845145,0.13681196858668065,0.31468198357578137,0.48842999236941304,0.2064373634720737,0.6106160544229077,0.6553209508456377,0.25169637645959436,0.26159604703572714,0.7702979860766584,0.11459320397344888,0.24192865735772945,0.44834663030456967,0.17193519900719173,0.5841872879073857,0.44340754563458995,0.69055869223282,0.6138033691486215,0.5654680686212095,0.5859854870329246,0.20061512380735178,0.4674529930396988,0.6126868791869486,0.2514840332585091,0.5194739252657831,0.32361554738904164,0.4355982251697917,0.6617667037385941,0.5656627380985015,0.31207314036661865
0.5198233960561117,0.47436146386895706,0.4855735988272025,0.022925836674934058,0.24118712456798358,0.3241608451778606,0.2498159806105164,0.30726656207229786,0.3728809211500677,0.1857380773674261,0.3137332250766427,0.14798865568707958,0.03763765741812255,0.18492523108705333,0.05002127059520807,-0.0123004403435274,0.1476252232902349,0.21690612723037472,0.4274183073863556,0.20286316942810587,0.09610608583833942,0.2999467979352027,0.5142398064787986,0.02344808583452266,0.1041583104771707,1.0,0.5523290745602896,0.7097228205208455,0.7551972452626765,0.5858063275480208,0.6897132722479411,0.4290099014550348,0.5798478341117107,0.17164356124278982,0.644637885773005,0.1437004460010952,0.30460987488463453,0.7994790195653475,0.5274618829604087,0.13106288029735907,0.40486005956666526,0.5738192503612508,0.11954875590132397,0.40453971391154697,0.3430593331818115,0.13278897572800358,0.22656340135931424,0.33666684463078284,0.2649618367214318,-0.028568282810942515,0.4621944399088404,0.042556621955724835,0.2739127623312317,-0.04651193828802441,0.22040884089022877,0.4715337397060617,0.2728619496114722,0.25643406542662533,0.3507335701106156,0.6917137178747192
0.6636639298732765,0.4603696849926354,0.6769575522701297,0.227054483676647,0.25338455850580194,0.3060519235390128,0.02110319179410127,0.39213925647583414,0.32746407761345553,0.23558130484076925,0.21269941743633147,0.15144151423962832,0.16529836989307123,0.2654792809445684,0.29186143712891277,0.23741208523166732,0.30646077946643413,0.17900075163855567,0.24392336985012766,0.23766750423365784,0.2791856839415043,0.270003971544122,0.6058190781596127,0.2091435131532581,0.10708103290283914,0.5523290745602896,1.0,0.6310404898879385,0.7248807613884384,0.4998066631805508,0.5274282248498394,0.7024117759941981,0.6336580240481208,0.2437779084745939,0.8000720691810917,0.24647946413187793,0.15904215122594975,0.6280228131404487,0.461665366994889,0.20886451102226355,0.42626759341823695,0.6155511541090671,0.20628019098081835,0.43952780053377083,0.28197489378973495,0.43017304818891117,0.30612383116590847,0.20920322645659956,0.38831623086988365,0.03030476446041062,0.4141816545542635,0.12808919314091574,0.17347865484195174,0.2370762306805128,0.2633332261249094,0.5293693530408144,0.38512860894433715,0.32513172147416924,0.30361349205724314,0.5163870167808275
0.5076286742906251,0.5533559206020026,0.5727099116785312,0.18612038277811638,0.290992681545469,0.35083216827994657,0.19482274548138462,0.3594588005274708,0.36800142852979395,0.26208970862660075,0.34620771699716674,0.277844993981717,0.07843051785059382,0.054841846214916924,0.13805363923216615,0.0984476219151311,0.21074412780916946,0.2067279549527455,0.41739091510158605,0.26262525923576163,0.21578178765978634,0.175658024393431,0.5731713425282297,0.21147769528950083,0.14848242126567798,0.7097228205208455,0.6310404898879385,1.0,0.7489620553492096,0.5881181734363927,0.7583282869097488,0.6101619083389931,0.6504547392633745,0.27399320304124947,0.6444741040222498,0.3074766983768871,0.38058229629778306,0.8039139537956814,0.6924532055462346,0.13627465242810805,0.6464890090950514,0.7827215401925611,0.28885081642771576,0.6795240798911066,0.30642869777947374,0.17958651883080778,0.30222284540041094,0.36503508403101204,0.2696888053932437,0.01780725192348983,0.4580778317110962,0.05820283247928746,0.212268766331126,0.15356614323216797,0.2562662646922006,0.6060747724100741,0.28913646347291433,0.32105029123788453,0.3653298710272022,0.7752142719423312
0.6573390682891951,0.6360634891691509,0.5420710149348743,0.10480127899028055,0.36079222641683073,0.4761215355259541,0.02343155177867759,0.3311577805587001,0.49114149804155616,0.25066403046187047,0.38987459897477256,0.18992618806249797,3.597294910830384E-4,0.16777859256600686,0.14419671571258963,0.07390319991402497,0.22783157834411694,0.23131422222297124,0.4849458805888858,0.43416030192767063,0.25948819834622694,0.31464334838721,0.705004004462148,0.06366184357097318,0.20783870384004274,0.7551972452626765,0.7248807613884384,0.7489620553492096,1.0,0.7025076324928194,0.8184825589921688,0.6403765222148121,0.7359318349808791,0.21439024121929978,0.8807418505682992,0.2406456815095282,0.42719339405027845,0.8990476083130335,0.6348624563901912,0.22766787148900422,0.5126937833076823,0.66524766050408,0.1698754166335439,0.5020083485255946,0.3935929666131507,0.2585115926710553,0.40308212145524563,0.3946890290143603,0.4057186258282915,0.005230667802891342,0.5467516712486677,0.08569379939165292,0.34264348691324853,0.12874274814811945,0.28336597829457455,0.5479985037476863,0.45101697579916056,0.2932385486642983,0.42505550368972467,0.7660407869859884
0.5178858637399905,0.5246705510978079,0.44044610722548627,0.2819994147516735,0.4906980686894188,0.5547927003040459,0.04909386443518118,0.3869118654219242,0.5795685060252054,0.5126029325241817,0.45861428110067726,0.25176738264292386,-0.08943940211326042,0.04715841136140532,0.11349605386297912,0.112018647920282,0.21216013086080426,0.4803822015572032,0.3147820923048283,0.419913568551496,0.22005717072676362,0.42325435272886847,0.5527324811694898,0.07916613214908873,0.3952250101263575,0.5858063275480208,0.4998066631805508,0.5881181734363927,0.7025076324928194,1.0,0.7076283103154808,0.5088944668543742,0.6965230186855325,0.2082926813590555,0.5940670637393001,0.29313259459762114,0.4935640824331138,0.718603143698659,0.6651575116741326,0.4243762745588689,0.5265421215206845,0.7171470182309803,0.3837259598077912,0.4532065909683701,0.4308859873408311,0.35169812107254245,0.36709181692439213,0.41448951471233764,0.3548998879829931,0.15823042529638237,0.48142544585209873,0.14079254974747968,0.39456783233616244,0.05613598743858923,0.35686325349659703,0.4805720367289162,0.38063078008862183,0.46434203176662503,0.5015798343807184,0.6320649036596377
0.5100091335229888,0.7178489621644626,0.5758876734440083,0.19205277005139212,0.4701699997188422,0.5707748788330269,0.11958482691306047,0.44115918375301855,0.6191009035526573,0.3997474125295953,0.5015716589080877,0.32020547984207026,0.11226246926610742,0.11422082788566194,0.15564854476968673,0.1318120237488009,0.3072053115971481,0.3611717730022809,0.5385744215935458,0.35292642295151566,0.30208708880970686,0.31938243859880433,0.7210236708725188,0.22271711703202235,0.38175291786845145,0.6897132722479411,0.5274282248498394,0.7583282869097488,0.8184825589921688,0.7076283103154808,1.0,0.52989097337316,0.735303098326548,0.32195391046162336,0.7410938309221733,0.35781622537139746,0.521955048919206,0.9165439228149606,0.7053467795006736,0.30800573380552115,0.5479344448153789,0.7254884658301096,0.2811514417040431,0.5255486770908171,0.49896023386690747,0.37881284045598257,0.46119153178644134,0.5044389844414218,0.3033780414563355,0.1429579625682531,0.5909601046858042,0.19800960505878412,0.4943721794882478,0.1998948274484044,0.31864441154329654,0.7034195072962981,0.3457367068177368,0.42632495196115555,0.5599827688393525,0.8138972783668696
0.5124733736399972,0.4290361670444739,0.5047693056940007,0.17745978860383987,0.3012149193407555,0.37629232667802104,0.003852447019193836,0.3038686402397017,0.37790272176295137,0.26955304341427266,0.227804187872174,0.2960852083397663,-0.023699305690784152,0.026330201432972357,0.0530874481933721,0.0386069388905995,0.21108236596879384,0.15700331086795957,0.1911670498151618,0.31941586081695084,0.2552648105467404,0.15853267344961336,0.6662232534932627,0.07343973809044751,0.13681196858668065,0.4290099014550348,0.7024117759941981,0.6101619083389931,0.6403765222148121,0.5088944668543742,0.52989097337316,1.0,0.586054738371504,0.2611684080224268,0.7198449962245268,0.20068570954964451,0.25365288248456375,0.5540064511276852,0.6256752570399872,0.12798449139167772,0.5678335009241244,0.7342895635636355,0.3010596084349676,0.5753160674124856,0.34672736656628883,0.2841739837577112,0.36358380903711396,0.2773738380893869,0.3996023666887536,0.04886725173944691,0.5369235048950525,0.012496207764283373,0.23642224160122244,0.1398786801168534,0.15791317835123675,0.5785381504311975,0.3730295614111256,0.3033377643691863,0.2963632079969983,0.5510448791733752
0.4971882728855953,0.4900820429864007,0.45442734832842724,0.29296228784572803,0.47296212716235947,0.4416712659002792,0.0330154506200288,0.2748713638677441,0.537706942998129,0.36819540578446064,0.4562033188845141,0.23048826522546023,0.047558259582634016,0.09374140836764781,0.14643075894228522,0.03766315127528231,0.3386104539803499,0.2863785983340402,0.4705795815713194,0.3765681084449313,0.1460093816661619,0.21466324241553872,0.570842046239156,0.17009906586818252,0.31468198357578137,0.5798478341117107,0.6336580240481208,0.6504547392633745,0.7359318349808791,0.6965230186855325,0.735303098326548,0.586054738371504,1.0,0.22212710863331808,0.6087596682783312,0.45975093826946933,0.5330836588772244,0.7103289526892419,0.5742188003143609,0.33161077879667217,0.563377166612604,0.7152094509250739,0.1669132489000381,0.5014530328204576,0.4461843790917056,0.35819116337181833,0.38087725533385525,0.48165831640825213,0.3553165227003189,-6.887551911076151E-4,0.4943992407935608,-0.03106716266531955,0.39954630833967997,0.12893692424797684,0.41010038171001845,0.5113064641593279,0.35189862675285455,0.32185048212227463,0.4685215412824946,0.6360029668771423
0.2619976419101907,0.45692595725338087,0.4484570773278113,0.4974379827594837,0.53515145826176,0.4264720887821848,0.22990104401038897,0.7012932749651686,0.39199901448460756,0.6181450645327826,0.548595256935071,0.6555813951164114,0.12844873092822462,0.10334844995793194,0.23229124145932026,0.32454801599593447,0.48623035408663906,0.551753622964877,0.4555454636659654,0.37237988459913157,0.43023636395322135,0.4282540073959096,0.46666014973947434,0.1446358782618527,0.48842999236941304,0.17164356124278982,0.2437779084745939,0.27399320304124947,0.21439024121929978,0.2082926813590555,0.32195391046162336,0.2611684080224268,0.22212710863331808,1.0,0.38705821217567105,0.5593916180783857,0.5526331103213503,0.3187231787027264,0.3655370936242788,0.5477288039652136,0.2672267785199525,0.21165134579985506,0.5058010452654498,0.1942202045746425,0.7044738000288391,0.5322172178939607,0.6118420791720383,0.58083645473339,0.5847133618090645,0.5041848363750259,0.16475995857341572,0.40664670780542045,0.6429922374060479,0.12423975515809413,0.5178818388301591,0.5641489713380461,0.36272416377726074,0.7141671133809175,0.5877650416004727,0.36219748664272455
