1.0,0.8242499999999999,0.26539999999999997,0.0819,0.1925,0.24005,0.053149999999999996,0.0722,0.68735,0.09625,0.2516,0.2048,0.16055,0.24345,0.6871,0.62245,0.82105,0.04325,0.64135,0.3318,0.1135,0.1564,0.64325,0.8397500000000001,0.8326499999999999,0.65195,0.13455,0.10400000000000001,0.14945,0.08525,0.7181,0.7532,0.73955,0.80135,0.1945,0.21405,0.0644,0.25045,0.1237,0.1957,0.19590000000000002,0.2806,0.1406,0.28845,0.25085,0.15365,0.24620000000000003,0.19039999999999999,0.093,0.17595,0.15005,0.12455000000000001,0.17185,0.16315,0.16965,0.11095,0.82395,0.11495,0.18185,0.7368,0.7487,0.81585,0.81935,0.2011,0.25275,0.08135,0.11125,0.75515,0.6458999999999999,0.7769,0.74995,0.19895000000000002,0.8125,0.8182499999999999,0.82035,0.13965,0.07805,0.13140000000000002,0.8185499999999999,0.68485
0.8242499999999999,1.0,0.1653,0.06155000000000001,0.10464999999999999,0.1479,0.0518,0.03945,0.7353500000000001,0.0612,0.14495,0.09475,0.09635,0.24864999999999998,0.7231,0.47135,0.90015,0.03105,0.53915,0.21680000000000002,0.1092,0.12885,0.7478,0.9188000000000001,0.83735,0.66345,0.13465,0.08585000000000001,0.1631,0.07005,0.8323499999999999,0.8528,0.63735,0.8754,0.11515,0.11259999999999999,0.06915,0.16865000000000002,0.1197,0.1214,0.21345,0.16065000000000002,0.1676,0.14075,0.14155,0.14675,0.1318,0.13425,0.09945000000000001,0.1837,0.14805,0.1404,0.17965,0.17124999999999999,0.15940000000000001,0.11295,0.8923,0.1183,0.14579999999999999,0.84995,0.7773,0.8766,0.85685,0.0949,0.1102,0.09375,0.10565,0.8199500000000001,0.64525,0.8127000000000001,0.78275,0.16105,0.81005,0.8989499999999999,0.8119999999999999,0.12835000000000002,0.0634,0.1055,0.85365,0.79775
0.26539999999999997,0.1653,1.0,0.267,0.81415,0.7898,0.32480000000000003,0.24285,0.1786,0.25255,0.7016,0.6989,0.611,0.396,0.2525,0.44020000000000004,0.17504999999999998,0.19295,0.38795,0.5619500000000001,0.25665,0.32525,0.20315,0.1766,0.2702,0.2424,0.3787,0.25985,0.3376,0.30619999999999997,0.188,0.1998,0.42865000000000003,0.1603,0.6212500000000001,0.7162,0.34835,0.7218,0.4955,0.746,0.4673,0.6101,0.43739999999999996,0.7323500000000001,0.7245,0.40685000000000004,0.7505499999999999,0.5759000000000001,0.51185,0.43200000000000005,0.35409999999999997,0.25585,0.44800000000000006,0.3446,0.60045,0.42939999999999995,0.15789999999999998,0.43979999999999997,0.30295,0.1647,0.1341,0.1414,0.13294999999999998,0.7396,0.65615,0.4819,0.46604999999999996,0.21265,0.40140000000000003,0.27725,0.23735,0.66425,0.1872,0.16675,0.24445,0.57525,0.1963,0.4753,0.20395,0.19935
0.0819,0.06155000000000001,0.267,1.0,0.31779999999999997,0.28575,0.7368,0.8863,0.11665,0.7793,0.27890000000000004,0.294,0.33490000000000003,0.50205,0.09,0.1325,0.029599999999999998,0.6807000000000001,0.0469,0.21844999999999998,0.66175,0.6674,0.1011,0.03795,0.0932,0.15940000000000001,0.68625,0.8310000000000001,0.64555,0.71645,0.0629,0.058499999999999996,0.0448,0.026500000000000003,0.3272,0.2979,0.87995,0.19815,0.42210000000000003,0.30775,0.53725,0.25735,0.618,0.18975,0.2938,0.45265000000000005,0.29815,0.5094000000000001,0.61925,0.5154,0.7070000000000001,0.75915,0.5728500000000001,0.6385500000000001,0.525,0.6981499999999999,0.0823,0.6482,0.75335,0.02595,0.01165,0.0787,0.01395,0.22845,0.19715,0.5062,0.5224,0.10674999999999998,0.1444,0.056299999999999996,0.13185,0.3276,0.058899999999999994,0.0274,0.06965,0.57965,0.7499,0.5213,0.04765,0.10640000000000001
0.1925,0.10464999999999999,0.81415,0.31779999999999997,1.0,0.81605,0.39865,0.27105,0.11995,0.318,0.6698500000000001,0.7863,0.70235,0.46369999999999995,0.18085,0.3665,0.11775,0.2149,0.3027,0.46420000000000006,0.29969999999999997,0.4215,0.15755,0.11495,0.19745,0.22765,0.49450000000000005,0.3086,0.4559,0.40645,0.13205,0.14725,0.36419999999999997,0.11399999999999999,0.706,0.7929,0.4103,0.70985,0.53245,0.78635,0.5246000000000001,0.687,0.48319999999999996,0.7414,0.7594000000000001,0.4791,0.7759,0.6875,0.56615,0.48545,0.4806,0.35,0.5054000000000001,0.47454999999999997,0.65225,0.47935,0.11535,0.5065999999999999,0.3725,0.09419999999999999,0.07785,0.0859,0.0789,0.7194,0.66635,0.532,0.5122,0.13974999999999999,0.3068,0.19245,0.1656,0.6703,0.119,0.10794999999999999,0.16055,0.6215499999999999,0.2387,0.5115999999999999,0.13515,0.16415
0.24005,0.1479,0.7898,0.28575,0.81605,1.0,0.30105,0.261,0.16175,0.26355,0.6973,0.78725,0.66365,0.43739999999999996,0.22065,0.42569999999999997,0.16045,0.21939999999999998,0.3628,0.4913,0.22765,0.34455,0.1645,0.15835,0.23704999999999998,0.2012,0.41859999999999997,0.256,0.40664999999999996,0.3324,0.15894999999999998,0.1689,0.40164999999999995,0.1422,0.64005,0.75685,0.32465,0.7196,0.4614,0.7173499999999999,0.51305,0.6686,0.39594999999999997,0.6569499999999999,0.65865,0.40765,0.7215499999999999,0.60015,0.48414999999999997,0.37934999999999997,0.36015,0.30265,0.40824999999999995,0.36565,0.54225,0.398,0.16005,0.4429,0.3387,0.13605,0.11574999999999999,0.1278,0.11745000000000001,0.6561,0.583,0.4126,0.35924999999999996,0.1829,0.37829999999999997,0.22240000000000001,0.21244999999999997,0.5835,0.1664,0.1464,0.2202,0.53975,0.22374999999999998,0.41125,0.17245,0.16885
0.053149999999999996,0.0518,0.32480000000000003,0.7368,0.39865,0.30105,1.0,0.74025,0.08754999999999999,0.74295,0.34750000000000003,0.36360000000000003,0.4178,0.5805,0.0616,0.11315,0.0067,0.5569,0.0431,0.22325,0.7192999999999999,0.68485,0.08904999999999999,0.027100000000000003,0.07544999999999999,0.1022,0.6626000000000001,0.6990000000000001,0.59935,0.6012,0.03615,0.03075,0.04975,0.019950000000000002,0.36619999999999997,0.2924,0.78145,0.22745,0.5442,0.32175,0.5519999999999999,0.26739999999999997,0.61605,0.21395,0.30365000000000003,0.4154,0.3198,0.52905,0.58055,0.49785,0.6576,0.6334,0.5159,0.6062000000000001,0.56355,0.65965,0.0377,0.57845,0.6088,0.0026,0.0013,0.023549999999999998,0.0017500000000000003,0.26015,0.23374999999999999,0.52085,0.51015,0.0605,0.0749,0.0646,0.09355,0.3166,0.022,0.0303,0.0576,0.5703,0.646,0.4716,0.047549999999999995,0.08355
0.0722,0.03945,0.24285,0.8863,0.27105,0.261,0.74025,1.0,0.1283,0.7699,0.28500000000000003,0.28615,0.3383,0.5126000000000001,0.0514,0.11345000000000001,0.0012000000000000001,0.61405,0.07285,0.266,0.67945,0.64845,0.08115,0.01475,0.06294999999999999,0.11279999999999998,0.64695,0.7765,0.62105,0.68105,0.0249,0.0211,0.017150000000000002,0.00315,0.29874999999999996,0.23965,0.82785,0.20059999999999997,0.45099999999999996,0.25415,0.5325,0.21385,0.6103,0.15125,0.27015,0.43825000000000003,0.26139999999999997,0.47065,0.5944,0.50625,0.6791,0.7382,0.5585,0.61265,0.485,0.67945,0.06555,0.62085,0.72645,0.0013,0.0,0.0643,7.0E-4,0.17909999999999998,0.1703,0.46955,0.4875,0.07365000000000001,0.10634999999999999,0.029099999999999997,0.11065,0.29855,0.045450000000000004,0.01095,0.05175,0.54835,0.7123,0.47725,0.0346,0.06695
0.68735,0.7353500000000001,0.1786,0.11665,0.11995,0.16175,0.08754999999999999,0.1283,1.0,0.14384999999999998,0.15389999999999998,0.12465,0.10940000000000001,0.21205,0.7906,0.5225,0.7583,0.15015,0.5298,0.35395,0.17965,0.23325,0.8505,0.75505,0.7521,0.79075,0.1166,0.16465000000000002,0.0957,0.1357,0.7719,0.7852,0.4944,0.6954,0.13340000000000002,0.1356,0.0949,0.21389999999999998,0.1359,0.13365,0.1274,0.159,0.0598,0.16035,0.1278,0.12215000000000001,0.13505,0.11735,0.09175,0.1369,0.06755,0.01215,0.0895,0.0829,0.10569999999999999,0.0786,0.8419000000000001,0.08255,0.0879,0.77605,0.6373,0.8289,0.7035,0.11455,0.1203,0.09245,0.16465000000000002,0.8528499999999999,0.73625,0.7180500000000001,0.85045,0.19355,0.7253499999999999,0.7457,0.72895,0.11435,0.1416,0.1275,0.7506,0.7977000000000001
0.09625,0.0612,0.25255,0.7793,0.318,0.26355,0.74295,0.7699,0.14384999999999998,1.0,0.25765,0.294,0.32589999999999997,0.46695000000000003,0.06875,0.1368,0.0158,0.65425,0.06534999999999999,0.2415,0.7736,0.62165,0.0777,0.0355,0.08125,0.11795,0.61105,0.7599,0.5582499999999999,0.6275000000000001,0.04585,0.035199999999999995,0.0421,0.02145,0.29415,0.23464999999999997,0.7945,0.22605,0.47874999999999995,0.26675,0.52015,0.24009999999999998,0.56685,0.1674,0.27559999999999996,0.43384999999999996,0.258,0.47255,0.5689,0.48585,0.6275999999999999,0.63895,0.5185500000000001,0.5519499999999999,0.5128999999999999,0.6151,0.0852,0.57565,0.6223,0.01695,0.0189,0.0683,0.01165,0.19095,0.1812,0.4971,0.46855,0.09325,0.12010000000000001,0.053700000000000005,0.14175,0.2765,0.057550000000000004,0.0366,0.07075000000000001,0.5296000000000001,0.7224999999999999,0.44065000000000004,0.05715,0.08030000000000001
0.2516,0.14495,0.7016,0.27890000000000004,0.6698500000000001,0.6973,0.34750000000000003,0.28500000000000003,0.15389999999999998,0.25765,1.0,0.7788,0.7224999999999999,0.48324999999999996,0.2022,0.413,0.1653,0.25644999999999996,0.44284999999999997,0.47345,0.29159999999999997,0.3971,0.1824,0.19495,0.2543,0.21405,0.4505,0.27715,0.42560000000000003,0.3203,0.16435,0.17165,0.40800000000000003,0.1754,0.6494500000000001,0.6283000000000001,0.35114999999999996,0.6227,0.49295,0.7014,0.46449999999999997,0.55665,0.42045000000000005,0.5934999999999999,0.63145,0.33815,0.73445,0.54985,0.4805,0.43170000000000003,0.40519999999999995,0.2954,0.42169999999999996,0.39175,0.5332,0.4438,0.16065000000000002,0.46085000000000004,0.3907,0.12969999999999998,0.14950000000000002,0.14645,0.15335000000000001,0.57755,0.5771499999999999,0.41445,0.40780000000000005,0.17980000000000002,0.32605,0.21280000000000002,0.1613,0.6205,0.18505,0.1713,0.23054999999999998,0.5351,0.271,0.4579,0.20505,0.191
0.2048,0.09475,0.6989,0.294,0.7863,0.78725,0.36360000000000003,0.28615,0.12465,0.294,0.7788,1.0,0.8007,0.47309999999999997,0.1644,0.37205,0.09925,0.23450000000000001,0.3234,0.4755,0.2539,0.41245000000000004,0.14045000000000002,0.11465,0.20055,0.22415,0.41550000000000004,0.2859,0.40515,0.34540000000000004,0.11925,0.12675,0.3745,0.10900000000000001,0.7516,0.75125,0.35465,0.68445,0.45845,0.7924,0.47755000000000003,0.67615,0.39265,0.7058500000000001,0.7653,0.3893,0.7668999999999999,0.5948,0.45515,0.39575,0.37429999999999997,0.2996,0.4016,0.37595,0.5157499999999999,0.3701,0.0986,0.40004999999999996,0.3752,0.061750000000000006,0.0685,0.07575,0.0715,0.6692,0.6695,0.38295,0.38195,0.11865,0.2799,0.1748,0.11995,0.59335,0.10200000000000001,0.09475,0.16875,0.5161,0.2591,0.44939999999999997,0.14205,0.15565
0.16055,0.09635,0.611,0.33490000000000003,0.70235,0.66365,0.4178,0.3383,0.10940000000000001,0.32589999999999997,0.7224999999999999,0.8007,1.0,0.48495,0.15935,0.29165,0.09245,0.31695,0.3146,0.48150000000000004,0.3532,0.4367,0.1321,0.1048,0.18280000000000002,0.18985000000000002,0.46775,0.3483,0.49189999999999995,0.39935,0.13045,0.13440000000000002,0.30924999999999997,0.08020000000000001,0.65315,0.6113999999999999,0.4046,0.6144000000000001,0.47750000000000004,0.7289,0.45675,0.5819,0.44349999999999995,0.58575,0.69375,0.39775,0.66875,0.59105,0.46814999999999996,0.46555,0.45330000000000004,0.40650000000000003,0.45404999999999995,0.40845000000000004,0.476,0.44160000000000005,0.08385000000000001,0.46654999999999996,0.43724999999999997,0.07435,0.0692,0.0769,0.07035,0.6005499999999999,0.60865,0.43845,0.4415,0.1093,0.2618,0.1524,0.1071,0.59805,0.09235,0.0884,0.14375,0.5335,0.34750000000000003,0.41475,0.11015,0.1582
0.24345,0.24864999999999998,0.396,0.50205,0.46369999999999995,0.43739999999999996,0.5805,0.5126000000000001,0.21205,0.46695000000000003,0.48324999999999996,0.47309999999999997,0.48495,1.0,0.1829,0.16240000000000002,0.25585,0.49824999999999997,0.1931,0.34249999999999997,0.5407,0.696,0.1985,0.2459,0.242,0.18175,0.72905,0.5286,0.75675,0.56655,0.2164,0.2651,0.28175,0.2467,0.4051,0.41879999999999995,0.55465,0.44020000000000004,0.67875,0.39590000000000003,0.7762,0.33544999999999997,0.65685,0.33075,0.39505,0.5258,0.3947,0.6456999999999999,0.6863,0.73465,0.7128,0.63035,0.71475,0.70955,0.67675,0.64425,0.24220000000000003,0.6708000000000001,0.6537499999999999,0.21255000000000002,0.21880000000000002,0.2158,0.22225,0.31655,0.27244999999999997,0.62935,0.61335,0.1676,0.183,0.27094999999999997,0.17170000000000002,0.46115000000000006,0.2084,0.2453,0.24420000000000003,0.6684,0.5237,0.58825,0.2037,0.21600000000000003
0.6871,0.7231,0.2525,0.09,0.18085,0.22065,0.0616,0.0514,0.7906,0.06875,0.2022,0.1644,0.15935,0.1829,1.0,0.56315,0.7971,0.09975,0.6102000000000001,0.31055,0.12595,0.1562,0.90245,0.7514000000000001,0.753,0.768,0.10740000000000001,0.11705000000000002,0.10669999999999999,0.08,0.8792500000000001,0.8577999999999999,0.58795,0.70625,0.20154999999999998,0.19390000000000002,0.10075,0.23325,0.10200000000000001,0.24394999999999997,0.1528,0.2153,0.10200000000000001,0.21425,0.16185,0.12605,0.22799999999999998,0.14035,0.08835,0.1341,0.07744999999999999,0.0249,0.11005000000000001,0.0993,0.14650000000000002,0.0911,0.7757,0.0818,0.0526,0.8238,0.6042500000000001,0.7694,0.6851499999999999,0.19865,0.17215,0.09375,0.162,0.8801500000000001,0.7432000000000001,0.73345,0.80955,0.23864999999999997,0.7537499999999999,0.7472000000000001,0.79145,0.1331,0.08864999999999999,0.15665,0.7631,0.8291999999999999
0.62245,0.47135,0.44020000000000004,0.1325,0.3665,0.42569999999999997,0.11315,0.11345000000000001,0.5225,0.1368,0.413,0.37205,0.29165,0.16240000000000002,0.56315,1.0,0.5246000000000001,0.12805,0.73485,0.48724999999999996,0.13435,0.18385,0.48005000000000003,0.5175500000000001,0.63815,0.54455,0.08685000000000001,0.14479999999999998,0.07255,0.132,0.42735,0.458,0.7862,0.5530999999999999,0.33775,0.41495,0.09235,0.39445,0.1608,0.3678,0.1427,0.47454999999999997,0.0801,0.48040000000000005,0.42234999999999995,0.21105000000000002,0.41545,0.23349999999999999,0.09935000000000001,0.10625,0.0776,0.00555,0.12279999999999999,0.0972,0.18985000000000002,0.0707,0.53315,0.07385,0.11410000000000001,0.44535,0.36465000000000003,0.5388,0.43789999999999996,0.39245,0.44939999999999997,0.11599999999999999,0.1319,0.5829500000000001,0.7872,0.54995,0.6234,0.33955,0.6313500000000001,0.5319,0.6642,0.17645,0.12190000000000001,0.1477,0.5468,0.46685
0.82105,0.90015,0.17504999999999998,0.029599999999999998,0.11775,0.16045,0.0067,0.0012000000000000001,0.7583,0.0158,0.1653,0.09925,0.09245,0.25585,0.7971,0.5246000000000001,1.0,0.03705,0.5995,0.1891,0.06999999999999999,0.09154999999999999,0.78365,0.94215,0.85365,0.6727000000000001,0.1368,0.0465,0.18045,0.02645,0.8435499999999999,0.89985,0.67025,0.9252,0.1025,0.13540000000000002,0.03465,0.1762,0.11385,0.127,0.22644999999999998,0.1756,0.14325000000000002,0.17535,0.15045,0.1517,0.1584,0.15855,0.1049,0.19605,0.14555,0.10175000000000001,0.1896,0.17070000000000002,0.17204999999999998,0.11595,0.9260999999999999,0.13069999999999998,0.11850000000000001,0.88455,0.82175,0.91655,0.9028499999999999,0.0998,0.12905,0.1093,0.12905,0.8611000000000001,0.6746000000000001,0.84885,0.8227,0.17115,0.8893000000000001,0.9419000000000001,0.8855999999999999,0.13174999999999998,0.029349999999999998,0.12390000000000001,0.8589499999999999,0.8063
0.04325,0.03105,0.19295,0.6807000000000001,0.2149,0.21939999999999998,0.5569,0.61405,0.15015,0.65425,0.25644999999999996,0.23450000000000001,0.31695,0.49824999999999997,0.09975,0.12805,0.03705,1.0,0.056499999999999995,0.20834999999999998,0.63305,0.59165,0.10640000000000001,0.019950000000000002,0.06945,0.1528,0.5668,0.6784,0.5326500000000001,0.5993999999999999,0.0528,0.0739,0.0209,0.004399999999999999,0.19665,0.2077,0.629,0.18775,0.37815,0.22835,0.47024999999999995,0.125,0.46299999999999997,0.060450000000000004,0.18409999999999999,0.3613,0.17905,0.42400000000000004,0.49545000000000006,0.45854999999999996,0.4689,0.44885,0.46195,0.41295000000000004,0.4258,0.49605,0.0839,0.5222,0.5703,0.048299999999999996,0.00855,0.09045,0.01045,0.11535,0.08225,0.44865000000000005,0.44560000000000005,0.11810000000000001,0.1587,0.0485,0.14645,0.26725,0.0581,0.02445,0.05595,0.4779,0.8201499999999999,0.35819999999999996,0.025500000000000002,0.1025
0.64135,0.53915,0.38795,0.0469,0.3027,0.3628,0.0431,0.07285,0.5298,0.06534999999999999,0.44284999999999997,0.3234,0.3146,0.1931,0.6102000000000001,0.73485,0.5995,0.056499999999999995,1.0,0.46035000000000004,0.12355000000000001,0.1303,0.54015,0.5991,0.68255,0.49234999999999995,0.1524,0.08549999999999999,0.131,0.054900000000000004,0.5791999999999999,0.56755,0.7791,0.5683,0.32905,0.30665,0.05545,0.36965,0.10189999999999999,0.33485,0.15555000000000002,0.35209999999999997,0.13574999999999998,0.38615,0.3197,0.11125,0.3742,0.18495,0.07875,0.13474999999999998,0.12775,0.07255,0.1366,0.1339,0.10794999999999999,0.13315,0.58655,0.10740000000000001,0.1654,0.5558500000000001,0.46814999999999996,0.5848,0.52705,0.3267,0.3781,0.0751,0.11100000000000002,0.5801000000000001,0.7086,0.5841000000000001,0.5383,0.30665,0.65735,0.591,0.6819,0.1299,0.0649,0.1513,0.62815,0.50755
0.3318,0.21680000000000002,0.5619500000000001,0.21844999999999998,0.46420000000000006,0.4913,0.22325,0.266,0.35395,0.2415,0.47345,0.4755,0.48150000000000004,0.34249999999999997,0.31055,0.48724999999999996,0.1891,0.20834999999999998,0.46035000000000004,1.0,0.3265,0.4485,0.2645,0.1961,0.31765,0.2969,0.21949999999999997,0.25715,0.1897,0.3516,0.20365000000000003,0.2203,0.41900000000000004,0.14250000000000002,0.42465,0.5056499999999999,0.2339,0.60235,0.27349999999999997,0.50145,0.21985000000000002,0.43570000000000003,0.26789999999999997,0.5454,0.50505,0.23075,0.50915,0.3108,0.24025,0.3382,0.1978,0.1908,0.24445,0.1444,0.27225,0.22054999999999997,0.23584999999999998,0.20964999999999998,0.27595000000000003,0.17604999999999998,0.09425,0.2233,0.1305,0.5428,0.5013,0.29569999999999996,0.3148,0.28535,0.49820000000000003,0.2298,0.3026,0.43289999999999995,0.22610000000000002,0.15889999999999999,0.292,0.27595000000000003,0.2657,0.2684,0.2234,0.24195000000000003
0.1135,0.1092,0.25665,0.66175,0.29969999999999997,0.22765,0.7192999999999999,0.67945,0.17965,0.7736,0.29159999999999997,0.2539,0.3532,0.5407,0.12595,0.13435,0.06999999999999999,0.63305,0.12355000000000001,0.3265,1.0,0.7358,0.16085,0.08705,0.11699999999999999,0.1452,0.5540499999999999,0.74205,0.52495,0.5760500000000001,0.09115,0.08125,0.08615,0.06575,0.2284,0.1914,0.7321,0.2627,0.48865,0.2857,0.4626,0.19035,0.5291,0.1484,0.2481,0.38075000000000003,0.19119999999999998,0.46775,0.517,0.5089,0.6053499999999999,0.57535,0.47435,0.5206999999999999,0.46790000000000004,0.5931,0.1101,0.5317000000000001,0.56165,0.0775,0.05084999999999999,0.10469999999999999,0.0548,0.1795,0.17565,0.46665,0.46995,0.146,0.1675,0.09635,0.14450000000000002,0.31925,0.08345,0.07635,0.1059,0.5255,0.6980999999999999,0.35795,0.10235000000000001,0.124
0.1564,0.12885,0.32525,0.6674,0.4215,0.34455,0.68485,0.64845,0.23325,0.62165,0.3971,0.41245000000000004,0.4367,0.696,0.1562,0.18385,0.09154999999999999,0.59165,0.1303,0.4485,0.7358,1.0,0.19375,0.09419999999999999,0.15335000000000001,0.24425,0.6441,0.72315,0.58875,0.6941499999999999,0.12084999999999999,0.1169,0.1332,0.08259999999999999,0.386,0.36669999999999997,0.6758,0.36869999999999997,0.55,0.34904999999999997,0.5736,0.30415000000000003,0.56285,0.26105,0.3438,0.43205,0.32530000000000003,0.5924,0.56155,0.58915,0.64485,0.5665,0.512,0.6443,0.58755,0.54825,0.14305,0.52785,0.67255,0.0978,0.05735,0.1386,0.0603,0.28375,0.2687,0.50185,0.5633,0.17609999999999998,0.21705000000000002,0.12645,0.193,0.38565,0.10994999999999999,0.0827,0.11725000000000001,0.5901,0.66155,0.521,0.124,0.1655
0.64325,0.7478,0.20315,0.1011,0.15755,0.1645,0.08904999999999999,0.08115,0.8505,0.0777,0.1824,0.14045000000000002,0.1321,0.1985,0.90245,0.48005000000000003,0.78365,0.10640000000000001,0.54015,0.2645,0.16085,0.19375,1.0,0.7597,0.7301,0.8390000000000001,0.09705,0.1403,0.0937,0.0932,0.8913500000000001,0.85205,0.49974999999999997,0.71765,0.1757,0.16065000000000002,0.10845,0.1965,0.1197,0.2036,0.14745,0.1679,0.0987,0.17315,0.1401,0.12875,0.1885,0.14604999999999999,0.0963,0.13485,0.0736,0.0125,0.10669999999999999,0.10385,0.1622,0.0917,0.79825,0.0754,0.0454,0.8403,0.62065,0.7916000000000001,0.7013499999999999,0.15335000000000001,0.1323,0.0954,0.1741,0.8923,0.7022,0.71305,0.8195499999999999,0.23075,0.7117,0.75595,0.7073,0.14079999999999998,0.09519999999999999,0.15245,0.7815000000000001,0.8861000000000001
0.8397500000000001,0.9188000000000001,0.1766,0.03795,0.11495,0.15835,0.027100000000000003,0.01475,0.75505,0.0355,0.19495,0.11465,0.1048,0.2459,0.7514000000000001,0.5175500000000001,0.94215,0.019950000000000002,0.5991,0.1961,0.08705,0.09419999999999999,0.7597,1.0,0.88785,0.66155,0.1366,0.05275,0.1786,0.0359,0.8300000000000001,0.86595,0.67535,0.90725,0.12315000000000001,0.13774999999999998,0.04325,0.18314999999999998,0.11679999999999999,0.13385,0.21785000000000002,0.18555,0.1525,0.189,0.16855,0.15589999999999998,0.16525,0.16085,0.10475000000000001,0.1911,0.15635,0.1155,0.19005,0.17370000000000002,0.16735,0.11695,0.9263999999999999,0.1273,0.14845,0.86975,0.82675,0.9111,0.9093500000000001,0.10725,0.15209999999999999,0.10089999999999999,0.11315,0.8538500000000001,0.67165,0.8608499999999999,0.7935,0.16904999999999998,0.85495,0.9369,0.8736499999999999,0.13615,0.028149999999999998,0.1299,0.8832000000000001,0.7958000000000001
0.8326499999999999,0.83735,0.2702,0.0932,0.19745,0.23704999999999998,0.07544999999999999,0.06294999999999999,0.7521,0.08125,0.2543,0.20055,0.18280000000000002,0.242,0.753,0.63815,0.85365,0.06945,0.68255,0.31765,0.11699999999999999,0.15335000000000001,0.7301,0.88785,1.0,0.6936,0.1506,0.11615,0.16755,0.0765,0.7644,0.80305,0.755,0.8173,0.21695000000000003,0.23075,0.08385000000000001,0.25915,0.1348,0.22155,0.22559999999999997,0.27549999999999997,0.15555000000000002,0.28125,0.24980000000000002,0.1599,0.26215,0.20539999999999997,0.10205,0.178,0.16245,0.11245000000000001,0.18265,0.1898,0.19125,0.12769999999999998,0.8656499999999999,0.12745,0.1672,0.7866,0.73385,0.85645,0.8137000000000001,0.20395,0.27195,0.10894999999999999,0.1581,0.8169000000000001,0.73775,0.8754,0.77055,0.2251,0.8286,0.8614499999999999,0.873,0.15689999999999998,0.0948,0.17895,0.8269500000000001,0.76885
0.65195,0.66345,0.2424,0.15940000000000001,0.22765,0.2012,0.1022,0.11279999999999998,0.79075,0.11795,0.21405,0.22415,0.18985000000000002,0.18175,0.768,0.54455,0.6727000000000001,0.1528,0.49234999999999995,0.2969,0.1452,0.24425,0.8390000000000001,0.66155,0.6936,1.0,0.10840000000000001,0.2076,0.0885,0.1507,0.77125,0.78135,0.5031,0.6259,0.18545,0.24514999999999998,0.12104999999999999,0.21444999999999997,0.12279999999999999,0.2777,0.1426,0.25,0.08655,0.25625,0.21949999999999997,0.14925,0.21885,0.18580000000000002,0.10765,0.14705,0.08754999999999999,0.01115,0.12144999999999999,0.1186,0.1947,0.07775,0.71635,0.07035,0.08070000000000001,0.6808500000000001,0.5107999999999999,0.71495,0.58965,0.2081,0.21215,0.10245,0.1887,0.7682,0.67265,0.64155,0.7825,0.2861,0.62405,0.6455,0.60545,0.1708,0.1416,0.16265000000000002,0.667,0.8638999999999999
0.13455,0.13465,0.3787,0.68625,0.49450000000000005,0.41859999999999997,0.6626000000000001,0.64695,0.1166,0.61105,0.4505,0.41550000000000004,0.46775,0.72905,0.10740000000000001,0.08685000000000001,0.1368,0.5668,0.1524,0.21949999999999997,0.5540499999999999,0.6441,0.09705,0.1366,0.1506,0.10840000000000001,1.0,0.65665,0.8882999999999999,0.7545,0.14355,0.1504,0.1292,0.13025,0.45220000000000005,0.38705,0.7585,0.32805,0.6051,0.41965,0.7022999999999999,0.30775,0.75125,0.27645,0.3586,0.5162,0.43165,0.63375,0.8131,0.7583,0.84195,0.7497,0.7755,0.74415,0.67185,0.83445,0.1484,0.81615,0.7971,0.1403,0.12375,0.1444,0.12705,0.3209,0.2517,0.70985,0.69275,0.10600000000000001,0.1167,0.15205,0.11479999999999999,0.42634999999999995,0.14495,0.13425,0.1479,0.70255,0.64825,0.62485,0.12465,0.10335000000000001
0.10400000000000001,0.08585000000000001,0.25985,0.8310000000000001,0.3086,0.256,0.6990000000000001,0.7765,0.16465000000000002,0.7599,0.27715,0.2859,0.3483,0.5286,0.11705000000000002,0.14479999999999998,0.0465,0.6784,0.08549999999999999,0.25715,0.74205,0.72315,0.1403,0.05275,0.11615,0.2076,0.65665,1.0,0.61205,0.7282,0.0973,0.0848,0.08070000000000001,0.0396,0.33615,0.2882,0.8034000000000001,0.20695000000000002,0.42925,0.2898,0.49240000000000006,0.23745,0.5123,0.20274999999999999,0.27240000000000003,0.413,0.27875,0.52405,0.5765,0.5795,0.6572,0.6569499999999999,0.5371,0.6259,0.4965,0.60325,0.09475,0.6075999999999999,0.7316,0.056100000000000004,0.014199999999999999,0.09275,0.020300000000000002,0.21945,0.21749999999999997,0.48425,0.56865,0.13125,0.16915,0.07715,0.1633,0.3008,0.06939999999999999,0.03905,0.07785,0.5389,0.7745,0.51725,0.06815,0.14215
0.14945,0.1631,0.3376,0.64555,0.4559,0.40664999999999996,0.59935,0.62105,0.0957,0.5582499999999999,0.42560000000000003,0.40515,0.49189999999999995,0.75675,0.10669999999999999,0.07255,0.18045,0.5326500000000001,0.131,0.1897,0.52495,0.58875,0.0937,0.1786,0.16755,0.0885,0.8882999999999999,0.61205,1.0,0.67815,0.13665,0.19055,0.16865000000000002,0.1648,0.4072,0.3758,0.69215,0.32025000000000003,0.6182000000000001,0.4141,0.7461,0.30920000000000003,0.7150000000000001,0.26844999999999997,0.36445,0.5216000000000001,0.41775,0.6439,0.77835,0.81105,0.8554,0.7754,0.8242,0.7807999999999999,0.66155,0.79135,0.16545,0.8359,0.76775,0.13899999999999998,0.16670000000000001,0.15465,0.16975,0.3001,0.27535,0.6978,0.6655,0.0903,0.1006,0.19119999999999998,0.09675,0.42845000000000005,0.14915,0.18105,0.17685,0.69075,0.6136999999999999,0.63035,0.11639999999999999,0.14355
0.08525,0.07005,0.30619999999999997,0.71645,0.40645,0.3324,0.6012,0.68105,0.1357,0.6275000000000001,0.3203,0.34540000000000004,0.39935,0.56655,0.08,0.132,0.02645,0.5993999999999999,0.054900000000000004,0.3516,0.5760500000000001,0.6941499999999999,0.0932,0.0359,0.0765,0.1507,0.7545,0.7282,0.67815,1.0,0.0581,0.054200000000000005,0.035449999999999995,0.021249999999999998,0.39954999999999996,0.37429999999999997,0.7220500000000001,0.31825000000000003,0.48040000000000005,0.36415000000000003,0.53125,0.29605000000000004,0.6125,0.2582,0.3653,0.5257,0.3666,0.5708,0.68875,0.6932,0.66645,0.6385500000000001,0.6809000000000001,0.562,0.5806,0.62365,0.0992,0.6785,0.7484,0.029599999999999998,0.004399999999999999,0.09045,0.006750000000000001,0.3113,0.2637,0.64595,0.6605000000000001,0.10525,0.1454,0.038650000000000004,0.13474999999999998,0.3511,0.05225,0.02205,0.05735,0.60995,0.7260500000000001,0.55955,0.0509,0.09775
0.7181,0.8323499999999999,0.188,0.0629,0.13205,0.15894999999999998,0.03615,0.0249,0.7719,0.04585,0.16435,0.11925,0.13045,0.2164,0.8792500000000001,0.42735,0.8435499999999999,0.0528,0.5791999999999999,0.20365000000000003,0.09115,0.12084999999999999,0.8913500000000001,0.8300000000000001,0.7644,0.77125,0.14355,0.0973,0.13665,0.0581,1.0,0.9039999999999999,0.5406,0.76985,0.15545,0.13574999999999998,0.0692,0.16699999999999998,0.11040000000000001,0.18814999999999998,0.1874,0.15475,0.1552,0.14495,0.12390000000000001,0.13515,0.16635,0.132,0.0957,0.16145,0.118,0.08095,0.14715,0.1373,0.14395,0.123,0.83435,0.09805,0.09465,0.9079499999999999,0.6865,0.82575,0.7672,0.1308,0.1056,0.08764999999999999,0.1551,0.8525,0.66105,0.76085,0.7905,0.21475,0.7671,0.8183,0.7393,0.1322,0.0628,0.12675,0.8352,0.85235
0.7532,0.8528,0.1998,0.058499999999999996,0.14725,0.1689,0.03075,0.0211,0.7852,0.035199999999999995,0.17165,0.12675,0.13440000000000002,0.2651,0.8577999999999999,0.458,0.89985,0.0739,0.56755,0.2203,0.08125,0.1169,0.85205,0.86595,0.80305,0.78135,0.1504,0.0848,0.19055,0.054200000000000005,0.9039999999999999,1.0,0.59785,0.8093999999999999,0.11499999999999999,0.14565,0.06595,0.1815,0.1137,0.19845,0.23565,0.1628,0.16435,0.1605,0.12605,0.1313,0.1471,0.13474999999999998,0.11200000000000002,0.20764999999999997,0.1516,0.10980000000000001,0.1956,0.17675000000000002,0.17645,0.12350000000000001,0.8778499999999999,0.12785,0.0977,0.85355,0.7335,0.8609500000000001,0.8144,0.12175,0.11585000000000001,0.12355000000000001,0.1621,0.8351000000000001,0.6869,0.80755,0.8139,0.21725,0.7983,0.8630000000000001,0.8048,0.13735,0.06255,0.1338,0.7729,0.9036
0.73955,0.63735,0.42865000000000003,0.0448,0.36419999999999997,0.40164999999999995,0.04975,0.017150000000000002,0.4944,0.0421,0.40800000000000003,0.3745,0.30924999999999997,0.28175,0.58795,0.7862,0.67025,0.0209,0.7791,0.41900000000000004,0.08615,0.1332,0.49974999999999997,0.67535,0.755,0.5031,0.1292,0.08070000000000001,0.16865000000000002,0.035449999999999995,0.5406,0.59785,1.0,0.66035,0.3726,0.40445000000000003,0.0501,0.42095000000000005,0.15735,0.37005,0.2325,0.46445,0.144,0.4793,0.42164999999999997,0.18295,0.4272,0.24710000000000001,0.12110000000000001,0.20115,0.1765,0.11425,0.213,0.22069999999999998,0.22244999999999998,0.12769999999999998,0.624,0.13435,0.13069999999999998,0.5514,0.52295,0.6045499999999999,0.597,0.386,0.4312,0.11935,0.14404999999999998,0.57765,0.7263499999999999,0.69985,0.5478,0.3479,0.661,0.6597500000000001,0.7347,0.17525,0.0185,0.1879,0.63145,0.5378000000000001
0.80135,0.8754,0.1603,0.026500000000000003,0.11399999999999999,0.1422,0.019950000000000002,0.00315,0.6954,0.02145,0.1754,0.10900000000000001,0.08020000000000001,0.2467,0.70625,0.5530999999999999,0.9252,0.004399999999999999,0.5683,0.14250000000000002,0.06575,0.08259999999999999,0.71765,0.90725,0.8173,0.6259,0.13025,0.0396,0.1648,0.021249999999999998,0.76985,0.8093999999999999,0.66035,1.0,0.09409999999999999,0.12455000000000001,0.028949999999999997,0.1462,0.1375,0.11355,0.22244999999999998,0.1806,0.1389,0.1797,0.1681,0.1724,0.152,0.1654,0.11225,0.1803,0.1562,0.1046,0.20055,0.1826,0.1768,0.11915,0.8744500000000001,0.12495,0.13674999999999998,0.8195,0.7857999999999999,0.87615,0.87055,0.0897,0.1402,0.09685,0.10345,0.7898,0.595,0.80955,0.75805,0.1515,0.8821999999999999,0.91975,0.88185,0.1355,0.0033,0.11750000000000001,0.8560000000000001,0.7363000000000001
0.1945,0.11515,0.6212500000000001,0.3272,0.706,0.64005,0.36619999999999997,0.29874999999999996,0.13340000000000002,0.29415,0.6494500000000001,0.7516,0.65315,0.4051,0.20154999999999998,0.33775,0.1025,0.19665,0.32905,0.42465,0.2284,0.386,0.1757,0.12315000000000001,0.21695000000000003,0.18545,0.45220000000000005,0.33615,0.4072,0.39954999999999996,0.15545,0.11499999999999999,0.3726,0.09409999999999999,1.0,0.7259,0.4046,0.5192,0.3473,0.6712,0.384,0.71305,0.35845,0.6653,0.69845,0.39155,0.796,0.50585,0.4386,0.40715,0.43224999999999997,0.31625000000000003,0.39375,0.45235000000000003,0.49429999999999996,0.35019999999999996,0.11695,0.41215,0.39344999999999997,0.12589999999999998,0.0805,0.09235,0.08335000000000001,0.74905,0.6902999999999999,0.3585,0.42285000000000006,0.1599,0.29105,0.18705,0.13240000000000002,0.5145,0.119,0.11015,0.16519999999999999,0.43765,0.25375000000000003,0.52285,0.16935,0.14535
0.21405,0.11259999999999999,0.7162,0.2979,0.7929,0.75685,0.2924,0.23965,0.1356,0.23464999999999997,0.6283000000000001,0.75125,0.6113999999999999,0.41879999999999995,0.19390000000000002,0.41495,0.13540000000000002,0.2077,0.30665,0.5056499999999999,0.1914,0.36669999999999997,0.16065000000000002,0.13774999999999998,0.23075,0.24514999999999998,0.38705,0.2882,0.3758,0.37429999999999997,0.13574999999999998,0.14565,0.40445000000000003,0.12455000000000001,0.7259,1.0,0.32565,0.69305,0.37429999999999997,0.68575,0.4699,0.82825,0.3654,0.81425,0.7927500000000001,0.5681499999999999,0.83485,0.6074499999999999,0.45039999999999997,0.4519,0.37839999999999996,0.27345,0.43565,0.40935,0.6042,0.3556,0.1406,0.42164999999999997,0.3485,0.11095,0.0902,0.10705,0.0936,0.8116,0.74415,0.49720000000000003,0.48150000000000004,0.15495,0.34205,0.24910000000000002,0.1796,0.56765,0.1264,0.12585,0.18414999999999998,0.52735,0.2118,0.57265,0.1564,0.16825
0.0644,0.06915,0.34835,0.87995,0.4103,0.32465,0.78145,0.82785,0.0949,0.7945,0.35114999999999996,0.35465,0.4046,0.55465,0.10075,0.09235,0.03465,0.629,0.05545,0.2339,0.7321,0.6758,0.10845,0.04325,0.08385000000000001,0.12104999999999999,0.7585,0.8034000000000001,0.69215,0.7220500000000001,0.0692,0.06595,0.0501,0.028949999999999997,0.4046,0.32565,1.0,0.25425,0.51335,0.37915,0.5659,0.28415,0.68435,0.22654999999999997,0.34285,0.47474999999999995,0.36795,0.5506,0.6707,0.5728500000000001,0.7642,0.7715,0.6226499999999999,0.66925,0.59345,0.76585,0.07245,0.70805,0.7407,0.033,0.0167,0.05835,0.01885,0.2863,0.23605,0.56635,0.58565,0.10729999999999999,0.1089,0.0696,0.10075,0.39465,0.03715,0.036,0.06570000000000001,0.6275000000000001,0.73275,0.56735,0.060450000000000004,0.11100000000000002
0.25045,0.16865000000000002,0.7218,0.19815,0.70985,0.7196,0.22745,0.20059999999999997,0.21389999999999998,0.22605,0.6227,0.68445,0.6144000000000001,0.44020000000000004,0.23325,0.39445,0.1762,0.18775,0.36965,0.60235,0.2627,0.36869999999999997,0.1965,0.18314999999999998,0.25915,0.21444999999999997,0.32805,0.20695000000000002,0.32025000000000003,0.31825000000000003,0.16699999999999998,0.1815,0.42095000000000005,0.1462,0.5192,0.69305,0.25425,1.0,0.44029999999999997,0.6394,0.44165,0.57565,0.3719,0.6494,0.6688500000000001,0.40835,0.6373,0.5961000000000001,0.42675,0.46475,0.32839999999999997,0.23815,0.41079999999999994,0.31985,0.48985,0.3584,0.15489999999999998,0.35175,0.2727,0.1585,0.1347,0.14855000000000002,0.13294999999999998,0.6333,0.5966,0.4497,0.45095,0.19824999999999998,0.37845,0.22865000000000002,0.19705,0.619,0.1766,0.1574,0.22349999999999998,0.51625,0.1899,0.40750000000000003,0.1867,0.183
0.1237,0.1197,0.4955,0.42210000000000003,0.53245,0.4614,0.5442,0.45099999999999996,0.1359,0.47874999999999995,0.49295,0.45845,0.47750000000000004,0.67875,0.10200000000000001,0.1608,0.11385,0.37815,0.10189999999999999,0.27349999999999997,0.48865,0.55,0.1197,0.11679999999999999,0.1348,0.12279999999999999,0.6051,0.42925,0.6182000000000001,0.48040000000000005,0.11040000000000001,0.1137,0.15735,0.1375,0.3473,0.37429999999999997,0.51335,0.44029999999999997,1.0,0.46109999999999995,0.7003,0.2998,0.6327,0.36215,0.45565,0.5831999999999999,0.4034,0.6497499999999999,0.7784500000000001,0.6625,0.5944499999999999,0.53335,0.6592,0.56645,0.7295499999999999,0.6324,0.12065,0.70805,0.4993,0.10169999999999998,0.10245,0.1032,0.10455,0.36205,0.3168,0.71985,0.68645,0.11334999999999999,0.12815000000000001,0.16770000000000002,0.14415,0.5884,0.1129,0.13095,0.1394,0.77315,0.40995,0.6266499999999999,0.12255,0.11695
0.1957,0.1214,0.746,0.30775,0.78635,0.7173499999999999,0.32175,0.25415,0.13365,0.26675,0.7014,0.7924,0.7289,0.39590000000000003,0.24394999999999997,0.3678,0.127,0.22835,0.33485,0.50145,0.2857,0.34904999999999997,0.2036,0.13385,0.22155,0.2777,0.41965,0.2898,0.4141,0.36415000000000003,0.18814999999999998,0.19845,0.37005,0.11355,0.6712,0.68575,0.37915,0.6394,0.46109999999999995,1.0,0.45875000000000005,0.6229,0.48360000000000003,0.73575,0.77025,0.4021,0.7518,0.5213,0.5023500000000001,0.42865000000000003,0.40815,0.35665,0.49785,0.3438,0.5322,0.4638,0.0992,0.45105000000000006,0.3435,0.11034999999999999,0.0635,0.08904999999999999,0.08085,0.74405,0.6978500000000001,0.50015,0.47915,0.15645,0.34465,0.20844999999999997,0.15345,0.697,0.11535,0.10769999999999999,0.18105,0.54535,0.24255,0.41130000000000005,0.13715,0.22195
0.19590000000000002,0.21345,0.4673,0.53725,0.5246000000000001,0.51305,0.5519999999999999,0.5325,0.1274,0.52015,0.46449999999999997,0.47755000000000003,0.45675,0.7762,0.1528,0.1427,0.22644999999999998,0.47024999999999995,0.15555000000000002,0.21985000000000002,0.4626,0.5736,0.14745,0.21785000000000002,0.22559999999999997,0.1426,0.7022999999999999,0.49240000000000006,0.7461,0.53125,0.1874,0.23565,0.2325,0.22244999999999998,0.384,0.4699,0.5659,0.44165,0.7003,0.45875000000000005,1.0,0.36669999999999997,0.74005,0.35125,0.44370000000000004,0.60185,0.46955,0.68845,0.7166,0.6665,0.68685,0.6456999999999999,0.73465,0.71175,0.77545,0.67225,0.21385,0.7062999999999999,0.6486,0.1713,0.20034999999999997,0.1895,0.20565000000000003,0.3689,0.2983,0.6527000000000001,0.58795,0.13265,0.15405,0.25505,0.157,0.48200000000000004,0.1875,0.22945000000000002,0.22345,0.74415,0.47095000000000004,0.59525,0.1608,0.1937
0.2806,0.16065000000000002,0.6101,0.25735,0.687,0.6686,0.26739999999999997,0.21385,0.159,0.24009999999999998,0.55665,0.67615,0.5819,0.33544999999999997,0.2153,0.47454999999999997,0.1756,0.125,0.35209999999999997,0.43570000000000003,0.19035,0.30415000000000003,0.1679,0.18555,0.27549999999999997,0.25,0.30775,0.23745,0.30920000000000003,0.29605000000000004,0.15475,0.1628,0.46445,0.1806,0.71305,0.82825,0.28415,0.57565,0.2998,0.6229,0.36669999999999997,1.0,0.27494999999999997,0.78935,0.7623,0.61995,0.7407,0.49139999999999995,0.3486,0.37915,0.34275,0.258,0.3626,0.35545,0.51045,0.2944,0.1933,0.35195,0.27440000000000003,0.1461,0.1498,0.15515,0.1507,0.7605000000000001,0.7363999999999999,0.40365,0.3987,0.19235,0.37505,0.28425,0.2223,0.5034,0.19219999999999998,0.18314999999999998,0.2466,0.43445,0.15235,0.48739999999999994,0.2104,0.1755
0.1406,0.1676,0.43739999999999996,0.618,0.48319999999999996,0.39594999999999997,0.61605,0.6103,0.0598,0.56685,0.42045000000000005,0.39265,0.44349999999999995,0.65685,0.10200000000000001,0.0801,0.14325000000000002,0.46299999999999997,0.13574999999999998,0.26789999999999997,0.5291,0.56285,0.0987,0.1525,0.15555000000000002,0.08655,0.75125,0.5123,0.7150000000000001,0.6125,0.1552,0.16435,0.144,0.1389,0.35845,0.3654,0.68435,0.3719,0.6327,0.48360000000000003,0.74005,0.27494999999999997,1.0,0.3223,0.43194999999999995,0.5702499999999999,0.41255,0.60355,0.73815,0.6446,0.74165,0.74845,0.77495,0.63615,0.6873,0.79105,0.1273,0.72545,0.67595,0.1169,0.12090000000000001,0.11095,0.124,0.37875000000000003,0.30169999999999997,0.6797500000000001,0.6238,0.07725,0.0864,0.16415,0.08735000000000001,0.501,0.11710000000000001,0.14815,0.13979999999999998,0.6963,0.5332,0.49654999999999994,0.11140000000000001,0.1276
0.28845,0.14075,0.7323500000000001,0.18975,0.7414,0.6569499999999999,0.21395,0.15125,0.16035,0.1674,0.5934999999999999,0.7058500000000001,0.58575,0.33075,0.21425,0.48040000000000005,0.17535,0.060450000000000004,0.38615,0.5454,0.1484,0.26105,0.17315,0.189,0.28125,0.25625,0.27645,0.20274999999999999,0.26844999999999997,0.2582,0.14495,0.1605,0.4793,0.1797,0.6653,0.81425,0.22654999999999997,0.6494,0.36215,0.73575,0.35125,0.78935,0.3223,1.0,0.8663500000000001,0.5146499999999999,0.81145,0.5528,0.40645,0.4133,0.31320000000000003,0.2323,0.41414999999999996,0.31245,0.50275,0.3109,0.16035,0.34315,0.28385,0.1238,0.14805,0.1429,0.14930000000000002,0.83665,0.87565,0.45890000000000003,0.45165,0.19175,0.358,0.29615,0.2089,0.54835,0.1978,0.17470000000000002,0.26195,0.45125000000000004,0.07885,0.4732,0.21869999999999998,0.1746
0.25085,0.14155,0.7245,0.2938,0.7594000000000001,0.65865,0.30365000000000003,0.27015,0.1278,0.27559999999999996,0.63145,0.7653,0.69375,0.39505,0.16185,0.42234999999999995,0.15045,0.18409999999999999,0.3197,0.50505,0.2481,0.3438,0.1401,0.16855,0.24980000000000002,0.21949999999999997,0.3586,0.27240000000000003,0.36445,0.3653,0.12390000000000001,0.12605,0.42164999999999997,0.1681,0.69845,0.7927500000000001,0.34285,0.6688500000000001,0.45565,0.77025,0.44370000000000004,0.7623,0.43194999999999995,0.8663500000000001,1.0,0.5798,0.8329000000000001,0.6312,0.48685,0.48345000000000005,0.38665,0.3116,0.5075999999999999,0.3704,0.59335,0.40330000000000005,0.15460000000000002,0.42915000000000003,0.36825,0.1109,0.13315,0.127,0.13374999999999998,0.80055,0.8137000000000001,0.52435,0.49494999999999995,0.16545,0.3123,0.26495,0.18080000000000002,0.5952,0.1613,0.15845,0.22094999999999998,0.5403,0.20259999999999997,0.5146,0.19845,0.14884999999999998
0.15365,0.14675,0.40685000000000004,0.45265000000000005,0.4791,0.40765,0.4154,0.43825000000000003,0.12215000000000001,0.43384999999999996,0.33815,0.3893,0.39775,0.5258,0.12605,0.21105000000000002,0.1517,0.3613,0.11125,0.23075,0.38075000000000003,0.43205,0.12875,0.15589999999999998,0.1599,0.14925,0.5162,0.413,0.5216000000000001,0.5257,0.13515,0.1313,0.18295,0.1724,0.39155,0.5681499999999999,0.47474999999999995,0.40835,0.5831999999999999,0.4021,0.60185,0.61995,0.5702499999999999,0.5146499999999999,0.5798,1.0,0.4619,0.6426499999999999,0.63235,0.64005,0.54265,0.5031,0.6535,0.48949999999999994,0.7003,0.56795,0.18075000000000002,0.6194,0.5021,0.1523,0.14730000000000001,0.1462,0.1481,0.47675,0.4359,0.6818,0.6166,0.1557,0.1695,0.1971,0.19575,0.41180000000000005,0.15425,0.1778,0.16335,0.66365,0.37334999999999996,0.5945,0.16494999999999999,0.1276
