0.14125,0.13504,0.14988,0.14495,0.13755,0.1185,-0.10693,0.15122,0.13861,0.13771,0.13452,0.15643,-0.12082,-0.095065,-0.10875,-0.13564,0.044383,0.10098,0.10381,0.1149,-0.083115,0.046082,0.15757,-0.11887,0.10268,0.10476,0.14519,0.15945,0.13721,0.10831,0.12426,0.16411,0.15434,0.15993,0.15279,0.14726,0.12894,0.12248,0.16297,0.13659,0.15509,0.16383,0.15644,0.15261,0.15112,0.13983,0.11041,0.070306,0.12823,-0.0054767,0.12608,-0.064931,0.088835,-0.12786,0.064048,0.15153,0.12348,0.1233,0.13018,0.16321
-0.18251,0.13687,-0.15086,0.00351,0.1123,0.17921,-0.025829,-0.11114,0.10183,0.083468,0.12442,-0.15769,-0.053224,0.065232,0.021177,0.063624,0.074552,0.16222,0.17156,0.19044,0.11426,0.15228,-0.1443,0.0075776,0.1163,0.12096,-0.10129,-0.13545,0.11935,0.11658,0.18562,-0.11957,0.090347,-0.17612,-0.13979,-0.023132,0.089077,0.14879,-0.11387,0.045097,-0.1349,-0.1369,-0.1602,-0.11723,0.051895,-0.15428,0.18125,0.13979,0.14956,0.14319,0.1773,0.078285,0.17035,0.033985,0.1756,-0.19084,0.19703,-0.059367,0.10836,-0.13643
-0.093772,-0.013018,0.10035,-0.077747,0.11706,-0.045733,0.055283,0.14671,0.16918,0.18461,0.18354,0.11878,0.29835,0.038358,0.13445,0.018284,0.22339,0.12953,-0.036665,-0.12138,-0.10403,-0.10813,-0.062596,0.25287,0.19805,-0.16323,-0.071855,-0.096924,-0.05134,-0.093744,-0.063759,-0.085812,-0.029236,0.10875,-0.11643,0.18213,0.21034,-0.15412,0.030581,0.010659,-0.11074,-0.052795,0.13666,-0.018935,0.17275,0.0487,-0.09013,-0.0302,-0.0084328,-0.078271,-0.1097,0.15442,0.15918,0.21466,0.21663,0.087886,-0.16227,0.11229,0.15198,-0.069087
0.046841,-0.10322,-0.13061,-0.014193,-0.1425,0.12543,-0.11018,0.011312,-0.0083517,-0.1153,-0.11397,0.084896,-0.056194,-0.087981,-0.027793,0.25518,0.11654,-0.011351,-0.0046178,-0.11737,0.1307,0.24557,0.057516,0.24458,-0.06757,0.13078,0.19091,0.041325,0.16983,-0.13284,0.18066,0.0029916,-0.054535,0.085767,0.048587,-0.079156,-0.216,0.12355,-0.047914,-0.18471,0.047141,0.028297,0.058767,0.053333,-0.075266,0.14278,-0.14061,0.16769,0.048652,0.14798,-0.030302,0.34783,0.16392,0.19261,0.11163,0.06142,-0.061729,0.25567,-0.0086731,0.089866
0.030347,0.1342,-0.09654,0.10544,0.11183,0.059084,-0.19268,-0.10613,-0.011946,-0.039497,0.00045824,-0.11457,0.15976,0.098624,0.40818,-0.015814,-0.071461,-0.22323,0.083334,-0.10336,-0.048737,-0.046506,0.045516,0.16756,-0.03696,0.095537,0.11509,0.08273,0.14884,0.24671,0.13745,0.025566,0.14445,-0.058889,0.036401,-0.00098231,-0.0077314,0.076987,0.046518,0.12689,0.14013,0.1002,-0.1165,0.081517,0.017166,-0.079644,-0.11252,-0.34301,0.19632,-0.2293,-0.069016,0.0037417,-0.057886,0.2335,0.029428,-0.13247,-0.14665,-0.04982,-0.054009,0.055298
0.12332,0.039278,0.11264,0.1376,-0.015078,-0.0062809,-0.11173,0.047461,-0.10939,0.013418,-0.02714,0.05673,0.11729,0.35427,0.14809,0.17231,0.14402,0.073267,-0.066395,0.16466,0.42639,0.14189,0.066026,0.11795,0.11243,-0.12334,-0.033745,0.11899,-0.16737,-0.00073028,-0.1505,0.1447,-0.16187,-0.026974,0.11303,0.034219,0.057983,-0.089619,0.053892,0.23276,-0.023897,0.1127,0.0054797,0.078174,-0.074375,-0.087636,0.22969,-0.051514,-0.059108,0.26178,0.033074,0.10055,-0.080254,0.10028,-0.10603,-0.016979,0.077572,-0.067832,-0.042178,0.12653
0.10017,0.033285,-0.15471,-0.16968,-0.040311,-0.050628,0.39684,-0.030155,0.17866,-0.0035026,0.031872,0.065226,0.17453,0.24791,0.14174,0.20337,0.041699,0.11847,0.24401,0.10318,-0.091358,-0.076282,0.14506,0.0028663,-0.24414,-0.11843,-0.10624,0.073385,0.0028162,-0.088593,0.025236,0.041735,0.17302,0.09894,0.068304,-0.10956,-0.20612,0.03029,-0.038887,-0.25095,0.08764,0.055898,0.02919,0.097317,0.068724,0.0030624,0.092567,-0.11318,-0.072912,-0.10237,0.23685,0.015647,-0.020076,2.564e-05,0.02446,0.056738,0.18684,-0.11226,0.11957,0.10759
0.07305,0.16095,0.02927,-0.070511,-0.099772,0.084211,0.086571,0.01437,0.054123,0.059058,-0.053629,0.01522,0.1826,-0.041214,-0.19136,0.088237,-0.15937,-0.073155,-0.093213,0.17146,0.11804,-0.14166,-0.08084,0.12169,0.070542,0.33346,0.025583,-0.14087,-0.02186,0.29076,-0.16994,-0.01113,-0.1547,-0.082106,0.1783,-0.053858,-0.037678,-0.055753,0.066032,-0.22586,-0.060121,-0.11631,0.031638,-0.070631,0.12276,0.30968,0.046531,-0.17923,0.19961,0.090624,0.038878,-0.077098,0.041273,0.14268,-0.21403,0.085265,-0.040126,-0.019486,0.21278,-0.052624
-0.054127,-0.03627,-0.25438,0.34317,-0.036438,-0.10213,-0.31314,0.14639,-0.019863,-0.10099,-0.057162,0.0028792,0.050312,-0.12485,0.058131,-0.030136,-0.10522,-0.032408,0.097651,0.14945,-0.058882,-0.10186,-0.0545,0.010479,-0.23914,0.022216,-0.23344,-0.060647,-0.16995,-0.12642,0.0098352,-0.13241,0.06264,-0.061595,-0.027077,0.22059,-0.13853,-0.21467,0.045286,0.055423,-0.13429,-0.095004,0.26832,0.10639,0.074501,0.088242,-0.07465,0.087471,0.18694,0.048297,0.23116,0.06039,-0.1052,0.089401,0.043377,0.054516,0.098342,-0.084554,-0.0035605,0.083387
-0.14123,-0.012051,-0.058498,-0.099832,-0.1134,-0.070813,-0.089897,0.16813,0.028676,0.0028739,-0.1135,0.035444,-0.12442,0.084153,0.091186,-0.14999,0.27486,-0.018253,0.39339,-0.045828,0.19493,0.091307,-0.1009,0.053102,0.15728,0.13553,-0.1197,-0.011152,-0.077182,-0.034299,0.14846,-0.11378,-0.03225,-0.058215,0.073935,-0.098101,-0.073342,-0.088604,-0.19721,0.10274,0.099878,-0.071874,0.20013,-0.07495,-0.036149,0.16114,0.074308,-0.1443,-0.06543,-0.26906,-0.083631,-0.078632,0.077575,-0.24372,-0.24887,-0.023541,-0.10855,0.095822,0.10803,0.071999
-0.042418,-0.13732,-0.087856,-0.18856,0.22167,-0.26696,0.091968,-0.061946,0.06915,0.018604,0.021796,-0.038899,-0.16694,-0.11432,-0.060964,-0.20789,0.019386,-0.057135,0.11599,0.032811,0.25278,-0.058598,-0.15097,0.039943,-0.14495,0.1297,-0.15467,0.18002,-0.0968,0.20657,-0.0071445,0.0053978,0.19021,0.22189,0.01719,0.040997,0.15252,-0.10001,0.013127,-0.066239,0.2211,0.11472,-0.059551,-0.03336,0.086108,0.017279,-0.04745,-0.014653,-0.030697,0.29351,-0.067174,0.29392,-0.22502,0.10017,0.010985,-0.041643,-0.054011,0.028432,0.020578,-0.073803
-0.018818,-0.0064638,-0.16618,0.23765,0.078797,-0.10406,0.4082,0.0045639,-0.062794,0.029854,-0.011708,-0.087923,0.11121,0.15286,0.12751,-0.032199,0.13283,-0.084805,0.029948,-0.0038549,-0.30584,0.40486,-0.095579,-0.013233,0.074822,0.094296,0.022594,0.032373,-0.061137,0.17718,0.026293,-0.01729,-0.010275,-0.092175,0.092549,0.15292,-0.10509,0.01448,0.091636,0.068582,-0.014267,-0.01302,-0.0012309,0.033792,0.016442,0.13721,-0.061922,0.32696,-0.036707,0.14611,-0.14349,-0.1496,-0.13954,0.035703,-0.12748,0.046359,-0.11323,0.070636,0.014191,-0.048265
0.12893,-0.0094479,-0.084266,-0.0014851,0.054062,0.1359,-0.072451,-0.010744,0.126,0.077373,0.033148,0.23684,0.12141,-0.12728,0.072656,-0.10254,-0.097868,0.089284,-0.13258,-0.22542,-0.10407,0.22513,0.07501,0.068717,-0.15785,0.30849,-0.23965,0.076194,-0.062219,0.15797,-0.0037924,0.055148,0.0018881,0.060381,-0.087279,-0.14522,-0.08117,-0.18197,-0.16746,0.066585,-0.18798,0.063837,0.016869,-0.025617,-0.030737,-0.20099,-0.016073,-0.11701,-0.19105,0.2288,-0.10409,-0.11251,0.19997,-0.15569,0.047593,0.0044314,-0.025201,-0.15052,0.10477,0.19321
-0.28738,0.074523,-0.19966,-0.014138,0.13694,0.14496,-0.024372,-0.09623,0.0028752,-0.016288,0.064657,0.026095,0.047783,-0.19506,-0.15601,0.35422,-0.019835,0.007598,-0.0088858,-0.02198,-0.15405,-0.12225,-0.075018,0.24803,0.0067736,-0.099962,-0.10593,0.069558,0.0020407,-0.15003,0.097862,0.11528,-0.039552,0.076984,-0.038157,0.032987,0.029746,-0.10213,-0.03183,0.15888,0.34967,0.15003,-0.005167,-0.1462,-0.079826,-0.067177,0.17766,0.0045846,0.042992,0.13813,0.047235,-0.27666,-0.022196,0.040581,-0.26364,0.074377,-0.087488,0.086912,-0.01397,0.0074966
-0.026867,-0.040043,0.16036,0.012162,0.056002,0.010723,0.12799,0.30971,-0.11144,-0.0036377,0.1272,-0.091963,-0.18613,0.30089,0.038478,0.13835,-0.27181,0.069231,0.064472,-0.12837,0.079184,-0.28094,-0.011769,0.29787,-0.07988,0.28707,-0.073188,0.10093,0.079877,-0.055949,0.06134,-0.027477,0.11227,-0.01911,-0.043316,0.087404,0.055188,0.21107,0.079533,0.0059628,-0.13017,-0.02614,0.18207,-0.0080332,0.039134,-0.10831,-0.16857,0.14117,-0.090429,0.071595,-0.073365,-0.10863,0.09068,-0.043458,-0.16009,-0.03991,0.050116,-0.0018768,-0.14791,-0.023415
0.12375,0.33582,0.058706,-0.063146,-0.086881,0.16412,0.11704,0.052322,0.034292,-0.057294,0.14143,0.028535,-0.1281,-0.011381,0.079783,-0.23686,-0.087113,-0.20113,0.16545,-0.17607,0.14241,0.041495,0.25007,0.048411,-0.067374,-0.26547,-0.08654,-0.084296,-0.031724,-0.095868,-0.18067,-0.091918,0.0074924,-0.045057,0.1114,0.053273,-0.052652,-0.10211,-0.053371,0.013674,0.21925,-0.04592,-0.013773,-0.12572,-0.0060533,0.052453,-0.11271,0.21738,0.1731,0.22476,0.08003,-0.083209,0.21078,0.056277,0.030107,-0.14488,-0.18393,-0.11891,-0.0085761,-0.03541
0.095847,-0.039852,0.21454,0.28335,0.24232,-0.056911,-0.093888,-0.11913,-0.12648,-0.15282,0.059146,-0.12496,0.028309,0.050359,-0.25224,0.24537,0.13786,0.0032715,0.24317,-0.07981,0.016609,0.19231,-0.064155,-0.023263,-0.04689,-0.00016789,-0.10688,0.012685,-0.048548,-0.002705,-0.099207,0.0070312,0.1677,-0.035131,0.026887,0.018856,0.036026,-0.0052241,0.059916,-0.12961,0.078988,-0.026891,-0.046029,-0.15261,-0.05415,0.14357,-0.15382,-0.24147,-0.076472,-0.0112,0.0084296,-0.023387,0.25486,-0.081653,0.12658,0.25226,-0.068987,-0.24411,-0.078557,-0.14631
0.18414,-0.054345,-0.09762,-0.10242,-0.066858,0.16238,0.19645,0.047231,-0.12155,-0.010576,-0.2165,-0.23579,0.074438,-0.13005,0.034824,-0.13873,0.18765,0.10959,-0.15236,-0.16244,0.11359,-0.0038456,-0.0918,0.089656,-0.12438,-0.03309,-0.064003,-0.095667,0.27858,-0.097295,0.033493,-0.17738,0.21627,-0.0715,-0.028227,-0.010896,0.25893,-0.013975,0.13104,0.14971,-0.073415,0.026473,0.052256,0.27221,-0.14851,0.10259,0.1291,-0.13726,0.055059,0.13118,0.19104,-0.072066,-0.0037263,-0.082774,-0.058552,0.18903,-0.10741,-0.041906,-0.023264,-0.055534
0.28773,-0.14481,-0.1074,-0.054149,0.038608,-0.051051,-0.25616,-0.10202,-0.075617,-0.11507,-0.074363,0.12502,-0.22707,0.36053,-0.03811,-0.13807,0.13721,0.31119,-0.034306,0.03711,-0.25751,-0.08374,0.0047445,0.14696,0.10951,0.0073246,0.16035,-0.076814,0.019821,0.085204,-0.028715,-0.13875,0.028563,0.16097,-0.082964,0.051866,-0.0027856,-0.073534,-0.12979,-0.18302,0.043601,0.008258,-0.016854,-0.11729,-0.015877,0.021641,0.041267,0.011858,0.084565,0.1245,0.16532,-0.23897,-0.075693,0.1017,-0.019798,-0.094897,-0.17283,-0.035965,-0.00013471,-0.023676
0.12761,0.082796,0.045573,-0.16775,0.13276,-0.061863,-0.179,0.075646,0.055195,0.075556,0.069965,-0.11238,0.064508,-0.021071,0.012324,0.028628,-0.076664,-0.09695,-0.058604,0.094272,-0.11444,0.32974,-0.031177,0.023454,0.044922,-0.21132,0.013251,0.1398,0.18585,-0.30901,0.091825,-0.063183,0.12133,-0.021801,0.081898,-0.025493,0.071442,-0.0041786,-0.018721,-0.22502,-0.18048,-0.092132,0.11758,-0.1394,0.21264,-0.041818,-0.054829,-0.18699,0.18006,0.18367,-0.17602,0.029707,-0.1837,-0.1393,-0.29639,-0.10132,0.082028,-0.018628,0.0020149,0.038765
0.073528,-0.0016595,-0.072584,0.20804,0.050356,-0.016968,-0.029359,-0.0093375,0.22074,-0.0098054,0.1151,0.0033295,0.061143,-0.001776,0.020505,-0.12933,-0.0621,0.015844,-0.20024,-0.25076,0.11067,-0.12908,0.08146,0.019139,0.46384,0.02254,-0.07575,-0.13512,0.0074244,-0.10754,0.172,-0.031865,0.1214,-0.13412,-0.033237,-0.11192,-0.25311,0.1493,0.030073,-0.023207,0.16242,0.023351,-0.013031,-0.11404,0.029705,0.065824,-0.050436,-0.00094858,-0.21609,0.087217,0.16983,0.16254,-0.25919,-0.029688,-0.10138,0.16839,0.045324,-0.16885,0.040427,-0.063012
-0.063118,0.024688,0.11127,-0.26515,-0.067074,-0.13375,-0.12562,0.078913,-0.19041,0.0061499,0.037614,-0.01876,0.31422,-0.16679,0.23891,0.044824,0.1638,-8.0348e-05,0.18666,0.0032336,0.031804,-0.08702,0.11777,-0.15471,0.0007405,0.17389,0.20203,-0.11843,-0.05084,0.037006,0.062142,0.034549,-0.023342,-0.081282,-0.1096,0.053766,-0.062003,0.11473,0.060952,-0.083095,0.13354,-0.10111,0.14027,-0.1374,0.0058238,-0.055099,-0.0016904,-0.018865,-0.049231,0.36815,0.033828,-0.24216,-0.1406,-0.090018,0.22917,0.10959,0.037187,0.043375,-0.17059,0.015167
-0.23893,0.047887,-0.16782,0.07132,-0.12483,0.00025962,0.00796,-0.051258,0.10581,-0.041708,0.17278,-0.0080135,-0.1355,0.14268,-0.18485,-0.17194,0.25066,-0.12087,-0.046524,0.015772,-0.0038185,-0.048269,-0.15771,0.046262,0.038449,-0.075925,-0.039558,-0.017678,0.039962,-0.044392,-0.014835,0.14525,-0.23908,-0.011255,-0.031666,-0.023641,-0.10505,0.15887,0.17372,-0.1505,0.01028,0.077225,0.12113,0.39444,0.077337,-0.090781,-0.19712,-0.29443,0.017245,0.24409,-0.060411,-0.16211,0.079778,-0.074881,0.11476,-0.12253,0.012251,-0.079138,-0.011385,0.0053848
-0.047386,0.082983,0.085033,0.051669,0.032423,0.018712,-0.19069,-0.1619,0.14267,-0.19128,0.1112,-0.13083,0.078222,-0.0048744,0.29791,0.10226,-0.13314,0.23369,-0.064851,0.087576,0.070092,-0.16922,-0.071233,-0.10445,-0.020879,-0.18409,-0.080104,0.048822,0.097087,0.17177,0.015864,-0.10659,0.017611,0.12369,0.083157,0.097551,-0.084063,-0.025616,-0.12656,-0.10547,0.042998,-0.13869,-0.095944,0.29573,-0.13698,0.2138,-0.054127,0.11093,-0.12795,0.14937,-0.21184,-0.031046,0.098176,-0.27623,-0.10386,0.029754,-0.055327,0.16994,0.11037,-0.084795
-0.030492,-0.010775,0.17074,-0.15605,-0.11868,-0.034379,-0.19676,-0.017428,0.16481,-0.050547,-0.0099535,-0.11776,-0.19151,-0.0093178,0.21079,-0.051573,0.11791,-0.21969,-0.11582,0.019604,-0.15905,0.078186,-0.070155,0.17437,-0.0065694,0.086492,-0.22822,0.044619,0.098881,-0.063676,0.0024917,0.078102,-0.0030202,0.009329,0.21271,-0.051042,0.092082,-0.10685,0.16495,-0.060953,0.015939,-0.026145,-0.068854,-0.076157,-0.13573,0.18941,0.075665,0.10859,-0.26143,-0.045613,0.038289,-0.22426,0.0020475,0.26628,0.13509,0.044499,0.3696,-0.053493,0.021012,-0.064009
0.089878,-0.013868,0.25547,0.097669,0.03449,0.0021105,0.029935,0.045227,-0.088539,0.1393,0.11989,0.047891,-0.23338,-0.27227,0.15012,-0.015283,0.089646,0.10069,0.03434,0.143,-0.15063,0.03319,0.060161,0.077669,-0.16621,-0.0425,-0.088818,-0.044942,-0.31515,-0.08284,0.054056,-0.077045,-0.052755,-0.10263,-0.038783,-0.14735,-0.034601,0.38996,-0.19927,0.050396,-0.016985,-0.075112,-0.1153,0.18104,0.042992,0.038212,0.022877,-0.19036,-0.067055,0.095179,0.0527,-0.018921,-0.054913,0.2776,-0.17292,0.04392,-0.12046,0.07405,0.1014,-0.083062
0.040667,-0.0013563,0.34543,0.037865,-0.10789,-0.02472,0.064441,-0.010936,0.20753,-0.10057,-0.011952,-0.19172,0.0071451,0.20477,-0.23528,0.096959,0.08516,-0.14612,-0.05987,-0.087853,-0.025426,-0.022485,0.13134,-0.060477,-0.03407,0.034875,-0.21232,0.059808,0.0063291,0.10987,0.22969,-0.14054,-0.068175,-0.1087,-0.069005,-0.024405,0.0095345,-0.19565,-0.24174,0.060444,0.014745,-0.0073492,-0.055387,0.0466,0.016496,-0.16925,-0.11589,-0.034064,0.21651,0.065963,0.10393,-0.081623,-0.22892,0.0093057,0.13621,0.14357,-0.01755,0.33961,0.048417,0.13032
0.12527,0.061512,-0.196,0.14791,-0.17939,-0.021854,0.058206,-0.008739,0.072199,0.056263,0.21827,-0.0082605,-0.14626,-0.043481,0.038669,0.095345,0.30063,-0.26056,-0.072648,0.25918,-0.038474,-0.1875,0.18264,0.10179,-0.095794,0.052976,0.23065,-0.071507,0.13221,0.077075,0.022542,0.13141,0.072576,0.055982,0.012632,0.055951,0.1744,-0.15034,-0.26668,0.10042,-0.082264,-0.20143,0.0052997,-0.10425,-0.020427,-0.10468,-0.11202,-0.0091077,-0.15037,0.031124,-0.0483,0.12964,-0.00077067,-0.14246,-0.12162,0.18723,-0.00092371,-0.12076,-0.055225,-0.11373
0.1293,0.038765,0.086504,0.25054,0.044858,0.20828,0.16989,-0.2316,-0.076349,0.1229,0.019494,0.16796,-0.1441,0.058086,0.22677,0.015295,0.083556,-0.032202,-0.17301,-0.14839,0.035929,-0.056525,-0.19302,-0.16472,-0.16054,0.042879,-0.097915,-0.079607,0.03842,-0.012813,0.032525,-0.015318,-0.083598,0.0070603,-0.11706,0.069068,-0.006545,-0.072962,-0.022794,-0.14713,0.1788,-0.038078,0.32465,-0.19699,0.080252,0.094531,0.18499,-0.15683,0.069585,-0.0059076,-0.079669,0.078036,-0.012045,-0.03677,0.011814,-0.1282,0.20842,0.22136,-0.20258,-0.096263
0.4368,-0.00052945,-0.030979,0.086266,0.026119,-0.052905,0.071922,-0.1715,-0.10386,0.042111,-0.028619,-0.1059,0.16414,-0.11093,-0.073667,-0.23192,-0.031822,-0.022894,0.15552,0.23477,0.047035,-0.24393,-0.2326,0.19603,0.094858,0.022207,-0.12929,0.10336,0.060592,-0.24695,0.16036,0.12424,-0.12005,-0.11065,0.12246,0.032356,-0.13784,0.010607,-0.061267,-0.022625,-0.002293,0.0095372,-0.11968,-0.039699,0.074305,-0.12406,0.10164,0.11357,-0.042697,-0.026114,-0.2057,-0.080154,0.11914,-0.013612,0.18914,0.048073,-0.068345,0.10006,-0.052166,0.12075
0.33261,-0.017937,-0.29565,-0.14739,-0.025307,-0.020135,-0.10049,0.10076,0.056725,0.045642,0.14013,0.0023236,0.12793,0.060073,-0.25559,0.06241,-0.10509,-0.14721,0.086835,-0.0099877,-0.038094,0.069418,0.1798,-0.060433,0.039528,-0.019633,-0.12823,0.033461,-0.057157,0.072627,-0.034052,-0.23434,-0.06268,0.066236,-0.10312,0.17839,-0.048261,0.1535,0.077445,0.21248,0.048483,-0.058471,0.030537,0.058048,-0.1759,0.063722,0.066806,-0.1831,-0.17049,-0.01072,-0.086808,-0.013974,0.05209,0.066326,0.0096517,-0.12914,0.18019,0.26601,-0.081855,-0.31009
-0.09085,-0.014163,0.00059621,0.03823,-0.18244,-0.11542,0.049994,-0.022419,-0.037791,0.10061,-0.16231,0.014863,-0.12808,0.1457,0.04935,0.028851,-0.31544,-0.061738,-0.0084842,0.0055472,-0.036279,0.098488,-0.18107,0.11071,0.049108,-0.045959,0.19131,-0.1389,-0.012108,-0.1353,-0.11757,0.0053628,0.22829,0.15043,-0.019304,-0.068162,-0.12435,-0.074603,-0.090987,0.3421,0.096967,-0.13845,-0.16997,0.0086107,0.32277,0.10978,0.0083792,-0.22154,-0.060584,0.19166,0.012191,-0.062585,0.08627,-0.094517,0.21714,0.12567,0.094535,0.16115,0.038124,-0.0097942
-0.19974,-0.15079,-0.062375,0.11004,0.16284,-0.028174,0.21992,0.01444,0.067506,-0.18507,-0.040207,0.027031,-0.042611,-0.046733,0.16198,-0.20587,-0.054983,-0.0066376,-0.069491,0.11015,0.15853,0.022929,0.22157,-0.077015,0.066106,0.09164,0.08859,0.10412,0.034581,-0.19802,0.067805,-0.14416,-0.16318,0.13476,0.055164,0.34899,-0.010683,0.010826,0.00061407,-0.095821,-0.1575,0.016175,-0.22789,-0.21946,-0.1352,-0.031492,-0.027084,-0.29279,0.041985,0.04855,0.11479,-0.12661,0.19108,0.070386,-0.06504,0.12987,0.079057,0.1296,0.01008,0.069136
-0.084656,-0.032934,0.11493,0.040817,-0.076362,0.052118,0.088055,-0.062298,-0.13423,-0.15064,0.0039735,0.27419,0.36013,0.092242,-0.13724,-0.15368,0.0058677,-0.0025078,-0.10969,0.14969,-0.025587,-0.0047815,-0.10068,-0.012649,0.004652,0.072519,-0.050206,0.032406,0.0084687,-0.14056,0.12827,0.004362,0.1475,0.13706,0.074271,-0.063235,0.22329,0.17621,-0.28002,0.1678,0.15429,-0.11354,0.058389,-0.013601,-0.2229,0.19147,-0.28789,0.01856,0.068336,0.035104,-0.01135,-0.01296,-0.039648,0.065384,0.0060447,-0.23826,0.17657,-0.13661,0.037911,0.044733
-0.12329,0.075253,0.079935,-0.018328,-0.21479,0.023909,-0.063487,0.092589,-0.10808,-0.050326,0.12338,-0.16415,0.15858,-0.026597,-0.10812,-0.1462,0.20365,0.16937,-0.11869,-0.07972,-0.21408,-0.049682,-0.12047,0.0091658,-0.099828,-0.0038615,-0.033613,0.17633,0.063898,0.16392,-0.11412,-0.22613,-0.031078,0.062457,0.2856,0.087789,-0.19521,0.077223,-0.01779,0.093188,0.083303,-0.0037896,-0.11776,-0.16762,0.23541,-0.10043,0.072044,-0.049174,-0.10988,0.0050647,0.16333,0.2537,0.14829,-0.0052076,-0.15194,-0.042696,0.056028,0.013532,-0.26366,0.1218
-0.10534,0.038195,0.035482,-0.089365,0.11322,-0.0074493,0.056663,0.061132,-0.12418,0.11355,0.12185,-0.028959,-0.13113,0.094835,-0.047404,-0.013425,-0.084429,0.10086,0.025752,-0.061655,-0.14023,-0.10506,0.029834,0.0016933,-0.11949,-0.062215,0.040936,0.077415,0.14748,-0.0013219,0.20296,0.019543,-0.23786,0.010885,0.25313,-0.01384,-0.2361,-0.048048,-0.044733,0.23074,-0.17606,0.0046383,0.10901,-0.14057,-0.27226,0.21602,0.15486,-0.14647,0.11545,0.10667,-0.10681,0.16207,-0.19695,-0.046934,0.28516,0.054528,-0.10136,-0.21938,0.12405,-0.13662
0.040628,-0.12278,0.074939,0.16258,0.050155,-0.089589,0.17351,0.089131,0.14987,-0.18461,-0.22926,-0.068875,-0.025085,-0.27187,0.10523,0.12755,0.067717,-0.020873,0.10542,0.023705,-0.16495,-0.13022,0.14292,0.14569,0.33524,0.010764,0.014716,0.17066,-0.0055468,0.075117,-0.20643,-0.14221,-0.047706,0.10646,0.038447,-0.26926,-0.0081599,-0.025914,-0.10367,0.050757,-0.043286,0.076675,0.14188,0.075581,0.00099082,-0.013277,0.091277,-0.024548,0.21743,0.12209,-0.05434,0.023566,0.064275,-0.10569,0.10144,-0.22311,0.16349,-0.091368,-0.1767,-0.14939
-0.1839,-0.12596,0.028351,0.19431,-0.16681,0.10987,-0.060871,-0.01017,0.10673,0.30909,-0.127,0.055418,0.11786,0.025858,-0.020636,-0.074998,-0.18489,-0.044044,-0.0036461,0.24219,0.087351,0.13627,0.13703,0.22779,-0.10036,-0.11898,-0.047211,0.1186,0.095118,0.10078,0.022947,-0.20442,-0.049311,-0.046121,0.067753,0.00032574,0.14871,0.1187,-0.071758,-0.21621,0.066749,0.1763,0.095754,-0.088142,0.039808,0.041774,0.040005,0.011802,-0.2208,-0.042492,0.11552,-0.098956,-0.13288,-0.1644,0.20151,-0.015365,-0.2501,-0.0056518,-0.15802,-0.1614
-0.041605,-0.15813,0.3026,-0.060407,0.0059398,-0.11335,-0.047153,-0.18329,0.024696,-0.058063,0.072693,0.015154,0.16308,0.035453,0.0079986,-0.18614,-0.09325,-0.18177,0.12582,-0.017962,-0.056118,0.16552,0.0028404,0.19429,-0.055924,0.10156,-0.024023,-0.26881,0.16029,-0.0249,-0.032658,0.16734,-0.1174,0.24608,-0.12209,0.15789,-0.17431,0.040873,-0.079994,0.024382,0.00084076,0.040056,0.078974,0.18036,-0.04038,-0.15959,0.22856,0.090543,0.13631,-0.051655,0.15594,0.13244,0.036471,-0.08795,-0.22287,0.0943,0.0087533,-0.074921,-0.01745,-0.26754
-0.06616,-0.12437,0.16497,0.075631,-0.036304,0.13597,-0.054911,0.0024488,0.010483,0.13037,-0.25558,0.090694,0.059646,0.060935,-0.046879,-0.065597,0.11942,-0.15513,0.18518,0.027618,-0.2103,-0.24185,0.047889,0.0078031,-0.032624,-0.11954,0.0053883,-0.042311,0.039649,0.039194,-0.036839,0.15033,0.25868,-0.23897,-0.088177,0.095492,-0.11884,-0.042778,0.17203,-0.023502,-0.15073,0.15696,-0.13304,-0.13965,-0.19161,0.049384,-0.031737,-0.060589,-0.1042,0.25288,0.0044453,0.1806,0.087037,-0.081391,-0.15653,-0.22847,0.024006,0.19303,0.2137,0.0051173
0.0040405,-0.25279,-0.054291,0.13061,-0.053442,0.039868,-0.0562,0.32393,0.16987,0.059844,0.13173,-0.12624,0.13579,0.068851,-0.0047586,-0.16947,-0.059442,-0.0081897,0.038953,-0.059051,0.10276,-0.028402,-0.239,-0.19883,-0.12257,-0.21135,0.22014,0.078765,0.026767,0.10479,0.00291,0.10328,0.075059,-0.019967,-0.055315,-0.24094,-0.059735,-0.021863,-0.22006,-0.061309,0.01186,0.15167,0.074164,-0.095814,-0.10208,-0.034778,0.091669,0.047267,0.11147,0.0693,-0.10811,-0.16319,0.17028,0.293,-0.090738,0.1998,0.1058,0.0038725,-0.021055,-0.13738
-0.027093,0.059588,-0.11956,-0.095402,0.065654,0.076195,-0.11352,0.11584,0.13534,-0.078586,-0.19744,-0.06685,0.0073617,0.27564,0.13816,-0.062737,-0.024985,-0.042441,-0.10068,0.18318,-0.25225,-0.05212,0.045275,-0.21027,-0.048567,0.23314,-0.19103,0.015866,-0.034955,-0.23517,-0.21142,0.055062,-0.14341,-0.10738,-0.045376,-0.11714,0.16921,0.19645,-0.011895,0.036146,0.23509,0.075937,-0.019014,-0.06137,-0.0018749,-0.021942,0.025068,0.033461,0.1236,0.074241,-0.1078,0.25468,0.11724,-0.098702,0.029258,0.26785,-0.16347,0.011698,-0.0084799,-0.090703
-0.0018768,-0.0011359,0.076677,0.027976,-0.11613,-0.089633,0.076242,-0.12321,0.16108,-0.18117,-0.078141,0.046645,-0.040854,0.015257,-0.052991,0.015396,-0.24156,0.012995,0.22694,0.046781,-0.1532,0.0012221,0.0012681,-0.18401,0.065609,-0.073325,0.060425,-0.12328,0.13417,0.063818,0.29056,-0.091875,-0.13488,-0.05701,-0.025577,-0.029714,0.25452,-0.084855,0.11872,0.05778,0.022909,-0.10869,0.20682,0.044997,0.04557,-0.018113,0.14929,-0.081053,-0.27945,0.18027,-0.052729,0.14008,0.1506,0.28545,-0.11748,-0.010582,-0.15323,-0.145,-0.14057,0.22289
0.019988,0.081176,0.043029,0.17868,-0.26535,0.13957,0.064154,0.39328,0.03486,-0.063925,0.058834,-0.064846,-0.028785,-0.074098,-0.014749,0.0633,-0.049298,0.11313,0.050906,0.034565,-0.057175,0.10489,-0.099653,-0.063576,0.11528,0.13572,-0.1165,-0.19344,-0.011695,-0.082857,-0.021951,0.16148,0.18658,0.24681,0.071415,0.15453,0.005255,-0.070047,0.035751,-0.22828,0.10516,-0.10392,-0.16834,0.021686,-0.22767,-0.18236,0.19378,-0.14979,0.012045,-0.020611,-0.145,0.049586,-0.20964,0.032845,0.12301,-0.16273,-0.1828,0.0011044,-0.02359,0.0092684
-0.064669,-0.054149,-0.17835,-0.0060753,-0.041999,-0.032195,-0.053326,-0.16796,-0.10926,0.0082868,-0.046462,-0.03278,-0.0016861,-0.0026951,0.0047915,0.022107,-0.084996,0.059846,0.12179,-0.29203,-0.027281,-0.03455,0.10333,-0.14705,0.15279,-0.0064825,-0.15661,-0.013908,0.036228,-0.0054916,-0.14428,0.36442,0.063612,-0.087151,0.42918,0.10642,0.20871,0.11458,-0.3315,-0.067312,-0.21348,-0.0087163,0.14103,0.053431,0.095357,-0.04976,-0.0069669,-0.044173,-0.041174,0.050086,0.14924,-0.019742,-0.026827,0.1168,0.017809,0.0018239,-0.039929,0.20951,-0.030725,-0.1224
0.073548,2.7883e-05,0.072291,-0.14366,0.070464,-0.16706,0.070933,0.15826,0.18319,-0.24085,-0.17717,-0.0012441,-0.082276,-0.11487,-0.023928,0.10626,0.040964,0.079929,-0.28055,0.1651,0.086954,0.094748,-0.062204,0.0079819,-0.075352,-0.078002,-0.029697,-0.083702,0.15747,0.11122,-0.034949,0.17562,0.097168,-0.28158,-0.044587,0.35234,-0.20329,0.129,-0.20362,0.13652,0.11686,0.12735,0.21707,-0.097305,0.10449,-0.018538,-0.014772,-0.065925,-0.09471,-0.074119,-0.029948,-0.072648,0.07493,0.051492,0.092477,-0.16336,-0.10049,-0.098428,0.083144,-0.039374
0.071428,0.0021496,-0.039943,-0.17528,-0.088415,0.10759,0.10245,0.11383,-0.21852,-0.19166,0.17678,0.0044584,-0.077999,-0.052638,0.14034,-0.089125,-0.21144,0.04905,-0.0032615,0.1841,-0.13854,0.13904,-0.13912,0.17309,0.2097,-0.18696,-0.087256,0.036294,-0.16087,0.24859,0.12669,0.21976,-0.063813,-0.13098,-0.13759,-0.047482,0.077556,-0.12548,0.02139,-0.068725,0.001467,0.11833,0.06227,-0.060927,-0.13602,0.050903,-0.20153,-0.12194,0.043231,-0.031436,0.24732,0.17378,0.060148,-0.15789,0.02814,0.1521,0.078045,0.14625,-0.13044,-0.0049954
-0.063052,0.041801,-0.018327,0.16134,-0.024738,-0.16641,0.024308,-0.13693,0.13295,-0.12492,0.10308,-0.18793,0.066198,-0.021233,-0.079486,-0.22854,-0.043674,0.39651,0.0033848,0.013512,0.010237,0.10266,0.23765,0.23499,-0.2091,0.057546,0.147,-0.025669,0.003693,-0.070455,-0.15425,0.16117,0.0096962,-0.18657,0.0049218,-0.21536,0.061571,-0.079145,0.21264,0.067348,0.13123,-0.20447,0.16284,-0.13316,-0.11295,-0.079315,-0.016419,-0.063473,-0.0012688,-0.062664,-0.072676,0.019543,-0.057526,-0.0017506,-0.0096201,-0.092164,0.067516,0.25003,0.10976,-0.059899
-0.14177,-0.11424,0.010769,-0.078592,0.10907,-0.05006,0.012625,-0.095759,-0.19395,0.020604,0.17843,-0.097589,-0.010957,0.082497,-0.038257,-0.032618,0.00035018,-0.23234,-0.31278,0.19139,-0.0012293,-0.017793,0.16643,-0.064399,0.14184,0.04606,-0.043157,0.07716,-0.15685,-0.010852,0.056783,-0.051695,0.39364,0.0040689,0.073438,-0.15458,-0.17211,-0.068021,0.048373,-0.076291,-0.0080525,-0.15063,0.25868,0.090064,-0.098028,-0.046784,0.27176,0.014588,0.0078796,-0.014835,0.033053,-0.0060874,0.25841,0.05866,0.077403,-0.05471,-0.2465,0.091451,-0.013738,0.080315
-0.1493,0.27535,-0.019102,-0.0084547,0.24817,0.3001,-0.003395,0.077298,-0.0945,-0.29395,-0.1694,-0.0077808,0.026644,0.055756,-0.16251,-0.2208,0.020787,-0.11047,0.067941,-0.050149,-0.025703,-0.016906,0.083186,0.20233,-0.026653,-0.097384,0.11263,0.05144,-0.082888,0.084498,-0.094545,0.0043193,0.067543,-0.010742,-0.17632,0.060944,-0.010073,0.063459,-0.21641,-0.13923,-0.099538,-0.12568,0.046953,0.097516,0.087618,0.066552,0.2542,0.0007322,-0.20523,-0.020885,-0.19141,0.045074,-0.19256,0.068415,0.082581,0.18333,0.16309,0.015757,-0.040892,0.088205
0.072228,-0.14475,-0.015052,0.038149,0.017245,-0.082009,0.0015985,0.00034367,-0.010121,-0.013642,0.22153,-0.087407,-0.014806,-0.022649,0.034233,0.07519,-0.11623,-0.19376,0.008166,-0.17139,-0.099457,0.007456,-0.20967,0.093345,-0.0081658,0.067829,0.27891,0.032223,-0.088328,-0.067593,-0.208,-0.23047,-0.10539,-0.23684,0.082426,0.16217,0.20626,0.062414,-0.1602,-0.11871,0.19183,0.058165,0.055005,0.075786,-0.18025,-0.0728,0.16325,-0.013051,-0.064384,0.023878,0.11959,0.097953,-0.0065836,-0.16285,0.0958,-0.079864,0.084716,-0.036696,0.34586,0.25743
-0.031995,0.071599,0.0089145,0.051547,-0.28766,-0.032614,0.016991,-0.15753,-0.23602,0.090206,-0.05254,-0.022131,-0.094795,-0.064952,0.043717,-0.004669,-0.029208,0.035514,0.079614,0.048801,0.011406,0.021489,0.010146,-0.062343,0.1845,-0.06857,-0.18699,0.29958,0.28975,0.097183,-0.24985,-0.092329,0.034462,0.12284,-0.26758,0.062953,-0.091199,0.13925,0.021355,0.0048179,0.045524,-0.071907,0.20672,-0.12069,-0.099998,-0.18484,-0.081606,-0.011012,0.030384,-0.0086501,-0.092494,-0.0043341,-0.054755,0.17672,-0.019781,0.22579,0.031063,-0.066878,0.33995,0.071156
0.056049,-0.06097,-0.091049,0.10226,-0.14689,-0.20565,-0.028933,0.059416,0.015764,-0.18137,-0.11157,0.058836,0.03385,0.020002,0.025256,0.022556,0.035313,-0.14152,-0.12338,-0.19674,0.02536,-0.050749,0.015527,0.12067,-0.12817,-0.24771,-0.13066,-0.0056986,-0.17535,0.20949,0.23409,0.11964,-0.036984,0.17056,0.011489,-0.029783,0.17492,0.3764,0.17625,-0.028075,-0.070833,-0.20063,-0.054677,-0.24546,0.081753,-0.0043437,0.22563,0.048935,0.17287,0.018797,-0.033104,-0.031442,0.089614,-0.19278,0.040927,0.024947,-0.032585,-0.017027,0.18605,0.051427
-0.043074,0.26082,-0.014445,0.050326,-0.026354,-0.30106,-0.016868,0.084994,-0.17015,0.35738,-0.29669,-0.18046,0.0034332,0.02428,-0.061659,-0.050815,-0.039735,0.11243,-0.13934,-0.11023,-0.070441,0.0019507,0.17095,0.054049,0.039638,-0.0063943,0.032542,0.022673,-0.12002,0.023871,0.27003,0.058415,-0.052289,-0.027676,-0.06375,0.14652,0.050086,-0.13544,-0.16328,-0.21421,0.22535,0.015947,-0.041082,0.16316,-0.10707,-0.017149,-0.013387,-0.018288,0.036957,0.023529,-0.052583,0.07153,0.25247,0.028517,-0.058715,-0.012609,0.22169,-0.13406,0.0084494,-0.087753
-0.1093,-0.098445,-0.048684,-0.0021739,-0.14061,-0.24689,0.0016776,-0.0023804,-0.10203,-0.047387,0.23007,0.37894,-0.053756,0.00013944,-0.031895,-0.0011836,-0.0020828,0.0776,0.0064976,-0.013788,-0.0019784,0.0030294,0.16072,0.086564,0.0090989,-0.0075057,-0.16848,-0.13735,0.20698,0.050107,-0.073101,-0.12312,0.15902,-0.34848,0.0096037,0.019602,0.048558,-0.014528,-0.029437,-0.068204,0.021399,0.15485,-0.23028,0.089577,0.012261,0.11026,0.19072,-0.0031021,0.22651,-0.00097647,-0.32007,0.0023729,-0.0033035,-0.0017059,-0.0034861,0.15728,0.12369,-0.006598,-0.19153,0.096453
0,0.4384,0.034869,0.021196,-0.13229,-0.14449,-0.0053864,-0.11473,0.0069375,-0.19797,-0.0308,0.16706,-0.00048513,-0.00044773,0.0080235,0.0038004,0.0066876,-0.0020667,-0.020863,0.024413,0.0063522,-0.0097271,-0.16446,-0.010474,-0.029215,0.059617,0.14219,-0.069025,-0.18538,-0.075096,0.10596,-0.24987,0.17524,0.050529,0.18098,-0.057617,0.028464,0.018343,0.06402,-0.010578,-0.1976,0.43683,0.13478,-0.060258,-0.089424,-0.24911,-0.0013198,0.0099604,-0.043548,0.0031353,-0.052845,-0.007619,0.010607,0.0054774,0.011194,0.11932,0.006593,0.10592,0.10428,-0.27758
0,0.01469,0.0024331,-0.11487,-0.1442,0.056471,0.0069922,-0.28586,0.32514,0.20287,-0.0065934,-0.25005,-0.058621,0.0005812,-0.029233,-0.0049333,-0.0086812,0.08251,0.027082,-0.0005543,-0.0082459,0.012627,-0.024717,0.091665,0.037924,-0.0083356,0.031228,-0.12138,-0.30436,0.014274,-0.09516,0.021356,0.15148,0.094458,-0.040871,0.19864,-0.032752,0.21673,-0.056226,0.06978,-0.14267,0.11615,0.12364,-0.10392,-0.23686,0.15467,-0.041642,-0.01293,0.17246,-0.0040699,-0.15228,0.0098903,-0.013769,-0.0071102,-0.01453,0.099644,0.032986,-0.083478,-0.28649,0.32582
0,0.23427,-0.036027,0.081955,0.3538,-0.28208,-0.0038828,0.15778,0.013794,0.1678,-0.086507,0.097817,-0.017259,-0.00032274,-0.016431,0.0027395,0.0048207,-0.092314,-0.015039,0.061776,0.004579,-0.0070118,-0.1351,0.031573,-0.02106,-0.12148,-0.10008,-0.30457,0.26987,0.12894,-0.18122,-0.050277,-0.062702,0.12777,0.081842,-0.21367,-0.037793,0.13047,-0.040675,-0.021475,-0.034693,-0.078761,0.02605,-0.044866,-0.29719,-0.089614,-0.092471,0.0071799,-0.063318,0.0022601,0.16804,-0.0054921,0.007646,0.0039483,0.0080688,0.038911,-0.001224,0.21085,-0.14864,0.27937
0,-0.031379,-0.052791,0.097167,-0.019685,-0.015185,-0.0046565,0.034828,-0.26376,-0.087737,0.15055,-0.37654,0.038854,-0.00038706,0.0088537,0.0032854,0.0057813,-0.022856,-0.018036,0.075328,0.0054914,-0.008409,0.22502,-0.050246,-0.025256,0.019411,-0.11274,-0.35014,0.080255,-0.022028,0.010253,-0.010182,-0.086424,0.22663,-0.11708,-0.12506,0.072534,0.0021444,-0.093787,0.0097472,-0.047783,0.46056,0.03302,-0.11855,0.20057,0.22291,-0.0020815,0.0086106,-0.12264,0.0027104,-0.10707,-0.0065865,0.0091696,0.0047351,0.0096767,-0.15653,0.050383,0.038912,0.18571,0.16331
0,-0.30205,-0.013532,-0.076903,0.12214,0.2919,0.0030724,-0.005972,-0.088015,0.040152,-0.14332,-0.0046636,-0.053309,0.00025538,0.00099984,-0.0021677,-0.0038146,0.045799,0.0119,0.09473,-0.0036233,0.0055483,0.091379,0.053984,0.016664,-0.13916,-0.040662,-0.35455,-0.09398,0.14942,0.070183,-0.16941,-0.00085091,0.013747,0.38953,0.032613,-0.041518,-0.010005,0.097877,0.020903,0.2037,-0.058893,0.11472,0.016164,0.044562,-0.35521,-0.18599,-0.0056814,0.036078,-0.0017884,-0.2396,0.0043459,-0.0060502,-0.0031243,-0.0063848,0.15423,0.21643,-0.060287,0.12779,-0.00081687
