0.18792,0.12053,0.17367,0.049172,0.029409,0.063853,-0.068572,0.12347,0.088928,0.06872,0.048229,0.13648,-0.13631,-0.13686,-0.13655,-0.15834,-0.087384,-0.0058634,0.044753,0.042186,-0.1237,-0.019865,0.1989,-0.15882,-0.011154,0.079665,0.20778,0.20984,0.19717,0.13259,0.16825,0.19662,0.17058,0.12085,0.20963,0.090552,0.063317,0.18459,0.19308,0.011062,0.16382,0.18583,0.12027,0.19391,0.11421,0.14406,0.028275,-0.0011063,0.039809,-0.044503,0.097871,-0.12281,0.023407,-0.17213,-0.065187,0.17139,0.039633,0.114,0.072863,0.19434
-0.071682,0.10951,-0.05016,0.16589,0.20317,0.14532,-0.041178,0.13613,0.13104,0.19197,0.19981,0.10846,-0.061158,-0.01123,-0.06426,-0.040402,0.17212,0.21849,0.13004,0.18565,0.1192,0.18551,-0.063123,-0.03761,0.22042,0.00016073,-0.11573,-0.093365,-0.087934,-0.012732,-0.023325,-0.067023,-0.05001,0.12197,-0.084885,0.16159,0.17766,-0.071769,-0.076344,0.19665,-0.093503,-0.087948,0.11188,-0.048083,0.15737,0.062338,0.19881,0.18308,0.18164,0.16068,-0.0065603,0.12962,0.18835,-0.037666,0.18278,-0.029885,0.16348,0.15108,0.16302,-0.024575
-0.075619,0.04047,-0.16169,-0.037578,0.018481,0.059206,-0.054824,-0.25379,0.072968,-0.087794,0.043787,-0.27282,-0.094432,-0.043473,0.0066347,-0.042443,-0.11113,0.069923,0.10973,0.20238,0.023479,0.066883,0.018988,-0.086172,0.017254,0.023181,0.00054111,0.075038,0.13482,0.15066,0.18439,-0.010401,0.23285,-0.28114,-0.034643,-0.099305,0.016516,0.12334,-0.10699,-0.038434,0.1089,0.076192,-0.23896,-0.038807,-0.075525,-0.25404,0.084672,0.17868,0.11462,-0.05575,0.29675,-0.067244,0.027847,-0.049505,0.12082,-0.21631,0.26982,-0.13762,0.044469,-0.042322
-0.12172,0.23682,-0.025382,-0.17139,-0.1584,0.21387,-0.033525,0.059388,0.27286,0.0013124,0.064816,0.03192,0.1361,0.19773,0.20049,0.18656,0.10875,-0.10152,0.17631,-0.14106,0.12574,-0.053802,0.087826,0.21756,-0.14427,-0.13684,-0.043152,0.090101,0.12627,0.064225,0.20568,-0.019005,0.1228,-0.025769,-0.010831,0.094856,-0.076431,0.15568,0.047598,-0.137,0.041092,-0.0034218,0.041844,0.047805,0.10364,-0.013242,-0.082194,-0.017862,-0.16366,-0.028906,-0.032349,0.23215,0.18314,0.22019,0.068396,0.0015839,-0.056001,0.08362,0.26985,-0.016349
0.14637,-0.060778,0.054852,0.0076199,0.10691,-0.11388,-0.14815,-0.020735,-0.21046,0.019307,-0.02259,-0.080653,0.11939,0.15939,0.14963,0.17234,0.18136,0.073527,-0.15625,0.023288,0.30065,0.1861,0.0932,0.20003,0.15405,-0.015617,0.1722,0.11529,0.049015,0.098312,0.016597,0.1615,-0.017364,-0.012865,0.14646,0.0069018,-0.012263,0.065579,0.11952,0.15819,0.069816,0.16371,-0.055227,0.12566,-0.093806,-0.035903,0.16202,0.033496,0.10943,0.24286,0.037175,0.15804,-0.19355,0.27699,0.11422,0.016418,-0.028211,-0.062798,-0.16852,0.16622
-0.017985,0.084647,0.025056,0.10223,0.26663,0.040003,0.33548,-0.07017,0.014386,0.26507,0.25054,-0.12224,0.1475,0.15109,0.094492,-0.0094805,-0.12906,0.1734,-0.1128,-0.10935,-0.20633,-0.049854,-0.07113,0.27893,0.13371,0.034021,0.0098309,-0.004582,0.079839,0.19201,0.037226,0.047255,0.054692,-0.12646,-0.066361,0.083238,0.27515,0.012388,0.049991,0.08403,-0.018051,0.04781,-0.10237,0.13739,0.039607,-0.033622,0.034065,-0.042793,-0.15721,-0.16338,-0.18601,-0.2071,-0.066669,0.0037235,-0.10283,-0.014977,-0.096187,-0.060737,-0.016945,-0.11563
0.13119,0.11724,0.10299,-0.012725,0.029922,0.30258,-0.15864,-0.057113,-0.012056,-0.0091702,-0.013091,-0.056444,-0.25325,0.0087652,-0.30777,-0.095575,0.07477,-0.011123,0.12226,-0.18805,0.15165,0.077746,-0.080621,-0.073935,0.073545,0.23486,0.025414,-0.12864,0.016275,0.38422,-0.064671,-0.015893,0.02451,-0.19906,0.092292,0.036191,-0.12433,-0.14302,0.032518,0.085806,-0.12949,-0.12563,-0.13669,0.0027759,-0.1232,0.037799,-0.044217,-0.18307,-0.14275,0.080553,-0.04547,0.11099,-0.044165,0.0094577,0.013356,0.04495,-0.23105,-0.13462,0.07293,-0.13639
0.18541,0.065813,0.048957,0.089686,-0.073586,-0.027397,0.11582,0.079646,-0.25894,0.055195,-0.033159,0.0039735,0.083021,0.090828,0.21424,0.015365,-0.17407,-0.093591,0.41153,0.050473,0.054904,0.098075,0.081486,0.0063944,-0.12603,0.33901,0.10523,0.025366,0.086705,-0.053438,0.0010087,-0.11623,0.099575,-0.00015772,0.079976,0.1374,-0.077914,0.015031,-0.12344,-0.025858,-0.30285,-0.15481,-0.19909,-0.12101,0.18183,0.056803,0.0222,0.073304,0.14607,-0.071591,-0.15675,-0.090298,-0.04381,0.053482,-0.026011,-0.1353,0.0077545,0.073638,-0.0638,0.18368
-0.082875,-0.17589,-0.051123,0.22948,0.040374,-0.23994,-0.29376,-0.034787,0.12301,-0.13052,-0.13579,-0.0045407,0.16836,-0.067314,0.2169,0.093528,-0.0082967,-0.12469,-0.040554,0.11235,-0.22435,0.050861,-0.31033,-0.11267,-0.10249,0.12263,0.047351,-0.11434,0.11685,0.31167,0.065049,0.073973,0.21382,-0.0020044,-0.027402,0.11209,0.098455,-0.12106,0.1568,0.013171,-0.13137,-0.0038399,0.078641,0.062106,0.037796,0.026682,-0.16604,0.0097442,0.087088,0.043188,-0.1468,0.061011,-0.0033329,0.062933,0.10968,0.11316,0.043731,0.06495,0.08036,-0.16242
0.004311,-0.034692,0.24322,0.016214,-0.010854,0.042897,0.23449,0.035714,0.080543,-0.0077579,-0.13187,-0.070272,0.10877,0.095693,-0.13246,0.076516,0.075846,-0.094633,-0.17525,0.003414,-0.073611,-0.18088,0.089576,-0.071589,0.045088,-0.21202,0.032941,-0.065056,-0.0050201,0.087075,0.079816,-0.040331,0.03052,-0.12475,-0.013518,0.1994,0.034044,0.020101,0.053619,0.029708,-0.3924,-0.12499,-0.067451,-0.089889,0.12674,0.0090959,-0.060086,0.041254,0.1987,0.15492,0.51593,-0.058308,-0.019074,0.10171,-0.086832,0.076521,-0.069567,0.10657,-0.056913,-0.034645
0.052125,-0.25109,0.3722,-0.28218,-0.02053,-0.14338,0.046445,-0.021389,-0.023499,0.054956,0.044697,-0.079031,-0.097194,-0.3568,-0.011162,-0.031777,0.099574,0.060712,0.11099,-0.090796,0.010318,0.06258,0.017126,0.14257,0.012915,0.064991,-0.12099,-0.04791,0.041389,-0.056065,0.04659,-0.15082,0.14388,-0.0040435,-0.14024,0.07876,0.2638,0.021293,0.073151,-0.17982,0.10788,0.088036,-0.24849,-0.14352,0.085169,0.0768,-0.050232,0.034453,-0.109,0.10807,-0.047152,0.077801,0.13116,0.053735,0.22874,0.17714,0.0066432,0.026217,-0.15237,-0.019483
0.021087,-0.096358,-0.042472,-0.29372,-0.078282,0.04477,0.53352,-0.013368,0.11272,0.0047727,-0.1185,0.0068874,0.091484,-0.11198,-0.035487,0.171,-0.036957,0.14378,-0.016966,0.15312,0.11317,0.11126,-0.14189,-0.13079,-0.026295,0.12624,0.10312,0.06582,0.024051,0.16629,-0.11242,0.21239,-0.11299,-0.08847,0.094495,-0.13372,-0.091633,0.078918,0.048679,-0.099946,-0.13943,0.076425,0.10404,0.077942,0.0054849,0.096008,-0.054843,0.087672,-0.013092,0.21649,-0.17893,0.159,0.028686,-0.15182,-0.035848,-0.038028,0.16657,0.016438,0.067232,-0.072537
0.21248,0.035038,0.10264,-0.076962,0.023021,0.11069,-0.077284,-0.089515,0.10919,-0.033372,-0.011359,0.058494,0.24198,0.40808,-0.039937,0.063178,-0.15982,0.10152,0.035917,0.048041,0.0055806,0.066404,-0.0026139,-0.068911,-0.17487,0.093129,-0.032355,-0.16422,-0.13459,-0.053148,-0.1079,0.084725,-0.056213,-0.0152,0.092408,-0.14657,0.17029,-0.24341,0.10172,-0.25589,0.058263,0.14145,-0.095836,-0.077209,-0.11939,0.04692,0.2376,-0.081289,0.13683,-0.16199,0.11741,-0.025878,0.20062,-0.038899,0.11077,0.26169,0.059522,0.055203,-0.032221,-0.048518
-0.043976,-0.093824,-0.16002,0.17193,-0.00015873,0.049766,0.32449,-0.050358,-0.10262,-0.17688,0.013974,0.042974,0.18274,-0.04009,-0.10262,0.19915,0.020722,-0.071574,0.19432,-0.077531,-0.15979,0.11825,0.061983,-0.14645,0.10301,0.034152,-0.18961,-0.062518,-0.056957,-0.042029,0.18858,-0.011184,0.035528,0.071617,-0.0011567,-0.013364,-0.22101,0.037346,0.17348,0.39873,0.19393,0.050254,-0.17172,-0.059395,-0.047244,0.0018253,0.006663,-0.21225,-0.069452,0.036701,0.037862,-0.068689,0.12652,0.063937,0.1638,0.22285,0.026043,-0.018346,0.047812,0.098437
0.018342,-0.13248,0.018167,0.23315,0.002819,0.040503,0.071448,-0.048454,-0.063324,-0.061425,-0.038962,0.040476,-0.30096,0.022609,0.23523,-0.08601,0.075653,0.049736,0.060748,0.059341,0.091883,-0.10007,0.057981,0.13415,0.0027998,-0.18373,0.062585,0.0091898,-0.045763,0.027511,0.030443,0.21632,-0.11778,-0.029921,0.064718,-0.20702,0.02375,0.012723,0.09824,0.11901,-0.17488,-0.11335,-0.2236,0.017262,-0.060639,-0.077878,-0.17767,0.28473,-0.025074,-0.28329,-0.039385,0.22552,0.23495,-0.13647,-0.054929,0.30894,-0.015707,0.004977,-0.0088851,0.040105
-0.17782,-0.085906,-0.14205,-0.23821,-0.095476,-0.036104,-0.017753,0.076558,0.0067179,0.048106,-0.069065,0.032956,0.11938,-0.074797,-0.12139,-0.22505,-0.03117,0.19378,0.34986,0.13917,0.061996,0.011763,-0.12687,0.2256,0.10165,-0.064586,-0.086337,-0.091896,-0.13999,0.090968,0.20725,0.071107,-0.0012624,0.010628,0.053555,0.051807,-0.011928,-0.21913,0.063086,-0.031312,0.010251,0.088449,0.02688,0.12972,0.070091,-0.24961,-0.10561,-0.13853,0.23487,-0.08254,0.057543,0.031836,-0.21222,0.017325,-0.23732,0.12622,-0.12596,0.093895,-0.048121,0.15415
-0.15436,-0.015426,-0.052471,-0.28591,0.10658,-0.30226,0.065022,0.16261,-0.24322,0.076271,0.24086,0.0052266,-0.23284,0.34702,-0.13467,0.15683,-0.033621,-0.055527,-0.029238,-0.16606,-0.094516,0.093044,0.041932,-0.20247,-0.15742,0.11716,-0.06097,-0.018319,0.02061,0.07911,0.12864,-0.036979,0.073216,0.082643,-0.090196,-0.016445,0.047793,-0.028542,0.013723,0.0025004,-0.081748,-0.083513,0.1424,0.12365,-0.080716,-0.20307,-0.064575,0.19096,0.0031007,-0.023865,0.08143,0.14027,-0.051032,-0.14272,0.14371,0.093669,-0.080389,-0.015282,0.036533,0.093299
0.028816,0.0463,-0.22448,-0.0087164,-0.037051,0.13111,0.048973,-0.0037133,0.042484,-0.041674,0.1711,0.085239,0.088394,-0.10367,-0.027813,-0.01181,-0.10142,0.015907,-0.19603,-0.036199,0.080858,-0.38806,0.056083,-0.0061593,-0.01587,0.2035,-0.0071384,-0.043758,0.011387,0.03525,0.052123,-0.065578,0.038706,0.16812,0.11676,-0.030161,0.040792,-0.085944,0.12359,-0.045804,0.17812,-0.037958,-0.17717,-0.30569,-0.029711,-0.021593,-0.034077,0.39744,0.17354,0.17924,-0.105,0.026939,-0.26478,0.081552,0.001685,0.13176,-0.14988,-0.0078931,0.15168,-0.023926
0.1712,-0.077002,-0.11383,-0.11711,0.033733,-0.055538,0.13304,0.044231,0.05288,-0.09334,0.054502,-0.060939,0.20863,0.012832,-0.10337,-0.30921,0.43305,-0.082679,-0.10183,0.011986,-0.041027,-0.16522,0.005348,0.015541,0.12332,0.15569,0.20587,0.055427,0.25467,-0.06849,-0.12872,-0.03793,0.1242,0.14565,-0.036572,-0.024079,-0.065214,0.0062783,-0.10165,0.02751,-0.13937,0.030898,0.014967,-0.042768,-0.038196,-0.24231,0.090051,-0.18017,0.079681,-0.29121,-0.041078,0.15219,0.069908,-0.032634,0.18321,0.013204,0.018732,0.035552,0.062442,-0.03348
0.023218,-0.029272,-0.34494,-0.051024,-0.010496,0.026269,-0.087859,0.029299,0.03506,0.079011,0.12266,-0.022041,-0.28193,-0.23699,-0.02128,0.44138,0.019367,0.05317,-0.0932,0.0011006,-0.17738,0.035108,0.058819,0.27278,0.073966,0.26774,0.10145,-0.077761,0.069378,-0.14491,0.066602,0.077689,-0.061821,0.0033847,0.098575,-0.064191,0.028478,-0.066036,0.073843,-0.092915,-0.19438,0.028162,0.035347,-0.083506,0.039507,0.15619,0.022386,-0.20656,0.077563,-0.16653,0.23313,0.042319,0.062648,0.089525,-0.063523,-0.025501,0.0096781,0.018419,-0.028918,-0.029184
-0.14586,0.03577,0.38195,-0.14225,-0.056197,0.091513,-0.25372,0.18055,-0.0092123,0.064087,-0.0012297,-0.13548,0.11853,-0.1496,-0.039568,0.25748,-0.16609,0.1723,-0.10964,0.092499,-0.14853,-0.068763,-0.019617,-0.022066,0.0076727,0.058668,0.097315,0.11714,-0.1087,0.00076636,-0.06077,0.043535,-0.13813,-0.083798,-0.073583,-0.0041891,-0.20012,0.14074,0.042239,0.23661,-0.067222,-0.012883,-0.019264,-0.21081,0.018321,-0.32658,0.13636,-0.0067089,0.070226,-0.17839,-0.18131,-0.0090809,0.023194,-0.038179,0.030595,0.076022,-0.025711,0.013035,0.14626,0.037991
0.13348,-0.13098,0.16642,0.14449,-0.0041633,-0.033658,0.051599,0.029391,0.032983,0.087816,0.010128,0.10607,-0.061532,0.14785,-0.11227,0.28785,0.15049,0.18038,0.013423,0.27727,-0.17617,0.038159,-0.054383,0.064875,0.077035,-0.13641,-0.011755,-0.01263,0.15018,0.209,-0.13334,-0.11443,0.094234,0.1863,0.098411,-0.025382,-0.18507,-0.12982,-0.2164,-0.21401,0.28712,-0.20377,-0.13177,-0.079612,0.020465,-0.04804,-0.13354,-0.0073801,-0.16269,-0.076013,0.063592,0.045548,-0.16524,0.0063257,-0.078478,-0.037091,0.080933,0.05289,0.085961,0.14411
-0.19257,-0.00061674,-0.068904,0.073429,-0.11673,0.00032031,-0.0021764,0.10496,-0.11564,-0.034308,-0.13012,-0.048945,-0.048161,0.14141,-0.24942,-0.16605,0.099034,-0.11846,-0.21187,0.04571,0.0093459,0.18407,-0.099817,0.17855,-0.087368,0.26431,0.047212,0.10116,0.031556,0.025086,0.034076,0.064276,-0.18928,0.0552,0.043995,0.0986,0.098119,0.016265,0.046929,-0.11185,0.067709,-0.072608,-0.11016,-0.068506,0.08662,-0.21738,-0.017925,0.074843,-0.15669,0.15955,-0.030023,-0.23796,0.31342,0.22525,-0.21503,0.10948,0.23028,0.015774,0.066768,0.060694
0.16814,-0.028579,0.0040446,0.065716,0.051061,0.11578,-0.10681,0.042024,0.026939,0.056667,-0.01163,0.208,0.15623,-0.021519,0.30572,-0.10063,0.068909,0.13783,-0.093863,-0.18644,-0.17386,0.17259,0.024308,0.067198,0.092241,0.21298,-0.058338,-0.055062,0.018265,-0.055795,0.13,-0.1799,0.027454,-0.13903,-0.14137,-0.19841,-0.12484,0.07714,-0.11425,-0.080356,-0.11043,0.109,0.054152,-0.046448,-0.10939,-0.20082,-0.072042,0.017553,-0.1141,0.32392,0.17203,0.045928,0.0046785,-0.2742,-0.21634,0.13044,0.0019183,0.042991,0.07187,0.11403
0.013731,-0.013618,-0.011195,-0.041849,-0.24274,0.072419,-0.060803,0.04598,-0.016023,-0.0031732,0.17019,-0.040368,0.26192,-0.088112,-0.14711,-0.2547,-0.19129,0.055934,-0.21711,-0.12479,-0.19876,0.38488,0.10546,0.2,-0.066843,-0.19595,6.2033e-05,-0.07188,0.073688,0.054151,0.1212,0.077578,0.024146,0.063295,0.12488,-0.10864,-0.11104,-0.054254,-0.014258,0.038519,-0.091437,-0.31012,-0.00038916,-0.012772,0.039109,0.20524,-0.0311,0.1134,0.049536,-0.06192,-0.012833,0.13997,-0.039324,-0.032668,0.18039,-0.04356,0.11326,-0.14823,-0.080708,0.014522
0.052089,-0.10005,-0.026408,0.19854,-0.0032491,-0.044339,0.039956,0.1327,-0.084064,0.098953,-0.018499,-0.021893,0.05237,-0.091325,-0.064583,-0.084487,-0.052812,0.19409,0.14523,0.017536,0.00094023,-0.1688,-0.069604,0.072376,0.068656,0.043423,0.017092,-0.052818,-0.093387,-0.064685,-0.042876,0.085056,0.041687,-0.13147,0.061265,-0.02472,-0.26506,0.0084329,0.10691,-0.27613,-0.1035,0.004742,0.29415,0.11206,-0.065917,-0.067174,0.035692,0.23561,-0.2429,-3.4768e-05,0.14952,-0.23853,0.080129,0.22251,0.41181,0.011815,-0.14359,-0.082271,0.070236,0.027034
-0.18697,-0.0010394,0.018183,-0.098422,0.15165,-0.12803,0.045614,-0.032559,-0.024082,-0.08129,-0.14485,0.077065,-0.056124,0.074971,0.1411,-0.30171,-0.19491,0.21815,-0.12802,0.13791,-0.056437,0.049158,0.13926,-0.095676,0.05675,0.22652,-0.030542,0.034079,-0.10175,0.13601,-0.0064666,-0.17178,-0.10819,0.052598,-0.031338,-0.027186,-0.099199,0.13398,-0.0087721,0.057803,0.0080568,0.072333,-0.042293,-0.064678,0.029184,0.26252,0.026387,-0.046359,-0.18896,-0.21324,0.19193,0.25377,-0.095019,0.33685,-0.016328,-0.00020487,-0.012511,0.17995,0.11852,-0.073936
-0.12976,-0.029375,-0.006015,0.2277,0.17786,-0.14182,-0.16149,-0.027109,-0.17068,0.0060698,0.14451,-0.035714,0.41133,-0.043459,-0.39357,0.11155,0.017939,0.041515,0.056405,0.12345,0.23822,-0.084813,0.107,-0.014539,-0.029431,0.084123,0.0044999,0.11479,0.031578,-0.1174,0.088653,0.030897,-0.015015,-0.1499,-0.11727,-0.0056476,0.043357,0.099058,-0.035088,-0.14039,-0.058416,0.057677,-0.07838,0.0014628,-0.005946,0.21921,-0.20777,0.0082053,-0.10766,-0.064856,0.024811,0.22532,0.065998,-0.1891,-0.17217,-0.0055107,-0.057536,-0.057799,0.064852,-0.012326
-0.0025965,-0.039058,0.050576,-0.20683,0.0177,0.068414,-0.13352,0.0087973,0.042954,0.024225,0.20484,0.20473,0.15173,-0.11317,0.15941,0.016227,0.013203,-0.20267,-0.099947,0.11874,-0.015012,-0.15092,-0.026715,-0.17059,0.18678,0.18996,-0.33966,-0.026146,0.00011002,5.2762e-05,-0.078744,0.21225,-0.19114,-0.026548,0.11078,0.054882,-0.0034826,0.030251,-0.11333,-0.033117,-0.024908,-0.20954,-0.27444,0.42708,0.028523,-0.033339,-0.043955,0.0061324,-0.049661,-0.040551,0.098694,-0.054485,0.062633,0.068391,0.05299,-0.060677,0.024199,-0.046708,-0.065435,0.11625
0.21175,-0.023911,-0.10798,0.12656,-0.04076,-0.064282,0.043357,-0.033084,-0.1602,0.16234,0.0045885,-0.012361,0.0040598,-0.11324,0.029943,-0.044391,-0.32213,0.084959,-0.14217,-0.082061,0.10968,-0.16653,-0.096438,0.041439,-0.23807,-0.059992,-0.027321,0.0091694,0.0080614,0.21286,-0.097737,-0.015827,-0.10696,0.1417,-0.028652,0.054505,0.013949,-0.042037,-0.059538,0.0674,0.1098,0.087952,-0.040822,0.01924,0.24164,-0.21746,-0.086978,-0.2579,0.06032,0.12883,0.17784,0.24285,0.32592,-0.060794,0.13227,-0.18917,-0.11012,0.013569,0.049328,0.097575
-0.018458,0.17486,0.16085,0.17662,0.051776,-0.022144,0.14059,0.18946,-0.095941,-0.072443,0.11219,-0.15393,-0.081717,-0.11463,0.12008,-0.066471,-0.051602,-0.054326,-0.036371,0.17771,0.1429,-0.094873,0.10626,0.086772,-0.18729,0.034347,-0.24289,-0.16296,0.13261,-0.09809,-0.039849,-0.06898,-0.011016,-0.090254,0.097094,-0.018108,0.039795,-0.031007,0.17048,-0.079012,-0.025937,-0.11838,0.14495,0.066953,-0.054666,-0.12602,0.059381,-0.29607,-0.0055385,0.063029,0.021041,0.14218,-0.27096,-0.0038615,-0.0042594,0.20017,0.36144,-0.15389,0.14378,-0.048928
-0.18489,0.27466,-0.018036,-0.083159,0.16521,-0.17579,-0.04905,0.085129,-0.014246,-0.010381,-0.0091336,0.058787,0.076334,0.020188,0.10858,-0.080217,0.12924,0.01902,0.2267,-0.098345,-0.14512,0.01326,-0.12724,0.10239,-0.046458,-0.029681,0.19829,-0.016052,0.083178,-0.066615,-0.22245,0.1225,-0.23984,0.010949,0.14894,0.050765,-0.092905,0.013774,0.29213,0.0048636,0.12322,-0.057521,-0.25319,-0.14545,0.075058,0.0076115,-0.079436,0.007306,-0.088393,0.12515,0.24732,-0.018915,-0.10359,-0.28797,0.14816,-0.12894,0.01851,0.042951,-0.036605,-0.17122
0.074207,-0.067232,-0.042908,-0.083996,-0.11168,0.051966,-0.12249,0.0042561,-0.042157,0.048863,-0.1157,-0.12255,-0.14233,0.36412,-0.046505,-0.071133,0.035017,0.24665,-0.059835,0.078326,-0.091328,-0.25849,0.037788,0.17405,-5.7863e-05,0.15053,-0.17353,0.027163,0.052382,-0.14573,0.0020394,0.12993,0.075658,-0.097061,-0.17675,0.028056,-0.19435,0.11498,-0.052206,0.14422,0.072627,-0.0075481,-0.034723,0.093448,0.15809,0.23284,-0.28245,-0.094777,0.20566,0.16975,-0.1104,-0.095795,-0.021323,-0.112,0.17383,0.087984,0.14015,0.026504,-0.036804,-0.12312
0.17457,-0.1364,0.0074173,-0.16424,0.073499,-0.09097,-0.099215,0.091637,0.10697,0.10288,-0.059436,0.15095,0.04429,0.13032,-0.1079,-0.0081126,-0.25456,-0.066871,0.084164,0.0014808,0.13977,-0.097931,-0.12383,0.050316,0.15211,-0.014133,-0.13023,-0.11613,0.18311,-0.15235,-0.044434,0.062414,0.22145,-0.029874,0.25077,-0.066689,0.11429,0.073693,0.097652,0.34655,-0.040704,-0.038938,0.15969,-0.26505,-0.067385,-0.098409,-0.12242,0.065002,-0.26371,-0.020561,0.058456,0.051623,0.077492,0.081524,-0.14851,-0.13506,0.17895,0.0045899,-0.10147,-0.064397
-0.23068,0.072032,0.28526,0.20149,-0.0056468,0.052762,0.17131,0.022857,0.035084,0.04883,-0.024993,0.3984,-0.10483,0.05361,-0.050108,-0.022633,0.056562,-0.069677,-0.18819,-0.1031,0.055822,0.088537,-0.19426,0.066519,0.036125,0.15688,-0.08892,0.015413,-0.076554,-0.10287,0.068669,0.021236,0.17641,-0.11087,0.074026,-0.041843,-0.10031,0.0035806,0.1137,-0.098244,0.063372,0.21048,-0.025809,-0.067133,-0.020571,-0.042197,-0.17079,-0.029152,0.3268,-0.18205,-0.023468,0.10263,0.011652,0.031784,0.1075,-0.28446,0.0026988,-0.15057,-0.076094,0.045536
-0.14315,-0.14532,0.023554,-0.07663,-0.014181,0.2438,-0.033925,-0.007297,-0.096131,-0.13065,-0.0048471,0.1645,0.0090643,0.032061,-0.049225,0.028026,-0.14138,0.014656,0.073902,0.023733,-0.18115,-0.1469,0.11751,0.11233,0.0048889,-0.059748,0.32447,0.091044,-0.038895,-0.095913,-0.15642,-0.28332,0.0018344,-0.012174,0.042646,0.13758,0.17716,-0.27536,0.0072537,0.12592,-0.12855,0.18262,-0.074887,0.2543,-0.19832,0.013579,-0.16616,0.02035,-0.075993,0.12242,-0.0073857,0.066366,0.0053322,0.027443,0.1206,-0.083151,0.24534,-0.11841,0.15537,0.12738
-0.16561,-0.1401,-0.087324,-0.019304,-0.072089,0.060465,-0.016954,0.067235,-0.056878,0.0066775,0.034042,-0.057969,-0.037284,0.13822,0.15541,-0.054593,-0.12812,0.092375,-0.029808,0.19101,0.02496,0.10525,-0.038664,-0.10379,0.25595,-0.096839,-0.0056148,0.14895,0.0050835,-0.068831,-0.04674,-0.092546,0.12414,0.18772,0.24937,0.11843,0.1419,0.30048,0.076741,-0.21241,-0.09443,-0.13399,-0.051135,-0.13154,-0.18557,0.0084145,-0.052215,-0.27728,0.092163,0.13008,-0.028251,-0.051417,0.13235,-0.13484,0.041441,0.06908,-0.28999,-0.24469,0.096833,-0.058039
0.13597,0.10097,-0.04575,0.058565,0.047187,0.028096,0.09352,-0.021453,0.14905,-0.10843,0.041227,0.1771,-0.065447,-0.03419,-0.069187,0.021626,-0.25815,-0.078758,-0.018183,0.09403,0.035637,0.19563,-0.15386,0.046461,-0.01197,0.039228,0.23154,0.19826,-0.09719,-0.29522,-0.010511,0.19495,0.073572,-0.076206,-0.17881,0.21425,0.038957,0.032653,-0.28079,0.011018,0.0868,-0.13235,-0.036855,0.040422,0.046272,-0.19063,-0.093515,-0.040237,-0.083128,0.038228,0.092855,0.14259,-0.2085,0.089059,0.13417,0.297,-0.10119,0.022338,-0.082106,-0.19793
0.060639,-0.002334,0.057644,0.1162,-0.087223,-0.041417,0.02109,0.058627,-0.060214,-0.068032,-0.044826,-0.28835,0.027804,0.04116,0.031556,0.03006,-0.13418,-0.045375,0.10855,-0.38699,-0.1007,-0.012175,0.12998,-0.12658,0.49904,0.065188,0.070601,-0.1009,-0.11028,-0.019231,-0.078196,0.12448,-0.093837,-0.032321,0.041947,0.11978,0.068625,0.0046106,-0.033289,-0.2132,0.22158,-0.048314,0.10353,0.025941,-0.00046129,-0.081631,-0.16267,0.052664,0.16127,-0.046029,-0.027585,0.22931,0.038467,0.054293,-0.086595,-0.053455,0.2029,0.11834,0.088749,-0.076286
0.24299,0.16464,-0.04114,0.0049531,-0.027517,-0.24234,-0.063332,-0.19151,0.057433,-0.29874,-0.059878,0.21811,-0.0032966,-0.027865,-0.20775,0.11579,0.012725,0.151,0.06362,-0.14845,-0.021211,0.021441,0.018915,0.20076,0.032141,-0.034014,-0.19802,0.054258,-0.20056,0.14404,-0.13447,-0.18515,-0.049485,0.1518,0.075631,0.020061,0.09348,0.36937,0.054338,-0.032898,-0.22216,0.025599,-0.032052,0.13045,0.098936,-0.12918,-0.005214,0.069369,0.080037,-0.070579,-0.049383,-0.093388,-0.083317,-0.012925,0.013524,0.031956,0.12499,-0.12684,0.1147,-0.081773
-0.051498,0.053945,-0.073078,-0.085192,-0.05012,0.13569,0.013887,-0.085456,-0.24612,-0.041357,-0.31723,0.0098798,0.069565,-0.062084,0.080157,0.09588,0.11398,0.19491,-0.18953,-0.040142,0.053924,-0.020768,-0.057515,-0.019832,-0.047219,0.082106,0.0058477,-0.19884,-0.081951,-0.1301,0.0043377,-0.045217,0.31131,-0.014067,0.12905,0.37801,-0.01488,-0.024555,0.048899,0.036277,0.14817,-0.13513,0.038841,0.15807,0.15613,0.0003673,0.23028,0.15489,-0.15131,-0.17822,0.067955,0.12635,0.053928,-0.24283,-0.11178,0.033984,-0.011595,-0.11462,-0.036974,-0.039933
0.1597,0.37673,-0.01563,-0.249,0.21377,-0.14813,0.0416,0.060335,-0.24087,-0.12446,-0.0034697,0.13354,0.035384,-0.11603,0.087645,-0.00046455,0.0072478,-0.068907,-0.045761,0.23203,-0.08402,0.015084,0.11638,0.081396,0.13876,-0.11809,0.020153,-0.003735,0.0033965,0.1386,-0.01343,-0.042856,0.053679,-0.19552,-0.03725,0.038476,-0.1043,-0.18953,-0.083292,0.0024571,0.12777,-0.027727,0.15829,-0.12642,-0.070811,0.076205,-0.19819,0.045625,0.17379,0.012167,-0.063631,-0.097157,0.34474,0.10013,-0.07091,0.1091,-0.054161,-0.18785,0.01711,-0.065763
-0.23276,-0.041965,0.042295,0.00011384,0.19444,-0.0056788,0.024998,0.091981,-0.046368,0.069176,-0.166,0.036169,0.062911,-0.16841,0.010873,0.031762,-0.010674,0.080773,0.081796,-0.27062,0.07119,-0.014687,0.1366,0.14139,-0.18999,0.037586,-0.084488,0.090478,-0.017014,0.080524,-0.24042,0.28767,0.32059,0.19747,0.019696,-0.12186,0.017299,0.0022009,-0.30516,0.054789,-0.0026404,-0.12874,-0.062249,0.047029,-0.29881,0.048794,0.049468,-0.04355,0.16753,0.058863,0.11466,-0.12989,0.056193,0.06889,-0.063622,0.045975,0.046219,0.1041,0.14924,-0.11162
-0.11711,0.038112,-0.031084,-0.012406,-0.12569,0.12142,-0.0073034,-0.086074,-0.10261,0.001509,-0.084591,0.075822,0.079765,-0.01297,0.1153,0.074735,0.01063,-0.081843,-0.074505,-0.037727,0.26507,-0.0057609,0.081523,0.074585,0.13835,0.084145,-0.075408,0.1242,-0.014151,0.29543,0.054632,0.05054,-0.14297,0.051669,-0.020239,0.1335,0.158,-0.078269,-0.15697,0.0089559,-0.041456,0.049052,0.22976,-0.28549,-0.02908,0.026108,-0.19244,-0.069973,-0.15379,-0.20145,0.1061,-0.21208,-0.16259,-0.26474,0.31417,0.11172,0.15767,0.090121,-0.10574,0.094097
-0.069193,0.22951,-0.028746,0.09745,-0.12121,-0.13695,0.03851,0.26426,0.029578,-0.093297,-0.28093,-0.017373,-0.039363,0.020474,-0.12251,0.049928,-0.18004,-0.11716,-0.0080866,0.028844,-0.11702,-0.18304,-0.16098,0.18833,0.23024,-0.004239,-0.16824,0.16599,0.17824,0.065223,0.126,-0.10235,-0.014351,-0.04599,0.022569,-0.091808,0.037658,-0.079623,-0.14619,-0.035901,-0.046573,0.055811,-0.13375,0.0886,-0.17,0.11074,0.36113,0.054612,-0.047627,0.09079,-0.05888,0.19456,0.052273,-0.16576,0.11004,0.039083,-0.079637,0.12077,-0.16016,0.052794
-0.082968,-0.0029187,-0.074695,-0.066285,0.11183,-0.076271,-0.064674,0.10179,0.01955,0.12388,0.081431,0.10281,-0.023606,-0.0019255,0.03539,0.032949,-0.1718,0.017887,-0.090744,-0.21049,0.32766,-0.083663,-0.18828,-0.11554,0.19388,-0.16488,0.25718,-0.059362,0.03976,0.055762,0.09246,-0.17776,0.098333,0.12789,-0.1472,-0.065579,-0.32432,-0.034234,0.039789,-0.13251,-0.093993,-0.0062102,-0.20952,0.079557,0.14119,0.08392,0.073858,-0.098188,0.01229,-0.051102,-0.034048,-0.15754,0.043719,0.010713,-0.047148,0.22975,0.33564,-0.073943,-0.067857,-0.049563
-0.12545,0.10049,0.11313,0.024291,0.087953,-0.23343,0.023482,-0.19834,0.31506,-0.13685,-0.073196,-0.07147,-0.042699,0.034186,-0.0073794,0.017761,-0.10422,0.020223,-0.12334,0.095732,0.1347,0.015347,0.40202,0.078042,0.14905,0.13155,0.086344,-0.11075,-0.12955,-0.092175,0.087293,0.077618,0.17008,0.1281,0.04452,-0.11186,-0.076633,-0.27832,0.069734,-0.0019845,-0.091054,-0.13292,-0.034929,0.056568,0.15884,-0.15604,-0.035065,-0.097838,-0.15068,0.16191,-0.13629,-0.083742,0.090677,-0.1595,0.088707,-0.1469,-0.11851,0.066476,0.020991,0.1078
0.065401,-0.01233,-0.080626,0.060749,-0.073908,-0.12874,0.036182,0.46697,0.25033,-0.10365,-0.076954,-0.037183,0.037493,-0.048519,0.030661,0.068748,0.063929,0.2814,-0.10177,-0.079096,0.20353,0.10927,0.10369,-0.13745,-0.13852,0.026955,0.085581,-0.15013,0.087372,-0.025047,0.087084,-0.22354,-0.14473,-0.19591,0.17784,0.032819,0.14927,0.012218,-0.14897,0.13574,0.12762,0.0026623,-0.1363,0.14189,-0.10386,-0.02067,-0.22484,0.0025214,0.054055,-0.13472,-0.018785,-0.18561,0.035421,0.0060039,0.076208,-0.041346,-0.10459,0.035906,-0.044871,-0.067522
-0.10572,-0.052145,0.020916,-0.034308,-0.17019,-0.22621,0.021318,-0.10547,-0.0095148,-0.066688,0.17808,-0.012323,-0.027534,0.038381,0.025442,-0.04174,0.027513,-0.10371,-0.048576,-0.082706,0.060278,-0.019127,-0.22587,0.086531,0.065241,-0.0085475,0.11436,-0.06168,-0.088276,-0.037529,-0.19992,-0.036852,0.10869,-0.38128,0.20469,-0.16322,0.099053,0.031425,-0.19093,0.13399,0.093356,-0.035387,0.033681,-0.039611,0.22875,0.19617,0.10869,-0.056915,0.030775,0.019322,0.074692,-0.069772,-0.021627,-0.055006,0.017932,0.16337,-0.072579,0.064286,0.38391,0.29709
0.066424,-0.097863,-0.057861,-0.028724,0.016274,-0.21872,-0.0036647,-0.12791,0.017686,0.13986,-0.12714,0.30873,-0.066622,0.0091581,-0.034572,-0.063647,0.027472,0.11626,-0.0034631,-0.079908,-0.06836,-0.12937,0.11413,-0.056842,-0.057921,-0.12235,0.083788,-0.16162,0.056129,-0.011199,0.30609,0.24841,-0.1852,-0.20529,-0.053436,0.29835,0.037798,0.055597,-0.066879,-0.093239,-0.029351,-0.14349,-0.098631,-0.18204,-0.24158,0.0059279,0.20228,-0.15924,0.0060931,0.047845,-0.17665,0.029307,-0.03778,0.020666,0.061536,-0.095142,0.11844,-0.064708,0.2213,0.12846
0.16879,-0.31834,0.11945,-0.050394,0.10724,-0.063458,0.044197,0.0032717,0.10301,-0.14019,0.061636,-0.094104,-0.050084,0.027069,0.056526,-0.015428,-0.13296,-0.16981,-0.034421,-0.017244,0.17543,0.14354,-0.072565,0.25985,0.012722,0.053467,-0.13784,0.15177,0.10469,-0.04702,0.066788,-0.066543,-0.16551,0.060585,-0.065649,0.29147,-0.25389,-0.16687,0.10924,0.047474,0.070321,0.028168,0.026606,0.057563,-0.14444,0.10065,0.096456,0.13424,0.10899,-0.10979,0.11964,-0.11171,0.022846,-0.20537,-0.088094,-0.098462,-0.084134,0.018312,0.33921,-0.13689
-0.1595,-0.15297,-0.012459,0.01079,0.37174,0.047348,-0.0042683,-0.26639,0.20232,0.10784,-0.090448,-0.035759,0.025865,-0.0077734,-0.049283,0.0068401,-0.035118,-0.045453,0.079925,-0.11583,-0.063701,-0.077993,0.040091,0.066695,-0.11502,0.083931,0.015491,0.1292,0.10668,0.0083145,0.020149,-0.28841,-0.20544,-0.12623,0.33044,0.044651,-0.12385,0.087464,-0.10627,-0.029337,0.11717,-0.21455,0.22376,0.025056,0.059415,-0.051148,0.015756,0.01568,0.17965,0.026819,-0.079044,0.086685,0.091078,-0.00075476,0.059205,0.19919,0.022681,-0.040457,-0.27282,0.07945
-0.016676,-0.014714,-0.05783,-0.017712,-0.060821,0.10003,0.0051085,-0.1156,-0.15218,0.16091,-0.14733,0.17264,0.029374,-0.04535,-0.10499,0.041726,-0.11104,-0.17362,-0.046804,0.14024,0.10116,0.1026,0.10211,0.11911,0.080257,-0.015431,0.11999,-0.23853,0.16707,0.018147,-0.13789,-0.18459,-0.0015111,-0.11466,-0.24479,-0.16281,0.077861,0.23308,0.27565,-0.024653,0.14103,-0.24994,0.019208,0.18192,-0.13874,-0.077589,-0.017008,-0.0096591,0.13352,-0.05139,-0.028802,-0.071669,-0.014133,-0.037711,0.098252,-0.027374,-0.097068,0.38973,0.059282,-0.046798
0.11833,0.11445,0.13112,-0.04596,-0.016274,-0.017969,-0.0063148,-0.18101,-0.18447,0.20066,-0.2283,-0.016563,0.053796,-0.048722,0.02181,0.039829,0.090948,0.093154,0.010762,-0.067654,0.014079,0.00072382,-0.1633,-0.14268,0.062615,0.0046412,-0.0068673,0.31369,0.069151,-0.21037,0.34876,-0.089745,-0.10543,0.096578,0.13483,-0.30571,0.18002,-0.22937,0.022568,0.058228,-0.013878,-0.18631,0.0099577,0.10434,0.087621,-0.011717,-0.084272,-0.039061,0.020936,-0.027541,0.050489,-0.060574,-0.059469,0.08815,0.075034,-0.025748,-0.0035751,-0.016901,0.28548,-0.21463
0.11006,-0.023584,-0.21758,0.025484,-0.11549,-0.16181,-0.0083622,0.12462,0.19421,0.5107,-0.14822,-0.028232,0.036043,-0.015158,0.0018206,-0.031025,0.078998,-0.21271,-0.029908,0.037423,-0.04396,0.073919,0.21812,-0.031522,-0.010341,0.014732,-0.096088,0.30255,-0.34881,0.070191,-0.19523,-0.11518,0.12804,-0.1812,-0.011589,0.062131,-0.037089,-0.10525,0.18622,0.031063,0.024532,-0.010354,-0.12932,-0.015882,-0.026605,-0.0035714,-0.0065251,0.014779,-0.021422,-0.065628,0.0025749,0.081589,-0.05728,-0.046772,0.0042697,0.077044,0.091652,-0.13198,0.048089,-0.025305
0.036211,-0.15122,-0.023007,0.026072,-0.074039,0.006823,0.0052155,0.10175,-0.054886,-0.30657,0.24794,0.1721,-0.001388,0.02051,0.061995,-0.0027909,0.058588,0.22396,0.022567,-0.082277,0.033178,-0.12843,-0.0011695,-0.029547,-0.026969,0.038923,0.014959,0.40942,-0.13894,0.12578,0.022044,-0.024434,0.12133,-0.2208,-0.089049,-0.039728,0.06042,-0.11957,0.24708,-0.025929,0.082302,-0.36895,0.097052,-0.044211,-0.00069318,-0.011599,0.15241,-0.13921,-0.0021508,0.03545,0.0083732,-0.0054902,0.073825,0.0023901,-0.087154,-0.15638,0.076586,0.19745,-0.20885,-0.060808
-0.099925,0.088341,-0.050059,0.037678,-0.11993,-0.051512,0.0027198,-0.11851,0.14769,-0.028998,-0.11639,0.047681,-0.001317,-0.0094362,0.011604,0.019221,-0.069694,0.24658,0.03733,-0.14409,0.047774,0.10117,0.048566,-0.1536,0.077113,0.011047,-0.14864,0.1454,0.49961,-0.08852,-0.33243,0.056467,-0.055401,-0.043632,-0.2982,0.057542,0.056886,-0.17663,0.17073,0.020655,-0.042038,-0.045707,0.04409,-0.027931,0.064773,-0.000772,-0.01005,0.065893,0.059318,-0.057843,0.057067,-0.0016747,-0.0098887,0.1139,-0.0734,0.11103,-0.10185,-0.2443,0.0068538,0.27196
0.16405,0.19434,-0.026881,-0.077193,0.24189,0.066165,0.022549,0.024263,0.14857,-0.054071,-0.10388,-0.27921,0.015728,-0.04089,-0.0017015,-0.018552,0.010263,0.030021,-0.072869,-0.018046,0.01409,-0.026439,-0.33569,0.030999,-0.062225,0.043502,0.033557,0.014872,-0.22661,-0.067167,0.061629,-0.014081,0.05612,0.1155,-0.15636,0.024399,0.065085,0.10126,0.15079,-0.0099287,-0.0008263,-0.22575,-0.021298,-0.015914,-0.27056,0.14801,-0.19883,-0.023603,0.00021079,-0.060972,0.033384,0.020378,-0.0020845,0.011443,0.039831,-0.073709,0.074556,0.035971,0.014107,0.52469
-0.032727,0.2475,0.045902,0.049793,-0.28288,-0.17984,0.0057363,-0.33305,-0.02209,0.15458,0.27185,-0.076469,-0.016814,-0.065223,0.0032496,-0.024366,0.023506,0.16633,-0.081747,0.0064821,0.024856,0.01323,-0.091341,-0.07015,-0.0374,-0.015763,-0.060609,0.051119,0.051797,-0.10757,-0.056799,-0.088513,0.05523,0.011062,0.2076,0.24457,-0.19275,-0.067831,0.0039262,0.053494,-0.11368,0.10135,-0.023106,0.049264,-0.37137,-0.026312,-0.11038,0.015077,-0.013038,0.030371,-0.026587,-0.0057722,0.10315,0.039606,-0.064989,0.093298,0.059691,0.38263,-0.10547,-0.047895
0.048218,-0.04297,-0.18855,-0.053721,0.34061,0.17266,-0.060726,0.074764,-0.15196,-0.11553,-0.082069,-0.037528,-0.064372,-0.03709,-0.065452,-0.010912,-0.037991,0.0065683,-0.17802,-0.088417,-0.038953,0.15684,0.035256,-0.10322,-0.010126,-0.27433,-0.25505,0.12952,0.081346,-0.115,-0.088755,0.061646,0.091746,-0.20359,0.18554,0.051653,-0.051178,-0.086724,0.050861,-0.18512,-0.15616,0.16123,-0.14972,-0.077386,0.18439,-0.095095,-0.070275,-0.023775,-0.042825,-0.029729,-0.203,-0.033312,-0.10147,0.01244,0.10366,-0.021424,-0.0075837,0.36293,0.10702,0.094166
