-0.14593,-0.14574,-0.14711,-0.12725,-0.11612,-0.13166,0.081107,-0.14295,-0.1283,-0.13293,-0.12681,-0.14679,0.15819,0.13264,0.15681,0.16103,-0.022426,-0.085233,-0.11138,-0.12062,0.040705,-0.055439,-0.14925,0.14576,-0.099621,-0.14132,-0.15234,-0.14298,-0.14646,-0.12414,-0.13482,-0.14405,-0.14673,-0.15171,-0.15309,-0.13478,-0.12842,-0.13317,-0.14729,-0.11368,-0.1454,-0.1359,-0.13507,-0.14654,-0.14558,-0.14159,-0.11817,-0.0843,-0.11697,-0.024813,-0.13011,0.043024,-0.10086,0.16226,-0.050046,-0.15371,-0.11686,-0.13652,-0.131,-0.151
-0.19943,0.046669,0.033503,0.11916,0.19056,0.1113,0.070348,0.074233,0.19471,0.14326,0.19812,0.050485,0.10489,0.13981,0.045393,0.095159,0.25359,0.23602,0.010807,0.0038519,0.098901,0.097399,-0.11023,0.19035,0.22689,-0.12765,-0.19546,-0.10263,-0.13153,0.036423,-0.013709,-0.10065,-0.10666,0.0064254,-0.17919,0.13622,0.17263,-0.012653,-0.052381,0.16388,-0.14691,-0.088337,0.10595,0.0011922,0.09907,-0.04627,0.032572,0.12975,0.0092905,0.1534,-0.05977,0.23327,0.2157,0.10288,0.16069,0.014894,0.0063785,0.077809,0.16926,-0.12965
-0.032909,0.034662,-0.18833,-0.033696,-0.028446,0.1,-0.037314,-0.18969,-0.0013645,-0.13589,0.0063105,-0.21502,0.026618,0.040196,0.088539,0.079649,-0.049573,0.034342,0.17786,0.24239,0.22805,0.24598,0.081887,-0.14005,-0.011347,0.030384,-0.041189,0.089801,0.053062,0.03331,0.14651,0.013744,0.11111,-0.22572,0.0036151,-0.11818,-0.055477,0.086882,-0.07811,0.02072,0.087169,0.085996,-0.19532,-0.050267,-0.093415,-0.14881,0.20455,0.15642,0.16828,0.16741,0.22839,0.07878,0.064853,0.09086,0.23839,-0.21111,0.272,-0.10607,0.0035727,0.036438
0.15271,-0.097391,0.10978,0.063491,-0.025333,-0.14167,-0.27019,0.12434,-0.19455,0.027963,-0.20688,0.14088,0.11947,0.16872,-0.019191,0.13048,0.14796,0.066006,-0.1294,0.049753,0.34467,0.21686,-0.0053409,0.060863,0.062965,0.026226,0.15869,0.041461,-0.044074,-0.020796,-0.10598,0.11082,-0.097115,0.090574,0.14121,0.030045,-0.12846,-0.073789,0.021368,0.06241,-0.053254,0.045677,0.11759,0.030974,-0.08273,0.12241,0.020572,0.0038449,0.21529,0.30296,0.0051341,0.15225,-0.21377,0.18135,-0.087277,0.05034,-0.060809,0.061407,-0.16563,0.12778
0.066146,0.079943,-0.022161,-0.20408,0.013213,-0.048609,0.3614,-0.025104,0.034769,0.084264,0.054148,-0.05606,0.28888,0.14357,0.2909,0.26441,0.053542,-0.065815,-0.081954,-0.087258,0.037204,-0.086233,0.16939,0.26624,-0.050569,0.006187,0.061263,0.17592,0.22887,0.017241,0.099495,0.14968,0.044442,0.02425,0.067969,0.025575,0.023805,0.17057,0.17101,-0.079793,0.16366,0.19364,0.022116,0.1529,0.10271,0.085651,0.064144,-0.046113,-0.18338,-0.030454,-0.063865,0.062388,-0.026525,0.21919,0.0060215,-0.00057869,0.033871,0.081277,0.01927,0.057493
-0.057166,-0.2493,0.076102,-0.22474,-0.026746,-0.30808,0.09138,0.083255,-0.034135,-0.0047761,-0.013799,0.066859,0.052514,-0.31334,-0.057079,0.055193,-0.024626,0.030845,0.13037,-0.038576,-0.044727,-0.031726,0.011892,-0.11893,-0.01723,-0.020948,-0.078012,-0.061012,-0.067,-0.28926,0.021284,-0.16837,0.099661,0.14587,-0.02747,0.037112,0.021171,0.12141,0.12556,-0.20679,0.090018,-0.015344,0.0012851,-0.24492,0.05068,0.22147,-0.097687,0.2212,-0.01044,0.19388,0.12488,0.11393,0.0086429,0.070367,0.3249,0.12201,0.028587,0.10462,-0.020643,-0.0047071
-0.16447,0.0010537,-0.033879,0.15356,-0.011876,-0.12644,-0.20515,0.17722,0.026946,0.028417,0.034452,0.10814,0.14767,-0.069663,0.3578,0.056193,0.002663,-0.1296,0.38133,0.024489,-0.15017,0.0039133,0.086756,0.16673,-0.05294,0.1857,-0.076949,-0.068157,-0.050655,-0.14557,0.23874,-0.095774,0.11733,0.01624,0.015503,0.08874,-0.099602,0.056129,-0.024353,0.14305,-0.21961,-0.047467,-0.087356,-0.015202,0.10968,-0.14982,0.0065777,-0.12379,0.20442,-0.16758,0.066864,-0.041042,-0.097684,0.065421,-0.10527,-0.00025184,-0.061527,0.13237,-0.032777,0.20022
0.19448,-0.12885,-0.12865,0.13084,-0.010858,-0.013549,-0.078276,-0.15599,0.052646,-0.060728,0.037742,-0.083665,-0.013025,-0.24411,0.16813,-0.066626,0.18191,-0.057176,0.10849,-0.24001,0.060193,0.18681,-0.1338,0.013706,-0.00020654,0.19382,0.035352,-0.16993,0.16828,0.28973,0.11028,-0.044542,0.23715,-0.0029068,0.0032619,-0.076627,0.041812,-0.044963,0.1195,0.1119,0.033533,0.012348,-0.030766,-0.052908,-0.094402,0.21438,-0.10052,-0.2515,-0.084483,0.085288,-0.22094,0.27021,0.048807,-0.071197,0.087451,0.00019809,-0.10877,-0.072692,-0.032907,-0.14788
-0.030747,-0.014651,-0.16403,0.22085,0.0069407,0.053644,-0.002575,-0.098937,-0.07016,-0.03132,-0.072322,0.10574,0.026178,-0.053451,0.065695,0.12557,-0.12841,0.1628,-0.036364,-0.015451,-0.13792,0.1576,0.072678,-0.11366,0.1274,-0.156,-0.28522,0.02505,-0.15255,-0.2357,0.084945,-0.082582,-0.10755,0.026675,-0.089773,-0.12617,-0.21567,0.17573,-0.041846,0.20509,0.29289,0.14859,0.24731,0.067433,-0.086765,0.299,0.043761,-0.24645,-0.09118,-0.00835,-0.020305,-0.068249,0.046103,-0.030932,-0.14638,-0.0074632,0.11667,0.014242,0.0046003,0.0012138
-0.022286,-0.10628,-0.05688,0.16718,0.09423,-0.087895,-0.0091497,-0.015032,-0.035695,0.050836,-0.066353,-0.038565,0.015793,-0.1089,0.14081,0.044404,-0.12091,0.07149,-0.089715,-0.0144,-0.051537,-0.083065,-0.12873,-0.052476,0.032963,0.42738,0.10129,0.17446,-0.093964,-0.014233,0.020895,0.20331,-0.12022,-0.15552,-0.036106,-0.017235,-0.012232,0.33597,-0.0067973,0.15034,-0.15209,-0.042074,0.10158,-0.039368,-0.029448,-0.024725,0.019097,0.40059,-0.18459,0.16069,-0.23098,-0.19554,-0.033583,-0.048924,0.013241,-0.10225,-0.11118,-0.063989,0.029406,-0.079957
-0.13613,-0.059322,0.13163,-0.088988,0.23566,-0.1703,-0.20286,-0.035347,-0.027348,0.093993,-0.00053533,-0.22121,-0.026471,0.1203,0.037432,-0.11582,-0.08888,-0.020695,-0.11295,-0.10959,-0.1317,0.10654,0.00091246,-0.016234,0.0075582,-0.27755,-0.080373,0.013524,0.12813,0.025149,0.1097,-0.091756,0.2473,0.021637,-0.13116,0.13932,0.32382,0.0059236,0.054131,0.19945,0.098605,0.058326,-0.10144,0.024082,-0.059517,0.059495,0.17854,0.055869,0.059363,0.13982,-0.10132,-0.29049,-0.27639,0.068708,-0.059496,-0.067338,-0.038659,0.011994,-0.14785,-0.1079
-0.054477,-0.02729,0.11189,0.14818,0.096426,-0.18059,0.45973,0.054636,-0.20104,-0.07055,-0.16623,-0.0083821,-0.19529,0.29686,0.028264,-0.11786,0.092212,0.10585,0.21791,-0.010526,0.16481,-0.020773,-0.047816,-0.093377,-0.003661,0.057089,0.036373,0.063246,-0.10262,0.074127,0.0063784,-0.13215,0.19234,0.14919,-0.038954,0.0092169,-0.04552,0.13515,-0.10684,0.23041,0.17321,0.0061397,-0.10515,0.083214,-0.021063,-0.16395,-0.19334,0.034523,-0.096378,-0.051458,0.11551,0.10646,-0.074988,-0.11179,-0.048743,0.094644,-0.067158,-0.019393,-0.11205,-0.018849
0.080674,-0.13436,-0.15487,0.1027,0.093192,-0.036776,0.25694,-0.1024,0.042249,-0.16486,0.065531,-0.0030883,0.21968,-0.10028,-0.098633,0.1934,-0.11855,0.24023,-0.016753,0.24944,-0.24422,-0.036394,-0.18979,0.12801,0.21276,-0.024269,0.25186,-0.0035009,-0.052413,0.14853,-0.11792,0.0010425,0.1155,0.17858,0.082767,-0.025696,-0.010483,-0.099638,0.078776,0.090808,-0.0084692,-0.025393,-0.19571,-0.14049,-0.050302,0.045701,0.024973,-0.02864,0.31841,-0.056243,-0.010277,-0.18555,-0.000154,0.11606,-0.096763,0.10901,0.015394,-0.030881,0.011503,-0.053161
0.22704,-0.010793,0.16861,0.072362,-0.092293,0.085098,0.13647,0.12338,-0.061752,0.096572,-0.098753,0.0025536,0.02478,0.14961,-0.094696,0.043481,-0.28772,0.057644,-0.091549,-0.15423,-0.23608,0.060334,0.0096824,0.042382,0.023876,0.242,-0.21501,-0.24373,0.067867,0.26409,0.045844,-0.15081,0.080723,-0.21278,0.0056437,0.055613,-0.056664,-0.061749,-0.025555,-0.014361,-0.12772,0.040097,0.10697,0.0049315,0.01312,-0.018785,-0.16105,-0.055829,-0.039796,0.21734,0.29889,-0.13927,-0.020044,0.23299,0.088682,-0.046658,0.11659,0.079853,0.027884,0.0043559
0.25685,-0.00021247,0.16092,0.24726,0.12569,0.18025,-0.057311,-0.0047635,-0.0099188,-0.062523,-0.099685,-0.06938,0.10635,0.28164,0.024824,0.10609,0.086737,-0.060424,0.27109,0.069262,0.099062,-0.19293,0.085831,0.02798,-0.080001,0.066496,-0.04286,-0.12809,0.052746,-0.2543,-0.088894,-0.1504,0.061815,-0.11362,0.11315,-0.05485,0.22799,-0.094557,0.035811,-0.075201,0.098595,-0.067432,0.0066518,-0.20365,-0.17989,0.26445,0.12076,0.14584,-0.080123,-0.094277,-0.053172,-0.16898,0.16197,0.024664,-0.023711,0.05841,-0.11492,-0.10768,0.066202,0.037822
-0.12584,-0.095632,0.26832,-0.013111,-0.052796,-0.022566,0.12738,0.078824,-0.085598,0.10345,-0.048358,-0.031216,0.080915,0.043426,-0.047989,0.012542,-0.098461,-0.16483,0.17015,-0.037898,0.010944,0.40919,-0.15201,-0.059583,-0.083612,-0.058227,0.094377,0.1198,-0.16997,0.050948,0.0049449,0.20375,-0.050601,-0.077439,-0.0091091,0.015175,0.0534,-0.012083,0.052219,-0.022092,-0.085112,0.039844,0.14558,0.055134,-0.11561,0.049786,-0.031355,-0.13058,0.10612,-0.31389,-0.19432,-0.1925,0.28286,0.10095,0.30353,0.056336,0.059601,-0.036815,-0.1365,-0.032898
0.16886,-0.069722,-0.26909,-0.13361,0.092571,-0.21002,-0.065126,-0.024179,-0.02618,0.043457,0.046103,0.093118,0.079423,0.20441,-0.26546,-0.056412,0.13374,0.19962,0.21257,-0.21324,-0.054557,-0.15177,0.080754,-0.0030922,0.12883,0.029043,-0.014795,-0.077299,0.15122,-0.013952,0.0025278,-0.00039843,-0.17455,0.070619,0.025406,-0.0010712,-0.15049,-0.049909,-0.065318,0.091523,-0.061405,0.14465,-0.060977,0.066451,-0.04029,-0.1091,0.12796,-0.084852,-0.048541,-0.017162,-0.14409,-0.20838,0.092632,-0.12691,0.35866,-0.18796,-0.042016,0.087667,-0.15455,0.15321
-0.018957,0.12278,-0.087143,0.098422,-0.11541,0.10833,0.28382,-0.037458,0.054204,-0.070473,0.06725,0.051221,0.027234,0.050002,-0.21553,-0.079369,0.35768,-0.19391,-0.1059,-0.14231,-0.11909,0.37,0.066673,0.10391,-0.077164,0.073208,0.068035,0.041429,-0.025689,-0.30558,0.087572,-0.0056848,0.11655,0.025887,-0.048634,-0.010606,-0.064588,0.019186,0.027371,-0.063655,-0.13174,-0.12145,-0.1164,-0.070572,0.078792,0.0046413,0.039866,-0.019493,-0.008708,0.33773,-0.023567,-0.26841,-0.0070794,-0.11819,-0.099843,0.028986,0.019336,-0.058355,-0.026768,0.07443
-0.13646,-0.078456,-0.17077,0.041178,-0.077158,-0.060619,0.18371,-0.022069,-0.0067972,0.13862,-0.073829,-0.15925,0.036301,-0.12077,-0.30335,-0.15551,0.22207,-0.061871,0.047372,0.24553,0.34684,-0.18893,-0.067957,0.014853,-0.039388,0.051941,-0.17005,-0.082109,0.042361,0.10883,0.16709,0.004187,-0.021525,-0.1874,-0.036888,0.12123,-0.081527,0.034101,0.094198,0.029326,-0.080355,-0.01183,0.16245,-0.017854,0.091566,0.26194,0.037932,-0.069756,0.081879,-0.16762,0.027789,-0.18803,-0.21296,0.13388,-0.08432,-0.076766,-0.0053306,0.12553,0.05078,-0.094708
-0.041211,0.15943,-0.10358,0.1414,-0.03049,0.010932,0.015244,-0.18093,-0.038767,-0.12814,-0.17579,0.13609,-0.028693,-0.0087834,-0.0015458,-0.18754,-0.045168,-0.26965,-0.19916,-0.13558,-0.085864,-0.16976,0.079605,0.1444,0.027565,-0.050227,0.016022,0.024859,-0.088236,-0.02757,-0.02093,0.090902,0.12165,0.12234,0.032046,-0.051914,-0.03205,-0.051497,-0.093296,0.27041,0.0013552,-0.16671,0.073297,0.11014,0.054617,0.16538,0.13772,0.12767,0.11139,-0.10921,0.1597,0.09112,-0.033194,0.25646,0.43085,-5.7159e-05,-0.15086,-0.14277,0.054484,0.022068
0.070176,0.075894,0.16953,0.10117,-0.10346,0.12686,0.27086,0.14466,-0.084631,0.042815,-0.03882,-0.063214,-0.021137,-0.30436,0.32533,0.027809,0.18281,0.22053,-0.12634,-0.16228,0.021927,-0.13995,0.11109,-0.095478,0.14259,-0.14164,0.0095596,-0.036652,0.11511,-0.097884,0.037471,0.029354,-0.018563,-0.17115,-0.031367,-0.0083813,-0.022573,-0.24754,-0.051378,0.028341,-0.13117,0.032332,0.044337,0.029299,-0.14946,0.026792,0.046845,0.14197,0.22285,-0.090422,-0.015085,-0.053295,-0.14906,-0.22789,0.11267,-0.048456,0.12703,-0.0097573,-0.22894,0.033297
-0.10397,-0.037404,-0.11064,0.013561,-0.15673,0.037071,-0.026731,-0.068271,0.12813,-0.053388,0.21905,0.20946,0.042411,0.20553,0.21128,-0.082684,0.0019392,-0.0045338,0.095289,-0.011605,0.030258,-0.025309,-0.14634,0.030902,-0.13487,0.059463,0.013821,-0.15292,-0.088777,0.21985,0.22234,0.090261,-0.081006,0.1819,-0.051081,-0.0041367,-0.033937,-0.22744,-0.12747,-0.19704,0.34485,-0.052734,0.24079,-0.037519,-0.032643,0.030459,-0.05214,0.24764,0.027831,0.078638,-0.052223,-0.21651,-0.1948,-0.042532,0.050619,0.12247,0.14594,-0.035863,-0.10636,-0.0047156
-0.13763,0.042029,-0.088803,0.089498,-0.18063,-0.12166,-0.16838,0.050452,-0.011069,-0.095801,0.055953,-0.22738,-0.034884,0.47447,0.014276,3.9775e-05,0.019375,0.10603,-0.12317,0.010954,-0.22404,-0.050498,-0.028248,-0.11783,0.1215,0.027811,0.07821,0.048277,0.10135,-0.11952,0.011632,0.11009,0.18272,-0.19123,-0.0067372,0.071726,-0.20727,-0.0063931,0.20709,-0.062833,-0.077121,-0.065421,0.0091471,-0.072837,0.16499,0.21959,-0.14578,0.051029,0.08805,-0.13179,-0.071727,0.19594,0.0063199,-0.15929,0.093732,0.11619,0.14511,0.084774,-0.0017979,-0.12151
-0.02983,0.081537,0.038969,0.27502,-0.009672,0.079856,-0.19709,0.021228,-0.11908,-0.12587,-0.012945,-0.22156,0.072707,-0.2528,-0.25027,0.14677,-0.11294,0.12456,0.086997,0.01134,0.097526,-0.034481,0.039223,0.4185,-0.12397,-0.050619,0.0020022,0.091438,0.023909,-0.039659,0.012649,0.030809,0.069432,-0.038482,-0.13116,0.14213,-0.11254,-0.12695,0.002634,-0.015949,0.18467,-0.0060331,-0.061655,0.18057,0.16764,-0.10594,-0.13952,0.088323,-0.21129,0.044984,-0.022781,-0.04346,0.047345,-0.044892,0.11978,0.15348,0.033381,0.034599,-0.27706,-0.061609
0.25728,-0.19256,-0.026689,0.13902,-0.059431,0.2199,-0.064699,-0.06613,-0.020973,0.099753,0.03661,0.18978,-0.081449,0.077999,-0.059735,0.2119,0.071595,-0.073731,-0.26483,0.0067439,0.050573,-0.097811,-0.14872,-0.083032,-0.19315,0.065191,-0.050106,0.079033,-0.030269,-0.059531,0.10169,-0.11222,0.086083,0.25971,-0.19658,0.19311,0.088774,0.19855,0.060415,0.015008,-0.081143,-0.023135,-0.096599,-0.13217,0.01067,-0.1182,0.097026,-0.025262,0.0025118,-0.25121,-0.012744,0.084986,-0.038341,0.030697,0.080848,-0.13453,0.28228,0.083456,-0.24453,-0.060826
-0.20137,-0.1682,0.13564,0.0061108,0.055209,0.049781,-0.15389,0.021933,0.055947,-0.13536,0.066302,-0.040174,0.076523,-0.051868,-0.18339,0.084135,0.45555,0.028447,-0.11116,-0.15726,-0.21249,-0.069599,-0.15457,-0.029567,0.047828,0.11543,-0.094795,-0.051051,-0.043034,0.017436,-0.020397,0.050036,0.080333,-0.14246,0.10861,-0.2128,0.030052,0.13299,0.10622,-0.039564,0.20714,0.2222,0.087814,0.12346,-0.11892,-0.19966,-0.063044,0.099056,0.048068,-0.17351,0.20249,0.021784,-0.026327,0.16427,-0.064113,0.0028339,-0.046626,-0.15535,-0.069755,0.13678
-0.17391,-0.1317,0.010192,0.10805,0.074935,0.17363,0.13076,-0.065986,0.054762,-0.14194,0.0098226,-0.1533,-0.16512,0.079752,0.1162,-0.053616,-0.12588,-0.0095904,-0.066127,0.15855,-0.029715,-0.033925,-0.062396,0.051542,-0.17646,0.094001,-0.22137,-0.089508,0.0019389,-0.0094872,-0.11535,-0.095365,-0.27787,0.10224,0.22081,-0.071807,0.066901,0.064351,0.37467,-0.055395,-0.089238,0.053664,-0.0081657,0.15783,0.037593,-0.031595,0.15202,-0.157,0.11712,0.1859,-0.047709,0.036077,-0.11636,-0.16212,0.22507,0.13154,-0.1318,0.075638,-0.18027,0.13526
0.051455,0.027785,0.34903,0.11103,-0.12312,0.078499,-0.077886,-0.1047,0.14096,-0.10896,0.094445,0.12981,0.21079,0.049376,-0.065723,-0.21409,-0.089309,0.12302,-0.04157,0.01152,0.18249,-0.040751,0.14857,-0.00022737,0.11599,-0.10077,-0.090608,0.10084,-0.057567,0.0070394,0.25038,-0.034472,-0.027371,0.11447,-0.039622,-0.3078,-0.10394,0.11162,0.15524,-0.034184,-0.14703,0.132,-0.2828,-0.014568,-0.061641,-0.01772,-0.25899,0.017844,-0.027674,-0.04626,-0.1614,-0.079807,-0.19068,0.055405,0.11162,-0.032786,-0.054143,0.0176,0.17544,-0.081054
0.14983,-0.14881,0.076428,0.14574,-0.04075,-0.13087,-0.020402,-0.079879,-0.019776,-0.15983,-0.059586,0.083135,-0.20208,-0.030339,0.17836,-0.010033,0.29157,-0.018926,0.063213,0.29196,-0.25027,0.18644,0.14472,0.039329,-0.072745,-0.16933,-0.20408,0.10694,0.27212,0.076693,-0.14686,0.15853,-0.17791,0.080647,0.086067,0.14356,-0.045165,-0.030357,-0.033091,-0.025358,0.010125,0.0096962,0.015867,-0.060021,0.095822,-0.047184,-0.19236,0.097531,-0.063811,-0.039133,0.062422,-0.12665,0.015075,0.10337,0.0573,-0.21001,-0.087096,0.059614,0.064582,-0.22912
-0.15634,-0.0071811,-0.18838,-0.085435,-0.19664,0.23059,-0.10387,0.075969,-0.0059266,0.10358,-0.11286,0.1012,-0.10621,0.033269,0.13916,-0.10023,-0.074232,0.26834,0.089516,-0.12241,0.18912,0.019677,-0.18925,0.19472,0.10186,-0.07289,0.12458,0.065929,0.29567,-0.15184,-0.11251,-0.043826,0.1248,0.13017,0.035645,-0.045248,0.080014,0.23241,0.14819,-0.081073,-0.056999,-0.085566,0.13652,-0.010616,-0.072015,-0.024622,-0.15274,-0.088105,0.028444,-0.0088802,0.25602,-0.23536,0.076319,0.033885,0.029843,-0.085922,-0.10784,-0.14397,-0.022759,-0.12972
0.016897,0.044198,0.046754,-0.062611,0.11188,0.11431,-0.040919,-0.16624,-0.022455,0.299,-0.063366,-0.035709,-0.068135,0.010533,0.0060922,0.20571,0.093618,0.10784,0.16796,0.14983,-0.18637,0.10565,-0.21281,0.0054529,-0.05982,-0.12881,0.14737,-0.054661,-0.17497,0.018723,0.061784,-0.029214,0.074844,0.064614,0.052855,-0.041634,-0.11032,-0.087128,0.040777,-0.094136,-0.1786,-0.068697,-0.085242,0.26811,0.020827,0.25339,-0.058071,0.083567,-0.28319,-0.052821,0.11863,0.039152,-0.29859,-0.10558,0.10864,-0.2115,-0.01963,-0.12437,0.095005,0.18979
0.056266,0.17605,0.08012,0.033131,-0.13732,0.0057363,0.019989,0.14409,0.033161,0.0032791,-0.059517,0.091696,-0.10411,-0.028628,0.064866,0.071222,0.010032,-0.034333,-0.097662,0.12492,0.014178,0.0016083,-0.18695,-0.081569,0.0045156,-0.088812,0.16722,-0.16789,-0.04897,0.011622,-0.028531,-0.16259,0.12655,-0.15466,-0.16417,-0.057434,-0.18013,0.01477,0.22576,-0.012215,0.3684,-0.071046,-0.019537,0.015725,0.11906,-0.14316,0.080694,0.024862,0.085542,0.052043,-0.21406,-0.08572,0.11347,0.069983,0.089055,-0.32552,-0.30752,0.27634,0.066981,0.12153
-0.1136,0.19276,0.095671,0.0099329,0.075308,-0.10837,0.032209,0.046271,-0.047462,-0.1267,0.076059,0.031388,0.13465,-0.067293,-0.11904,-0.065265,-0.066865,0.055205,-0.0063531,-0.094167,0.027185,0.12024,-0.017962,0.14033,-0.14443,0.024318,-0.0939,-0.068899,0.15248,0.049653,-0.22765,-0.16527,0.029692,0.069579,0.34088,0.033046,-0.044379,0.1567,0.032202,0.075758,0.071444,-0.31464,0.11676,-0.036903,-0.13138,0.0091179,-0.047227,0.1069,0.027359,-0.12555,-0.22822,0.082337,-0.12664,-0.067324,-0.03079,-0.30484,0.38131,0.0034246,0.090247,0.11241
-0.15624,0.33377,0.23042,0.0011643,0.0176,-0.053056,-0.033948,-0.10814,-0.0209,-0.086832,0.048377,-0.0104,-0.031172,0.0068528,-0.12074,0.49489,0.046932,-0.10634,0.13359,-0.12239,0.0051808,-0.15461,-0.010149,-0.16185,-0.046932,0.038944,-0.014068,0.09407,0.1804,0.19316,0.044084,-0.057455,-0.12833,0.13278,-0.13962,0.034304,-0.1104,0.1633,-0.080579,-0.038321,-0.046716,-0.05466,0.08754,-0.087836,-0.0096333,0.085307,0.013137,-0.14311,0.24152,0.13239,0.063325,-0.072332,-0.056975,-0.13033,0.064272,-0.0025186,-0.16217,-0.15909,0.019691,-0.16772
0.017203,-0.14293,-0.19196,-0.18251,0.14691,0.21027,-0.049649,0.21735,0.023084,-0.16546,-0.068625,0.018144,-0.06832,0.00073969,0.027622,0.082837,0.10809,0.023683,0.041883,0.010939,-0.018571,-0.019211,0.31882,-0.179,-0.15286,-0.12599,0.05004,0.059877,-0.0014589,0.24239,-0.031242,-0.24629,0.10175,0.0003177,-0.12145,-0.16334,-0.15136,0.08982,0.052927,0.026813,-0.1853,-0.21786,0.08665,0.24592,0.026598,0.068162,-0.096694,0.15465,0.027082,0.017608,-0.21389,-0.11694,0.077546,0.20708,-0.035464,0.1998,0.057049,-0.023546,-0.069484,0.016361
0.015706,0.33202,0.0046008,-0.15781,-0.14682,-0.0065079,-0.16934,-0.14296,-0.23197,0.090914,-0.3106,-0.099947,0.092227,-0.05895,0.16997,-0.0919,0.29774,0.075145,-0.064002,0.069781,-0.098942,-0.032804,-0.097932,0.012582,0.074003,0.089268,-0.068736,0.029211,-0.16446,0.16853,-0.010593,-0.15048,-0.10444,0.072277,0.09429,0.032047,0.044882,0.10288,0.043839,0.0031239,0.055424,-0.063637,-0.1581,-0.084148,-0.090071,-0.06613,0.064878,-0.057204,-0.10518,0.0014739,-0.020406,-0.18482,0.085587,0.0059227,0.096571,0.33599,0.1857,0.19682,0.07237,-0.038769
0.12985,-0.14139,0.092693,-0.17982,-0.29456,0.16924,-0.0067081,0.063208,0.10516,0.102,0.058692,-0.22485,0.016031,0.02516,-0.06697,0.02659,0.030311,0.092696,0.12733,-0.066092,-0.091558,0.12178,0.010785,0.087071,-0.16173,0.15164,0.076563,0.0027451,0.03244,-0.11031,-0.22017,-0.031792,-0.15145,0.020987,-0.091539,-0.26756,0.082087,0.085156,-0.28764,0.29509,0.16077,-0.039157,-0.040467,0.024857,0.20115,0.077409,0.077897,0.022298,0.1437,-0.098022,-0.0095331,0.044917,-0.25868,-0.024734,0.055896,0.068636,-0.047883,0.17671,0.098079,-0.14772
0.093852,0.025443,-0.024909,0.18912,-0.075998,-0.18936,-0.010823,-0.035585,0.11311,-0.025558,0.1969,-0.026218,-0.066718,-0.05735,0.056038,0.17847,-0.0013692,-0.049599,0.0099421,-0.0086067,0.17556,-0.048287,-0.15019,-0.28,-0.020948,-0.17826,0.058862,-0.19594,0.11219,-0.18311,-0.16837,0.11243,0.12432,-0.049249,0.11529,-0.030642,0.0029062,0.015761,-0.014704,0.13296,-0.10725,-0.042289,0.088006,0.11804,0.031101,-0.26176,0.02401,-0.15175,-0.22349,0.052473,-0.024477,-0.18323,-0.18204,0.17783,0.14041,0.31355,0.16211,-0.00015998,0.20714,0.020174
0.21076,0.024849,-0.035744,-0.15284,0.11984,0.027035,0.026267,-0.046923,-0.033684,-0.05833,-0.061926,0.17914,0.14996,0.020472,-0.057941,-0.04267,-0.043631,0.041731,-0.046374,0.19848,-0.057387,0.15885,-0.084505,0.17626,-0.064282,-0.11192,-0.19012,0.0037052,0.13431,0.026055,0.0061857,0.054448,0.22653,-0.2124,-0.18389,0.034253,-0.085517,0.19738,-0.085755,-0.092883,-0.060176,-0.004041,0.23782,-0.095894,-0.1719,-0.16614,0.0997,0.043784,0.052297,-0.12159,-0.034255,0.10447,-0.20463,-0.29027,0.11372,0.29508,-0.23863,-0.0050279,0.080174,0.078212
-0.22244,0.063479,-0.25828,-0.035351,-0.010486,0.23092,0.012902,0.12401,-0.077679,0.019905,-0.18662,0.1315,0.041058,-0.0073199,-0.088511,0.27087,-0.040481,-0.011197,-0.03635,-0.01674,0.055679,0.083636,0.11912,-0.1862,0.055831,0.15549,-0.22593,0.094645,-0.055922,-0.014493,-0.080447,0.093795,0.23424,0.066102,0.20835,0.054328,0.24033,-0.2587,-0.057726,0.0034954,0.061594,0.18373,-0.063461,-0.087503,0.064324,-0.07708,-0.21666,0.0042164,-0.01073,-0.038007,-0.21707,-0.034305,-0.19286,-0.066153,0.1319,-0.054881,-0.13224,0.098475,0.13869,-0.041075
-0.0055399,0.010475,0.0071074,0.076471,0.079225,0.073246,-0.030183,0.015287,-0.06891,-0.018398,-0.0083129,-0.043311,0.63848,-0.015908,0.12194,-0.22623,0.020015,-0.076769,-0.038201,0.060954,0.022452,0.013965,-0.079014,-0.33967,-0.10628,0.029021,0.012806,-0.04007,0.060002,0.01909,-0.29158,-0.081834,0.04606,0.15187,-0.14,0.072158,-0.064487,-0.034694,0.0081578,-0.012258,-0.027592,0.10441,0.064914,0.14173,0.26335,-0.0042444,0.0012475,0.0056799,-0.043153,0.028517,0.17549,-0.037528,0.060705,-0.15766,0.001687,-0.11333,-0.042406,-0.078704,-0.049172,-0.095864
-0.084017,0.048233,-0.036306,-0.00097917,-0.2963,-0.14671,-0.0061771,0.18633,-0.11287,0.10667,0.11045,0.00039464,0.10261,0.0225,-0.096485,0.072243,0.036564,-0.12276,-0.095165,0.44622,-0.13811,-0.087827,0.20306,0.074857,-0.0085102,0.019835,0.13777,-0.1447,0.038589,-0.0020889,0.12033,-0.088627,0.041944,0.10474,-0.036709,-0.21553,0.24834,-0.01088,0.038331,0.21569,-0.059701,0.030829,0.18968,0.067824,-0.27878,-0.064172,-0.076464,-0.049321,-0.1447,0.11085,-0.00064597,0.075952,0.077125,-0.13871,0.07867,-0.090101,0.011924,-0.11764,-0.1146,-0.098987
-0.066091,0.1522,0.069608,-0.15471,0.05013,-0.091376,-0.00062283,-0.012599,0.076489,-0.030446,0.15127,0.043586,-0.056846,-0.022905,0.030888,0.049215,-0.049189,0.1108,-0.22784,0.19377,0.13173,0.23981,-0.031557,-0.12039,0.16962,0.34087,-0.17769,-0.098366,0.28609,-0.091558,0.0098946,-0.032325,-0.065687,0.076312,-0.12422,-0.021318,-0.022437,-0.11528,-0.084075,0.0632,0.033789,-0.19704,-0.19715,0.061169,0.020088,0.16521,-0.029626,0.048122,-0.15473,-0.24795,0.04157,-0.070584,0.065429,0.13656,-0.0068324,0.12092,-0.15558,-0.095258,-0.2438,0.18732
0.080686,-0.017138,0.030455,-0.14288,-0.15857,-0.19863,-0.035326,-0.21494,-0.057989,-0.083074,0.047272,-0.015949,-0.098329,0.016266,0.04317,0.19829,-0.038313,0.013688,-0.064805,-0.12562,0.20894,0.074497,0.048154,0.13611,-0.084103,-0.018691,-0.20878,-0.18234,-0.17991,0.082782,-0.074414,0.063047,0.2078,0.13854,0.031089,-0.15482,0.0017028,-0.066888,0.17662,0.13895,-0.19755,0.14533,0.076719,0.095137,0.13952,0.032467,0.078309,0.28047,0.07332,-0.1132,0.12304,-0.16368,0.25599,-0.26576,-0.18449,-0.036868,-0.023931,0.10473,0.07005,-0.021197
-0.041256,0.048184,-0.004655,0.079155,0.021932,-0.14337,0.014042,-0.06183,0.036753,-0.17021,-0.14516,0.036832,0.080433,-0.0044018,-0.04657,0.019783,0.013162,0.46336,-0.044175,-0.10178,-0.022227,0.13715,0.27403,-0.13234,-0.24974,0.076342,0.17804,-0.071786,-0.13145,0.018983,0.1913,0.093182,-0.059012,-0.026944,-0.039989,-0.019016,0.23547,-0.076075,0.15481,-0.12337,-0.010914,-0.24612,0.14258,-0.065105,0.08485,-0.12062,0.23227,-0.16154,-0.11374,-0.14338,0.1426,0.053275,-0.087744,0.058547,0.0026947,-0.0695,-0.1176,0.0297,0.031655,-0.11739
-0.010509,0.26209,0.054794,-0.037864,-0.13613,0.049799,0.066896,-0.12334,-0.14397,0.049775,8.5698e-05,0.061888,-0.074691,-0.024282,-0.079678,-0.16102,-0.017251,0.22364,0.25665,0.058512,-0.17609,-0.11465,-0.15203,-0.092005,-0.20006,0.065005,-0.18441,0.013584,0.10301,-0.12699,-0.078457,0.1858,0.16559,0.1376,-0.13619,-0.090553,-0.016746,-0.10313,0.044409,-0.033627,-0.15741,0.17561,0.077952,0.034485,-0.022513,-0.024261,0.14576,0.076744,0.058268,0.13387,-0.2633,0.19346,0.046776,0.34979,-0.17809,-0.0053281,0.021798,-0.036185,-0.12116,-0.018358
0.06836,0.1721,-0.2569,0.22926,-0.068125,-0.08045,0.042859,0.15068,-0.010527,0.14143,-0.073043,-0.097671,-0.012063,-0.017494,-0.10006,0.026535,-0.094262,-0.14965,0.067614,-0.15795,-0.04382,0.26777,0.0035362,-0.045349,0.094348,-0.076943,0.053805,-0.11581,0.13289,0.032873,0.052897,-0.23279,-0.2804,0.13344,-0.010468,-0.0051704,-0.029418,0.016686,0.20032,-0.12799,-0.017007,0.21463,-0.047661,0.024808,-0.078486,-0.10525,0.125,0.36584,0.011362,-0.22143,0.015173,0.12562,-0.12906,0.081037,-0.07744,0.13319,-0.085238,-0.082914,0.056871,-0.14939
0.02807,-0.127,0.038619,-0.074526,-0.1833,0.10654,0.040456,-0.3041,0.023126,-0.14161,-0.21237,0.076634,0.14674,0.0083747,-0.10147,0.071115,-0.063078,-0.15957,0.2176,-0.045756,-0.052473,-0.018832,-0.0046047,-0.12521,0.33601,-0.023748,-0.017789,-0.12236,0.11238,-0.084261,0.084788,0.13002,-0.10301,-0.044923,-0.083429,0.16177,0.22731,0.060772,0.10911,0.016992,0.035328,-0.30803,0.0044421,0.35543,-0.077025,-0.087595,-0.10046,0.10441,0.054418,0.053247,-0.032197,0.10199,-0.018211,-0.053789,-0.14516,-0.012505,0.034956,0.20011,-0.064806,0.025219
0.27093,0.14199,-0.13143,-0.041925,0.08496,-0.12937,-0.028299,0.080022,-0.093817,-0.057629,0.19254,-0.15705,-0.091955,-0.0052026,0.07448,-0.052825,0.045824,0.032506,-0.0055408,0.012618,0.037013,-0.0017071,0.092156,0.067834,0.013596,0.22158,-0.090572,-0.002,-0.27567,-0.14965,-0.15248,0.046777,-0.011221,0.055395,-0.28512,0.17339,0.13873,0.044044,0.1142,-0.18837,0.091351,-0.0073248,-0.0034715,0.31235,-0.18084,0.016205,-0.22052,-0.11709,0.27472,-0.023289,-0.012792,-0.072833,-0.10995,0.045483,0.085449,-0.093308,0.039954,-0.15656,0.20351,-0.041556
-0.1348,0.019176,0.12463,-0.058153,0.14677,0.10427,-0.014598,-0.21434,-0.1349,-0.23979,0.0068244,0.037682,-0.16675,-0.010954,0.041244,-0.040369,0.015338,-0.10305,0.056616,0.077575,0.029232,0.071592,0.15145,0.12935,0.32641,0.17003,0.3071,-0.18581,-0.010404,-0.045634,-0.16078,-0.1876,0.046647,0.011979,-0.16155,-0.024284,0.017052,0.028171,-0.073375,-0.14244,-0.11988,0.29448,0.25451,-0.10793,0.16015,-0.016018,0.072356,-0.049428,-0.12103,-0.097523,-0.088862,-0.035082,-0.17051,0.06427,0.045782,-0.06079,0.15789,0.11505,-0.049612,-0.050377
0.095077,0.10987,-0.014804,-0.098876,-0.07201,0.0039389,-0.001887,0.22492,0.081748,-0.084893,0.096107,0.19526,-0.0061998,0.0018522,-0.00099908,0.0099938,0.0046591,-0.12078,0.24192,-0.025179,0.0016941,-0.011876,-0.00084771,0.0274,0.21638,-0.023983,-0.16186,0.19125,-0.19719,0.16338,-0.26594,0.12957,-0.023784,-0.15717,-0.12151,-0.081485,0.021974,-0.055806,0.37949,0.15687,0.032918,-0.11279,-0.063289,-0.19136,0.068081,0.039377,0.1737,-0.042978,-0.22057,0.008838,0.13299,-0.0043094,-0.22529,-0.029281,-0.015831,-0.034566,0.093873,-0.134,-0.22413,-0.075902
0.13727,0.093886,-0.043064,-0.049624,-0.12321,0.18121,0.0092118,-0.13684,-0.093978,-0.0010285,0.40829,-0.31822,0.044895,-0.0080846,0.0019768,-0.045085,-0.017013,0.020151,0.036679,-0.043369,-0.0078103,0.042035,0.11362,-0.14262,0.12197,-0.10307,-0.0053421,0.097419,-0.22098,0.02989,0.021001,-0.048196,0.061417,0.10091,0.26058,0.20379,-0.068547,0.10728,-0.044595,0.032293,-0.050881,-0.091379,0.22623,-0.17926,-0.10737,-0.065107,-0.086756,0.052581,-0.081953,-0.030721,0.055696,0.020704,-0.031939,0.13538,-0.022346,-0.048106,-0.33916,0.16462,-0.21927,0.085349
0.12192,-0.16322,0.081106,0.088078,-0.068344,-0.073479,-0.0017005,0.14083,-0.12017,0.10927,-0.07426,-0.20967,-0.012466,0.0017228,-0.00028104,0.0092653,0.0050906,-0.027652,-0.0058129,0.045638,0.001623,-0.012134,-0.0074045,0.031142,0.35609,0.015792,-0.228,0.08472,-0.0089224,0.053098,0.12312,0.0090981,0.1534,0.22591,0.108,-0.22808,-0.0052749,0.023336,-0.14144,-0.32221,0.046603,-0.24983,0.12464,0.060619,0.31276,-0.14666,0.26109,-0.085072,0.022588,0.0075015,-0.16292,-0.0038943,0.0078937,-0.026908,0.0023445,-0.054931,0.016127,-0.23766,0.029434,8.5176e-05
-0.11482,-0.047698,0.087312,0.015683,-0.028589,0.0062425,-0.0013951,0.14503,0.45754,-0.037042,-0.17817,-0.15728,-0.0072205,0.0011707,-0.00099325,0.0065748,0.0028178,-0.035286,-0.0025969,0.0086965,0.0012864,-0.010043,0.073646,0.022233,0.053482,0.13199,-0.036001,0.0059532,-0.055178,-0.0015662,-0.14687,0.10548,0.20532,0.25272,-0.041998,0.111,-0.29085,-0.051057,-0.090646,-0.12068,-0.032043,0.0055769,-0.012462,0.10515,-0.4463,0.0085446,0.24907,-0.022476,-0.14557,0.007356,0.064632,-0.0031766,0.0059759,-0.019741,0.0016599,-0.056191,-0.0074471,0.2329,0.014914,-0.18731
0.27257,0.2676,-0.030253,-0.208,0.19982,-0.051762,-1.0784e-05,0.11129,0.36942,-0.22882,-0.23371,-0.10906,0.0014283,8.9555e-06,0.00034837,5.0431e-05,2.1157e-05,-0.048157,-0.00031246,0.077313,9.9062e-06,0.00021739,-0.27628,-0.0016687,-0.00028124,-0.011353,-0.0057723,0.03991,-0.084302,-0.20253,0.26665,-0.075274,-0.049893,0.027148,0.1981,-0.088607,0.066207,-0.049349,-0.043831,0.10386,-0.069488,0.089832,0.21528,0.019522,0.15897,-0.046319,-0.19282,-0.000283,0.043711,5.6905e-05,-0.00070095,-2.4541e-05,-3.3849e-07,-0.00015174,0.00014306,-0.072554,0.06483,-0.0061946,-0.21264,-0.1939
0,0.11319,-0.07441,0.04965,0.24145,0.12097,-4.1528e-06,0.14157,-0.050114,0.055158,-0.12385,-0.21975,0.0039812,3.2311e-06,-0.00076298,1.8511e-05,6.7052e-06,-0.071326,-0.00079439,-0.016267,3.7271e-06,0.00076384,0.073286,-0.0031774,-0.0017098,-0.13369,-0.011986,-0.41173,0.017317,0.059004,-0.0085022,0.50029,-0.052764,0.21999,-0.18349,-0.21888,0.013938,0.21666,0.011316,-0.0022597,0.010163,-0.069813,-0.064317,-0.28,0.020062,0.0079826,-0.19445,-0.00036085,0.012413,2.2004e-05,0.054084,-9.4155e-06,-0.00010741,-5.6441e-05,0.00035533,-0.034365,0.066367,0.12294,-0.075271,0.17127
0,0.006359,0.020952,0.039738,-0.32872,-0.087853,-4.7117e-06,-0.090594,0.40562,0.020626,-0.26031,-0.10311,-0.0010771,4.0203e-06,0.00075119,2.2483e-05,9.9576e-06,0.11931,0.00019838,0.035071,4.3715e-06,-0.00024292,0.15402,0.00037351,0.00067235,-0.073871,0.00339,-0.080253,-0.093648,0.12722,-0.15327,-0.067028,0.010459,0.010192,-0.083637,0.29206,0.093768,0.1643,-0.051284,0.039785,-0.0035344,0.17397,0.030003,-0.12702,0.13172,0.013824,-0.09001,1.5755e-06,0.016253,2.482e-05,-0.16602,-1.0739e-05,5.3149e-05,-6.7279e-05,-8.6658e-05,0.0075385,0.0057376,-0.37553,-0.070526,0.38366
0,0.12716,-0.044626,0.06028,-0.075939,-0.028393,-3.9021e-06,0.1109,-0.0049287,-0.049413,0.097975,0.23816,0.0022997,3.126e-06,-0.00019899,1.7769e-05,6.8975e-06,0.053573,-0.00046415,0.035903,3.5385e-06,0.00043292,0.027787,-0.002062,-0.00093717,-0.09208,-0.008659,-0.30033,-0.15241,0.063319,-0.067784,0.083451,0.082548,-0.18716,0.26292,0.04943,0.11135,0.37718,-0.27784,-0.22622,-0.028721,0.07665,-0.27743,0.21701,0.077887,0.19901,0.1107,-0.00023335,0.026143,2.0641e-05,-0.043376,-8.8615e-06,-5.6002e-05,-5.3856e-05,0.00020815,-0.0020507,-0.073841,0.0092092,-0.27198,-0.28435
0,0.03332,0.020366,0.024449,0.20107,-0.056824,-6.5421e-06,-0.35078,0.19384,0.5446,-0.036139,0.094944,-0.0010963,5.5574e-06,0.00030323,3.1114e-05,1.3661e-05,-0.031377,0.0001964,0.043128,6.0597e-06,-0.00025755,0.28411,0.00085911,0.00074652,0.096901,0.0025521,-0.060419,-0.046619,-0.087366,-0.16212,-0.03099,0.081711,-0.11023,0.10378,-0.13013,-0.16887,-0.03203,0.13727,-0.015291,0.14243,-0.12168,0.055493,-0.035187,0.040342,-0.19133,-0.15391,-2.7491e-05,0.1807,3.4469e-05,-0.029822,-1.4908e-05,6.1222e-05,-9.319e-05,-8.5121e-05,0.076587,0.027694,-0.060216,-0.22987,-0.24475
-0,0.11278,-0.14779,0.28933,-0.005779,-0.23714,2.0666e-06,-0.10106,0.15848,0.054227,0.010348,0.00066476,0.0077211,-2.2243e-06,-0.00015758,-1.1789e-05,-7.4231e-06,-0.036538,-0.001513,-0.035306,-2.1027e-06,0.0015454,-0.073678,-0.0075862,-0.0036838,-0.044848,-0.025296,0.34257,0.036843,0.13154,-0.18545,-0.12017,0.044728,-0.070361,-0.13971,-0.34023,0.30277,0.0045903,-0.16003,-0.24745,-0.10388,-0.018791,0.068498,0.034973,-0.043708,0.1079,-0.11569,-0.00053335,0.027437,-1.0689e-05,0.096157,4.7841e-06,-0.00025026,3.3728e-05,0.00067316,-0.037181,0.010999,0.36937,-0.14844,0.23813
