1.0,0.724809061133936,0.8139357102531983,0.5270596003587105,0.7373828490204243,0.754112509064405,0.6627462948989982,0.8340399645383023,0.7589859890204413,0.874433926566853,0.7842049642909968,0.8941376814701958,0.5945961869229677,0.5934232277470244,0.5072144101174628,0.4907493926464661,0.46056576049242726,0.6379373510363338,0.7082805592220905,0.3922615425286383,0.5540002423289766,0.5761581292877923,0.8033210782347758,0.41086085253885496,0.6430162975171012,0.9122421045373736,0.9349921171989009,0.809866507095928,0.8252400713692862,0.7596820457145983,0.861288546058614,0.9279940559444378,0.713313217152808,0.7402602356329278,0.8909429955923983,0.8257637420200551,0.7482659654370409,0.8286809369346422,0.9004082412199625,0.6792060672124699,0.8009364921351919,0.8638392876141902,0.8431553097621942,0.7803951346390746,0.5068985498124043,0.838252320327233,0.6140525534340899,0.5678383930749893,0.4617304088404519,0.39953905424677194,0.386570852572269,0.645212979885591,0.591462652441233,0.4453374320351588,0.4570686467190045,0.774225365199228,0.48015697460658735,0.8180724152345624,0.8190174829624433,0.8717320104548639
0.724809061133936,1.0,0.6591449774512942,0.7331578367165423,0.783514348781415,0.6952250414079124,0.5468474006265442,0.6964727743458459,0.7122208339655294,0.8359427691998326,0.7893527965776672,0.7201595843379694,0.6085590080462018,0.7444579366806433,0.47280922401247477,0.7008879148326999,0.588032831205218,0.625347294755044,0.701136681540175,0.6712999009973858,0.5419329997612767,0.6755202418953563,0.7989890768279483,0.5759525069238365,0.8483827086172901,0.7396703057586801,0.7259129703429932,0.7748155681268887,0.7541055170404634,0.8122654732748403,0.8552365569277567,0.7845168062446145,0.6663915560416848,0.7061639328074791,0.7980073691454487,0.84667238611786,0.7518873135780091,0.8392829258061548,0.8031638765930864,0.793978133655146,0.7459689334350296,0.7352045641099794,0.753426850038063,0.8279417534141886,0.7776611428595457,0.7081032542274168,0.6117065089199268,0.6841700337909038,0.6300748403674766,0.6332584463925058,0.6115231657738638,0.6400689937113669,0.761020647425811,0.49875996489037266,0.6157664518090664,0.6803481526267229,0.6853086051660663,0.7039429775026032,0.7983661708145726,0.7757357842654959
0.8139357102531983,0.6591449774512942,1.0,0.51884149205273,0.7388093731795549,0.7194477403329531,0.5486669789971764,0.8849581372556903,0.7291845277388315,0.826470858863046,0.7870219446480071,0.7534280857603395,0.5425277724877747,0.5307012038087772,0.42621138235951833,0.40275088612245097,0.4235693330044622,0.631118571536906,0.6355623463298947,0.3947950035615141,0.4868965850838035,0.5349384810250272,0.7553001255087901,0.37015811969658763,0.5335281029320796,0.7551046093811026,0.8206596380765948,0.8541216530362192,0.8089722363891143,0.7369285180936254,0.7636313622524721,0.771993798118064,0.6932500302748067,0.6694280558965764,0.8027627076388985,0.8268858460650707,0.8106772836374958,0.7158311420266894,0.7984429131507019,0.573361463572266,0.7784203472707879,0.8156761120496443,0.7696246178656747,0.7882851168224587,0.6267409580959574,0.7628614368222977,0.6344113192735528,0.5546376088294904,0.343224277947209,0.41994245384034457,0.4099803205810522,0.6055094795282928,0.5371156000813821,0.4285700147985592,0.503380584819032,0.7634709448618783,0.41720041939108155,0.7252939258828078,0.7075516292542243,0.760093205468597
0.5270596003587105,0.7331578367165423,0.51884149205273,1.0,0.6527484476532354,0.5012913625608197,0.414230274912217,0.6108711392504977,0.5473611537994635,0.5907778448932648,0.5532945644376557,0.6580666432737943,0.44653002045266865,0.5408754723478486,0.41782696616091936,0.6669316950008957,0.5254189664229678,0.6060682146622165,0.6595145148382799,0.8007664588577239,0.4136104960213417,0.4743194689767279,0.5962821910632259,0.4682048380215493,0.7249147574535256,0.5426737522469378,0.5782098740360306,0.6374835838236035,0.5657755233187891,0.5659239520151973,0.6186454489432256,0.5770730638971746,0.5741378401191457,0.7432188130327491,0.612927197919314,0.5770546028095889,0.4893834029001346,0.6202938245529699,0.650316765535196,0.6844740711510672,0.6356244544190319,0.6371160764999996,0.6428444310012928,0.6014704991242421,0.8222525426344088,0.5768048564907606,0.46798297438845193,0.637674191469269,0.6825509880345809,0.7114893382160017,0.7304256476226204,0.5033713886484988,0.7141936122634396,0.4479830260242685,0.7479328392222199,0.6219378953376822,0.5184266070902418,0.5622168156925266,0.6289619106247757,0.6753621915397565
0.7373828490204243,0.783514348781415,0.7388093731795549,0.6527484476532354,1.0,0.7484003915000423,0.6737566310962502,0.7358289462741519,0.7683868083027553,0.7913334016985626,0.7953208538760054,0.7305653653032813,0.7130580531484603,0.5861235398337061,0.5429702313052123,0.582967411370762,0.7191943996191172,0.6568912184240142,0.7872700932785744,0.5944092410263135,0.5189442038920457,0.6831142804956436,0.8856903704670254,0.518615575823142,0.7153419650113172,0.7338846328727022,0.7602163588730777,0.8040372745722786,0.9257091064749183,0.8275159774656651,0.8840382094114384,0.8150965944052334,0.9130432314537213,0.8339675744806433,0.8303074531579677,0.782038885766231,0.7699947560676056,0.7916176168646021,0.8286164608788893,0.8388949825819806,0.8817375715674108,0.8204148775976998,0.7207647147756331,0.7784496067647645,0.6672470252721157,0.8154077748888495,0.7268508941475187,0.5599810478182013,0.5261700026888798,0.5425204338068087,0.5384524724585098,0.7555681972955575,0.6491285100622252,0.6520436135739208,0.5786553007952304,0.8817522581421408,0.504787610453171,0.7999941689059418,0.7970701219625014,0.7655386368168112
0.754112509064405,0.6952250414079124,0.7194477403329531,0.5012913625608197,0.7484003915000423,1.0,0.7525226876690951,0.690199412688715,0.9129681254094747,0.8048671580826856,0.8777451217151576,0.6690680799205169,0.569446831742225,0.5763841811922563,0.48819072816393233,0.5734370665765068,0.5752615305733934,0.6246707159387103,0.7231893352993097,0.551758299376039,0.5916210538152923,0.7640554562833437,0.6742104929405662,0.5883229369196006,0.7651348495423245,0.7515395005790289,0.7710709263578364,0.6827675522847305,0.7522104145871525,0.794004399250052,0.8174161343486116,0.7872373586111869,0.8574194791237394,0.5368528367765435,0.7572610497130686,0.7459864805120162,0.8701306920673761,0.7219688668483075,0.7548000158356752,0.8191295053911055,0.663199081031185,0.6862860152701515,0.7363208298043491,0.6340467081890011,0.5343697041962578,0.7549277008640932,0.5744532257141679,0.5133784356683896,0.5058845931692069,0.5461878528916684,0.5626473474450057,0.7616955557769202,0.6792580461807587,0.5640944863446345,0.5540420031804175,0.6176002141889068,0.5731130419800292,0.772151200720036,0.8730473314785161,0.6690709982378631
0.6627462948989982,0.5468474006265442,0.5486669789971764,0.414230274912217,0.6737566310962502,0.7525226876690951,1.0,0.5270435738424001,0.7527919447122418,0.6199672715055358,0.7420917154658314,0.585660286999685,0.6295203660269665,0.578388522478745,0.5772728948252751,0.5990978490696747,0.5429409495486986,0.5447411764393306,0.6623668470540028,0.4500406253817758,0.566767177279509,0.6647378328106252,0.5450816634093804,0.5812590804854902,0.6417814553597749,0.6303313213121016,0.6290460657330328,0.5126374337733756,0.6301873023585914,0.6197284351992115,0.6576966045392136,0.6399274202326083,0.7645570386495104,0.5233682813571718,0.6000846580534616,0.5841909283167487,0.733696883132205,0.564416967614678,0.5819729467055835,0.666600815240961,0.5719128392451498,0.559864977396243,0.5310888250256666,0.4706566374011256,0.4423306472961177,0.6280722879677045,0.4922351448821553,0.5391763115939318,0.4770220666677917,0.5354766378015932,0.48094598576830566,0.7270266113035327,0.5888026638669104,0.6649239709612955,0.5316260450125692,0.5106832187752979,0.5324170874055474,0.6525682577820848,0.7035675047858783,0.5394124158188364
0.8340399645383023,0.6964727743458459,0.8849581372556903,0.6108711392504977,0.7358289462741519,0.690199412688715,0.5270435738424001,1.0,0.7060832235101382,0.8813029059007358,0.7496061528680273,0.822741566386837,0.5652485022083819,0.5045607831666927,0.4998312096490647,0.4829080354221234,0.5095843320461478,0.7632251769865015,0.7222413163543149,0.5043849926565767,0.5860304700626895,0.527412601941764,0.8209991048028366,0.4533698236325961,0.6345412052993349,0.7914967980369061,0.8383786088432654,0.9093394636967179,0.8181889106140936,0.7066095456934169,0.7898514378206725,0.8091339154356728,0.6711206990048024,0.7510648213471234,0.8532084189872151,0.8361698309439655,0.719923144467072,0.7947247643264983,0.8746233195801322,0.6516869808432525,0.8175498136171931,0.822683926496725,0.8274800853968122,0.8047696463306243,0.6083152020118395,0.8186174439052003,0.6388486087099383,0.576227256938169,0.48545654442850034,0.49507189883935954,0.5144196157503619,0.6992390955885911,0.6037548390085641,0.46902316807168704,0.5422203602725827,0.8016962908521628,0.4321872915494979,0.7435389195188635,0.7473324582416556,0.8702014836260116
0.7589859890204413,0.7122208339655294,0.7291845277388315,0.5473611537994635,0.7683868083027553,0.9129681254094747,0.7527919447122418,0.7060832235101382,1.0,0.8313702317963065,0.9037807540777854,0.7126145688372816,0.5957820086325756,0.5788168299490158,0.4936504114559783,0.5531529210861312,0.5350701276735694,0.5583285893358958,0.7854616153891427,0.5555852656477156,0.5420468480640612,0.7337044455959782,0.6845804472469492,0.5812597087511121,0.7461100262556335,0.834472273964523,0.7832976783612344,0.6839871973558148,0.7846177117637104,0.8249706551826426,0.8183069744315457,0.7732833566499931,0.8236760381273154,0.5694890243936582,0.7696364040156947,0.7406070061519112,0.8183148093452403,0.7382209773351593,0.7875834673548029,0.8137920357143609,0.6671678335054476,0.6910551495154942,0.6986071257420857,0.7169939155853713,0.6099723957200937,0.7306961521952949,0.671869982117029,0.5897715348523364,0.5125140921286867,0.5062159605835082,0.534478389465155,0.6930370634068066,0.7528041199840876,0.4874207578179134,0.6112141835101318,0.6690085010737357,0.6059538540349407,0.7321325082250763,0.9249444998468237,0.7104589085935461
0.874433926566853,0.8359427691998326,0.826470858863046,0.5907778448932648,0.7913334016985626,0.8048671580826856,0.6199672715055358,0.8813029059007358,0.8313702317963065,1.0,0.8387692146659687,0.8718139908391922,0.6389065129273862,0.6242507415138656,0.5047189769699088,0.5610759367505065,0.5550318879224799,0.6969196147728074,0.772951138491382,0.5483185683246028,0.6517576234010558,0.6676094050534773,0.8771154231181237,0.5226717276107806,0.7653578693935048,0.8965900159672178,0.8706712030739483,0.8748739996985458,0.8700833716049795,0.8754741187100681,0.9000780043403174,0.8932166394176544,0.7367715534773338,0.727613078518653,0.9046079106773647,0.9365745127742559,0.8283489442493,0.9076668846770024,0.9409343187526042,0.7880797178462942,0.8090073187250798,0.8377500148757326,0.9005038071013903,0.8942144699270645,0.6420506466521919,0.8293209311945194,0.7108519109405709,0.6416122938970055,0.4923596110097222,0.515804888748271,0.49307876314613563,0.7203407710751065,0.6981892239607342,0.5131200420750063,0.5398009280901188,0.7827456332378003,0.5634564398126297,0.8175768012511977,0.8952861837344523,0.9044686829298596
0.7842049642909968,0.7893527965776672,0.7870219446480071,0.5532945644376557,0.7953208538760054,0.8777451217151576,0.7420917154658314,0.7496061528680273,0.9037807540777854,0.8387692146659687,1.0,0.7189580182277732,0.6325172680653586,0.6244583232426572,0.4926459460391596,0.537574713522114,0.5233945697330656,0.6067912699647066,0.8076641910805226,0.4951514376889962,0.545375020558055,0.7638174925502015,0.7426568398402783,0.5364672567884744,0.7411520080276259,0.7610710422551478,0.8019234713088039,0.7597032832694991,0.7771499543426497,0.7893773218146083,0.8662923888438352,0.7936064280105615,0.7770655207281937,0.6340602008921932,0.8092443302329247,0.8226303001290015,0.8613253742405101,0.7752367633804038,0.8136876596641726,0.8039731264918901,0.7501694431604604,0.7342560987744566,0.704158530156989,0.764114965550512,0.6319318756959245,0.7579107162919307,0.640493802617639,0.6014822248300373,0.5301572052223431,0.4661261134665923,0.500292301761635,0.7322577611851682,0.7796680180650565,0.49275535965831363,0.6256343570964993,0.6881453415504147,0.6681722497466785,0.7303199589546902,0.8468193670225233,0.763282934339859
0.8941376814701958,0.7201595843379694,0.7534280857603395,0.6580666432737943,0.7305653653032813,0.6690680799205169,0.585660286999685,0.822741566386837,0.7126145688372816,0.8718139908391922,0.7189580182277732,1.0,0.5571715177383947,0.5036451166894622,0.5826590414931416,0.5489572500466828,0.49097097827116665,0.6520399277520837,0.7358791354924746,0.43515728403478426,0.6042375816510127,0.5171264097623152,0.8080287878527639,0.43582646969914157,0.6765888535374016,0.8359723100575842,0.8984464133604583,0.7861766370314305,0.7618430772693328,0.7527408730533658,0.8033726294845603,0.8587958220957563,0.6722030803648185,0.8156333868883188,0.901441367464684,0.8126949557766651,0.7052151963380748,0.8160215701061798,0.9339693408018397,0.7239015243607761,0.7968970089231417,0.8577813779786941,0.9263116673143381,0.8267490236554961,0.502829842412613,0.8668356324895587,0.5749649462495889,0.5814275978062041,0.5661995776228216,0.41072603866314183,0.36352749531500606,0.5940368976106383,0.6147053743585639,0.4909540047454814,0.4611735023553469,0.8267780703862531,0.4243141802237509,0.778869028431578,0.7988739653798544,0.9304748749194183
0.5945961869229677,0.6085590080462018,0.5425277724877747,0.44653002045266865,0.7130580531484603,0.569446831742225,0.6295203660269665,0.5652485022083819,0.5957820086325756,0.6389065129273862,0.6325172680653586,0.5571715177383947,1.0,0.7166114589073642,0.5888085103187538,0.5794394516513771,0.7701356137597201,0.5579820427746781,0.7055041620492473,0.49875732725700833,0.7115171610518258,0.7807165546392589,0.6598159027012647,0.7013067400527805,0.5781173389420573,0.5911245562687178,0.5898858817076597,0.5648710724807224,0.727891695716665,0.6668426131176186,0.6927750941859614,0.6741331021659912,0.6437376002107358,0.6002383924077306,0.576284346225051,0.6268911439430372,0.5816922143765487,0.6292697055803659,0.6503249905663819,0.6657753305158022,0.6068145278192388,0.63472473885032,0.5315817226657076,0.5486597180311004,0.46227594209313017,0.5114622189457243,0.7945273268193077,0.6419373036411905,0.48122745415657747,0.579245872903162,0.5503585787043643,0.6809914393414868,0.581441093583702,0.7545103605639595,0.6094782533093976,0.6153905848294798,0.7102531564940379,0.5969291861601501,0.6396581338784645,0.5871308814259121
0.5934232277470244,0.7444579366806433,0.5307012038087772,0.5408754723478486,0.5861235398337061,0.5763841811922563,0.578388522478745,0.5045607831666927,0.5788168299490158,0.6242507415138656,0.6244583232426572,0.5036451166894622,0.7166114589073642,1.0,0.5177216417853584,0.6832253762418181,0.5067051485059076,0.5146920556047794,0.5400785107713468,0.5516661052826184,0.5513263654965368,0.6067959746543987,0.6057667734459571,0.6165897668417606,0.6207011842474175,0.5946199178002829,0.5849701849990423,0.5808704991978983,0.6078936662150644,0.5868327959595667,0.7011247811050174,0.6508630632946087,0.5303986527176898,0.5044784028489995,0.5991667366424569,0.5816769909547569,0.586055473275896,0.633412518231565,0.5891468425443978,0.5820024382782834,0.5439194337721649,0.5497740899262487,0.5204277100082655,0.5657228451497189,0.6682342813357347,0.5158905610864888,0.5233999997106081,0.7090977137283005,0.5037386088820679,0.5994110979791083,0.5574005133647606,0.5664602249124059,0.6656155434781003,0.5176263362914266,0.7174005578599835,0.49048174008686385,0.7332507381949036,0.5946256086038824,0.6188687708545404,0.5501030036440799
0.5072144101174628,0.47280922401247477,0.42621138235951833,0.41782696616091936,0.5429702313052123,0.48819072816393233,0.5772728948252751,0.4998312096490647,0.4936504114559783,0.5047189769699088,0.4926459460391596,0.5826590414931416,0.5888085103187538,0.5177216417853584,1.0,0.6537467008420741,0.6107283091259363,0.660794293419147,0.5174128307888879,0.4249435611731622,0.7347354732779727,0.49088821760503354,0.5034935127178677,0.7179438657234224,0.5041097314456312,0.5130387595508399,0.5835516997959546,0.47749159959696674,0.44710162346070315,0.5538499844291176,0.5408800006664681,0.5566002734978374,0.5345370523093919,0.5124083598539764,0.5875760141659153,0.5287988006328201,0.5361063523234095,0.5737748439568728,0.5555134958026128,0.559135395109188,0.4922866732710224,0.47643864263941127,0.5423228858430196,0.5623149809256728,0.373562418017013,0.6220424251576245,0.4275910985910336,0.6076157239239277,0.696427747632388,0.4935133477955909,0.4915069960584176,0.6124958921903144,0.39393007242996547,0.6492720849298315,0.4350620096764227,0.4841869290832553,0.4153860727545869,0.6123698418419565,0.5786024978338697,0.5825983650030523
0.4907493926464661,0.7008879148326999,0.40275088612245097,0.6669316950008957,0.582967411370762,0.5734370665765068,0.5990978490696747,0.4829080354221234,0.5531529210861312,0.5610759367505065,0.537574713522114,0.5489572500466828,0.5794394516513771,0.6832253762418181,0.6537467008420741,1.0,0.6575147147153622,0.602336536805013,0.5493059312742281,0.6889344175929071,0.696095501587535,0.5756672112848629,0.5397996397323521,0.731222527744179,0.7494608708591869,0.4954856699398418,0.5659697480533176,0.5011228462353267,0.5123087431509384,0.6027226286212457,0.5973895962181828,0.555793642290692,0.5455667831872957,0.5639223725997864,0.5998466451830873,0.5773006789162209,0.5475995372846694,0.5580711373555991,0.5773567340974411,0.6527611527119654,0.5043957147436362,0.4905787661052544,0.5812873321781005,0.5400919137973292,0.6094628240759419,0.5593750501323234,0.41487446574830616,0.7408694368910695,0.7230155799835942,0.8437787719924028,0.7044633825206859,0.6044116891074706,0.6310531638325484,0.676008186748233,0.6186081684039164,0.490119003138879,0.6200231528053172,0.5744570684515864,0.6204618783670177,0.5705284402223973
0.46056576049242726,0.588032831205218,0.4235693330044622,0.5254189664229678,0.7191943996191172,0.5752615305733934,0.5429409495486986,0.5095843320461478,0.5350701276735694,0.5550318879224799,0.5233945697330656,0.49097097827116665,0.7701356137597201,0.5067051485059076,0.6107283091259363,0.6575147147153622,1.0,0.7100296579563119,0.6607171219941651,0.6318036370896349,0.7986210048839961,0.7666660778809917,0.5914492666539484,0.8342779522180003,0.7136569824327845,0.456307270362964,0.5372149926608654,0.51922262571267,0.6240429409698917,0.6265022229543641,0.6124762708665048,0.5467894516305882,0.6680469568216607,0.6314393754454107,0.5447130192763026,0.6202208290078538,0.5480829833393093,0.6082734252978915,0.5461494915674743,0.6763282837634843,0.5924454544215388,0.5969846900669236,0.5487382718576621,0.49112366826020626,0.4647746396599254,0.5039695426653419,0.6949733198232657,0.5979468535602336,0.602052542382077,0.6214429046025033,0.6695881054178277,0.7428786683144349,0.46837349838851716,0.8782363708207452,0.4426045003443872,0.5491873115461664,0.6220050421293297,0.5874906060050923,0.6014390711064691,0.553067560766865
0.6379373510363338,0.625347294755044,0.631118571536906,0.6060682146622165,0.6568912184240142,0.6246707159387103,0.5447411764393306,0.7632251769865015,0.5583285893358958,0.6969196147728074,0.6067912699647066,0.6520399277520837,0.5579820427746781,0.5146920556047794,0.660794293419147,0.602336536805013,0.7100296579563119,1.0,0.654100486975528,0.656673699394656,0.7732108670115732,0.5596376387480304,0.6778125002315631,0.6713727944516389,0.7359668187018047,0.6162761928893384,0.7036108569917479,0.7791993784636457,0.6201377637238956,0.6242819881932103,0.684168846583593,0.7006931425806783,0.6068918180773155,0.6778732325882547,0.7058329057519291,0.7158947458435976,0.5755301577466583,0.7284928082038267,0.68268190193854,0.6588109620560447,0.6972946695637036,0.7255914821912032,0.739193955555639,0.649029619167931,0.5665063100205527,0.6600269030796256,0.5132540547486166,0.5839843703308477,0.5737739526577175,0.5981068561687063,0.6723296372253829,0.8381475248152149,0.5193401990486677,0.6273091327454857,0.5603534844536155,0.589824367115561,0.4960319111786936,0.7260562027538493,0.6886916767079454,0.7343379894408504
0.7082805592220905,0.701136681540175,0.6355623463298947,0.6595145148382799,0.7872700932785744,0.7231893352993097,0.6623668470540028,0.7222413163543149,0.7854616153891427,0.772951138491382,0.8076641910805226,0.7358791354924746,0.7055041620492473,0.5400785107713468,0.5174128307888879,0.5493059312742281,0.6607171219941651,0.654100486975528,1.0,0.5330395157471401,0.5579785831134285,0.7404622896808962,0.7476812345234718,0.611562029204864,0.7972907582537347,0.7170110511933275,0.7672482091899613,0.6649978753495988,0.7791239794753271,0.735438588816798,0.8082722926056526,0.7776024640790974,0.7475643295063537,0.7732327499173974,0.6975621351108449,0.7670945616482645,0.6905824928720757,0.7122813604078384,0.8014178387558454,0.8414769866215673,0.6979018622414879,0.7427827313803598,0.6660683842218554,0.6781738909004109,0.6267457420850486,0.6248531367321241,0.7583139707414378,0.7156739908435789,0.6579311097209627,0.44226014581623474,0.530857987552761,0.6866498727252046,0.819135658504211,0.5866844787071969,0.6645377145909623,0.7149160003189255,0.6210863224373482,0.775159244687512,0.7959326685373413,0.8289307476971676
0.3922615425286383,0.6712999009973858,0.3947950035615141,0.8007664588577239,0.5944092410263135,0.551758299376039,0.4500406253817758,0.5043849926565767,0.5555852656477156,0.5483185683246028,0.4951514376889962,0.43515728403478426,0.49875732725700833,0.5516661052826184,0.4249435611731622,0.6889344175929071,0.6318036370896349,0.656673699394656,0.5330395157471401,1.0,0.5307587478323377,0.5418208772282144,0.4869674544158925,0.6040692792252542,0.7351592521890595,0.4966992163984364,0.41739638626135483,0.5448919578195895,0.5067040254763989,0.5681130381847909,0.5406953420006672,0.4894929676827696,0.5670673657478138,0.508043153326547,0.4823807217197394,0.5038557683580992,0.45838494531905416,0.5711790483919836,0.511560605308544,0.6690726791931398,0.5120882509508322,0.4626111678099586,0.4985290051423138,0.48778141905398276,0.760838952795224,0.45358511748701436,0.4759636839515533,0.613362631191117,0.6532052552850615,0.8746753903259534,0.9207131299420384,0.654194387267526,0.665156296570902,0.5083047676688273,0.7758099963488392,0.42071268499290343,0.6277542632465651,0.5016029771375944,0.6278761743397153,0.48081396813375726
0.5540002423289766,0.5419329997612767,0.4868965850838035,0.4136104960213417,0.5189442038920457,0.5916210538152923,0.566767177279509,0.5860304700626895,0.5420468480640612,0.6517576234010558,0.545375020558055,0.6042375816510127,0.7115171610518258,0.5513263654965368,0.7347354732779727,0.696095501587535,0.7986210048839961,0.7732108670115732,0.5579785831134285,0.5307587478323377,1.0,0.6976370376840111,0.5244102832268946,0.8516059540514698,0.6757618643294055,0.5511086873712656,0.6233578259171736,0.5370168512456562,0.495611153328462,0.6301746982627694,0.5567961290560459,0.5860602037516804,0.4901495685344301,0.5028923806658265,0.6102197384593822,0.6831319968293548,0.5665667927794089,0.6593269904423673,0.6173404538799956,0.595870435956988,0.5191087784102122,0.5552736874262874,0.6824934209828466,0.570310424118691,0.3550003568700405,0.5758951735602607,0.5778678568598368,0.6205208145698614,0.5646259687098569,0.6199716675584791,0.5901706924567994,0.7579815482687267,0.4569401818243123,0.7858523700822679,0.4087936885498381,0.4466442161602596,0.621436914290932,0.5923412353977984,0.6415021607621874,0.6320338043357161
0.5761581292877923,0.6755202418953563,0.5349384810250272,0.4743194689767279,0.6831142804956436,0.7640554562833437,0.6647378328106252,0.527412601941764,0.7337044455959782,0.6676094050534773,0.7638174925502015,0.5171264097623152,0.7807165546392589,0.6067959746543987,0.49088821760503354,0.5756672112848629,0.7666660778809917,0.5596376387480304,0.7404622896808962,0.5418208772282144,0.6976370376840111,1.0,0.5969012471171282,0.7745732616402508,0.7514623493771747,0.5852519578526648,0.5902919329307397,0.5447052753230913,0.6428932440752626,0.7293998183700848,0.7348274228974379,0.684177386004426,0.6924850233580097,0.5103831986854694,0.569504220024346,0.6943362207886609,0.741461012791824,0.6658154470096203,0.6268627270029034,0.7939697778286934,0.5313804479600214,0.5583706898259891,0.5632603523058718,0.5372535135362743,0.516289115308837,0.5322444299808913,0.7721173471442483,0.6060173574792881,0.5665302573170472,0.5473905862235815,0.6015912752758827,0.6718592994907138,0.7142049431421444,0.686216658279208,0.5268075818353744,0.47889716380661573,0.8198177045269748,0.6850606041356375,0.7346794167530164,0.5759124582698609
0.8033210782347758,0.7989890768279483,0.7553001255087901,0.5962821910632259,0.8856903704670254,0.6742104929405662,0.5450816634093804,0.8209991048028366,0.6845804472469492,0.8771154231181237,0.7426568398402783,0.8080287878527639,0.6598159027012647,0.6057667734459571,0.5034935127178677,0.5397996397323521,0.5914492666539484,0.6778125002315631,0.7476812345234718,0.4869674544158925,0.5244102832268946,0.5969012471171282,1.0,0.45480999428627583,0.6801684388135072,0.7665476576338681,0.7921934559262129,0.9003332397142065,0.9270938006520364,0.788131038634834,0.9272152170468759,0.8819862343183935,0.7631138794449586,0.8512457853591859,0.9118752439008901,0.8334333796336644,0.7113681868551494,0.8398612395344227,0.894245190374714,0.7624683676669358,0.8908428603268834,0.8627972716301974,0.8266184616492342,0.8578131039378034,0.624862210619266,0.8360873192249973,0.7066629022612194,0.5475138476461137,0.453277544933703,0.45889936743828236,0.42129110084727134,0.700491734686384,0.6035951743550267,0.5504074185129958,0.5261856454120473,0.9284601654562934,0.4581204283045885,0.8407816897893549,0.7457459250367401,0.8569517618849934
0.41086085253885496,0.5759525069238365,0.37015811969658763,0.4682048380215493,0.518615575823142,0.5883229369196006,0.5812590804854902,0.4533698236325961,0.5812597087511121,0.5226717276107806,0.5364672567884744,0.43582646969914157,0.7013067400527805,0.6165897668417606,0.7179438657234224,0.731222527744179,0.8342779522180003,0.6713727944516389,0.611562029204864,0.6040692792252542,0.8516059540514698,0.7745732616402508,0.45480999428627583,1.0,0.7366911203963754,0.4650943035425003,0.4856135725081435,0.3970520264055492,0.4562859354040558,0.6077087964081594,0.5397393190995639,0.5143628516606358,0.5240108685154143,0.40945230970015223,0.45980341917365974,0.5641852328781555,0.5551925632573964,0.5197634811543697,0.4708695551414935,0.6505926080327809,0.36559467394413925,0.4143130917971514,0.4951333045795443,0.4607399311949082,0.47580838798453984,0.42428191147474514,0.6071981186833384,0.7052421553395049,0.6772079424778028,0.6378057433048098,0.7099844229556271,0.6836517435000813,0.5597834263299568,0.7750301972316447,0.5392737130892662,0.36025517345049834,0.7147277182157623,0.591726203104084,0.6118990588010637,0.4854031141057278
0.6430162975171012,0.8483827086172901,0.5335281029320796,0.7249147574535256,0.7153419650113172,0.7651348495423245,0.6417814553597749,0.6345412052993349,0.7461100262556335,0.7653578693935048,0.7411520080276259,0.6765888535374016,0.5781173389420573,0.6207011842474175,0.5041097314456312,0.7494608708591869,0.7136569824327845,0.7359668187018047,0.7972907582537347,0.7351592521890595,0.6757618643294055,0.7514623493771747,0.6801684388135072,0.7366911203963754,1.0,0.6557197274753218,0.7046323193165129,0.6647171634882253,0.660583460644228,0.7304532849259322,0.7746233834697396,0.7103042031609605,0.6844564752995118,0.6564516214444633,0.7105305139203562,0.7623126477253254,0.6902261636793926,0.7678198375682822,0.7214055457291776,0.829742293836846,0.650993942639416,0.6709959206528731,0.7219651036235759,0.6514037230789775,0.6810839281472542,0.6297758758168612,0.5866022250900584,0.6911102724297804,0.710647806095557,0.6640477849248381,0.6945952059167161,0.7378389313314437,0.7940202900057988,0.6433509667664584,0.6407027954353284,0.5662060325651177,0.7197524276174752,0.7151432259024052,0.8036813424048986,0.740237941385749
0.9122421045373736,0.7396703057586801,0.7551046093811026,0.5426737522469378,0.7338846328727022,0.7515395005790289,0.6303313213121016,0.7914967980369061,0.834472273964523,0.8965900159672178,0.7610710422551478,0.8359723100575842,0.5911245562687178,0.5946199178002829,0.5130387595508399,0.4954856699398418,0.456307270362964,0.6162761928893384,0.7170110511933275,0.4966992163984364,0.5511086873712656,0.5852519578526648,0.7665476576338681,0.4650943035425003,0.6557197274753218,1.0,0.8435263161328997,0.7723111637585626,0.8136588320448357,0.8514501104640072,0.825992197311988,0.907265174274286,0.7204115879583392,0.6428929826330803,0.8169641001581521,0.8088813204536212,0.7234666360994593,0.8333287713710394,0.8818470527238708,0.7470919533670128,0.717754388546594,0.7778313319449917,0.8032393752731753,0.8403703930792398,0.5886560483716345,0.7717254199180885,0.7008378747043864,0.6074078204774982,0.45394122440000206,0.4445027491331894,0.4543939256344875,0.6292522876833417,0.6504802399992466,0.3775529022789941,0.5099564500115694,0.7197758247654525,0.4916457914131643,0.8191034910385497,0.9174329562611507,0.8354750149790867
0.9349921171989009,0.7259129703429932,0.8206596380765948,0.5782098740360306,0.7602163588730777,0.7710709263578364,0.6290460657330328,0.8383786088432654,0.7832976783612344,0.8706712030739483,0.8019234713088039,0.8984464133604583,0.5898858817076597,0.5849701849990423,0.5835516997959546,0.5659697480533176,0.5372149926608654,0.7036108569917479,0.7672482091899613,0.41739638626135483,0.6233578259171736,0.5902919329307397,0.7921934559262129,0.4856135725081435,0.7046323193165129,0.8435263161328997,1.0,0.8075976874918125,0.8221877411872589,0.7580153286093138,0.8613201595286053,0.8858336617075174,0.7345078119328363,0.7835599036383278,0.9120354942673801,0.8405094896260655,0.7571009094022758,0.8321066848417116,0.9046487483051697,0.6925066820533299,0.8123927493028738,0.8871997003887296,0.8606005058970989,0.7770389310680079,0.5381362201999601,0.8480399487126628,0.6097319122323166,0.6321042347924701,0.5482870585079047,0.42259363600157657,0.41428130473898445,0.6560050079016757,0.6165340005307386,0.5083139972220501,0.4779017301880796,0.7761200926106363,0.49375580442460454,0.8104263437771829,0.8380856408063473,0.9105723687720537
0.809866507095928,0.7748155681268887,0.8541216530362192,0.6374835838236035,0.8040372745722786,0.6827675522847305,0.5126374337733756,0.9093394636967179,0.6839871973558148,0.8748739996985458,0.7597032832694991,0.7861766370314305,0.5648710724807224,0.5808704991978983,0.47749159959696674,0.5011228462353267,0.51922262571267,0.7791993784636457,0.6649978753495988,0.5448919578195895,0.5370168512456562,0.5447052753230913,0.9003332397142065,0.3970520264055492,0.6647171634882253,0.7723111637585626,0.8075976874918125,1.0,0.8429516666066729,0.7160504120988178,0.8714079867088593,0.8264217385379329,0.6995084827267731,0.7889204798895707,0.9076038476087964,0.8312385119945169,0.7069840266275119,0.8650919853111446,0.8615738687567166,0.6728520978752033,0.9034760124425152,0.8639202044939577,0.8241673844202639,0.8562401409588103,0.6856281468774441,0.829436984530868,0.6285532893956113,0.5292583912892413,0.4152721644920613,0.5108212332098236,0.4850686851036182,0.7035005395031599,0.5768719700547018,0.46761504720505964,0.565197866966933,0.8324572894796505,0.44936776568020853,0.7599254971171842,0.7476369712554894,0.8517095977663187
0.8252400713692862,0.7541055170404634,0.8089722363891143,0.5657755233187891,0.9257091064749183,0.7522104145871525,0.6301873023585914,0.8181889106140936,0.7846177117637104,0.8700833716049795,0.7771499543426497,0.7618430772693328,0.727891695716665,0.6078936662150644,0.44710162346070315,0.5123087431509384,0.6240429409698917,0.6201377637238956,0.7791239794753271,0.5067040254763989,0.495611153328462,0.6428932440752626,0.9270938006520364,0.4562859354040558,0.660583460644228,0.8136588320448357,0.8221877411872589,0.8429516666066729,1.0,0.8230347045782075,0.9111983338410379,0.8681652312348704,0.8673166858208473,0.8072219807928821,0.850279938473229,0.8067632406606279,0.7520099413862628,0.7951467299988905,0.8632785601716726,0.759322713259704,0.8592717723435987,0.8721519671587605,0.7623629094961817,0.7743267629197601,0.6331091519012957,0.7897807049234994,0.7801767330226576,0.567324427989105,0.41953931802061123,0.4936043969661301,0.4658841927196817,0.7065048382510287,0.6214831868532166,0.5787109606629619,0.5462928837311833,0.9028656444062431,0.485669459234657,0.8185088489219907,0.8031527152567841,0.7938141355589358
0.7596820457145983,0.8122654732748403,0.7369285180936254,0.5659239520151973,0.8275159774656651,0.794004399250052,0.6197284351992115,0.7066095456934169,0.8249706551826426,0.8754741187100681,0.7893773218146083,0.7527408730533658,0.6668426131176186,0.5868327959595667,0.5538499844291176,0.6027226286212457,0.6265022229543641,0.6242819881932103,0.735438588816798,0.5681130381847909,0.6301746982627694,0.7293998183700848,0.788131038634834,0.6077087964081594,0.7304532849259322,0.8514501104640072,0.7580153286093138,0.7160504120988178,0.8230347045782075,1.0,0.849712782688095,0.8656797646914386,0.7865044627166251,0.6392689450806218,0.7817113722190171,0.889864418428371,0.8408700949115733,0.79706211016706,0.8519144581434495,0.8603988756332746,0.6665324148334585,0.7164966177972395,0.783603068383818,0.8601715078368868,0.6434315509451617,0.7483006304757743,0.7484032867312658,0.6112098034570497,0.5131696531943769,0.5605428119055766,0.5355124956163464,0.6618161813041825,0.6443473204525719,0.5543250751494498,0.5133820151419827,0.7190358080044326,0.5427409125319033,0.8384565226795063,0.89729388778877,0.7675515925792334
0.861288546058614,0.8552365569277567,0.7636313622524721,0.6186454489432256,0.8840382094114384,0.8174161343486116,0.6576966045392136,0.7898514378206725,0.8183069744315457,0.9000780043403174,0.8662923888438352,0.8033726294845603,0.6927750941859614,0.7011247811050174,0.5408800006664681,0.5973895962181828,0.6124762708665048,0.684168846583593,0.8082722926056526,0.5406953420006672,0.5567961290560459,0.7348274228974379,0.9272152170468759,0.5397393190995639,0.7746233834697396,0.825992197311988,0.8613201595286053,0.8714079867088593,0.9111983338410379,0.849712782688095,1.0,0.9288118405030632,0.8131500417422177,0.7870712893628689,0.9129112481556376,0.8611489475159677,0.8003776921367057,0.8765069335128267,0.9047537905422359,0.8475327306511133,0.83890467095047,0.8431197018392058,0.8051960837059495,0.8284084480856594,0.6708821970804734,0.8320728401990548,0.7025593587595979,0.6194242097086123,0.5305989738003516,0.5062442354027349,0.5012193572779602,0.7224962052737085,0.7058956503429484,0.5505101170374073,0.6056821516900399,0.8335667264367072,0.593485802630762,0.8698345489044929,0.8556839703159396,0.8577077130109692
0.9279940559444378,0.7845168062446145,0.771993798118064,0.5770730638971746,0.8150965944052334,0.7872373586111869,0.6399274202326083,0.8091339154356728,0.7732833566499931,0.8932166394176544,0.7936064280105615,0.8587958220957563,0.6741331021659912,0.6508630632946087,0.5566002734978374,0.555793642290692,0.5467894516305882,0.7006931425806783,0.7776024640790974,0.4894929676827696,0.5860602037516804,0.684177386004426,0.8819862343183935,0.5143628516606358,0.7103042031609605,0.907265174274286,0.8858336617075174,0.8264217385379329,0.8681652312348704,0.8656797646914386,0.9288118405030632,1.0,0.7716940054672118,0.750264487126101,0.8801601171585844,0.8506271002192435,0.7715465279983054,0.8553225830715554,0.9309321390797335,0.8267046734338873,0.7792132366252564,0.8413496761905706,0.8534158278851887,0.8263342190078744,0.5825457300084592,0.830143104551252,0.696684743319618,0.5964160555731323,0.5032436765963715,0.4661739868735261,0.4700961829206977,0.684965535380472,0.666496944518182,0.4785089771944275,0.5494333311864197,0.7988039228833739,0.5326782434118071,0.9276279439260111,0.8735335353355314,0.8770894555576305
0.713313217152808,0.6663915560416848,0.6932500302748067,0.5741378401191457,0.9130432314537213,0.8574194791237394,0.7645570386495104,0.6711206990048024,0.8236760381273154,0.7367715534773338,0.7770655207281937,0.6722030803648185,0.6437376002107358,0.5303986527176898,0.5345370523093919,0.5455667831872957,0.6680469568216607,0.6068918180773155,0.7475643295063537,0.5670673657478138,0.4901495685344301,0.6924850233580097,0.7631138794449586,0.5240108685154143,0.6844564752995118,0.7204115879583392,0.7345078119328363,0.6995084827267731,0.8673166858208473,0.7865044627166251,0.8131500417422177,0.7716940054672118,1.0,0.7096058797796208,0.7440564730879526,0.6858471613982264,0.8147398300409225,0.6868503316644888,0.7392129042521451,0.8236621411111876,0.7743521993915612,0.7509906750227764,0.6775375900771147,0.63354274697994,0.5800734959666528,0.7917545024246624,0.6752027315422086,0.4991811690389566,0.5338268916292781,0.5349159125928048,0.5472678865696977,0.7468507601010973,0.6111944624816651,0.6672971093908248,0.537179276500542,0.7698270304413658,0.46593094156380044,0.805846553546473,0.8251250436501799,0.6662080934999891
0.7402602356329278,0.7061639328074791,0.6694280558965764,0.7432188130327491,0.8339675744806433,0.5368528367765435,0.5233682813571718,0.7510648213471234,0.5694890243936582,0.727613078518653,0.6340602008921932,0.8156333868883188,0.6002383924077306,0.5044784028489995,0.5124083598539764,0.5639223725997864,0.6314393754454107,0.6778732325882547,0.7732327499173974,0.508043153326547,0.5028923806658265,0.5103831986854694,0.8512457853591859,0.40945230970015223,0.6564516214444633,0.6428929826330803,0.7835599036383278,0.7889204798895707,0.8072219807928821,0.6392689450806218,0.7870712893628689,0.750264487126101,0.7096058797796208,1.0,0.8192343597028262,0.7370896651950166,0.5761722658683104,0.7598464752352978,0.8175493756759057,0.6752453728913603,0.9010214195309659,0.8874455362528282,0.7714765725270756,0.7358660848828332,0.5961406028554411,0.7711180365117376,0.6466086459885486,0.6023489218856619,0.591866211196351,0.4573838636664894,0.4488333297775201,0.655957967821006,0.6009770923508466,0.5924116425384561,0.5023978774890997,0.8862849024460292,0.43588800856093723,0.7153755378514182,0.6452554609870274,0.854324808914526
0.8909429955923983,0.7980073691454487,0.8027627076388985,0.612927197919314,0.8303074531579677,0.7572610497130686,0.6000846580534616,0.8532084189872151,0.7696364040156947,0.9046079106773647,0.8092443302329247,0.901441367464684,0.576284346225051,0.5991667366424569,0.5875760141659153,0.5998466451830873,0.5447130192763026,0.7058329057519291,0.6975621351108449,0.4823807217197394,0.6102197384593822,0.569504220024346,0.9118752439008901,0.45980341917365974,0.7105305139203562,0.8169641001581521,0.9120354942673801,0.9076038476087964,0.850279938473229,0.7817113722190171,0.9129112481556376,0.8801601171585844,0.7440564730879526,0.8192343597028262,1.0,0.8522329591492446,0.7577416169905133,0.8883161550272625,0.9380269105047645,0.7350882315306109,0.9053096815752573,0.8716709260479236,0.8965431126158989,0.879396460887935,0.5798512957931072,0.9380206629118577,0.5877302576507868,0.5469863731481934,0.5091201555006624,0.4811916582127015,0.4214801147809659,0.7074892316052693,0.5958314514845765,0.5243929092376811,0.49583784757558663,0.8810021949258025,0.4619025254713156,0.8023395828728853,0.8134803860138421,0.9054760239753168
