1.0,0.35869347146701763,0.38637868895333866,0.18516993902253406,0.4594988913171439,0.4261241126600733,0.1675457695120151,0.5299442562228249,0.4582772362696699,0.6699141777738167,0.5137197647996268,0.7126092012295892,0.3003298015452921,0.24034873997045209,0.13711866394705172,0.07220824507235368,0.11913568770154374,0.1982860886142181,0.4258970867656965,-0.014672635321343691,0.1982718011018641,0.22587549750207173,0.5838923073759346,-0.011168332015246913,0.31688542891221283,0.7718042392360569,0.8654759382002734,0.5642771605158508,0.6180349311879569,0.5404628678666897,0.630554200067792,0.6981908689557297,0.49132999344142425,0.51023557679822,0.7588762874031316,0.5839171621766688,0.507787047842006,0.5304886195554073,0.692773181306088,0.28168963966428506,0.5047459816911091,0.6822148910261395,0.6604133133602685,0.4399180729817548,0.15266923726475376,0.6035070472157879,0.34310043846538096,0.14154980287508076,0.12017484500883398,-0.029166718646364137,-0.04032914406925706,0.39453778130643424,0.22852449871068997,0.13229987402003163,3.809973094992536E-5,0.5752621888620418,0.12359603807037525,0.6587000614942871,0.5471403726261965,0.6744810973193126
0.35869347146701763,1.0,0.19620665450342054,0.416112871886666,0.5336885242830455,0.3316245903713481,0.03965603677052654,0.36513843105002997,0.3978855116558577,0.5309296405441091,0.462398627223362,0.3172312105073677,0.38445279016755185,0.5471517163333015,0.11546702281307566,0.47656170145704263,0.3140655945640122,0.32868317643220735,0.39788626029361984,0.4136173299957613,0.17821368572976792,0.4919610015001158,0.5132905594361374,0.3236427806580848,0.6105792124179358,0.41015882579817253,0.38327499331419823,0.5379707883815694,0.5137157442613608,0.5546776051647796,0.5872591774633995,0.42819786114184666,0.40206724898662644,0.4463409575354166,0.4892988796183853,0.5670868829060893,0.40896681233951293,0.5522810318308475,0.5079223291870398,0.3938018206069781,0.47131991472981183,0.5076118973821245,0.428969130387002,0.5200293487526155,0.6156180941295069,0.26960618538277764,0.3889189785301817,0.41082883019485184,0.37808777865392723,0.3550274947114589,0.32992904428358905,0.3376438716148412,0.5435122680939466,0.1246395095571348,0.18685754528897047,0.34217939640053385,0.562951331960481,0.3608006156797583,0.5500185492636445,0.45873609236494167
0.38637868895333866,0.19620665450342054,1.0,0.1335746599452391,0.33643581393335287,0.3093909983013206,0.06625128647587418,0.5963160535410612,0.3565135213970375,0.42373490631594707,0.3749250804987509,0.4188570346600654,0.07001043927509422,0.13829660019965942,-0.1407384222428977,-0.22442931609898906,-0.1090047203064712,0.0830120250023203,0.1433568848262446,-0.09515428870409567,-0.12406311971831911,0.11307990703386417,0.3521871403557152,-0.1055570698034567,0.02380171207902092,0.4561038583304324,0.4300593045083524,0.6103658555945233,0.48944408049241356,0.3028124754407327,0.2725941022411267,0.3915857581012121,0.2149790296871636,0.14881240155833056,0.40348021436629394,0.3944801963188189,0.4761767232084762,0.3095401355187433,0.3744547389365688,0.17116018685815024,0.318933645257336,0.4068532385807256,0.34401728767271783,0.4945820319850287,0.3289111069944511,0.33717970760567006,0.20018404445947297,0.09751852774495248,-0.10721914663832055,-0.1432067261260706,-0.10483158984730243,0.07404986132726514,0.12431238781625101,-0.08392251205380698,-0.06027219413487674,0.4871479682236074,0.008140977150791517,0.2713340814729131,0.24351881937404135,0.35736292869471475
0.18516993902253406,0.416112871886666,0.1335746599452391,1.0,0.384144165110354,0.19996860398066874,-0.060413168431424046,0.30318968393108936,0.165584612084891,0.22506836527173718,0.21529521861728046,0.40858108284390926,0.0759334018758949,0.1798943338522842,0.0385016022780713,0.3177765693418375,0.20102524062348365,0.316735649263393,0.2533822908793321,0.5589563537836272,0.016939972860005443,0.11061318108008211,0.23565120163167946,0.012148961033409985,0.35957052206149764,0.20431493546683172,0.26774689218110753,0.3667373549123847,0.22171104664014485,0.23731835176794985,0.2727741255206562,0.2865183393728803,0.27488278692429924,0.5085761580475645,0.2940576660396703,0.2338606650789948,0.2064463030425848,0.355462464192093,0.28124962619232663,0.3555049347601906,0.3344146031356365,0.308010398799254,0.3755606277742548,0.2591194302390004,0.5182689695811129,0.22030655139049354,0.13644526682115238,0.2636963873213486,0.40140941931942714,0.39161690536817045,0.4854895189599958,0.008289543179063991,0.3032582259236731,0.025987146418649805,0.3677170707658669,0.24283684019517054,0.11656314853621433,0.18291310293277188,0.3339616149208816,0.38236223936116376
0.4594988913171439,0.5336885242830455,0.33643581393335287,0.384144165110354,1.0,0.4342221717890699,0.23320303496295539,0.4690703040138577,0.5123325325623724,0.5718793232203112,0.556235078879799,0.44925464200214826,0.42794101568766474,0.30635648611467853,0.28917708937740916,0.19883838885450467,0.46341722294171717,0.35969262787128387,0.4706577021534373,0.22741321501826492,0.17098381492007161,0.4151779811183527,0.6792366078779124,0.24519290067519198,0.42373572442010027,0.5441216524687331,0.4957762399932483,0.5894699910554215,0.8071188577330769,0.6527824968786978,0.656344124725117,0.5407299367548549,0.7396749565885287,0.5336577274374604,0.6643003111210221,0.5230467006027033,0.5659550112944383,0.6331618609542293,0.5673705419424042,0.5776529930088845,0.5936354480856184,0.5704730465262857,0.4555202070115782,0.5179628531039993,0.37320463207718335,0.42254916423065814,0.48055232666364384,0.19988942541538868,0.16272121068825615,0.08544641977373602,0.1680212900306364,0.49682995164537386,0.29895618667227103,0.28278573238009075,0.049423378974233594,0.6292978331763417,0.1705215462052177,0.6251641918817921,0.6458239562512851,0.5588617827700725
0.4261241126600733,0.3316245903713481,0.3093909983013206,0.19996860398066874,0.4342221717890699,1.0,0.25040445298835345,0.37543258255581685,0.7315266603438395,0.48311713700380843,0.6112810991102049,0.2205820552989378,0.26445641252267965,0.1767905451145299,0.033105173649664255,0.21001966133024466,0.37710660272450924,0.39004615617971605,0.36812484595052497,0.3236658700749807,0.30459964484225155,0.4927319251325771,0.3016356052972654,0.19743625749719906,0.4968766208443249,0.3993096113915273,0.4638018951001455,0.3802987686663407,0.4944324251126104,0.5301633656336419,0.5421999663544099,0.5824499626007429,0.717174676766765,0.14908979032585706,0.4653514627155241,0.4202297134597364,0.5797449744926335,0.28185067826604915,0.47078121011439256,0.5081087817785042,0.3704728910382759,0.45005902690980965,0.4672290829269391,0.20777003979549877,0.20705976452446584,0.3550865882533608,0.3520106803112497,0.07665074532403568,0.1281470166194602,0.32451503953519467,0.37588953088755617,0.44876383933500996,0.2704100524698064,0.24220224329702011,0.20831432097894123,0.2818819954999592,0.21052275253118177,0.3893157483246553,0.5937070937218547,0.24511748765844085
0.1675457695120151,0.03965603677052654,0.06625128647587418,-0.060413168431424046,0.23320303496295539,0.25040445298835345,1.0,0.04799249132968927,0.44265498453696306,0.12631439622998786,0.30795594634470413,0.13451803493981535,0.20689370243884744,0.07813190729663463,0.10915821961721417,0.0748787668662608,0.20636263766116972,0.2022278870424194,0.29948502787954145,0.013157322000957244,0.2157887800598964,0.23778698206968762,0.0020637823050392466,0.11911303218537801,0.11716900853828469,0.2130694136243693,0.14555378195720492,0.021685650496663805,0.15267802925360247,0.0836172806216923,0.176975146662735,0.04215164264021336,0.3172304762802073,-0.018782650705969257,0.12274694448274348,3.142441087330694E-4,0.3526153414048299,0.1132644521709846,-9.979964992397118E-4,0.34437802986881577,0.0970969000880969,0.03350329845201768,0.04541120385951811,0.008820968711227945,-0.11006055527105547,0.19822648186067546,0.09303987737283045,0.03358742151025878,0.009106600539721751,0.016285518445544298,0.09276997390249944,0.2517284657425329,0.037566725714274815,0.2096977266238619,-0.012837366719652937,0.053272169810781866,0.056075666606309485,0.1289386994155588,0.2680618149104588,-0.01325883436610661
0.5299442562228249,0.36513843105002997,0.5963160535410612,0.30318968393108936,0.4690703040138577,0.37543258255581685,0.04799249132968927,1.0,0.3267231074464939,0.6757696853402948,0.46094790558067195,0.5120908986469688,0.26573510659109345,0.252914727607051,0.09916274563607852,0.08236620861640523,0.17050094360728169,0.48820833307022893,0.3771272504382109,0.18854105837620921,0.19582770544606815,0.2325208203116756,0.6333130008281213,0.11511874418234418,0.3145815150922493,0.5819598147468013,0.5794301657349444,0.8120336231469638,0.6647711328081201,0.40825230949317337,0.5167992402294124,0.6426851630550655,0.30729326006133173,0.40920480058756786,0.624840292834999,0.6762666823237015,0.42386281768683587,0.5969788276972067,0.5963738915890043,0.2845221434474811,0.5101624380879647,0.49364404874794887,0.5630636524785038,0.5729205278283541,0.3458691524483618,0.4214864212532746,0.38626128204392507,0.21080081283024757,0.19607557628386002,0.09131957755895972,0.1728756588658327,0.3467000384720336,0.3407405277717638,0.105252093611325,0.09640563520576324,0.49995604042041225,0.15731084216946628,0.5087241638591744,0.4795189274723558,0.6799150527405117
0.4582772362696699,0.3978855116558577,0.3565135213970375,0.165584612084891,0.5123325325623724,0.7315266603438395,0.44265498453696306,0.3267231074464939,1.0,0.549401391401253,0.7757736629246426,0.4160500812664413,0.3845382429162535,0.19521779795111435,0.22109017078848728,0.14778408855822808,0.30764347224884225,0.2796713840013777,0.5604655083592606,0.164072071044498,0.3612874343462514,0.4987935349724717,0.34107952523599233,0.24201499092280082,0.4128569174694877,0.5571649933684417,0.5038518239973053,0.2747081548417889,0.5161723598312858,0.5560132485026393,0.5740683080975939,0.4151948858605731,0.6241504454594166,0.2200804655640677,0.5000526234188566,0.4363914304579864,0.5947782324869462,0.3630382135028135,0.5638050468897134,0.6801912923983717,0.37500942920582003,0.46439021066530434,0.4509302771886202,0.42339502201142015,0.18254369296502637,0.3817019329238758,0.41716020619716065,0.15794767537599919,0.0893611902219082,0.12712612604078405,0.21113157935134366,0.45594975646917674,0.42937496613954007,0.12452239823643349,0.1739935179776931,0.36336829412747185,0.3147414826133411,0.3254080736224335,0.7434135359968932,0.3719492857715947
0.6699141777738167,0.5309296405441091,0.42373490631594707,0.22506836527173718,0.5718793232203112,0.48311713700380843,0.12631439622998786,0.6757696853402948,0.549401391401253,1.0,0.5962872979190478,0.6315089586744649,0.32561998083310173,0.35438252637731116,0.1792346748002519,0.12079792106083317,0.23730944205321305,0.2950852060905987,0.48178765325139655,0.16602438614215814,0.292506287617413,0.2752291314411963,0.7566747541841174,0.09492386708212419,0.42866995683514475,0.7396958508050685,0.6375506777540413,0.6609458113699649,0.7843758001828899,0.7159687648105744,0.7182494870883203,0.6127955422069845,0.4981543840092506,0.45132584997447767,0.7548589564438035,0.8345498843418605,0.5070892710136846,0.7120605307175809,0.7546546219721304,0.4700809408149832,0.5164520286543457,0.6658058542065801,0.7290361150464799,0.7210948498017833,0.3699826585073701,0.5018615403825128,0.5005514830955955,0.31071744558468134,0.08520592080945871,0.11060437201302016,0.07520785111184074,0.4083970658426296,0.32194399190304157,0.14459937775660522,0.01278329513659926,0.5006708732792826,0.19568323989674735,0.6229206536354828,0.7097552736010349,0.7770524997300154
0.5137197647996268,0.462398627223362,0.3749250804987509,0.21529521861728046,0.556235078879799,0.6112810991102049,0.30795594634470413,0.46094790558067195,0.7757736629246426,0.5962872979190478,1.0,0.4034951584989761,0.45950892217088707,0.24348092452163508,0.245443036561701,0.15798462059463997,0.2791794884122981,0.36104663669100645,0.5634771255637447,0.11674731545041576,0.32028896659647293,0.4724900712871548,0.4981199727432205,0.12840788374994005,0.38353612515853414,0.45230201150538524,0.5960307495619314,0.44425323323382715,0.5189062492620531,0.4807669170929474,0.7002402968424778,0.49293835589489177,0.5717199704944453,0.36238243554623906,0.6200544653312499,0.526000795462756,0.622816236250935,0.4632433830776995,0.6041650304994785,0.5840042821175636,0.5600756093919801,0.5235501425400686,0.4524573553150355,0.4267488547754767,0.17879697333178673,0.46931405542849125,0.4737177961666261,0.12944968634951798,0.13569441337072932,0.03846890943914845,0.1808560485816278,0.4306812532627248,0.48857211400481393,0.10054206374354298,0.15817290110217008,0.38335945403047755,0.33318535198638943,0.39637618624511906,0.689308657128057,0.5207888745467302
0.7126092012295892,0.3172312105073677,0.4188570346600654,0.40858108284390926,0.44925464200214826,0.2205820552989378,0.13451803493981535,0.5120908986469688,0.4160500812664413,0.6315089586744649,0.4034951584989761,1.0,0.2203186191064394,0.12295555571500882,0.25063564793121873,0.0033685684317662857,0.03165924461450554,0.11344885627476158,0.3951752576598,-0.03231823604122402,0.1406686750955578,0.0815317640808513,0.5621525854851452,-0.07048318358408448,0.19173320552452158,0.6357309557359339,0.6465866582435764,0.47488472192868797,0.48162301583734274,0.4993569409411081,0.4555881599840818,0.5301842905960109,0.362707864603765,0.5444071399913197,0.7238015949800232,0.541485723123822,0.4087802489672255,0.4724394393928197,0.6749340914918643,0.4110509165698347,0.5106283824034313,0.5360468754571758,0.6368265152187299,0.569686546663176,0.1338105570950539,0.6529759792962191,0.1737356468673514,0.1023713695950754,0.15516390142366504,-0.0996642985935371,-0.16074839229323037,0.146201506954643,0.1337587970371364,0.040983882925881746,-0.07967534439599022,0.5477090539880439,-0.03409717313674451,0.4757655012866572,0.5240997505852861,0.7836626472385907
0.3003298015452921,0.38445279016755185,0.07001043927509422,0.0759334018758949,0.42794101568766474,0.26445641252267965,0.20689370243884744,0.26573510659109345,0.3845382429162535,0.32561998083310173,0.45950892217088707,0.2203186191064394,1.0,0.484981213096398,0.4181498990982215,0.18678198865391918,0.5056340553382961,0.3263115776863678,0.4034220219598235,0.11778751842597321,0.5189314751238011,0.6183084084531147,0.3945397386239745,0.4549847470714716,0.2388698346506192,0.28603295683897445,0.3220909302909399,0.2559542077325456,0.47073300047331285,0.39636788816963836,0.48341545591332585,0.4000716518154552,0.3786760811422822,0.3121148258928038,0.30451841588045786,0.28513809517569266,0.2826936734062076,0.36639316184839976,0.37305421778210784,0.3863317579072049,0.289888159253371,0.3735861946015655,0.23168892550962514,0.18158885972240185,0.03922525091009068,0.15200292930350062,0.5920475069271863,0.2369089488164991,0.15980911775190113,0.220931831801744,0.21589320623337108,0.43800188813519086,0.2823341745013318,0.46832787388684693,0.2194159359683329,0.3278655014066155,0.5000647036600473,0.24471638835455206,0.44111075754387963,0.286072110061354
0.24034873997045209,0.5471517163333015,0.13829660019965942,0.1798943338522842,0.30635648611467853,0.1767905451145299,0.07813190729663463,0.252914727607051,0.19521779795111435,0.35438252637731116,0.24348092452163508,0.12295555571500882,0.484981213096398,1.0,0.18448072866498405,0.3887818346488562,0.18944777494937,0.2286177124520475,0.08058742943152711,0.1865402970821723,0.15312197554759285,0.3029535525878442,0.36025676963765296,0.3285586820969875,0.3075129283603533,0.2977385732904875,0.20213878563738114,0.3549255012913251,0.4150938774166232,0.25423354669827863,0.391451691879737,0.30094773606121145,0.18883379189488209,0.18337471934980115,0.29525990990695994,0.249567687497055,0.1962718961931585,0.3641084013398301,0.20448263152964877,0.13302607121507487,0.24767797502718686,0.25751695285358156,0.15720156567419824,0.2255988511229922,0.3844689760058378,0.036455056357881085,0.25291101480315537,0.5370112310919581,0.1993948121233864,0.2552974172664204,0.18898417098257073,0.2741853340416285,0.36626628063496847,0.22241474437157355,0.29853392504554965,0.10542677198242378,0.5614500643104858,0.2587356160065183,0.31949793617948835,0.2515847931511551
0.13711866394705172,0.11546702281307566,-0.1407384222428977,0.0385016022780713,0.28917708937740916,0.033105173649664255,0.10915821961721417,0.09916274563607852,0.22109017078848728,0.1792346748002519,0.245443036561701,0.25063564793121873,0.4181498990982215,0.18448072866498405,1.0,0.207830279484238,0.3209164546303547,0.3448302713802579,0.18466507546820385,0.055919565261901095,0.5391161281566403,0.16945882128662934,0.185459506690485,0.43103243064013996,0.0595195694945473,0.18490634161219766,0.2380349843692064,0.03641835328703706,0.1334318035316422,0.28099786498148177,0.2415375981435759,0.12837258690274586,0.2684053903383342,0.14752904985375292,0.2826612021289219,0.1988322710755843,0.16928445913515455,0.26444101664901376,0.19706999391000318,0.2152067644861056,0.1307811762008634,0.12371912224979935,0.19749003804909943,0.22864132714467006,-0.07350094117476882,0.2816257384613906,0.14400153717428893,0.20284633755613105,0.32558273257072445,0.10953607463756403,0.11293541346715319,0.33701449434545017,-0.04047248338037956,0.32335593909802096,-0.04109430579735993,0.11210573817169874,0.08300648056024709,0.2798301938508627,0.39567030642390577,0.2829120451878163
0.07220824507235368,0.47656170145704263,-0.22442931609898906,0.3177765693418375,0.19883838885450467,0.21001966133024466,0.0748787668662608,0.08236620861640523,0.14778408855822808,0.12079792106083317,0.15798462059463997,0.0033685684317662857,0.18678198865391918,0.3887818346488562,0.207830279484238,1.0,0.4783696546546142,0.32789405632665247,0.16079329849958165,0.48019077721308945,0.32395182797185373,0.33115526634582165,0.1187455221214118,0.46027079140533206,0.5641634776347747,0.0209102994020161,0.17350463107164776,0.12030481055580455,0.14964552980602666,0.22701108516900598,0.24530175108810526,0.12463964594721025,0.26091304316526664,0.24586190307700878,0.20245869533630115,0.1202541967612546,0.10424290932786562,0.10993985860088425,0.21244502055712472,0.23257739637070496,0.19341125004600218,0.14405778879076664,0.20017534544263035,0.04715985727684867,0.23214239430684186,0.12692790602583662,0.16970987399915466,0.4399796630479633,0.5535839785152759,0.6183901999774655,0.5027377045396898,0.24160299387030743,0.35945964951946036,0.3800181089051716,0.1742424117327139,0.11190345303675434,0.4082503783293975,0.14725000407956082,0.25578890526197806,0.14685188083991338
0.11913568770154374,0.3140655945640122,-0.1090047203064712,0.20102524062348365,0.46341722294171717,0.37710660272450924,0.20636263766116972,0.17050094360728169,0.30764347224884225,0.23730944205321305,0.2791794884122981,0.03165924461450554,0.5056340553382961,0.18944777494937,0.3209164546303547,0.4783696546546142,1.0,0.5711899801492009,0.38946970050526436,0.4453961681432686,0.6454783094720297,0.6223367157662849,0.25567789905028426,0.6491590165591961,0.6088633562530124,0.1018234955137628,0.22855928559571909,0.181835299415694,0.37309105145448107,0.3819766243819175,0.42383543649945904,0.22994203567625876,0.4967281707854487,0.2996227003335553,0.21551668319085296,0.3194555273083518,0.2627230131485897,0.35344171920360595,0.21709628346660628,0.48676565808175887,0.2986937001526947,0.33323660416454637,0.24951059313157792,0.14656874979213097,0.06637831194794944,0.10480624971586756,0.592645301580399,0.314187744875846,0.4314617831239952,0.38208824624622445,0.5570034654713394,0.5124487470240381,0.14877760207191085,0.7294803750223741,0.05921855877065546,0.215779001101963,0.42477657320579165,0.25978955251390257,0.38179237681731554,0.2022357696888482
0.1982860886142181,0.32868317643220735,0.0830120250023203,0.316735649263393,0.35969262787128387,0.39004615617971605,0.2022278870424194,0.48820833307022893,0.2796713840013777,0.2950852060905987,0.36104663669100645,0.11344885627476158,0.3263115776863678,0.2286177124520475,0.3448302713802579,0.32789405632665247,0.5711899801492009,1.0,0.3212065222861821,0.43010397159732283,0.6278703861385038,0.35998214880723567,0.3253520984322006,0.4497343539115307,0.5257361640768976,0.22828475491437977,0.3421697346549143,0.49267704131377255,0.2653404757837591,0.24318603687858684,0.42871823215266164,0.4407514137261229,0.2740297857504347,0.26769913574101606,0.28410317815233105,0.4007667660403699,0.25845907626458364,0.4374088675587339,0.25356231599304707,0.41448865292699183,0.33013363085688135,0.3854885991765784,0.4205420138732783,0.28795028671651635,0.15550675977793244,0.1549733571277443,0.34346580198265725,0.2306063512647437,0.2940256791497987,0.28145326885626026,0.530171345527244,0.5466159884146897,0.22751976937920784,0.3346294760808123,0.1591627786646423,0.15493720734743177,0.2792477401076385,0.33143504620188047,0.4563256261872681,0.31924645183129935
0.4258970867656965,0.39788626029361984,0.1433568848262446,0.2533822908793321,0.4706577021534373,0.36812484595052497,0.29948502787954145,0.3771272504382109,0.5604655083592606,0.48178765325139655,0.5634771255637447,0.3951752576598,0.4034220219598235,0.08058742943152711,0.18466507546820385,0.16079329849958165,0.38946970050526436,0.3212065222861821,1.0,0.12778343465822736,0.27267527751995846,0.37947687757030896,0.5122593701276104,0.26392308295440986,0.5034163401898163,0.3727473583748079,0.4997682545742991,0.35398003190383365,0.4013727032194939,0.37242520584423333,0.5217613193440456,0.4347881366205545,0.4162395606931648,0.5287953925360321,0.4553261297160325,0.43579272776402495,0.3160061295333973,0.3659512834892808,0.5993146314019742,0.5932742528058224,0.41043744936262466,0.486880262335994,0.4371505653542845,0.3484259545779382,0.22242643533186218,0.3581544824472271,0.5169378113439107,0.26649977015612897,0.31607306457011897,-0.003944810495275676,0.18174247909433744,0.44443345110112664,0.5228623162615912,0.21861180028694993,0.24265302434495073,0.5030307003193435,0.23957348466110667,0.42690488531881127,0.4354792215103881,0.5882643797263473
-0.014672635321343691,0.4136173299957613,-0.09515428870409567,0.5589563537836272,0.22741321501826492,0.3236658700749807,0.013157322000957244,0.18854105837620921,0.164072071044498,0.16602438614215814,0.11674731545041576,-0.03231823604122402,0.11778751842597321,0.1865402970821723,0.055919565261901095,0.48019077721308945,0.4453961681432686,0.43010397159732283,0.12778343465822736,1.0,0.30095499344712584,0.3330340277815291,0.07005635019732004,0.3279793846031381,0.5340201177326909,0.1121599990894776,0.07751619984334555,0.24345639614126563,0.1526262118114433,0.239677581526636,0.24173557044125848,0.1696528670520756,0.30818098127353044,0.17753018498933232,0.11770116480123231,0.18869418545596683,0.0699645686636265,0.2695623985584977,0.16596973545255025,0.327640377551789,0.21736526999716355,0.10292006154268055,0.1747656394727239,0.09001531971058527,0.5116752564981508,0.02577189066990022,0.18232496025311137,0.3150378382264944,0.5299049262601052,0.789864430248292,0.8656433205316271,0.31918872469507853,0.30038159488199884,0.22221146256540755,0.5441355167042966,0.01917118663274776,0.41577727249196733,0.13807057550968377,0.3096794271874874,0.07026580442824985
0.1982718011018641,0.17821368572976792,-0.12406311971831911,0.016939972860005443,0.17098381492007161,0.30459964484225155,0.2157887800598964,0.19582770544606815,0.3612874343462514,0.292506287617413,0.32028896659647293,0.1406686750955578,0.5189314751238011,0.15312197554759285,0.5391161281566403,0.32395182797185373,0.6454783094720297,0.6278703861385038,0.27267527751995846,0.30095499344712584,1.0,0.49610648526949025,0.1108701651829858,0.6511337288960205,0.41269671995556506,0.23091550691885798,0.31899366292041764,0.11768280640841589,0.12579188855965967,0.37350039361514553,0.264410326111027,0.1621949209223596,0.22797455027275867,0.08969198796412567,0.24626583028496513,0.3691197274468589,0.26619446104499395,0.35876943734503636,0.26042134598529254,0.3460307878024046,0.12105593105824416,0.2161829473113881,0.3983930886293968,0.18460503542050577,-0.09690843106734734,0.13809995326389995,0.3298148491207823,0.18088889246196593,0.25041166952549265,0.36426773811704305,0.4387400095390211,0.6114323042347034,0.052891760555167776,0.553965181311878,0.03516683068855925,0.018371370606499026,0.36647264911510696,0.18501447930300916,0.44615353503597077,0.22282477670367654
0.22587549750207173,0.4919610015001158,0.11307990703386417,0.11061318108008211,0.4151779811183527,0.4927319251325771,0.23778698206968762,0.2325208203116756,0.4987935349724717,0.2752291314411963,0.4724900712871548,0.0815317640808513,0.6183084084531147,0.3029535525878442,0.16945882128662934,0.33115526634582165,0.6223367157662849,0.35998214880723567,0.37947687757030896,0.3330340277815291,0.49610648526949025,1.0,0.24668467828833834,0.6682635176278889,0.6210442001072429,0.25774048064538363,0.2803908363037189,0.2691748896875468,0.3908153835959838,0.4703764953221864,0.49408831810192755,0.3577041247547118,0.5268124303753199,0.1701123252377377,0.21868564759841905,0.3686416222137737,0.41301626921689466,0.37467363944255877,0.28704302710847107,0.5437528282346875,0.23417597452414,0.287956897609161,0.2360134939153165,0.15060156411611106,0.17444149986709015,0.08611854423813695,0.5523904872670596,0.2765136452451272,0.3740105639547326,0.3174743828516601,0.40502897126947895,0.4746014830149746,0.4697694141695754,0.48976247591457633,0.16572293640943303,0.1707901730485709,0.7118637224958666,0.3742987716421259,0.5233741512260085,0.19196689207153012
0.5838923073759346,0.5132905594361374,0.3521871403557152,0.23565120163167946,0.6792366078779124,0.3016356052972654,0.0020637823050392466,0.6333130008281213,0.34107952523599233,0.7566747541841174,0.4981199727432205,0.5621525854851452,0.3945397386239745,0.36025676963765296,0.185459506690485,0.1187455221214118,0.25567789905028426,0.3253520984322006,0.5122593701276104,0.07005635019732004,0.1108701651829858,0.24668467828833834,1.0,0.054809655897830344,0.3616216539390193,0.5490127472283652,0.5577703044749851,0.7649433381868989,0.7974415514660611,0.5950393184631039,0.8149085005505731,0.6745722781525053,0.4922271210667516,0.6047097991233975,0.7854377178726788,0.6824051821954181,0.4012143057402303,0.6400089776281959,0.7165147553107617,0.42967767662334994,0.6534646249507032,0.6713946122023563,0.6420622822142834,0.671616813230109,0.3597530348114858,0.5038584262517671,0.5036539746181506,0.16392398623276,0.10056025529444453,-0.02006123934411104,-0.054472555624400884,0.3887476553563972,0.27171737079056346,0.20051687409214275,0.07266298941988039,0.7342762989959751,0.11942182408705486,0.7052009095726922,0.5119955900157411,0.7437068572506553
-0.011168332015246913,0.3236427806580848,-0.1055570698034567,0.012148961033409985,0.24519290067519198,0.19743625749719906,0.11911303218537801,0.11511874418234418,0.24201499092280082,0.09492386708212419,0.12840788374994005,-0.07048318358408448,0.4549847470714716,0.3285586820969875,0.43103243064013996,0.46027079140533206,0.6491590165591961,0.4497343539115307,0.26392308295440986,0.3279793846031381,0.6511337288960205,0.6682635176278889,0.054809655897830344,1.0,0.5967710169548324,0.11785811601317135,0.06978539695696727,0.057773041098763675,0.13796035464016349,0.30925513844889563,0.16830074829496855,0.07556237438931424,0.23447604780410355,-0.0519676535740078,0.027742201665596183,0.16807973545479407,0.12682063271310529,0.18049706248603237,0.057760837966631784,0.34028428732308513,-0.05556217390655338,0.043844123242983576,0.0646762971038404,0.04586844825735904,0.10933349165052227,-0.05147437384621543,0.31958214240858207,0.3846389026517876,0.47894158296526007,0.33455509826051955,0.45119369719367225,0.5246318505048129,0.30104695478364196,0.5659565834360775,0.15836236612044752,-0.01256259011861583,0.6210004658064475,0.25225024148673997,0.3235088214818117,0.08147011980399169
0.31688542891221283,0.6105792124179358,0.02380171207902092,0.35957052206149764,0.42373572442010027,0.4968766208443249,0.11716900853828469,0.3145815150922493,0.4128569174694877,0.42866995683514475,0.38353612515853414,0.19173320552452158,0.2388698346506192,0.3075129283603533,0.0595195694945473,0.5641634776347747,0.6088633562530124,0.5257361640768976,0.5034163401898163,0.5340201177326909,0.41269671995556506,0.6210442001072429,0.3616216539390193,0.5967710169548324,1.0,0.30035069870389586,0.379046605145343,0.40329838787544875,0.37370067317052064,0.44265437316841527,0.5235961384023882,0.3550092963599872,0.49328678161150236,0.3383588833487535,0.36639924259359613,0.461351660756301,0.295105479287533,0.4448318674551263,0.4272692322200233,0.5494500836978483,0.3843389459198201,0.43804223822600663,0.4077057812221634,0.258394496592474,0.35611412443278984,0.1937423070774948,0.4061583615067709,0.4234535826201277,0.569464651067937,0.4289403984146033,0.5075648989172648,0.5496483165118558,0.5616522893552782,0.48655538963323935,0.30115564785349613,0.24596640313167306,0.5823373768912842,0.4177841178267999,0.5064608827474603,0.42404385038558423
0.7718042392360569,0.41015882579817253,0.4561038583304324,0.20431493546683172,0.5441216524687331,0.3993096113915273,0.2130694136243693,0.5819598147468013,0.5571649933684417,0.7396958508050685,0.45230201150538524,0.6357309557359339,0.28603295683897445,0.2977385732904875,0.18490634161219766,0.0209102994020161,0.1018234955137628,0.22828475491437977,0.3727473583748079,0.1121599990894776,0.23091550691885798,0.25774048064538363,0.5490127472283652,0.11785811601317135,0.30035069870389586,1.0,0.6405813593776156,0.567426357613636,0.6730260352333928,0.7123299978896235,0.5553118833449309,0.6882051054259692,0.44758920941115987,0.28085778046631005,0.6151123878756439,0.6615758853397253,0.5099917511283678,0.6671052432064619,0.6576288335295007,0.42412825932600534,0.33160746375645483,0.5241819343967776,0.6083099881563557,0.6820450828328528,0.3565531414181868,0.35589844979057156,0.39979378032492663,0.24803822077441673,0.022695191169744902,0.019765750569080805,0.053133247712347245,0.36816685051652587,0.24777215107091582,-0.022342961150867497,0.015554869385647069,0.43472093507294735,0.16261262071062788,0.6825106170146505,0.7577382191384434,0.6291778432714832
0.8654759382002734,0.38327499331419823,0.4300593045083524,0.26774689218110753,0.4957762399932483,0.4638018951001455,0.14555378195720492,0.5794301657349444,0.5038518239973053,0.6375506777540413,0.5960307495619314,0.6465866582435764,0.3220909302909399,0.20213878563738114,0.2380349843692064,0.17350463107164776,0.22855928559571909,0.3421697346549143,0.4997682545742991,0.07751619984334555,0.31899366292041764,0.2803908363037189,0.5577703044749851,0.06978539695696727,0.379046605145343,0.6405813593776156,1.0,0.6122332623825759,0.6120545594645587,0.5120153354852854,0.6713864518072246,0.6494529046641532,0.5627573749248521,0.5585661386168804,0.8102084595112548,0.584732557992168,0.5517714742369153,0.5728491463342316,0.7592778935146282,0.30687683912175034,0.613055796114176,0.7429715349171723,0.7157362011836599,0.4534739803890891,0.20579171016408213,0.6882952609926892,0.38569326464901943,0.17477398254001397,0.2228120337192828,0.010954604820978268,0.06801457090706578,0.4104729424924389,0.26417175841615276,0.20144147360985726,0.04620422090128047,0.5939402131112951,0.1403800733903196,0.6138487266859693,0.5942712304200825,0.7289025985626228
0.5642771605158508,0.5379707883815694,0.6103658555945233,0.3667373549123847,0.5894699910554215,0.3802987686663407,0.021685650496663805,0.8120336231469638,0.2747081548417889,0.6609458113699649,0.44425323323382715,0.47488472192868797,0.2559542077325456,0.3549255012913251,0.03641835328703706,0.12030481055580455,0.181835299415694,0.49267704131377255,0.35398003190383365,0.24345639614126563,0.11768280640841589,0.2691748896875468,0.7649433381868989,0.057773041098763675,0.40329838787544875,0.567426357613636,0.6122332623825759,1.0,0.6923374816429603,0.4501793971155551,0.6714559804401394,0.6907563084486211,0.3598261286309382,0.4528620926422991,0.744803311221668,0.6771906006930699,0.4664698097034923,0.7166275867151668,0.6333235474294556,0.31773909188816524,0.6331751316088677,0.6512064512335201,0.6150715329976877,0.6625946274087386,0.5475448221816896,0.4500140343209497,0.37553865161708094,0.16982431898336295,0.10827088304063373,0.10520724119185901,0.14772964432390023,0.3668896701324935,0.28124519170213447,0.11786002972723035,0.1010091135280357,0.6168112911405954,0.17702075635227574,0.571315502624864,0.4351822108719331,0.6698758646709977
0.6180349311879569,0.5137157442613608,0.48944408049241356,0.22171104664014485,0.8071188577330769,0.4944324251126104,0.15267802925360247,0.6647711328081201,0.5161723598312858,0.7843758001828899,0.5189062492620531,0.48162301583734274,0.47073300047331285,0.4150938774166232,0.1334318035316422,0.14964552980602666,0.37309105145448107,0.2653404757837591,0.4013727032194939,0.1526262118114433,0.12579188855965967,0.3908153835959838,0.7974415514660611,0.13796035464016349,0.37370067317052064,0.6730260352333928,0.6120545594645587,0.6923374816429603,1.0,0.6966949967951936,0.7655384913593228,0.6573795520112192,0.6918228668970194,0.5205131099220439,0.7093916097012085,0.6696519461365438,0.5184454757160274,0.6520197663385501,0.6464252238559524,0.41818619175722616,0.5828744288808692,0.6879616808981096,0.5557787838113979,0.5913215598626809,0.38439982362993835,0.41603591836979537,0.6062252142548951,0.2880305408838551,0.0698771645403634,0.1206931191965952,0.0637748896840818,0.4215321626119339,0.2707474095094003,0.28465103327782076,0.03577371515696792,0.685946516252122,0.19359603644325318,0.6655362819481003,0.6386229712375681,0.613254736916191
0.5404628678666897,0.5546776051647796,0.3028124754407327,0.23731835176794985,0.6527824968786978,0.5301633656336419,0.0836172806216923,0.40825230949317337,0.5560132485026393,0.7159687648105744,0.4807669170929474,0.4993569409411081,0.39636788816963836,0.25423354669827863,0.28099786498148177,0.22701108516900598,0.3819766243819175,0.24318603687858684,0.37242520584423333,0.239677581526636,0.37350039361514553,0.4703764953221864,0.5950393184631039,0.30925513844889563,0.44265437316841527,0.7123299978896235,0.5120153354852854,0.4501793971155551,0.6966949967951936,1.0,0.6599635433200771,0.6224693873536984,0.6406666507738107,0.2957310038539725,0.6167827436386852,0.7644995998779371,0.6412304239157234,0.5899823572384404,0.6526238699146949,0.5560653024054052,0.29270733816068206,0.466749895974283,0.5991547843662627,0.6692693709156584,0.39126705311726157,0.3570023518400583,0.47796770639971664,0.26042811789913245,0.16222902512070056,0.25752598311103386,0.19170793852355134,0.4040160014796627,0.17589931813567974,0.24238084866033316,0.008037350540246036,0.4411516830365672,0.1981330631103972,0.6912414802045468,0.7545150465993744,0.55301363009931
0.630554200067792,0.5872591774633995,0.2725941022411267,0.2727741255206562,0.656344124725117,0.5421999663544099,0.176975146662735,0.5167992402294124,0.5740683080975939,0.7182494870883203,0.7002402968424778,0.4555881599840818,0.48341545591332585,0.391451691879737,0.2415375981435759,0.24530175108810526,0.42383543649945904,0.42871823215266164,0.5217613193440456,0.24173557044125848,0.264410326111027,0.49408831810192755,0.8149085005505731,0.16830074829496855,0.5235961384023882,0.5553118833449309,0.6713864518072246,0.6714559804401394,0.7655384913593228,0.6599635433200771,1.0,0.7086427395045641,0.6820505377041897,0.5669976547451865,0.7599688507016438,0.6782625043477795,0.49579404177614556,0.6502589014656932,0.7271797710828168,0.5692774471774579,0.6609753715239459,0.7136027524380291,0.6226228001844877,0.5729647291155371,0.3427440258234128,0.5287324655549941,0.5655225816187706,0.23529765376786763,0.20524274219367172,0.14613344922040591,0.16221792624176054,0.48596462724197487,0.34569880421680577,0.3136636013892308,0.1748659996067889,0.6220765493372824,0.30207527511222687,0.6883488519376081,0.6828460657528015,0.6464973502439302
0.6981908689557297,0.42819786114184666,0.3915857581012121,0.2865183393728803,0.5407299367548549,0.5824499626007429,0.04215164264021336,0.6426851630550655,0.4151948858605731,0.6127955422069845,0.49293835589489177,0.5301842905960109,0.4000716518154552,0.30094773606121145,0.12837258690274586,0.12463964594721025,0.22994203567625876,0.4407514137261229,0.4347881366205545,0.1696528670520756,0.1621949209223596,0.3577041247547118,0.6745722781525053,0.07556237438931424,0.3550092963599872,0.6882051054259692,0.6494529046641532,0.6907563084486211,0.6573795520112192,0.6224693873536984,0.7086427395045641,1.0,0.5710956598197214,0.43376240664323495,0.6674820266558733,0.6077030026515775,0.4521073876626952,0.5272111995838895,0.734991930233612,0.4116937289632404,0.5285867495907557,0.6405211888907895,0.6348859220530831,0.5002402431326237,0.29907192277306843,0.4463934233616266,0.49656375279897774,0.12269015928816315,0.09440116336710623,0.10172342741065302,0.15471841386904447,0.33933389755304727,0.25166896409379225,0.10053705495791601,0.14206298296028091,0.5216126403926274,0.12598527472511617,0.7414524780059478,0.6136279309115032,0.6220469019700399
0.49132999344142425,0.40206724898662644,0.2149790296871636,0.27488278692429924,0.7396749565885287,0.717174676766765,0.3172304762802073,0.30729326006133173,0.6241504454594166,0.4981543840092506,0.5717199704944453,0.362707864603765,0.3786760811422822,0.18883379189488209,0.2684053903383342,0.26091304316526664,0.4967281707854487,0.2740297857504347,0.4162395606931648,0.30818098127353044,0.22797455027275867,0.5268124303753199,0.4922271210667516,0.23447604780410355,0.49328678161150236,0.44758920941115987,0.5627573749248521,0.3598261286309382,0.6918228668970194,0.6406666507738107,0.6820505377041897,0.5710956598197214,1.0,0.4666265551718454,0.5857830586858074,0.41882313476879646,0.5715842135461873,0.3720950183772342,0.5345216772479716,0.5195314658875085,0.587063617224099,0.568326047413223,0.46661819603751065,0.2732763994557964,0.20842914235686635,0.5450463127604401,0.4841293326569237,0.1752909429589637,0.29846659731044606,0.25558453126325353,0.26737870602446706,0.5104555694750765,0.2579542383505192,0.43929392115505744,0.1487086584526035,0.53025624279614,0.1883284581895377,0.6260569594027355,0.6830984121600462,0.38868800550125865
0.51023557679822,0.4463409575354166,0.14881240155833056,0.5085761580475645,0.5336577274374604,0.14908979032585706,-0.018782650705969257,0.40920480058756786,0.2200804655640677,0.45132584997447767,0.36238243554623906,0.5444071399913197,0.3121148258928038,0.18337471934980115,0.14752904985375292,0.24586190307700878,0.2996227003335553,0.26769913574101606,0.5287953925360321,0.17753018498933232,0.08969198796412567,0.1701123252377377,0.6047097991233975,-0.0519676535740078,0.3383588833487535,0.28085778046631005,0.5585661386168804,0.4528620926422991,0.5205131099220439,0.2957310038539725,0.5669976547451865,0.43376240664323495,0.4666265551718454,1.0,0.5462201952224823,0.4352613611566226,0.1443680954613213,0.39336149959314415,0.5678116731771253,0.3246630907961744,0.7103034639990317,0.6879350924547785,0.5047563304760849,0.3691981053766617,0.18830858616609142,0.5259217668514082,0.44955305481155766,0.29538207653086684,0.37467230520130707,0.07918522976242125,0.08435969703395038,0.34604019357263754,0.39764259854813305,0.28845899316209855,0.1150561311839398,0.6768641914565381,0.17796192585095208,0.40035078262948404,0.36190721235781836,0.6550978041004907
