1.0,0.48009426487713114,0.26384072448782664,0.4851331905971354,0.5232305023386858,0.4681537489490918,0.43199469685356967,0.3912055588014133,0.563680980950664,0.5604543475428849,0.6730468128721327,0.7107943894772583,0.4737458284497448,0.43627080480015323,0.23421786922121862,0.28110510522257476,0.3118443101783129,0.2808346322369223,0.6028049569778346,0.25822896394435524,0.28655268707672615,0.45449533393513886,0.5980145180919971,0.26017718895881836,0.339284907471363,0.6998312058119287,0.8152304061341585,0.5379650120000161,0.478832113570563,0.40674328072091964,0.6337566273756738,0.7887607245611556,0.4610091114802201,0.5693555081351407,0.6689379017588017,0.4179387178618061,0.44147004262673634,0.47600083059248977,0.6883311426202952,0.3898938881402701,0.47450993829948435,0.722289518496673,0.5489369718760464,0.4198326967704344,0.3470908650412198,0.6293218358224935,0.48905188699376667,0.2742764074372969,0.3793752628741832,0.07575761671063637,0.23688697124087676,0.40168811152579725,0.5817537475635468,0.22601418625039335,0.3412954108082121,0.6498443429370194,0.5113429051164037,0.7087689604808018,0.5927490821302258,0.588654375140371
0.48009426487713114,1.0,0.30468396870184966,0.5962117360614416,0.7210033422968539,0.5001459475274759,0.23740705134350842,0.521920568939852,0.6312559918845555,0.6986785863360412,0.7068716857793804,0.36402448382814884,0.5990999040130379,0.6497547450419702,0.2694176454592836,0.5932646236427284,0.6984782264468239,0.48692882404397475,0.5743572550248291,0.5938734795250046,0.3942063138646595,0.6347442785071771,0.7342344506017904,0.5692334283346667,0.6762179072891243,0.503730272363541,0.5043647977105561,0.6449799636405992,0.7249132991642389,0.6874168228386107,0.7301169860662874,0.5684136625477605,0.5655080895071737,0.5923484679249624,0.6639496973026151,0.6673838133488633,0.4237687266543932,0.654226175246501,0.7018542160748689,0.5462202085481469,0.5934287387056012,0.7807361320988782,0.5375601393691504,0.6791332055236989,0.7206481989541037,0.4810083145307063,0.7528787023337629,0.4258362556958356,0.5586750887320078,0.46440116148270977,0.5136968470316645,0.522815125688002,0.7532919258014392,0.3348266721745955,0.4929804762836648,0.6174572695652486,0.7092608682571446,0.4283539843572367,0.6520840789695926,0.5110354434374578
0.26384072448782664,0.30468396870184966,1.0,0.3142575659429526,0.43378657277930327,0.23795759374827208,0.22821440841409543,0.6136555622759261,0.3424560926427404,0.38562584584262416,0.33225820579071824,0.3779810407936034,0.101040665873224,0.15228545663873158,-0.1085214697605863,-0.06465616349067084,0.1087755450130552,0.1472770413782744,0.3610637749538824,0.1946260371013139,-0.05843504497700529,0.19249482319730699,0.37701226355154693,0.08299069404579293,0.0872248643490622,0.38381071251486476,0.4240806482465643,0.5814965557677512,0.4713963787896046,0.3640686247662665,0.2207648362167119,0.22518578584254537,0.401638752355949,0.3353329580068388,0.3521107722326497,0.43323872002986025,0.5690213999562482,0.3228006127436173,0.36366259260408984,0.17435360788579612,0.3722384683507909,0.34220785780693574,0.25147326459626007,0.5230941803506787,0.5595392436497727,0.4011565537817502,0.36047757179955464,0.2703731439229701,0.14136363302680688,-0.08023585944765844,0.15879146779312087,0.06203364013022542,0.27899272544694526,-0.035494912132220106,0.22772056962972767,0.35762541909602563,0.23707081224390508,0.33845819396550053,0.2883873963523366,0.45233345655770335
0.4851331905971354,0.5962117360614416,0.3142575659429526,1.0,0.6108515224168358,0.49084323781609696,0.2672591651108364,0.601396106786287,0.5831306598247071,0.6070861795297388,0.5217567936780034,0.45414725890787605,0.42888136688233913,0.4038020276975969,0.3324884840214803,0.4365681908954374,0.6843337727301102,0.6866852558334877,0.42941488385670257,0.777851702851207,0.5237313019471675,0.5573382752659211,0.5630943693800221,0.5654858548597171,0.5905695622759917,0.5073121124009726,0.49067710998051595,0.649986220924743,0.5658866276767995,0.5736270767887788,0.6412745867013604,0.47828720506573247,0.5637288428127678,0.5625386023843058,0.5772933387627313,0.5322308067981852,0.48686173731099114,0.652805411197242,0.5491143755289897,0.6034814446075758,0.4452710682640585,0.6436036179775462,0.526452923599794,0.47438607858553794,0.6262314839746171,0.47256225901265836,0.6083794346571387,0.40912231469512716,0.6591232884836808,0.5510827563103813,0.7237192054929668,0.4675385206977854,0.5179805332465245,0.41823621968458324,0.542341599461736,0.5386301196971663,0.5515734491465177,0.5450465803080549,0.662549393758235,0.5162695531330522
0.5232305023386858,0.7210033422968539,0.43378657277930327,0.6108515224168358,1.0,0.6795875935475595,0.4308812111332898,0.47948728459481815,0.6401412156072428,0.6368631658665121,0.6277318248644002,0.4280719829035107,0.5410737200515265,0.47203428362284844,0.4154412498222385,0.49020284808070286,0.6550076780015254,0.4543216390194165,0.525084249861038,0.5431212837286064,0.3672938914381795,0.5840398664865721,0.7122842182201186,0.5183472856128319,0.6045709098587452,0.5052815562532957,0.6087644974838258,0.5971018024949836,0.6980894602521901,0.66359698314538,0.6614724568639005,0.5905971243286361,0.8801429463132404,0.7252230188562423,0.7000772412883174,0.5375469078478574,0.6708668612614239,0.5810025424970455,0.7189824221756149,0.599434811221921,0.74337360061227,0.8186573383587163,0.5742462964325658,0.4877548474757929,0.5349581275065272,0.6841064843993834,0.6316906244427589,0.3562942540570431,0.6030349605104932,0.347134649993234,0.4947915443072698,0.6820574234930332,0.5666814527435535,0.5274272140730317,0.3442215376962907,0.7711631673619445,0.5318588508401823,0.6283942504444191,0.6700865626117849,0.5772192619038979
0.4681537489490918,0.5001459475274759,0.23795759374827208,0.49084323781609696,0.6795875935475595,1.0,0.42481697531242474,0.31536216100836606,0.7956787507184939,0.601383124998865,0.7132769076412504,0.22189988309288572,0.5171043185682433,0.4082635750887887,0.3720340551586273,0.33693392557901697,0.5920765683700847,0.44882815052037595,0.5072135894485796,0.5403352507530681,0.4310522223649779,0.5996735181279135,0.5064258002092904,0.3876121156858639,0.4694895631694476,0.5297174496432733,0.5199747750142284,0.37106690212204124,0.5446233850493494,0.6491769387258719,0.6723869026941589,0.6674615779540012,0.7429933635065021,0.45958257061198776,0.522899302218302,0.4564312377578516,0.5588637715268179,0.5031979291779582,0.6016480389656211,0.6509676749584622,0.45880434531453185,0.5769256257186829,0.46979286342720716,0.389374990353759,0.32637020397545957,0.4897309358243206,0.6314880568104557,0.24980831181645152,0.3622009392010425,0.3484375761608979,0.44278810964873605,0.5495524532794214,0.5245777016329599,0.3234530617895658,0.3870112465489794,0.4111044653024942,0.5086282001564295,0.5902540190571495,0.7852686424939639,0.3939499422636545
0.43199469685356967,0.23740705134350842,0.22821440841409543,0.2672591651108364,0.4308812111332898,0.42481697531242474,1.0,0.160341395168098,0.5121515059620245,0.31954451532673184,0.4199513092277452,0.23724337965952977,0.5331652957584334,0.45418785392230854,0.29253833213902214,0.24978061544194322,0.2290183481473977,0.22986868520864326,0.26821042498208725,0.2496186548397959,0.3139255836192608,0.2846369777236978,0.27125032180255076,0.20561882881630478,0.12681046171805427,0.4162767759177363,0.367385272579455,0.20101480164183022,0.30130482150695453,0.251242954074077,0.37165666538805664,0.40588093908688616,0.5145585677385862,0.34707413940629517,0.3292679585507776,0.12353776308978967,0.3320989591643138,0.26664776144495994,0.3030538655600822,0.2793907919971233,0.37942942361345616,0.37749341065796016,0.1813026257089901,0.12202092731059364,0.1702413252105279,0.36152080603196357,0.4114892713028042,0.47426109408444905,0.16332432778491873,0.2819974404960417,0.2896705357150632,0.3240620422209335,0.2555311470573721,0.379235709469128,0.34904351281369905,0.2917540001291823,0.3131084576835846,0.4696623430258898,0.40858535816401587,0.18419485070007965
0.3912055588014133,0.521920568939852,0.6136555622759261,0.601396106786287,0.47948728459481815,0.31536216100836606,0.160341395168098,1.0,0.4064348404482653,0.712956649482664,0.48371416801200234,0.6091023126433808,0.3662464567213502,0.4031419525518059,0.18572137053600782,0.2512853311469943,0.45817156792918323,0.5915996557863604,0.5116487521238386,0.46838196832938983,0.35582397593806936,0.41474424782344366,0.6833980683961081,0.3748918465692491,0.4326844145645684,0.48346083181999094,0.481158763864226,0.897766622020171,0.6923860911404925,0.4367254061257893,0.5680165401984153,0.47893771611009084,0.355363098219958,0.436545788893386,0.6343815319492165,0.6691261473330462,0.4996368072088181,0.6566874005825605,0.6739697288816527,0.4480979683762743,0.5287980582964886,0.6085693121053989,0.5235488900554528,0.6813310703670086,0.6151678972081565,0.46299086024258773,0.49107855221171215,0.38406028522734675,0.46601296320852253,0.2296149434638944,0.44288484508668147,0.35599503493274104,0.517365893762062,0.26873438391173754,0.388073447702021,0.5393036809164483,0.4671404095443464,0.4475238669489469,0.4434693643349606,0.7761820711175579
0.563680980950664,0.6312559918845555,0.3424560926427404,0.5831306598247071,0.6401412156072428,0.7956787507184939,0.5121515059620245,0.4064348404482653,1.0,0.7559306810167468,0.7485483221140806,0.3664733598042298,0.6342183016334898,0.5297075524111305,0.3489579569199253,0.37101515964474563,0.6247066710784352,0.4717890729628982,0.6998472218612837,0.6161159081581109,0.4651572559236916,0.6426378239897186,0.6524202261025761,0.46515207102492323,0.5193043432182349,0.680285680935994,0.5617524501764692,0.48405710890194636,0.6889871050718395,0.7366255793817342,0.7957583572385389,0.7214679992461094,0.6844332956334576,0.5553811129781712,0.6360545144864085,0.5545776923783633,0.4905630410769305,0.6213089805231784,0.711956923301394,0.7242918142786694,0.47578326207460175,0.6847186832787243,0.516762398318878,0.5447620849107675,0.5288441669420993,0.5088057210620405,0.8030231980243062,0.4214302764161385,0.3929625008770537,0.40501613714898205,0.5198136805976553,0.49127437054323125,0.6311877224372284,0.30710933914590194,0.5206413322353,0.46950844944559134,0.6307240881751581,0.6397782724442657,0.8727561003086807,0.5192596446909234
0.5604543475428849,0.6986785863360412,0.38562584584262416,0.6070861795297388,0.6368631658665121,0.601383124998865,0.31954451532673184,0.712956649482664,0.7559306810167468,1.0,0.7183660090239549,0.5952381396172787,0.5619654740847235,0.5285747138194326,0.35794401682913823,0.3754811511047224,0.6015399787610091,0.4936509908031742,0.7163774094224867,0.5993499492324159,0.5278371536401344,0.5499522500586068,0.868851119694324,0.5018477505053073,0.5473571243459563,0.6652017279447353,0.5546436457862505,0.7691975584039483,0.8801991028050342,0.6825794991534785,0.8542524266559924,0.6686914433499356,0.5292542094620107,0.5453339720158159,0.7567172414246135,0.8238029769677017,0.5469397703148435,0.7306767521929465,0.8449419628754091,0.7184669418750851,0.5320360620964522,0.7540798506303217,0.6574204827230817,0.8017493022289622,0.7076786383661606,0.5675218604097679,0.7270657231890207,0.46020926674601476,0.4581113316585535,0.3987842305376676,0.5303416701563349,0.5743963928056732,0.6059319225662263,0.3355716055330904,0.4625793597430376,0.6050695004661508,0.5869453729755315,0.6586657610140774,0.737594290905284,0.7914723933448335
0.6730468128721327,0.7068716857793804,0.33225820579071824,0.5217567936780034,0.6277318248644002,0.7132769076412504,0.4199513092277452,0.48371416801200234,0.7485483221140806,0.7183660090239549,1.0,0.4335452595780291,0.6381190259755111,0.5503473385549832,0.2827385818222117,0.3410315207008007,0.5204268157480682,0.4517358842340675,0.6246951616272906,0.485565571940673,0.47415642683103193,0.5872000285619726,0.6512160518597627,0.3395038945587089,0.46435973827369736,0.6291230489319724,0.7207621619848474,0.555535156030575,0.6319499198974361,0.6621447008923087,0.8275283585834294,0.7534797811761993,0.5933166130584638,0.5436724939525656,0.7283143107821076,0.6792973161342821,0.568254513040219,0.6173185599773134,0.7451700833706522,0.546942260155246,0.6070451878482948,0.7511535491658818,0.5746815613101784,0.6406480298638534,0.4888741092482503,0.6291079076810863,0.6845414532075245,0.3383981311116676,0.38914878199833447,0.31088819616469854,0.41412142734957724,0.5285490072918215,0.6894290858278957,0.26168997388163406,0.5144088922882684,0.5585584785684585,0.6563561094733134,0.5322359716050795,0.8009795815086352,0.5652870905929632
0.7107943894772583,0.36402448382814884,0.3779810407936034,0.45414725890787605,0.4280719829035107,0.22189988309288572,0.23724337965952977,0.6091023126433808,0.3664733598042298,0.5952381396172787,0.4335452595780291,1.0,0.24914384908121562,0.24964030359841263,0.22409839057158157,0.11538944587715054,0.2365917430275693,0.19928816441007097,0.4464448008401002,0.15338588185954544,0.21899719455929928,0.16983494374137814,0.6415977545753541,0.15177872853745478,0.16676223939843274,0.5766548316854777,0.6215241402834925,0.5739607017986101,0.546884412397577,0.3693307511875024,0.5300670534917828,0.6004947789867797,0.278785148804766,0.515359937952336,0.6908182245456753,0.5101081293312058,0.3868300277204423,0.4783655134660326,0.6495088429359779,0.33101613364069626,0.5232922190333081,0.6273380841504077,0.5868312126914115,0.6063027820373914,0.3248093832983304,0.6857429298176358,0.288434339821216,0.195881579040298,0.31253816260447087,-0.02794058833386376,0.10882059050638562,0.2161896198835862,0.3370680696007479,0.1529817492468609,0.12915321456452036,0.5799153682552642,0.20333990331435642,0.5532786431004235,0.4128206794186825,0.7854417626913721
0.4737458284497448,0.5990999040130379,0.101040665873224,0.42888136688233913,0.5410737200515265,0.5171043185682433,0.5331652957584334,0.3662464567213502,0.6342183016334898,0.5619654740847235,0.6381190259755111,0.24914384908121562,1.0,0.8296861932978385,0.4596573352037545,0.4881063400644255,0.48597123682550636,0.5180125306020361,0.5843559180259115,0.3897799883675718,0.5449182148389478,0.6432571705982505,0.5984939604536689,0.46816931520347305,0.4398362939944495,0.42679374775062645,0.4688601057096494,0.4466590010553445,0.6235363978004065,0.45805015063161614,0.6730412309980555,0.5683935121787366,0.5455819575344936,0.4725117362622564,0.5290452191662162,0.38584293300783634,0.3317054519322852,0.4486605033067949,0.5876018797936011,0.4447244112409151,0.44752697228451765,0.7037128660956017,0.3398263481933742,0.32828732915114917,0.3536051836935323,0.3727850803446181,0.6953292072642171,0.5856432794918718,0.3534969947692753,0.5460614744242079,0.5061235745245644,0.6588973899219286,0.6634381419594555,0.5781151400249098,0.650057146025657,0.4598149028277275,0.6779803019663299,0.4388510442714228,0.5823504779179003,0.4168546457610052
0.43627080480015323,0.6497547450419702,0.15228545663873158,0.4038020276975969,0.47203428362284844,0.4082635750887887,0.45418785392230854,0.4031419525518059,0.5297075524111305,0.5285747138194326,0.5503473385549832,0.24964030359841263,0.8296861932978385,1.0,0.3191845439895221,0.6525619799209015,0.4538557888768476,0.3453925275631999,0.5197874946341718,0.32041513263207233,0.46127109286655343,0.5799601091041419,0.5625790357177091,0.4587711235514854,0.49276184782114985,0.44515883047050586,0.45699012751618684,0.5019793677297844,0.6140102591101413,0.3684532929490453,0.5574136520916583,0.521350819743341,0.44640027539877225,0.37695905142511055,0.4918365918088988,0.4002007937190939,0.26437395709281,0.4812269262046699,0.5302207669803501,0.31744493737678475,0.409060372779415,0.621825255648025,0.32349151057725883,0.4011120334536096,0.43691912561544094,0.2999856457019249,0.6465035981848785,0.7119233102896179,0.3570893840943472,0.5213329448776369,0.38817063202356544,0.47761015028377607,0.7044862167051462,0.42022326894851725,0.5895597801146226,0.4063872910562254,0.6373644105447208,0.37055243259810267,0.5389394412380645,0.4070862331895266
0.23421786922121862,0.2694176454592836,-0.1085214697605863,0.3324884840214803,0.4154412498222385,0.3720340551586273,0.29253833213902214,0.18572137053600782,0.3489579569199253,0.35794401682913823,0.2827385818222117,0.22409839057158157,0.4596573352037545,0.3191845439895221,1.0,0.45858387735230793,0.4421724308727448,0.4913608467981553,0.2627324878753584,0.2781814804617597,0.6097907250013261,0.25187424819567283,0.3455451165622764,0.4153272089123372,0.29251815750708654,0.113545977959292,0.337768926119217,0.20335256239152893,0.2397337024663091,0.3268563798121462,0.39379996515616844,0.3277567455014462,0.3592872029690405,0.3518628735033321,0.4579075845758206,0.2441456560109049,0.23689320405785153,0.4124864413740584,0.43891915504950474,0.3586310947981703,0.29912647521148117,0.3995354149124344,0.3972755680584341,0.16567913115556693,0.0698831492382497,0.2985611539014621,0.20175439671938342,0.359381636090585,0.40438134566217443,0.40788350040058685,0.36396133919714313,0.4514163441438915,0.17895599270655488,0.6389570136138428,0.16982416070741785,0.3889427592763368,0.14405343093587708,0.3276024063051447,0.41762353860548196,0.4092112991224942
0.28110510522257476,0.5932646236427284,-0.06465616349067084,0.4365681908954374,0.49020284808070286,0.33693392557901697,0.24978061544194322,0.2512853311469943,0.37101515964474563,0.3754811511047224,0.3410315207008007,0.11538944587715054,0.4881063400644255,0.6525619799209015,0.45858387735230793,1.0,0.6527280834813414,0.48547107147745316,0.36949493731339256,0.46940747507821,0.5556359791139395,0.49145537155649716,0.4100079273394831,0.6247365698757947,0.6787890343241922,0.227697476337657,0.3059779428142867,0.33698564345683474,0.3779836792475684,0.38043045843073015,0.41593597064772025,0.37770940150121857,0.4455223921951556,0.40228557634662215,0.4237577832662014,0.29388385784058013,0.19724635179532135,0.38082604258113834,0.43326442469855275,0.38658424269110236,0.39435128610605286,0.48925967520288055,0.3946442163120787,0.19940770658991339,0.2969295326982183,0.23957365400121455,0.43669719376303207,0.5361388150481139,0.5626117095678085,0.5741344167968411,0.4026950500929886,0.48515441298504414,0.46067519594299633,0.5782117020136319,0.27309882862309653,0.45960424036726505,0.4104721277025189,0.2847570087001038,0.44350678033364066,0.3137751906083137
0.3118443101783129,0.6984782264468239,0.1087755450130552,0.6843337727301102,0.6550076780015254,0.5920765683700847,0.2290183481473977,0.45817156792918323,0.6247066710784352,0.6015399787610091,0.5204268157480682,0.2365917430275693,0.48597123682550636,0.4538557888768476,0.4421724308727448,0.6527280834813414,1.0,0.7495462729828819,0.5218481327974306,0.6990809473792099,0.6707898409208324,0.7175391913667778,0.5232018746009057,0.8284839497794116,0.8455156293724636,0.43506186154665427,0.39457688365070964,0.4362171413458295,0.5904640413172683,0.6210366182402557,0.6267405474581619,0.5024442694498663,0.6677188656381554,0.5418954918781597,0.5205664287723403,0.5365619223770124,0.376063892641199,0.49969717680636333,0.543210236092943,0.7242286317742008,0.5102377267555882,0.5981083910615125,0.49772141847557894,0.41393713832531615,0.4721222252965417,0.3326201528846908,0.7469723927188533,0.5559550757688657,0.7862485222795247,0.59816640802746,0.6331594123703194,0.6131696580152293,0.6013531984937208,0.6386877359327255,0.43825865375904954,0.5679094089066729,0.6388086762452264,0.483444875488675,0.6986019100124994,0.4747000182953648
0.2808346322369223,0.48692882404397475,0.1472770413782744,0.6866852558334877,0.4543216390194165,0.44882815052037595,0.22986868520864326,0.5915996557863604,0.4717890729628982,0.4936509908031742,0.4517358842340675,0.19928816441007097,0.5180125306020361,0.3453925275631999,0.4913608467981553,0.48547107147745316,0.7495462729828819,1.0,0.3898853864342855,0.6977123555817063,0.7479483913431253,0.6510399136577961,0.440379835174887,0.7232846328060515,0.6677430906556874,0.31858263551612176,0.3631426313115991,0.5621394172672952,0.4163538139579358,0.4842289340463589,0.570396469136045,0.44283046660523145,0.4452313594438529,0.35153940682667467,0.47663625658226827,0.4719722456099499,0.37390126567569143,0.4997099435499792,0.4860859972677762,0.6222060575085188,0.37462776550944465,0.46829301395874506,0.4827946441110207,0.3122458502969429,0.4270156360923603,0.27169474926175674,0.4931278878291029,0.3877262558355533,0.6533410425911399,0.592232398103704,0.7083706891614441,0.6287038364409704,0.44219085063349783,0.6659459804205263,0.5258955925283022,0.41711441915758324,0.5348697910868214,0.40636541498158874,0.5624018082812354,0.4378607390165853
0.6028049569778346,0.5743572550248291,0.3610637749538824,0.42941488385670257,0.525084249861038,0.5072135894485796,0.26821042498208725,0.5116487521238386,0.6998472218612837,0.7163774094224867,0.6246951616272906,0.4464448008401002,0.5843559180259115,0.5197874946341718,0.2627324878753584,0.36949493731339256,0.5218481327974306,0.3898853864342855,1.0,0.3686734478394897,0.34082217961947403,0.5434364120608267,0.7530271800307715,0.4609852993415207,0.4869938480524495,0.5533621316546719,0.6110894389672917,0.5825637438840204,0.7078817294780789,0.5112639920366631,0.6704598092242012,0.6574802369206292,0.4797115158292981,0.6037188881608088,0.6566134932156278,0.5151018015094104,0.3859993082961218,0.5002850722017265,0.757191388040241,0.525938371125062,0.46393663218897185,0.6813348826201919,0.5151481831732138,0.5063227018095556,0.5708554804070947,0.4443616199233662,0.7074611779288762,0.508091416122129,0.40781416107445845,0.15262571836654876,0.32306616767052265,0.4506934741056843,0.6804571379732185,0.29573989320124533,0.41926442894534227,0.6795021016624595,0.5847743292309422,0.5483277672219242,0.6350068926761631,0.7080964203020343
0.25822896394435524,0.5938734795250046,0.1946260371013139,0.777851702851207,0.5431212837286064,0.5403352507530681,0.2496186548397959,0.46838196832938983,0.6161159081581109,0.5993499492324159,0.485565571940673,0.15338588185954544,0.3897799883675718,0.32041513263207233,0.2781814804617597,0.46940747507821,0.6990809473792099,0.6977123555817063,0.3686734478394897,1.0,0.5460301257702916,0.6599235458564098,0.4672142320584357,0.6368553588548497,0.6795687658054483,0.46771762581801346,0.2833460918951932,0.5278144997840507,0.5292280035630268,0.6035012890369317,0.6080352845344726,0.43926414245395157,0.5231884526592843,0.37871510995421565,0.43245834215191437,0.5076843407724099,0.40406690471395657,0.5692535519375516,0.4804586921350184,0.7292361033509999,0.35002061637227616,0.49209388889143985,0.4920302218241731,0.4166607056596887,0.6508848637368259,0.2751522482071013,0.6154940833672352,0.29761165588003413,0.5651238040139169,0.7194103116524662,0.7945783039922938,0.5442464631359348,0.45401276201029217,0.418508426133109,0.5015133569848953,0.3386838335499281,0.5859874934585263,0.47586043891929625,0.6979918191155748,0.30801001135445666
0.28655268707672615,0.3942063138646595,-0.05843504497700529,0.5237313019471675,0.3672938914381795,0.4310522223649779,0.3139255836192608,0.35582397593806936,0.4651572559236916,0.5278371536401344,0.47415642683103193,0.21899719455929928,0.5449182148389478,0.46127109286655343,0.6097907250013261,0.5556359791139395,0.6707898409208324,0.7479483913431253,0.34082217961947403,0.5460301257702916,1.0,0.5381066143106494,0.39705137055446216,0.7228722508374702,0.6106384576245578,0.3709366309872263,0.36908511247933146,0.3201633091804044,0.3630358378063304,0.46762904841810304,0.5798625504145607,0.45758322748548885,0.36352723249154884,0.2585971329290102,0.4862248305750721,0.5366381393188624,0.2942058012823839,0.3840655842028256,0.4727554825434909,0.6019064832001606,0.3239589017345227,0.3924243623682064,0.49719207916819536,0.3784946807358981,0.300327266380948,0.27369371855253527,0.4295876297296769,0.5702046632018674,0.570016004330361,0.7167986021648642,0.6762053582906591,0.7099280580522491,0.33001229331253,0.7126866265471444,0.497367458087122,0.36865474948074345,0.43232288328521723,0.39345464578866635,0.6166348716922416,0.4284311203630404
0.45449533393513886,0.6347442785071771,0.19249482319730699,0.5573382752659211,0.5840398664865721,0.5996735181279135,0.2846369777236978,0.41474424782344366,0.6426378239897186,0.5499522500586068,0.5872000285619726,0.16983494374137814,0.6432571705982505,0.5799601091041419,0.25187424819567283,0.49145537155649716,0.7175391913667778,0.6510399136577961,0.5434364120608267,0.6599235458564098,0.5381066143106494,1.0,0.5465668222227034,0.7547179564583487,0.7789630368285503,0.529916752132537,0.47799352704630327,0.49519538947755315,0.579785365875023,0.5496538988482503,0.6212807464803985,0.6049086454941681,0.675366757902533,0.38765428992975004,0.45456630639072665,0.5006832025307058,0.4900098274956095,0.4444812763879609,0.5551960539137494,0.6754679455094179,0.39530535185753524,0.6121534729268293,0.502005095303286,0.34587487908992365,0.4913302999345805,0.2925542828893201,0.7827660725711897,0.47643809787532493,0.6666942677193123,0.5688104970072676,0.624072164791855,0.7275443924171883,0.7146873867402346,0.5958077773727685,0.6324332099415616,0.42237981827389015,0.8376472931656919,0.6263326090270087,0.6902181550988832,0.37345156082968733
0.5980145180919971,0.7342344506017904,0.37701226355154693,0.5630943693800221,0.7122842182201186,0.5064258002092904,0.27125032180255076,0.6833980683961081,0.6524202261025761,0.868851119694324,0.6512160518597627,0.6415977545753541,0.5984939604536689,0.5625790357177091,0.3455451165622764,0.4100079273394831,0.5232018746009057,0.440379835174887,0.7530271800307715,0.4672142320584357,0.39705137055446216,0.5465668222227034,1.0,0.4522196353629629,0.5582859078527848,0.5402520012455673,0.602103710329738,0.787678049286345,0.8700941520001259,0.6084191038348935,0.8092382323814894,0.6516383757020232,0.5604953177863563,0.6386435841278328,0.8432031580971231,0.6867006386510368,0.48388589013140254,0.6877572227096674,0.8813563210480497,0.5726576606530484,0.6290044968169093,0.8526137638940383,0.713262720667964,0.6914663087774304,0.6619490904440418,0.6439573160503631,0.656323867168489,0.3988703335185041,0.49627078129480634,0.27385587054450966,0.4314003667861736,0.5862647633580793,0.6918340029733838,0.3712783944786535,0.4685092962740141,0.7162900075715777,0.5903242246473831,0.617279797732157,0.6227155834227324,0.8229961908896725
0.26017718895881836,0.5692334283346667,0.08299069404579293,0.5654858548597171,0.5183472856128319,0.3876121156858639,0.20561882881630478,0.3748918465692491,0.46515207102492323,0.5018477505053073,0.3395038945587089,0.15177872853745478,0.46816931520347305,0.4587711235514854,0.4153272089123372,0.6247365698757947,0.8284839497794116,0.7232846328060515,0.4609852993415207,0.6368553588548497,0.7228722508374702,0.7547179564583487,0.4522196353629629,1.0,0.8415439589022317,0.39112214968162884,0.3345526374457775,0.41217976177605,0.5012812912285359,0.47540585676682695,0.48622699870419595,0.38241902399150196,0.489171019537549,0.3625361772951171,0.41898264990998146,0.4384901699294382,0.26503116581198466,0.3828173074974731,0.4571011730526209,0.6649450408002033,0.3296186170585116,0.46318417804668055,0.4121766204145202,0.31894145533152307,0.49924123396530645,0.19146513940329163,0.6089613226411231,0.5953162303049112,0.7247407423262786,0.6402887657067358,0.6815835455117452,0.7285069498659575,0.46816139465494694,0.7141720475384777,0.49640714320645285,0.5092207847012131,0.5969613548667421,0.4298593081887122,0.5482530549253124,0.4012793655205901
0.339284907471363,0.6762179072891243,0.0872248643490622,0.5905695622759917,0.6045709098587452,0.4694895631694476,0.12681046171805427,0.4326844145645684,0.5193043432182349,0.5473571243459563,0.46435973827369736,0.16676223939843274,0.4398362939944495,0.49276184782114985,0.29251815750708654,0.6787890343241922,0.8455156293724636,0.6677430906556874,0.4869938480524495,0.6795687658054483,0.6106384576245578,0.7789630368285503,0.5582859078527848,0.8415439589022317,1.0,0.43469508346290453,0.3797466962561328,0.4991032814507232,0.5417990792080527,0.5414434147089603,0.5927179916581089,0.47410032966964505,0.571015052796602,0.38052303284645433,0.5136171375858335,0.511420341177095,0.35503302750958166,0.47636311837887096,0.5561503230016124,0.7193669745296297,0.42499331558728565,0.5674652162823934,0.4755124683171087,0.35521420024747,0.5382957505215054,0.2668097617763705,0.6682453804835501,0.49156461037288385,0.7786862651594381,0.6057697778548639,0.6239838175128002,0.6999544390253256,0.6460432871317874,0.6208002856655835,0.5007851284631054,0.5438983705410335,0.7014713632646908,0.495205858600241,0.5987205326868499,0.4273746367976047
0.6998312058119287,0.503730272363541,0.38381071251486476,0.5073121124009726,0.5052815562532957,0.5297174496432733,0.4162767759177363,0.48346083181999094,0.680285680935994,0.6652017279447353,0.6291230489319724,0.5766548316854777,0.42679374775062645,0.44515883047050586,0.113545977959292,0.227697476337657,0.43506186154665427,0.31858263551612176,0.5533621316546719,0.46771762581801346,0.3709366309872263,0.529916752132537,0.5402520012455673,0.39112214968162884,0.43469508346290453,1.0,0.5541188079384958,0.5164706559239157,0.6394561718696036,0.6655498794823773,0.6444837905442107,0.7866276636440421,0.4679478643786837,0.3105705466710703,0.5763790269721696,0.6367784517537254,0.5210354354297588,0.6260886269187496,0.585895181651652,0.5670101188622932,0.3240320071249291,0.5351029091070453,0.4776272811842108,0.628862659902815,0.5542518445556961,0.35789051670610234,0.6417023277965658,0.33355116416101815,0.30626083170206203,0.25191123940501403,0.42642352857881594,0.4319229105418986,0.4946199535186235,0.11195097147038442,0.3803131450730705,0.3995501386826655,0.5336150681893784,0.7232564928505202,0.7675686331404747,0.5215700973198129
0.8152304061341585,0.5043647977105561,0.4240806482465643,0.49067710998051595,0.6087644974838258,0.5199747750142284,0.367385272579455,0.481158763864226,0.5617524501764692,0.5546436457862505,0.7207621619848474,0.6215241402834925,0.4688601057096494,0.45699012751618684,0.337768926119217,0.3059779428142867,0.39457688365070964,0.3631426313115991,0.6110894389672917,0.2833460918951932,0.36908511247933146,0.47799352704630327,0.602103710329738,0.3345526374457775,0.3797466962561328,0.5541188079384958,1.0,0.5641863759507227,0.488066537618726,0.41871293704849205,0.6378365598448296,0.6744421061562145,0.5647764220266331,0.6402281487197039,0.7464929900874427,0.43525705426050615,0.5013041435348339,0.5006118066265676,0.7297490954507528,0.3946317445895552,0.640708511569626,0.7380820475526239,0.6898775854891911,0.47830465552718743,0.4058843244980615,0.7870230215520457,0.5108601537275426,0.38255884210247054,0.48303434909272835,0.09262125226554677,0.2697036598990275,0.42497559964317827,0.5988812925575598,0.33100206201782206,0.3711385531746956,0.7608879994042129,0.5257947841670194,0.5737596285717979,0.6413127145037036,0.6981343107687032
0.5379650120000161,0.6449799636405992,0.5814965557677512,0.649986220924743,0.5971018024949836,0.37106690212204124,0.20101480164183022,0.897766622020171,0.48405710890194636,0.7691975584039483,0.555535156030575,0.5739607017986101,0.4466590010553445,0.5019793677297844,0.20335256239152893,0.33698564345683474,0.4362171413458295,0.5621394172672952,0.5825637438840204,0.5278144997840507,0.3201633091804044,0.49519538947755315,0.787678049286345,0.41217976177605,0.4991032814507232,0.5164706559239157,0.5641863759507227,1.0,0.7305873470813145,0.4585463105404724,0.639306276497018,0.5466071075864842,0.4080976799761945,0.5048067853851027,0.7029765711960951,0.6392565695256998,0.49968322178074775,0.729190952465939,0.7729320486348094,0.4805700679709714,0.5448687508660336,0.7307729750548353,0.6013324789860484,0.6702364499333223,0.734621534874933,0.535505884968196,0.5330274998038949,0.34905201066550945,0.4785222504984132,0.27037981551073853,0.5211888481562044,0.4655374112185033,0.6322697000221049,0.2542833435753653,0.4521104502417135,0.6161527201477963,0.5567329823447609,0.5181569851336876,0.5148022927891299,0.7359858632661123
0.478832113570563,0.7249132991642389,0.4713963787896046,0.5658866276767995,0.6980894602521901,0.5446233850493494,0.30130482150695453,0.6923860911404925,0.6889871050718395,0.8801991028050342,0.6319499198974361,0.546884412397577,0.6235363978004065,0.6140102591101413,0.2397337024663091,0.3779836792475684,0.5904640413172683,0.4163538139579358,0.7078817294780789,0.5292280035630268,0.3630358378063304,0.579785365875023,0.8700941520001259,0.5012812912285359,0.5417990792080527,0.6394561718696036,0.488066537618726,0.7305873470813145,1.0,0.6381733139731504,0.7574360020927673,0.5941062453824056,0.6151347509515385,0.5572747649492087,0.6890481336566102,0.7109022030172081,0.499960729968278,0.6669636496190801,0.7292720251551417,0.5851999739561778,0.559337655256374,0.776535080176582,0.5299983416416708,0.7156509304133054,0.7147035048575255,0.4743012442351998,0.7772698825693862,0.5045965753124785,0.45453406914665984,0.323316802729377,0.452939607932366,0.5152366360502125,0.6732014596916222,0.30833668544042586,0.4956279757745504,0.62019647958677,0.6339116811550017,0.5813523838812239,0.6616621471630122,0.7141647657879165
0.40674328072091964,0.6874168228386107,0.3640686247662665,0.5736270767887788,0.66359698314538,0.6491769387258719,0.251242954074077,0.4367254061257893,0.7366255793817342,0.6825794991534785,0.6621447008923087,0.3693307511875024,0.45805015063161614,0.3684532929490453,0.3268563798121462,0.38043045843073015,0.6210366182402557,0.4842289340463589,0.5112639920366631,0.6035012890369317,0.46762904841810304,0.5496538988482503,0.6084191038348935,0.47540585676682695,0.5414434147089603,0.6655498794823773,0.41871293704849205,0.4585463105404724,0.6381733139731504,1.0,0.7043280656714133,0.6072298467300017,0.5984701483873182,0.43223305036456966,0.5963676250356088,0.7564185566953567,0.6881499710366876,0.6321283686253208,0.6507884931099945,0.7412988861792054,0.3467895998684201,0.5933758834543309,0.5686033455157187,0.7141228907738142,0.5781063309772037,0.39192162750088616,0.652502173071672,0.2486758977847236,0.39280023780918,0.3901295062891757,0.5290235208981209,0.558250983737684,0.44022128142979317,0.32192871537420864,0.31596466575504295,0.4030331333885558,0.4593810859088821,0.5932222214797405,0.7753597991004079,0.5163486281808702
0.6337566273756738,0.7301169860662874,0.2207648362167119,0.6412745867013604,0.6614724568639005,0.6723869026941589,0.37165666538805664,0.5680165401984153,0.7957583572385389,0.8542524266559924,0.8275283585834294,0.5300670534917828,0.6730412309980555,0.5574136520916583,0.39379996515616844,0.41593597064772025,0.6267405474581619,0.570396469136045,0.6704598092242012,0.6080352845344726,0.5798625504145607,0.6212807464803985,0.8092382323814894,0.48622699870419595,0.5927179916581089,0.6444837905442107,0.6378365598448296,0.639306276497018,0.7574360020927673,0.7043280656714133,1.0,0.7444263477432406,0.6043392268747473,0.5708471977083072,0.829165178455263,0.7174410622624331,0.5168219941902876,0.6931573916556293,0.8351132427810345,0.7293689216721065,0.6062399552234667,0.80843684696456,0.6328165060932388,0.6382829394351766,0.5841763435234042,0.6410573639188343,0.7502433381423911,0.380402457139457,0.5134568589614183,0.4232129546912303,0.5394456409860117,0.6305956569345524,0.6629936811230152,0.3810437137762131,0.5846207072367703,0.5895376887843137,0.6826582423581463,0.6282021528047234,0.8035525577968438,0.6748001102696344
0.7887607245611556,0.5684136625477605,0.22518578584254537,0.47828720506573247,0.5905971243286361,0.6674615779540012,0.40588093908688616,0.47893771611009084,0.7214679992461094,0.6686914433499356,0.7534797811761993,0.6004947789867797,0.5683935121787366,0.521350819743341,0.3277567455014462,0.37770940150121857,0.5024442694498663,0.44283046660523145,0.6574802369206292,0.43926414245395157,0.45758322748548885,0.6049086454941681,0.6516383757020232,0.38241902399150196,0.47410032966964505,0.7866276636440421,0.6744421061562145,0.5466071075864842,0.5941062453824056,0.6072298467300017,0.7444263477432406,1.0,0.5567922673231626,0.40640801117315195,0.735260141227214,0.5726480468713856,0.4878092775345304,0.5852827217442057,0.7935030888952038,0.572060577006646,0.5276149868498201,0.6943916318611059,0.6157274178347306,0.5285216010055716,0.4320243580332536,0.5403899595988111,0.5954141652405114,0.27433083767199007,0.39569126356877227,0.25259054805593784,0.41276646364509206,0.5286747203588515,0.6387706541097724,0.25118172946620754,0.419457745595743,0.502688009423368,0.5488462428986821,0.7618814103628279,0.8043857875695151,0.6004054258198823
0.4610091114802201,0.5655080895071737,0.401638752355949,0.5637288428127678,0.8801429463132404,0.7429933635065021,0.5145585677385862,0.355363098219958,0.6844332956334576,0.5292542094620107,0.5933166130584638,0.278785148804766,0.5455819575344936,0.44640027539877225,0.3592872029690405,0.4455223921951556,0.6677188656381554,0.4452313594438529,0.4797115158292981,0.5231884526592843,0.36352723249154884,0.675366757902533,0.5604953177863563,0.489171019537549,0.571015052796602,0.4679478643786837,0.5647764220266331,0.4080976799761945,0.6151347509515385,0.5984701483873182,0.6043392268747473,0.5567922673231626,1.0,0.6393912058997093,0.5557674950365066,0.41674452160448094,0.67768728580004,0.4056060994319529,0.5546832931197352,0.5914615180382591,0.6580407035032646,0.708988683776894,0.5007048838857828,0.30099130707050553,0.3876835080407382,0.5848664772264585,0.7223922029862708,0.4439811163218147,0.6189436354921486,0.36937574771903303,0.4723477840058413,0.6084442320601429,0.5609230127840603,0.541430066136931,0.4433585819846574,0.6113261706985511,0.5909454447029334,0.7009608241207386,0.6887805674576631,0.42350869722916684
0.5693555081351407,0.5923484679249624,0.3353329580068388,0.5625386023843058,0.7252230188562423,0.45958257061198776,0.34707413940629517,0.436545788893386,0.5553811129781712,0.5453339720158159,0.5436724939525656,0.515359937952336,0.4725117362622564,0.37695905142511055,0.3518628735033321,0.40228557634662215,0.5418954918781597,0.35153940682667467,0.6037188881608088,0.37871510995421565,0.2585971329290102,0.38765428992975004,0.6386435841278328,0.3625361772951171,0.38052303284645433,0.3105705466710703,0.6402281487197039,0.5048067853851027,0.5572747649492087,0.43223305036456966,0.5708471977083072,0.40640801117315195,0.6393912058997093,1.0,0.6083180441756049,0.3358731706134953,0.3766975391962625,0.4097307775954099,0.6210107372541169,0.41047826519360964,0.6935044332377007,0.801326412701248,0.5741738886775849,0.3858249006390281,0.33677431341414704,0.7275551303534952,0.5609716224561326,0.3692733664521076,0.511460083593646,0.16456395895875747,0.2748586525015877,0.4237431383251809,0.50163049858841,0.43424610600617897,0.2368081593373877,0.7828503394689944,0.4308539914731854,0.3955994082048207,0.49383226779536765,0.5766202491424349
0.6689379017588017,0.6639496973026151,0.3521107722326497,0.5772933387627313,0.7000772412883174,0.522899302218302,0.3292679585507776,0.6343815319492165,0.6360545144864085,0.7567172414246135,0.7283143107821076,0.6908182245456753,0.5290452191662162,0.4918365918088988,0.4579075845758206,0.4237577832662014,0.5205664287723403,0.47663625658226827,0.6566134932156278,0.43245834215191437,0.4862248305750721,0.45456630639072665,0.8432031580971231,0.41898264990998146,0.5136171375858335,0.5763790269721696,0.7464929900874427,0.7029765711960951,0.6890481336566102,0.5963676250356088,0.829165178455263,0.735260141227214,0.5557674950365066,0.6083180441756049,1.0,0.6362039689280796,0.4712047966464305,0.6760762901497118,0.909041972799135,0.5445536724816091,0.7888485839520182,0.8351618453287756,0.6792952253330523,0.6457078926884439,0.5428319413640577,0.773769565294921,0.5562121354539571,0.3517931458458633,0.5312713750476954,0.2469104786574899,0.40966480490054236,0.5293117811785092,0.6009404542699244,0.3777509257777226,0.42710735375739084,0.7505481985253231,0.5045208765236349,0.5737327894110972,0.7054165979153134,0.8296942995931579
