1.0,0.40538742822519264,0.09089812031198549,0.189493709979793,0.23646530845662955,0.17263434066886013,0.22356688993213333,0.4529265856779934,0.5642923135441854,0.24476424568012117,0.004317456829645,0.208781457237016,0.14390331763015665,0.32557284003878284,0.30216506653296626,0.47606998197965567,0.6533524312783078,0.6518562561363924,0.30140674425180053,0.27696483107279607,0.29201475821203166,0.2565446376883173,0.41220743479443483,0.489702030167115,0.6031490761335422,0.37666788853438704,0.27349428524709407,0.3157979167177284,0.344679272528853,0.3519647785284217,0.403602873453618,0.3646052977111366,0.6427460451556348,0.4930765789642583,0.2800407235363199,0.3563024137736954,0.3298017886085584,0.19180309566921122,-0.009553769781162657,0.21219421255371956,0.1389630199804221,0.6343302260238463,0.30571567559525575,0.4122614362899554,0.3707547963961907,0.5328474912935646,0.09633364488494063,0.18608307314252479,0.3434181866989655,0.38186059913898823,0.14765872233037916,0.30447404897929,0.41426120852469434,0.1195314533224026,0.30416794596831187,-0.01310465361586997,0.38835805912118043,0.29199376491191154,0.36946433264917933,0.27683645268839874,0.31786682693608254,0.6223279639477084,0.4868884951673539,0.31787912877061786,0.49584073955613334,0.6115941469867041,0.48765482409799044,0.29789639681939734,0.452628040213069,0.5820505773564189,0.46347823548503975,0.22984397981507404,0.4734204039591761,0.5564475605648999,0.49872540800096027,0.35244801261778297,0.5447282270641137,0.352494863252659,0.603191676055894,0.3561397281286497
0.40538742822519264,1.0,0.48984815017965405,0.5962959230617474,0.4033743752101816,0.5619986403332694,0.1990556860540733,0.27004353482135046,0.3187683441223738,0.43218933955336347,0.35886112658759706,0.4963042703429987,0.37121380420023486,0.5707861876942889,0.4892075729875292,0.5579938236011428,0.5057674642801757,0.6406169641100443,0.2933806689674333,0.3442251902777579,0.3749658510888711,0.48712165117058015,0.3137914438407756,0.3635002113276146,0.3589298501000972,0.5502785172581243,0.4574227284962108,0.6908989448183627,0.3394827741183546,0.3068963254270067,0.5159188745515326,0.5473506679186506,0.467629066827286,0.5043029251940967,0.3915369921434994,0.5958130833762886,0.5660792328616343,0.5860687137692963,0.22817341880177952,0.469050488729952,0.4991922234815046,0.6054602528022608,0.30844050964144215,0.5554035551483353,0.4319016629595481,0.45819613609110244,0.4160032511802031,0.5443266225578032,0.43606843357108377,0.5662867580468314,0.4490539407540234,0.41314512090374506,0.49073969698215175,0.47807298891818817,0.23185702346550913,0.3960040899453512,0.49781117525214846,0.5097361570858678,0.497625237938471,0.2636190950878981,0.6884105117317605,0.39481728348965206,0.4494952128883621,0.4910497006006812,0.5817876631063973,0.5207275223152568,0.5766183963044905,0.37959814078644194,0.4543959377840661,0.45164940023141675,0.46550833430687105,0.6109320710151216,0.44911699576874725,0.4482840795891018,0.40673778018912177,0.5321015661930641,0.606704668757588,0.34179285605931853,0.4199904014496064,0.4203591623549179
0.09089812031198549,0.48984815017965405,1.0,0.7119946603689395,0.5974505913692281,0.6845845285840599,0.4180340940668311,0.30638733223986586,0.2254217311981006,0.6155476623653711,0.8399699286103728,0.8070111934746416,0.6172773932328487,0.6783573149364586,0.42392585648962333,0.3270220260003339,0.2239593940110544,0.3460574714895677,0.3117453339051173,0.4693042784678038,0.5384163129664703,0.5411238402586909,0.41409470943554505,0.21916809843688528,0.35857708834623864,0.5494943627418778,0.7308804928708479,0.6435565339579599,0.5975297595695659,0.44827539343803274,0.5127702600979409,0.5641055617257319,0.27456200657593477,0.27323392156014503,0.7788628790839859,0.7032315346755359,0.6542452358210611,0.5766676847342781,0.504493840772305,0.6909623696988755,0.612580082008799,0.3942456524252421,0.35302369096210684,0.696964042271971,0.5491070137396799,0.4989403564486704,0.851226315026743,0.7415835286283496,0.6363670010272526,0.6062062690038571,0.7537286939713697,0.7522342511129723,0.5528347097416956,0.6749181671357117,0.43713310147027595,0.8613505995201836,0.6171302817337533,0.6547725380644198,0.5232494102671266,0.43403811579978296,0.5688526543360052,0.2704094642613733,0.44633566924566714,0.7605714279162559,0.6029218727303917,0.46555706127767216,0.63122766232459,0.5076492963592326,0.3834646867973925,0.31045573827036843,0.2980762523959713,0.5990678078725322,0.3638646726221179,0.4557651253869116,0.35127266480620084,0.6377658145706511,0.568142234872064,0.5786208405896522,0.3321181056699918,0.48482200823255955
0.189493709979793,0.5962959230617474,0.7119946603689395,1.0,0.6073876650992098,0.7209297783065568,0.3732506935136547,0.3809434757521864,0.36146589731644907,0.572787127638359,0.5406915896047588,0.8060579501982463,0.6432752870932514,0.5316509992554719,0.4298198133802507,0.393655652056459,0.3125549063544565,0.37888211953376294,0.15233902684495007,0.4756952101896008,0.6001521878474223,0.38644876782999965,0.4338952503497359,0.34753063557271247,0.4140663886225199,0.45677136218449155,0.6699539896747936,0.8280128472707812,0.5738706633143689,0.4722680434288898,0.5328735723760971,0.6171739137982545,0.4572489525161313,0.4490158756318438,0.711689271484832,0.8218841757115174,0.7005157691669628,0.7262764262945401,0.539277109888353,0.6127381775276006,0.6825362268344776,0.5060401217150159,0.3171441742085961,0.8257853503735293,0.628968449922594,0.5513636760412848,0.6900656702332456,0.7635051999351775,0.7150249475680329,0.5453656875817293,0.7386308029744685,0.7573672950436594,0.5895402273059296,0.7847262130747336,0.38189561449255405,0.6061277064239279,0.6647856398715968,0.614601358741736,0.6280766300031055,0.4578151662463939,0.6172432378880288,0.3916667343768768,0.5397289249806458,0.622633351704945,0.5934452613338034,0.538205051618092,0.6022508743571452,0.4981181734642702,0.5168405276895601,0.503227864608164,0.5419202112804724,0.5282989266456495,0.404307006973699,0.5091933871177456,0.3860753060972856,0.7133326579131857,0.570680489108267,0.6551883568418885,0.36701323849606926,0.47267797562517844
0.23646530845662955,0.4033743752101816,0.5974505913692281,0.6073876650992098,1.0,0.6690235886321774,0.21397292150817462,0.3373025220579139,0.314862640147548,0.49031965998929694,0.4141332103114438,0.6509554555337278,0.8181630987471671,0.458977568135746,0.23746906341984664,0.3209713224453442,0.377781972242115,0.33069509646188683,-0.0898152984307686,0.30676479142943985,0.3971245854390878,0.32814168890139167,0.357385836318769,0.4009665520889777,0.446574807879695,0.24702756902858777,0.610818882283218,0.5233009706325487,0.7219661864238758,0.4265008423397451,0.276235457316195,0.36451093049450356,0.36254579679933696,0.3399229262779103,0.7329208556387335,0.5329342990966148,0.595457527229527,0.392391668238029,0.5645325874485484,0.8023411422543159,0.48391129208220196,0.49895106668347655,0.26500110829937185,0.6157422608075809,0.7972058676468621,0.43244714026521863,0.6358824097800502,0.5241628703661407,0.8687160366899022,0.5436031219643189,0.5972932935922268,0.6348680494127033,0.7211078252957152,0.5199138309569258,0.4234252398941555,0.45589423011229063,0.6447867360477815,0.6568558831855208,0.5080144032147795,0.4120282752451573,0.5265183626888701,0.547287383663872,0.6470109468099452,0.6316917852468014,0.5456350412035251,0.6477786365574909,0.5274212071900537,0.3892369521550748,0.4704228461148806,0.5364939897308859,0.469643226347086,0.4151344462006432,0.2979017824637668,0.5575299321654321,0.5191687439032855,0.8033224106217542,0.6304203142112096,0.6234789843129369,0.18794236068903486,0.2666037843122594
0.17263434066886013,0.5619986403332694,0.6845845285840599,0.7209297783065568,0.6690235886321774,1.0,0.4755808477880675,0.524004360490723,0.3467353872197395,0.5975745277765988,0.5630976399844541,0.7724112758273834,0.6521580042955236,0.5164515248214142,0.5037954092084692,0.5123560870215834,0.3762104837268382,0.4401661752419318,0.18561959837698105,0.4845591011338117,0.5561916018969925,0.4483148750528813,0.3664710557833668,0.4125267359260326,0.3878319188093247,0.5041759088422836,0.5638779380846719,0.6529403780874812,0.5127065749257385,0.35553505868314966,0.4357315517825972,0.5928901799769731,0.441556196701918,0.4330480947251953,0.510316751695217,0.668640390293173,0.5510439244285836,0.5315332645908026,0.5195743272081359,0.7794941140560153,0.6438910815920929,0.4343544911589687,0.38004786786296346,0.7029783674373595,0.5173113520963197,0.4352949103818415,0.7858662769039575,0.824248862743428,0.6009200629961362,0.6552529682122968,0.6805614241852459,0.7852517999526063,0.5376144734335462,0.7468067478843594,0.597073213479953,0.6512355091010847,0.582902273447016,0.5863451362663257,0.5390956376213659,0.5437303249102962,0.622644286447749,0.3815946806268523,0.5040658682852467,0.6313205610581113,0.5377657378459685,0.42303690936219523,0.5640913342316075,0.5317359218687289,0.4935116815676544,0.4721116102757332,0.4665206361145424,0.5305342613174445,0.2999959981180488,0.4593505995288413,0.4361534484301147,0.6281308176166195,0.48282161334123536,0.6052255328947245,0.20103123973675546,0.4484572391588483
0.22356688993213333,0.1990556860540733,0.4180340940668311,0.3732506935136547,0.21397292150817462,0.4755808477880675,1.0,0.7501284629387828,0.3416368625888396,0.33892511630642047,0.37577873320390764,0.4205116040866118,0.20852477353578558,0.32949295458176986,0.5318890282735527,0.6059813023244445,0.19642429204726483,0.29873367726864863,0.4115782194717898,0.23795191963864357,0.3587510170503415,0.2278437549068782,0.5378290233271287,0.504581236540356,0.3695126496502367,0.36507289417215466,0.3340081814656935,0.39322063885702935,0.2203004875123566,0.11026868275423225,0.3848470622928509,0.36183067472702923,0.3292008360470532,0.419878773561825,0.27231205631985905,0.2835712365329104,0.3010215308757968,0.23120322415861394,0.12990329197191106,0.2888271752636219,0.43249119588002116,0.06650567883772594,0.6345472493373433,0.37836705210703336,0.08960272618869482,0.18108372281325358,0.4274880343971432,0.39997515411533757,0.12702149991153255,0.27176176037015465,0.4524411371265919,0.4839580974815624,0.10098460551836068,0.48480299265802307,0.6926567791137648,0.4140183452725473,0.3633256610717309,0.2015325406286403,0.290093493194738,0.7885464646931657,0.41524540979567376,0.2768128859722975,0.28845801057800063,0.3036585682611762,0.1611907224984325,0.1790586611157893,0.3045664244799885,0.5398716724027154,0.4831691518675239,0.2923667530626976,0.4778141029262578,0.14277674790075837,0.38922270680923077,0.28696494917329185,0.25780038966694346,0.17558385237067878,0.18607081897977173,0.26780077621989923,0.38285969402748454,0.3440240774467124
0.4529265856779934,0.27004353482135046,0.30638733223986586,0.3809434757521864,0.3373025220579139,0.524004360490723,0.7501284629387828,1.0,0.4511980218597225,0.41917832331862126,0.16757784179090782,0.3977488296491883,0.2014632388357796,0.3441470947293268,0.46018651646365083,0.6990168103982841,0.522156013988096,0.4748532935446269,0.37458047458900107,0.3559135422107501,0.3743140047184704,0.2805462079437175,0.5530811403726176,0.742801908513353,0.5756947965969794,0.3486913409659919,0.35224966549276326,0.4093723815320362,0.35438332558281416,0.2849221052852328,0.34220053339783,0.45975138660716314,0.5430437747387692,0.3988786803889482,0.25441656566384907,0.4257428960545816,0.2726633111310748,0.25844204288252653,0.08089334131580353,0.43363463544284403,0.3638394165127019,0.2705684132228542,0.5412864701385101,0.4915451083469723,0.2985940135024739,0.31638714907688303,0.32932734289646265,0.4058543373396857,0.28833140025325815,0.3332366138558621,0.42981054951705744,0.5468118561446279,0.3514123207478223,0.4180438603786321,0.7194538964086655,0.3790941876261952,0.4151541368701815,0.22766592304133698,0.2664200738958094,0.7320473424165292,0.39695737904561634,0.4489089813962172,0.4852104544293514,0.3273081316801895,0.253990103894037,0.3753277293235201,0.418647621250296,0.5445594841963836,0.6161597853222393,0.482686666621457,0.4987102538586276,0.11624197901921107,0.4613057427756231,0.4909220436840222,0.2883976620729925,0.26499906206471513,0.37659953966341814,0.3422339595207461,0.28395542636779797,0.37710195893562204
0.5642923135441854,0.3187683441223738,0.2254217311981006,0.36146589731644907,0.314862640147548,0.3467353872197395,0.3416368625888396,0.4511980218597225,1.0,0.50405395972861,0.16793436663370492,0.32983346342350267,0.2430883168805864,0.41406124635850067,0.342592071724985,0.3410681649802714,0.5349771748839688,0.35464130835036406,0.5539838516466362,0.5989698397679519,0.6183010788008452,0.5343209239950794,0.43449489740618474,0.4111038387853691,0.5603346702484082,0.45309371370710927,0.3542429511134439,0.5036411702174632,0.4100137836072427,0.29103707470144574,0.41814458207570854,0.47146254015858335,0.6747789948851508,0.5110913256448751,0.38605823804157746,0.40718304566657676,0.37062627380900104,0.4637524330864921,0.38591478168599436,0.3278897688413821,0.46352234674616033,0.5778050386277775,0.20297270808616585,0.4399473420554096,0.41819155145245823,0.44660331208468806,0.28043740080542995,0.3434579144575956,0.43063020735613255,0.3892828087944368,0.33279227178744797,0.3939081562327839,0.4116092984913705,0.38337546235134645,0.25647619961476226,0.21887455542908,0.4135860246000912,0.2711977952171777,0.403986528610569,0.19910697256184706,0.47947705909967764,0.5764808209882389,0.545009681215477,0.38332021648925374,0.38442788312759285,0.5453294945753578,0.4447350461400525,0.3680275860697522,0.5018263300316447,0.6395008787416291,0.5385989985792261,0.17165566475261715,0.5832587668431225,0.6306775004679452,0.6597288328294871,0.47886788678140857,0.45790311154694735,0.49123573733630216,0.4358322410484754,0.44579430881629944
0.24476424568012117,0.43218933955336347,0.6155476623653711,0.572787127638359,0.49031965998929694,0.5975745277765988,0.33892511630642047,0.41917832331862126,0.50405395972861,1.0,0.3740882751216552,0.6521286643588056,0.4663046262915884,0.5355476600054409,0.34250432173470574,0.36188400328676346,0.29283543256467276,0.5000719846070766,0.3859386642743619,0.5707834651397169,0.7184445991444165,0.6584197188325014,0.3324090200569125,0.2234473469853045,0.34161638418472,0.4573519976436116,0.5983738599280632,0.6332324440990253,0.5972255512210181,0.3307638441894601,0.31805168999382116,0.45719973721876556,0.38191544828067914,0.19697344299652259,0.48743415968234327,0.5742766288131746,0.4653545769184446,0.47811106144464394,0.43699454533520027,0.6002147878218713,0.6295807999251798,0.47727764191532607,0.1823288665131134,0.6886143165529207,0.6071103168446718,0.3677511297313862,0.6144831511257691,0.6621474923483741,0.5654032730007003,0.5648439228093692,0.698292079023239,0.6904272605884832,0.6893225993551055,0.6652948030108309,0.25642670882254076,0.5784153560257321,0.5187078768031739,0.5400058740877728,0.4748103575886316,0.2342002280393435,0.48693379402863357,0.2714718150708621,0.38710097766839807,0.5803916353018469,0.5518722942884132,0.5585904486868614,0.5984876554087202,0.35558964611607996,0.3831238370799587,0.39218001647873335,0.31043338198161285,0.3431664504256114,0.22697305099579665,0.4213249344862918,0.35287356994531244,0.6364835220954461,0.4951796531147252,0.4904068735428487,0.2469812715746305,0.39929526066178056
0.004317456829645,0.35886112658759706,0.8399699286103728,0.5406915896047588,0.4141332103114438,0.5630976399844541,0.37577873320390764,0.16757784179090782,0.16793436663370492,0.3740882751216552,1.0,0.7530899155690098,0.5114607888567572,0.5887606120753678,0.3501839482963651,0.2343769151923923,0.1352114470545543,0.319717241570826,0.2948633205900961,0.5040712013219834,0.4513634221870165,0.553453247833686,0.2916151672674923,0.14545011529349164,0.21035663257127837,0.5219424008055986,0.5766218733184836,0.4840219159884409,0.47270924368481265,0.3174853983426904,0.4643991759764411,0.5345251332927803,0.15014693139659477,0.31622267722257646,0.6666574944582064,0.5341460754800873,0.5171562198324179,0.5682638723922672,0.5242229337042184,0.501879289898116,0.644852256600673,0.2510961839856627,0.3277255694080877,0.5190142783494754,0.35424080683374126,0.3862694334398394,0.7434435892335942,0.7150961886924337,0.5004653494411468,0.5539582276160018,0.6776620573899271,0.5682020503141192,0.38865836789033514,0.6499612988108291,0.40901623681788235,0.780520793382008,0.47768935108862653,0.47438882000181826,0.42907954380473584,0.33519161956509774,0.48307132269424624,0.19786116293964034,0.3026987761993527,0.5939628416630013,0.43586132962355667,0.2602791338584156,0.42664193440703774,0.38016185009876013,0.2993254034823245,0.15233544425643875,0.24108031166327212,0.6085337260260115,0.3950677868175628,0.33264655007732397,0.36292509977579973,0.43547181222742326,0.39831053735493266,0.5413390536367888,0.31617422524037014,0.4430413508586975
0.208781457237016,0.4963042703429987,0.8070111934746416,0.8060579501982463,0.6509554555337278,0.7724112758273834,0.4205116040866118,0.3977488296491883,0.32983346342350267,0.6521286643588056,0.7530899155690098,1.0,0.7217672704696841,0.650998832017006,0.4419072205219298,0.44045338392681976,0.2536803413008893,0.5024269748257258,0.15481490498287212,0.5673621500422663,0.6242923266303858,0.5900664610256633,0.4042931873829989,0.33903485343872664,0.41432086800043166,0.5728211081145499,0.688987410257997,0.6892890484108928,0.6634828714213252,0.4828991308077059,0.5187118437970547,0.66953126701051,0.32167172751191014,0.4300068995594075,0.7190405630204881,0.7658736582343396,0.6392201000281214,0.675080163186175,0.5766794936620223,0.7206756255018945,0.7388607099705695,0.5008239521830177,0.34326110098283136,0.8612547034399949,0.6546961017574071,0.5442732418354816,0.7995408711310501,0.8927339799979324,0.7173000497268658,0.6695032389526716,0.8540799181028136,0.8415421236224855,0.6556982665218756,0.8390122785377038,0.44901951959743036,0.6607236029127159,0.6756746278827745,0.5897677588832118,0.5490723589033384,0.4599506360641342,0.6277304379581075,0.3881301640409489,0.5379959553921124,0.6882620886104214,0.6830260348260294,0.5233152229419015,0.6657251740898078,0.47939968437907865,0.49097447500236796,0.3601105474350191,0.43827629923627853,0.6542658734996429,0.3846080570883606,0.5283307132375923,0.43204153740765605,0.7446470892110739,0.5898939954399671,0.6724035258643575,0.3722537881261868,0.5808412209720994
0.14390331763015665,0.37121380420023486,0.6172773932328487,0.6432752870932514,0.8181630987471671,0.6521580042955236,0.20852477353578558,0.2014632388357796,0.2430883168805864,0.4663046262915884,0.5114607888567572,0.7217672704696841,1.0,0.47195380537098897,0.30099755575713993,0.21696258077783498,0.29389148601818244,0.2561823096007685,-0.09568455670967276,0.35841939786280336,0.47869094463906814,0.38460225033473283,0.28889787909991527,0.20523498217970954,0.32881423178315355,0.23110815954964137,0.6767849976169489,0.5656216017899158,0.7295439076007438,0.4776656410614214,0.18159087483528466,0.32648265979860075,0.2994815330582441,0.41411971111121415,0.6573535828109265,0.5371666163626081,0.5138219687700875,0.421961732245382,0.6770673904948552,0.6863283196213397,0.5273218404476687,0.3570807876165877,0.10914786604202861,0.5898790470621386,0.6874265565501294,0.40862424029190925,0.6760995346925901,0.6338742625170062,0.8311954277184908,0.6520764741430687,0.6945714815250256,0.6346589397607891,0.6372993260458601,0.6906529078727704,0.31448324884505463,0.4577791466468617,0.6463110583605411,0.7492124483868475,0.5775578442008955,0.32245595262062055,0.5002216559445575,0.47462229069727924,0.5659153082288707,0.5485512638386132,0.4818254384093638,0.5282642867055276,0.5494766384059835,0.3652178481371867,0.3730309391500618,0.4603824229905015,0.43677959412078005,0.4191589822737165,0.219598362565769,0.4401930550462513,0.5051614917697596,0.737668551122198,0.546754416933194,0.6445628633648086,0.24006045785871435,0.27832478944167705
0.32557284003878284,0.5707861876942889,0.6783573149364586,0.5316509992554719,0.458977568135746,0.5164515248214142,0.32949295458176986,0.3441470947293268,0.41406124635850067,0.5355476600054409,0.5887606120753678,0.650998832017006,0.47195380537098897,1.0,0.2661706437183668,0.31040990234375776,0.2906517193856022,0.47592802646535953,0.37273700727688625,0.6274287265009104,0.5272227252115711,0.7083883402522471,0.3015411389235816,0.17770831869069995,0.3453294931251534,0.6427632971862117,0.6712409134928488,0.5262790575961305,0.6150480918269298,0.4810682879999014,0.41808186808072223,0.5085552814043022,0.2910292433656342,0.2870162855021721,0.5500136606478006,0.6446921978775959,0.5999046531618928,0.6999379647743612,0.5256907130694471,0.6323514273125591,0.62195598010552,0.5633704778725886,0.2932308790121851,0.6018751786615942,0.4868915320055752,0.635673446127768,0.5256153832135764,0.5877977906891946,0.5626220618688687,0.7566103365720568,0.6300017274977361,0.6403210965483674,0.5773105780208063,0.5843274880300456,0.168952585080834,0.655614362690327,0.672812236928963,0.5332714063741336,0.6401660123887806,0.17662070240444044,0.5032968027099336,0.319254136168868,0.44200342784682717,0.6640768852895669,0.7009418797850667,0.6506471319236731,0.8224879435636601,0.28287952932605026,0.24752242470618838,0.3158268368580238,0.2053940877945512,0.6524966305060778,0.4608543938626536,0.4900605815950409,0.41844334799010163,0.4724455389649518,0.6990631179072668,0.491995205198438,0.5121466906339207,0.48483349854061597
0.30216506653296626,0.4892075729875292,0.42392585648962333,0.4298198133802507,0.23746906341984664,0.5037954092084692,0.5318890282735527,0.46018651646365083,0.342592071724985,0.34250432173470574,0.3501839482963651,0.4419072205219298,0.30099755575713993,0.2661706437183668,1.0,0.6166039885703289,0.6349323720645794,0.41890923611247566,0.5755227703021851,0.23488375136524703,0.27588849957743655,0.20739270078007147,0.7597940153271323,0.4355075826443455,0.4457875885010023,0.3742754817717295,0.49138766117900523,0.364145242874658,0.2549038781452799,0.2710332421653271,0.6115642263304933,0.6396806252278255,0.5343591495535598,0.7524118339116244,0.33284952235702414,0.4414467558630374,0.5510408065297916,0.31238737347809853,0.08750284943340253,0.2851554660064236,0.2918302279622386,0.3422845807421213,0.5268306934811944,0.471348947951686,0.257832485029373,0.26912691861826443,0.5250452777023712,0.4598429516438789,0.2151988640104378,0.34180198772074644,0.5047030643689019,0.35004499310598053,0.2845005080193131,0.4687269099252866,0.5823298585139887,0.3900751330202263,0.3803254736877629,0.4129501450111479,0.2938751257529751,0.616328816066505,0.5511900750347711,0.5337762975708179,0.5648407877809161,0.4627773652908864,0.3895784203027238,0.28456457624354836,0.4409500554907881,0.8696331493576969,0.6802114368046857,0.5247580702042132,0.6639258666965661,0.3252991903684573,0.4686979212442127,0.4223138969180179,0.2976328323359553,0.3250575419601151,0.2525584172360558,0.2649217322100478,0.5609431880328406,0.4718855142491655
0.47606998197965567,0.5579938236011428,0.3270220260003339,0.393655652056459,0.3209713224453442,0.5123560870215834,0.6059813023244445,0.6990168103982841,0.3410681649802714,0.36188400328676346,0.2343769151923923,0.44045338392681976,0.21696258077783498,0.31040990234375776,0.6166039885703289,1.0,0.6028030447068533,0.6203074354196312,0.3965199241674421,0.22216059099790342,0.30711061934454903,0.31182217375904536,0.4660077315800111,0.7410604536635664,0.6310994893289849,0.4106136558081187,0.31412604182516723,0.5470410412803104,0.2821264744445863,0.2793674126575278,0.5107501736797755,0.5884139424419101,0.6105631760530971,0.6574392888074542,0.29477435918425915,0.5020891296170832,0.290700859819949,0.29431314944634784,0.028301815792852368,0.46096746567188057,0.3572131148773304,0.44301821693171917,0.6968846217417157,0.482626232543217,0.3198788876203279,0.27495472548264754,0.31125435662193024,0.48342902941977994,0.23645995475828913,0.4026467408166587,0.39962094950546767,0.3749673513241883,0.3728370457445037,0.41359512625239636,0.5746113188695573,0.2243858146318674,0.36452652104514793,0.253850296790329,0.28358380085151613,0.5813955502701603,0.5401368269749416,0.4872699496509645,0.49259931426550974,0.3359433544956004,0.39867354286966805,0.34153208556731063,0.39966742225038004,0.5804924305145411,0.6703889093158459,0.48412899679762733,0.6079983504488421,0.362320862755642,0.6113817090750894,0.5980352139359015,0.45106435358513064,0.3638543127763995,0.4898882524937885,0.32950805355220447,0.4501992193923356,0.43709113272560873
0.6533524312783078,0.5057674642801757,0.2239593940110544,0.3125549063544565,0.377781972242115,0.3762104837268382,0.19642429204726483,0.522156013988096,0.5349771748839688,0.29283543256467276,0.1352114470545543,0.2536803413008893,0.29389148601818244,0.2906517193856022,0.6349323720645794,0.6028030447068533,1.0,0.5466136327665513,0.4529288141100367,0.27574556931611516,0.2535212134816211,0.24483368260338537,0.6087800220183375,0.6519671404411803,0.7246965569209773,0.22635074543468908,0.39456697117456213,0.3758728342358089,0.4263680826641673,0.393354215118452,0.4579396958408852,0.538728936241818,0.7849905126330912,0.7350167216912984,0.353657411128359,0.45059966690457226,0.3894915111468392,0.256874870294365,0.09328182312656791,0.33639852435089357,0.24731407715020995,0.5523684975927157,0.42194534704637404,0.41327220433061235,0.4344503340208895,0.41572084229768225,0.27235249209346,0.31054562458801227,0.47142590472181006,0.4086689230253463,0.28553023529557114,0.3084778084286461,0.49811205601670494,0.24993616572829652,0.48296739637710334,0.2286956068774229,0.36662430147102576,0.41845768662054067,0.31592965655041555,0.38039996489708794,0.5057188188039407,0.777172131097001,0.7361900159907773,0.3558305258936439,0.4016586541716681,0.5170217950119114,0.42188197863850413,0.6384230135469967,0.7047897329217635,0.8164015901164696,0.7121311208054774,0.2156627391283043,0.657579131947828,0.7002533044942082,0.5281132867716181,0.39181709279965266,0.49615867175756206,0.4268759422310627,0.40928957513868286,0.35908244215452756
0.6518562561363924,0.6406169641100443,0.3460574714895677,0.37888211953376294,0.33069509646188683,0.4401661752419318,0.29873367726864863,0.4748532935446269,0.35464130835036406,0.5000719846070766,0.319717241570826,0.5024269748257258,0.2561823096007685,0.47592802646535953,0.41890923611247566,0.6203074354196312,0.5466136327665513,1.0,0.3715797516946539,0.4791939343280201,0.4596161008582412,0.5443766909605184,0.37344541696033456,0.4662895118194877,0.49511320932162395,0.5663988086400595,0.3673742959776468,0.5143561909917008,0.3549807749195434,0.2529466697851993,0.4756064580197815,0.5193092137391846,0.5372824420066094,0.4856251021476927,0.31960758863720207,0.45959097631715273,0.40073948964057643,0.3738616074569131,0.1220605720582432,0.4003858268706006,0.4093265875983197,0.5975403539366843,0.3844577909053234,0.5925760378443973,0.4357609918331978,0.4730207961971046,0.3533501599768784,0.5418497557457813,0.3824713818178477,0.6028851507893975,0.4222014566968843,0.4502596133025558,0.5396595213914523,0.4121848081259338,0.3648274118899741,0.31647213810476,0.4556631664273624,0.3813329526558912,0.4986367636891537,0.29726388673269016,0.44528210456048234,0.39710451695850724,0.36885568828558785,0.45673830139026084,0.6201195254862986,0.5337598406053573,0.543660106369368,0.3572493288897032,0.5373277271647143,0.3989799048845647,0.4521693102717085,0.5405483526403194,0.4566753823399072,0.49007985014899685,0.4319590044599087,0.40594590805365804,0.5695695343306921,0.4033080565706875,0.5141965734744218,0.5241232089105485
0.30140674425180053,0.2933806689674333,0.3117453339051173,0.15233902684495007,-0.0898152984307686,0.18561959837698105,0.4115782194717898,0.37458047458900107,0.5539838516466362,0.3859386642743619,0.2948633205900961,0.15481490498287212,-0.09568455670967276,0.37273700727688625,0.5755227703021851,0.3965199241674421,0.4529288141100367,0.3715797516946539,1.0,0.4905247300836778,0.4244418844462497,0.4513135296896918,0.5552476774772993,0.3303037751407355,0.44937936409036483,0.5450815161100833,0.2539361974655078,0.2690331577651123,0.07939457581361609,0.025398897424268596,0.521600392310045,0.5302410767535882,0.41885604657626063,0.3987427888007306,0.11417115553533028,0.28628771625568905,0.2961366646915514,0.3095724169934229,0.11048157907705877,0.1433506408735517,0.19610472909626198,0.2590706797046076,0.3829748047906286,0.2001263352687057,0.028727157038788066,0.32853757015707935,0.21479251110065803,0.27471933363952505,0.004179341795836872,0.25388896966828317,0.21702791536984029,0.20664364491705128,0.0925432685521996,0.18557585561505852,0.3059915071902146,0.3709700547592768,0.1774275350019604,0.1446968385584455,0.22823926538601338,0.23389290576321464,0.32257517968305854,0.1972434669623189,0.25286294059325565,0.3248551325331216,0.26306507892535713,0.19561392320389434,0.3195935517557921,0.542668825259316,0.4295638546619823,0.3599911358124753,0.3383840598059458,0.18772268096417946,0.5496322285293224,0.3873287549251784,0.289040001640562,0.07209223312155326,0.1991338267813467,0.1394436327803222,0.4724520284959242,0.500226648395637
0.27696483107279607,0.3442251902777579,0.4693042784678038,0.4756952101896008,0.30676479142943985,0.4845591011338117,0.23795191963864357,0.3559135422107501,0.5989698397679519,0.5707834651397169,0.5040712013219834,0.5673621500422663,0.35841939786280336,0.6274287265009104,0.23488375136524703,0.22216059099790342,0.27574556931611516,0.4791939343280201,0.4905247300836778,1.0,0.7891930650191478,0.7811241190305732,0.27432713701453326,0.23712070328116538,0.277173140277569,0.5212810331456648,0.5106627971633397,0.5456229768883976,0.4448882636583723,0.27559158703303593,0.3061801137730894,0.4205731385957618,0.31187567668196686,0.2752287424932206,0.4174043141500774,0.5780868734542712,0.4664871403621326,0.6041344731259798,0.6154265949679318,0.4450827824674731,0.6169471486404657,0.4609429447636265,0.1451540037592979,0.5606405081826331,0.4625819219397357,0.44244765508943396,0.49817760253065835,0.6131439970298701,0.48926214318347727,0.5350826790550443,0.5386270389183612,0.5321444459582062,0.5140284044607539,0.5802447555725603,0.18486022072175762,0.5645387092624788,0.39046320235937754,0.34771141465205047,0.43424064429684944,0.09161596002647662,0.33277497360824604,0.24917645918636797,0.30476152112076776,0.4529826933391594,0.4887878543241194,0.40453974263140174,0.48748836152462893,0.23779998817837197,0.26870609435944476,0.2952737734410014,0.22336286642648018,0.48104979193398945,0.4439933008774594,0.42617193197779574,0.4089608576427131,0.4068460931917519,0.4581344084891053,0.5270516659297219,0.39002251896122336,0.3497429230695171
0.29201475821203166,0.3749658510888711,0.5384163129664703,0.6001521878474223,0.3971245854390878,0.5561916018969925,0.3587510170503415,0.3743140047184704,0.6183010788008452,0.7184445991444165,0.4513634221870165,0.6242923266303858,0.47869094463906814,0.5272227252115711,0.27588849957743655,0.30711061934454903,0.2535212134816211,0.4596161008582412,0.4244418844462497,0.7891930650191478,1.0,0.6710242195119431,0.25901748750636155,0.266018994530938,0.3631081420032013,0.4805119327702645,0.43730423340815383,0.7110928365943009,0.4449559192655167,0.23072117777524775,0.33358790253806436,0.4738021455114402,0.39341075543925447,0.2763892058522962,0.4618539856953797,0.6266978453250711,0.4388127567781832,0.601203692918516,0.5500454121397029,0.5352484447626107,0.5804219395337701,0.4766716138826399,0.12377769511904055,0.6398330396592475,0.4583803761695444,0.4240224996259734,0.49755731607650633,0.67621066370682,0.5334986240599726,0.5556336390765035,0.57199500363617,0.6444074670924612,0.4889711820492811,0.634684579183612,0.20758798416414495,0.46917911109250754,0.4258246310294022,0.43063154594483155,0.47962141242784495,0.1923057235318439,0.41030892381041956,0.23958227711541644,0.30404483773110136,0.4948198640208015,0.511087985637711,0.4324427033415709,0.5102487135618043,0.26770375958385195,0.30184594890269634,0.3398392589376845,0.2816141930066066,0.3760605984794984,0.34870215847841707,0.4574646941640982,0.43822943631695976,0.5593816377640833,0.5553492183543705,0.5473855566894394,0.3833811099519778,0.40232750656385907
0.2565446376883173,0.48712165117058015,0.5411238402586909,0.38644876782999965,0.32814168890139167,0.4483148750528813,0.2278437549068782,0.2805462079437175,0.5343209239950794,0.6584197188325014,0.553453247833686,0.5900664610256633,0.38460225033473283,0.7083883402522471,0.20739270078007147,0.31182217375904536,0.24483368260338537,0.5443766909605184,0.4513135296896918,0.7811241190305732,0.6710242195119431,1.0,0.18749249299891219,0.14158692815186216,0.23471309472467422,0.6198900453567064,0.5344013288299779,0.5567395685304264,0.5143504157353271,0.2760507682714495,0.22790090190880016,0.3747284396584608,0.2578568642832247,0.24548388042485705,0.43989280453950635,0.44037299179653183,0.28859499843079955,0.5355091664717864,0.5035567303497854,0.4954228280244612,0.6992103473046943,0.4611189312934276,0.09511947271954782,0.5278637052142245,0.4160893868567265,0.3820325798216244,0.47674170948531075,0.5937662540226727,0.4760533834830064,0.6408956774245431,0.5512851387443545,0.504564212008028,0.5289256811816727,0.5955622298060214,0.06564138648915394,0.5416549369024095,0.41637801772168065,0.3826153363966855,0.47125341925595016,0.02068014534709795,0.4721416565232598,0.20869888414194815,0.33127770966259085,0.4154476439321141,0.4508138469096153,0.4794914008206024,0.5824067853159182,0.16676824169696156,0.23615223506793628,0.25617545385532126,0.21750779295385989,0.47187258110172897,0.4613683491129927,0.4064670543210032,0.44309972220623123,0.42581142050929854,0.5140024440090333,0.5251961271468615,0.3550585834948588,0.43653196970641606
0.41220743479443483,0.3137914438407756,0.41409470943554505,0.4338952503497359,0.357385836318769,0.3664710557833668,0.5378290233271287,0.5530811403726176,0.43449489740618474,0.3324090200569125,0.2916151672674923,0.4042931873829989,0.28889787909991527,0.3015411389235816,0.7597940153271323,0.4660077315800111,0.6087800220183375,0.37344541696033456,0.5552476774772993,0.27432713701453326,0.25901748750636155,0.18749249299891219,1.0,0.524002149936545,0.6291801428812474,0.4126969122984674,0.5462433243390777,0.2821117546169928,0.34190466029781164,0.2851085675001658,0.570472215329092,0.5383980615904964,0.43290284761054004,0.6304169164709981,0.46171677027308045,0.37932205231729305,0.6018908621692135,0.24379985085923334,0.08441653756115439,0.25870818580067206,0.2053438637477091,0.25786975063394013,0.5833184363989669,0.4352425463827284,0.29447931643276937,0.425552524641177,0.4998058732347534,0.3479002284591881,0.3660031547850958,0.30156684009064805,0.45667071325808684,0.44235849837886726,0.29291068577264245,0.3276525947690016,0.638440794046174,0.39894837849867654,0.47486481852957274,0.46130343339186225,0.3523242342225141,0.6950607815262227,0.5415373161898455,0.5881518582493629,0.6856373252788525,0.5142674115687551,0.3460329807403669,0.3899324453301821,0.40085777012777496,0.8696174602765406,0.7605164294964468,0.6659372635916405,0.7398514845913551,0.1865434954441765,0.5291957013440176,0.5547775895372794,0.31010681370999504,0.33040977368276436,0.3141380934867386,0.3241615596878108,0.48926790108248364,0.5054170356295654
0.489702030167115,0.3635002113276146,0.21916809843688528,0.34753063557271247,0.4009665520889777,0.4125267359260326,0.504581236540356,0.742801908513353,0.4111038387853691,0.2234473469853045,0.14545011529349164,0.33903485343872664,0.20523498217970954,0.17770831869069995,0.4355075826443455,0.7410604536635664,0.6519671404411803,0.4662895118194877,0.3303037751407355,0.23712070328116538,0.266018994530938,0.14158692815186216,0.524002149936545,1.0,0.7458790225679037,0.2288708083582231,0.2542730860834059,0.40989697749389187,0.29426010534009345,0.14762002159279994,0.4586597613687259,0.49176794913273525,0.5624372269759497,0.5450665979748908,0.3116536810474174,0.4167012879653659,0.35902166644890887,0.2226219296468938,0.018037524271003857,0.3638448434355881,0.2114041232181681,0.3639428763375689,0.6068626224231769,0.3901023180692714,0.3055019414054937,0.2825627361439486,0.265675813495738,0.35433965466150064,0.3546837545936673,0.240516373175207,0.3041785723889453,0.3829901271181846,0.27126657906162793,0.23408401617569768,0.7003173187201469,0.1711503182149606,0.2791482417376428,0.22339771361088542,0.19483167592047462,0.6894581153709924,0.4533384517436717,0.5129322147231267,0.5738639914689252,0.30233266113520696,0.29471914075042716,0.27327547127893725,0.213421647873214,0.5737855817189568,0.7043354122188695,0.6061350233082636,0.632155125405161,0.10669319587528166,0.5847283061985624,0.6395604673066574,0.381620721876883,0.3712835427954807,0.4459497849297164,0.35713404871388443,0.2826065930383387,0.3243604979653266
0.6031490761335422,0.3589298501000972,0.35857708834623864,0.4140663886225199,0.446574807879695,0.3878319188093247,0.3695126496502367,0.5756947965969794,0.5603346702484082,0.34161638418472,0.21035663257127837,0.41432086800043166,0.32881423178315355,0.3453294931251534,0.4457875885010023,0.6310994893289849,0.7246965569209773,0.49511320932162395,0.44937936409036483,0.277173140277569,0.3631081420032013,0.23471309472467422,0.6291801428812474,0.7458790225679037,1.0,0.34063510688825593,0.38891715856593445,0.5016028514409692,0.4684391428227933,0.3437083432562032,0.5668356431425893,0.563585005693302,0.7159712702479563,0.6023399634434994,0.47575514585987166,0.48914789622068716,0.3623703051743425,0.2566623409948256,0.14322750272752796,0.4539564264531123,0.2492355155538044,0.46267388759748507,0.47594234134334157,0.45963763030787164,0.44913426597850037,0.47062617888323793,0.34643481935449605,0.3888635905363181,0.4839641398279991,0.41882117674244645,0.35684797237575033,0.4903516130815039,0.43123222957004687,0.28613134005982926,0.47800737055315257,0.2528301441556172,0.48647818645536434,0.3943697717733465,0.3850851369008807,0.4573366320885116,0.5366546711346697,0.6637560801709002,0.7164247669271995,0.4687615008170628,0.4018612942274074,0.49151942021852674,0.41652614015958933,0.6471035527494706,0.787242676536199,0.7710444423495546,0.7088678932374906,0.1935515167302029,0.7234710953171181,0.8596553247588379,0.6311061399524729,0.4878144002811197,0.6258100931553487,0.5027437457061843,0.3774525739874333,0.4848190481124992
0.37666788853438704,0.5502785172581243,0.5494943627418778,0.45677136218449155,0.24702756902858777,0.5041759088422836,0.36507289417215466,0.3486913409659919,0.45309371370710927,0.4573519976436116,0.5219424008055986,0.5728211081145499,0.23110815954964137,0.6427632971862117,0.3742754817717295,0.4106136558081187,0.22635074543468908,0.5663988086400595,0.5450815161100833,0.5212810331456648,0.4805119327702645,0.6198900453567064,0.4126969122984674,0.2288708083582231,0.34063510688825593,1.0,0.3577887318205039,0.4374018709894364,0.25830338198121094,0.2187361732942068,0.5174949461564055,0.6628468998610658,0.31610667636933953,0.36056901528935575,0.33248486987932885,0.4829849113171547,0.4527862992598902,0.6008734269247841,0.32283799971321575,0.45316799901276517,0.40706861679020934,0.45129430529626646,0.3815071506600788,0.48961497045701863,0.24992060127246374,0.5708397394202436,0.4549768754850236,0.5869799175680437,0.28813213576122837,0.5366038731665655,0.4075311809330281,0.5507759486122162,0.28605934626225965,0.40246916624560125,0.32604801319881443,0.47918235735940257,0.49210686750459454,0.41609632843662725,0.5061935663360104,0.2759338504802388,0.5094729949353052,0.17636785965132473,0.2648654161680243,0.5871332110099434,0.5867722175205704,0.3983911753916142,0.5796402825639682,0.3739045430569373,0.3802064931443237,0.23094604465276722,0.28158782923395476,0.6088261194744161,0.42214578874127484,0.342793021503359,0.36800893891601305,0.4283161583615285,0.45832672515981204,0.34616201619891374,0.4714073111468219,0.8202233270347522
