1.0,0.6201,0.44525,0.46385,0.5353,0.4657,0.4008,0.5381,0.6569,0.48445,0.3516,0.4633,0.42785,0.5378999999999999,0.47485,0.5968,0.69755,0.70475,0.5105000000000001,0.45795,0.5086999999999999,0.49115000000000003,0.49870000000000003,0.6056,0.7046,0.5549999999999999,0.47905,0.5298,0.53935,0.51445,0.5517000000000001,0.55555,0.6852,0.64225,0.5085,0.5707,0.5284,0.48945,0.399,0.51485,0.441,0.7323500000000001,0.46855,0.5969,0.61305,0.65625,0.43079999999999996,0.48585,0.59385,0.5972500000000001,0.40275,0.533,0.59685,0.40435,0.5045499999999999,0.38895,0.58255,0.53655,0.5721499999999999,0.45505000000000007,0.5257,0.6588499999999999,0.611,0.57875,0.6792,0.7091999999999999,0.64585,0.52975,0.6017,0.6583,0.60575,0.46385,0.60825,0.65685,0.6381,0.563,0.6481,0.6088,0.6649,0.53705
0.6201,1.0,0.63655,0.7099,0.622,0.6496999999999999,0.42569999999999997,0.51895,0.54855,0.5848,0.52005,0.6266499999999999,0.51015,0.6714,0.52975,0.6295,0.6101,0.76105,0.46349999999999997,0.522,0.54345,0.5807,0.48205,0.5749,0.5742499999999999,0.6603,0.5940000000000001,0.73315,0.5659,0.55935,0.6216,0.6491,0.64165,0.6115,0.59275,0.6896,0.6824,0.70335,0.4605,0.6267,0.6138,0.7157,0.49444999999999995,0.6942,0.6245,0.6155999999999999,0.5791999999999999,0.6509,0.62995,0.68955,0.60255,0.61825,0.6545,0.615,0.47329999999999994,0.5566,0.67655,0.6458,0.6651,0.47140000000000004,0.6942,0.56185,0.5879,0.68565,0.7181,0.6978,0.70465,0.53335,0.63685,0.59315,0.5991500000000001,0.6653,0.6239,0.6428499999999999,0.60205,0.6769499999999999,0.72455,0.5944,0.60755,0.6184000000000001
0.44525,0.63655,1.0,0.8237,0.7263499999999999,0.7601,0.5185500000000001,0.49885,0.52525,0.72595,0.78695,0.8074999999999999,0.7212500000000001,0.7378,0.5967,0.5145500000000001,0.5574,0.56175,0.5317999999999999,0.63765,0.6968,0.64905,0.59415,0.5034500000000001,0.55125,0.6365000000000001,0.8221,0.7412,0.73905,0.65315,0.6403,0.659,0.57155,0.5418999999999999,0.83415,0.794,0.77735,0.70305,0.6441,0.7594000000000001,0.71445,0.61605,0.52405,0.7729,0.7091000000000001,0.6188,0.87415,0.7765500000000001,0.77265,0.73225,0.8028000000000001,0.7574,0.742,0.77425,0.59085,0.8526,0.71315,0.76985,0.6789,0.5627500000000001,0.67805,0.5690000000000001,0.64125,0.7931,0.6711,0.6729499999999999,0.71765,0.6574,0.5984499999999999,0.5729,0.5534,0.66205,0.59075,0.6534500000000001,0.60145,0.74595,0.702,0.7534500000000001,0.5884,0.6168
0.46385,0.7099,0.8237,1.0,0.7312000000000001,0.7910999999999999,0.53985,0.5894,0.54645,0.7277,0.6496999999999999,0.8349,0.7269,0.6988000000000001,0.6182000000000001,0.58735,0.5705,0.6002,0.449,0.6166,0.6675,0.6103500000000001,0.6172500000000001,0.5699,0.5770500000000001,0.6463,0.80975,0.8493499999999999,0.70875,0.6689499999999999,0.6309,0.71645,0.6129,0.6243000000000001,0.7433,0.8289,0.7734,0.7481,0.6433500000000001,0.72685,0.7423,0.62705,0.5206000000000001,0.8615,0.73085,0.6324,0.80695,0.8128500000000001,0.79025,0.69155,0.84375,0.7855000000000001,0.754,0.8454499999999999,0.5907,0.76,0.7333000000000001,0.7408,0.70565,0.60625,0.7384000000000001,0.5726,0.6541,0.7226,0.666,0.6776,0.7211000000000001,0.65225,0.70275,0.6191,0.6647000000000001,0.66395,0.5863,0.65355,0.5866,0.78355,0.6944,0.73485,0.54355,0.68535
0.5353,0.622,0.7263499999999999,0.7312000000000001,1.0,0.787,0.4025,0.5124500000000001,0.5909,0.66295,0.5799000000000001,0.72,0.83385,0.6756,0.51585,0.49835,0.62,0.55515,0.35955,0.55465,0.6045499999999999,0.5841999999999999,0.5186,0.5198,0.6173,0.5158,0.76825,0.7018500000000001,0.8051999999999999,0.63425,0.5035999999999999,0.5687,0.64395,0.5705,0.7756000000000001,0.6790499999999999,0.70195,0.6208,0.74055,0.83955,0.67675,0.6598499999999999,0.40575,0.72385,0.8211999999999999,0.56345,0.7505499999999999,0.65945,0.8894,0.71415,0.71585,0.7501,0.81705,0.68765,0.5231,0.6565000000000001,0.7162,0.7699499999999999,0.6649,0.48555000000000004,0.6647000000000001,0.68605,0.70305,0.73265,0.67025,0.7719,0.71055,0.5846,0.6316499999999999,0.6555,0.61805,0.5721,0.57185,0.6985,0.73195,0.8205500000000001,0.7511,0.7635500000000001,0.45555,0.5302
0.4657,0.6496999999999999,0.7601,0.7910999999999999,0.787,1.0,0.4852,0.57835,0.57645,0.6637,0.6352,0.7712,0.70775,0.70075,0.58525,0.53935,0.5739,0.58685,0.43765,0.6378,0.63195,0.57105,0.5589500000000001,0.5187,0.5647,0.62705,0.69605,0.7093499999999999,0.6787,0.5974999999999999,0.55625,0.6658999999999999,0.61015,0.58545,0.6374500000000001,0.7493000000000001,0.6997,0.6752,0.6596,0.82125,0.7178,0.5831000000000001,0.48600000000000004,0.74255,0.65825,0.58745,0.7857999999999999,0.7816,0.7262,0.7173499999999999,0.72145,0.8332499999999999,0.6746000000000001,0.7696500000000001,0.5707,0.6967,0.7079,0.7020500000000001,0.66845,0.52275,0.6695,0.5787,0.6315999999999999,0.70235,0.645,0.6303,0.70005,0.61525,0.6294500000000001,0.59585,0.6008,0.6700999999999999,0.548,0.6345,0.61825,0.7283999999999999,0.6592,0.72105,0.46115000000000006,0.6364
0.4008,0.42569999999999997,0.5185500000000001,0.53985,0.4025,0.4852,1.0,0.7918999999999999,0.49745,0.47424999999999995,0.47765,0.5006999999999999,0.3862,0.49284999999999995,0.65775,0.65915,0.47359999999999997,0.43574999999999997,0.5503,0.4152,0.44535,0.38285,0.6884,0.6578,0.5197499999999999,0.48550000000000004,0.54105,0.49365,0.40595,0.40149999999999997,0.54555,0.5218499999999999,0.48979999999999996,0.53945,0.48795,0.4822,0.54225,0.4535,0.34700000000000003,0.4147,0.47185,0.36524999999999996,0.7313500000000001,0.51425,0.37879999999999997,0.46695000000000003,0.5529,0.47485,0.4104,0.4332,0.5424,0.53615,0.37925,0.5237499999999999,0.7918000000000001,0.5405,0.5175,0.44584999999999997,0.46455,0.8259000000000001,0.48135000000000006,0.453,0.48045,0.50285,0.39940000000000003,0.44105,0.49800000000000005,0.66205,0.6087,0.49355000000000004,0.5913999999999999,0.4024,0.55395,0.49024999999999996,0.41985,0.4138,0.4044,0.44139999999999996,0.5417,0.5145500000000001
0.5381,0.51895,0.49885,0.5894,0.5124500000000001,0.57835,0.7918999999999999,1.0,0.62185,0.5416000000000001,0.39790000000000003,0.5355000000000001,0.4586,0.51405,0.6,0.7295499999999999,0.64385,0.53695,0.5453,0.4896,0.5157499999999999,0.45165,0.6471,0.7925500000000001,0.6516,0.5065000000000001,0.5277000000000001,0.5778,0.4989,0.48360000000000003,0.50715,0.5789,0.6373,0.5801999999999999,0.4654,0.5668,0.5246000000000001,0.5079,0.3967,0.5145500000000001,0.50765,0.48865,0.6763,0.59455,0.5096,0.53755,0.51085,0.5261,0.52545,0.4932,0.5392,0.6043499999999999,0.5131,0.5348499999999999,0.8146000000000001,0.5146499999999999,0.5810500000000001,0.4981,0.50675,0.7802,0.5216999999999999,0.57105,0.5940000000000001,0.5142,0.48005000000000003,0.5595,0.5608,0.64185,0.69975,0.6092,0.6524,0.41275000000000006,0.61285,0.59795,0.51625,0.54445,0.52195,0.5276500000000001,0.46455,0.56335
0.6569,0.54855,0.52525,0.54645,0.5909,0.57645,0.49745,0.62185,1.0,0.6496500000000001,0.47065,0.5704,0.54015,0.6017,0.5932000000000001,0.56075,0.69275,0.5519999999999999,0.6731,0.62865,0.65795,0.6496999999999999,0.59835,0.5740000000000001,0.69025,0.6165499999999999,0.5498000000000001,0.6079,0.5844,0.5488000000000001,0.60875,0.6716,0.749,0.6386999999999999,0.53975,0.59545,0.5591,0.5918,0.5366500000000001,0.59285,0.5817,0.6715,0.446,0.63115,0.6259,0.63895,0.5261,0.5631,0.6275999999999999,0.59255,0.5341,0.6006,0.6153,0.53905,0.5143500000000001,0.50725,0.6282,0.5384,0.54765,0.4569,0.62765,0.7081000000000001,0.67875,0.5631999999999999,0.5902999999999999,0.6692,0.6365999999999999,0.58425,0.6648,0.6959,0.6465,0.48735,0.659,0.72765,0.73685,0.67125,0.60395,0.6252,0.5276,0.66875
0.48445,0.5848,0.72595,0.7277,0.66295,0.6637,0.47424999999999995,0.5416000000000001,0.6496500000000001,1.0,0.5993,0.7352000000000001,0.65435,0.66585,0.5158,0.48685,0.51235,0.56555,0.57595,0.714,0.80055,0.7209,0.53225,0.4601,0.5158,0.5967,0.7035,0.71105,0.6717,0.5995,0.5296000000000001,0.5972000000000001,0.56615,0.46769999999999995,0.66815,0.66595,0.6578,0.65965,0.63045,0.6595500000000001,0.7062,0.5899,0.43615000000000004,0.76235,0.7062,0.5610999999999999,0.7047,0.7029,0.74,0.63385,0.73375,0.70875,0.7534500000000001,0.716,0.47874999999999995,0.7367,0.6408,0.6801999999999999,0.61875,0.4415,0.6216999999999999,0.5378999999999999,0.5702499999999999,0.6607000000000001,0.65335,0.6571,0.67065,0.54305,0.5649,0.5761499999999999,0.5246500000000001,0.54695,0.4894,0.5829,0.55815,0.72275,0.6067,0.6526,0.45125000000000004,0.5972500000000001
0.3516,0.52005,0.78695,0.6496999999999999,0.5799000000000001,0.6352,0.47765,0.39790000000000003,0.47065,0.5993,1.0,0.81465,0.6795,0.6812,0.5575,0.4492,0.42385,0.51815,0.5158,0.6461,0.6273500000000001,0.65225,0.54165,0.38885000000000003,0.42774999999999996,0.61395,0.7223499999999999,0.59645,0.6249,0.5709500000000001,0.6132500000000001,0.6383,0.43795,0.5198,0.7514000000000001,0.72035,0.693,0.74235,0.632,0.6264000000000001,0.72405,0.5074,0.5045499999999999,0.6676,0.58555,0.5373,0.78425,0.7682,0.647,0.6797500000000001,0.74865,0.6512,0.5948,0.70945,0.5044,0.7483,0.6212500000000001,0.66075,0.5864,0.46935000000000004,0.5833999999999999,0.46340000000000003,0.51625,0.71855,0.6155999999999999,0.5213,0.61175,0.56355,0.5067,0.42445000000000005,0.46609999999999996,0.67895,0.5352,0.53535,0.52855,0.61665,0.57765,0.6635,0.5729,0.59285
0.4633,0.6266499999999999,0.8074999999999999,0.8349,0.72,0.7712,0.5006999999999999,0.5355000000000001,0.5704,0.7352000000000001,0.81465,1.0,0.7868,0.761,0.58705,0.5607,0.515,0.61605,0.47004999999999997,0.7333000000000001,0.70665,0.7362,0.5771499999999999,0.5004,0.54025,0.69265,0.7844,0.7383,0.7365999999999999,0.67535,0.5984499999999999,0.71695,0.5549000000000001,0.58585,0.7578,0.8105,0.7371000000000001,0.80625,0.7119,0.75225,0.81595,0.64615,0.5124,0.8538500000000001,0.73435,0.62605,0.817,0.86195,0.7892,0.743,0.8518000000000001,0.80895,0.7546999999999999,0.83585,0.5413,0.7527,0.73275,0.7102999999999999,0.66425,0.528,0.7050500000000001,0.5731499999999999,0.6458999999999999,0.73485,0.7329,0.6574,0.7354,0.5980000000000001,0.6315500000000001,0.55225,0.58635,0.74805,0.58475,0.6505,0.59255,0.78325,0.68285,0.75675,0.5551,0.70705
0.42785,0.51015,0.7212500000000001,0.7269,0.83385,0.70775,0.3862,0.4586,0.54015,0.65435,0.6795,0.7868,1.0,0.69155,0.49555,0.42984999999999995,0.51945,0.45525000000000004,0.3593,0.5981,0.6372,0.6214500000000001,0.48114999999999997,0.4039,0.51375,0.51565,0.77095,0.6708000000000001,0.77305,0.6599,0.43594999999999995,0.5438,0.53925,0.5258499999999999,0.735,0.68285,0.6622,0.6750499999999999,0.8321999999999999,0.7625,0.68355,0.5884,0.372,0.7388,0.7624500000000001,0.5648500000000001,0.76445,0.7021499999999999,0.8519,0.70035,0.73865,0.7005,0.76225,0.72305,0.45694999999999997,0.6801999999999999,0.6841999999999999,0.7572,0.6355000000000001,0.41545,0.6049,0.5931,0.6234,0.6665,0.6321,0.67485,0.69555,0.51335,0.5316,0.55455,0.51775,0.5772,0.4833,0.62215,0.6454500000000001,0.7926,0.6674,0.717,0.42685000000000006,0.5097
0.5378999999999999,0.6714,0.7378,0.6988000000000001,0.6756,0.70075,0.49284999999999995,0.51405,0.6017,0.66585,0.6812,0.761,0.69155,1.0,0.50855,0.50615,0.53125,0.63015,0.5355000000000001,0.6980500000000001,0.67675,0.7331000000000001,0.5046999999999999,0.4612,0.52355,0.72755,0.7341,0.6448,0.69935,0.6466000000000001,0.57365,0.65605,0.5496000000000001,0.55485,0.6693,0.73225,0.72545,0.76485,0.6662,0.7165,0.7134,0.6900000000000001,0.503,0.7101,0.6348499999999999,0.7148,0.6846,0.7252500000000001,0.7068,0.85795,0.73575,0.73435,0.7088,0.728,0.45890000000000003,0.71785,0.7981499999999999,0.7087,0.76805,0.42774999999999996,0.6142000000000001,0.5559999999999999,0.6152,0.75825,0.7607,0.73695,0.8374,0.5258,0.5168,0.5157,0.4981,0.74685,0.5819,0.63055,0.62625,0.6698500000000001,0.75745,0.6784,0.639,0.6426000000000001
0.47485,0.52975,0.5967,0.6182000000000001,0.51585,0.58525,0.65775,0.6,0.5932000000000001,0.5158,0.5575,0.58705,0.49555,0.50855,1.0,0.6513,0.6912499999999999,0.51615,0.6768,0.44835,0.47404999999999997,0.43979999999999997,0.86295,0.5469,0.63325,0.57515,0.6578999999999999,0.5089,0.5027999999999999,0.51805,0.7179,0.7426,0.62675,0.7697,0.5705,0.5939,0.6653,0.52925,0.4237,0.52165,0.5019,0.515,0.6829500000000001,0.61565,0.4896,0.49720000000000003,0.6731,0.5629500000000001,0.5042,0.5142,0.6399,0.55055,0.48445,0.5941,0.67925,0.6003999999999999,0.55025,0.55735,0.49775,0.68355,0.6195,0.63655,0.6646,0.61745,0.5309999999999999,0.52275,0.5911,0.8692,0.7792,0.6202,0.73865,0.52405,0.6881,0.64665,0.5384,0.50505,0.46985,0.52645,0.6447499999999999,0.6795
0.5968,0.6295,0.5145500000000001,0.58735,0.49835,0.53935,0.65915,0.7295499999999999,0.56075,0.48685,0.4492,0.5607,0.42984999999999995,0.50615,0.6513,1.0,0.71485,0.66925,0.5708,0.46654999999999996,0.49169999999999997,0.47859999999999997,0.60385,0.77885,0.72585,0.53085,0.51305,0.64395,0.4941,0.5045499999999999,0.60015,0.67005,0.708,0.7418,0.51535,0.63015,0.5185500000000001,0.53285,0.3681,0.5438500000000001,0.53075,0.5982000000000001,0.731,0.6289,0.52955,0.48724999999999996,0.4847,0.5862,0.5165,0.5316,0.5407,0.51625,0.53235,0.56825,0.6563,0.45475000000000004,0.5283,0.46580000000000005,0.49124999999999996,0.6761999999999999,0.65115,0.6411,0.6639,0.50875,0.5753999999999999,0.54085,0.55675,0.67915,0.7419,0.6565000000000001,0.73595,0.50495,0.77325,0.7274,0.5966,0.52215,0.6182000000000001,0.5519000000000001,0.5953,0.57735
0.69755,0.6101,0.5574,0.5705,0.62,0.5739,0.47359999999999997,0.64385,0.69275,0.51235,0.42385,0.515,0.51945,0.53125,0.6912499999999999,0.71485,1.0,0.63645,0.61185,0.44145,0.48579999999999995,0.4681,0.68605,0.74315,0.8304500000000001,0.48710000000000003,0.5558500000000001,0.58675,0.60095,0.56145,0.59255,0.67525,0.82765,0.7785,0.5861500000000001,0.6285499999999999,0.54085,0.5008,0.4422,0.59695,0.502,0.68525,0.58595,0.6143500000000001,0.6395500000000001,0.581,0.5307000000000001,0.5328999999999999,0.6411,0.58065,0.5347000000000001,0.5547,0.6666000000000001,0.51205,0.6408,0.4857,0.59205,0.58745,0.54915,0.553,0.6819,0.8684499999999999,0.8327500000000001,0.5732999999999999,0.5812,0.6915,0.5856,0.752,0.8182,0.85815,0.84085,0.4579,0.7978,0.81945,0.7116,0.6094999999999999,0.6456000000000001,0.6496999999999999,0.5337500000000001,0.57795
0.70475,0.76105,0.56175,0.6002,0.55515,0.58685,0.43574999999999997,0.53695,0.5519999999999999,0.56555,0.51815,0.61605,0.45525000000000004,0.63015,0.51615,0.66925,0.63645,1.0,0.518,0.59895,0.60875,0.6335,0.49160000000000004,0.5778,0.6104499999999999,0.6887,0.5342,0.6698000000000001,0.5286500000000001,0.49365,0.5996,0.6426999999999999,0.6589,0.61305,0.5231,0.6163000000000001,0.605,0.61815,0.41689999999999994,0.5776,0.5862499999999999,0.71555,0.5042,0.68595,0.59755,0.6267,0.5388,0.65795,0.61025,0.6952499999999999,0.5559000000000001,0.6011,0.65715,0.5670499999999999,0.49605,0.51595,0.6214000000000001,0.58075,0.65215,0.44955,0.62755,0.5669500000000001,0.5492,0.627,0.7409,0.67455,0.66725,0.50895,0.63775,0.56255,0.6019,0.6496500000000001,0.62195,0.6304000000000001,0.5885,0.58935,0.6993,0.59495,0.63975,0.6516
0.5105000000000001,0.46349999999999997,0.5317999999999999,0.449,0.35955,0.43765,0.5503,0.5453,0.6731,0.57595,0.5158,0.47004999999999997,0.3593,0.5355000000000001,0.6768,0.5708,0.61185,0.518,1.0,0.58675,0.6335,0.59055,0.701,0.53025,0.6496500000000001,0.5871500000000001,0.47634999999999994,0.4739,0.3983,0.39965,0.69025,0.67225,0.5855,0.5991,0.44475,0.52675,0.5376000000000001,0.49795,0.38639999999999997,0.44509999999999994,0.42135,0.5006,0.5684,0.4937,0.3952,0.55255,0.47725,0.4965,0.40205,0.49085,0.4861,0.4726,0.40175,0.42765000000000003,0.5265,0.51535,0.4888,0.4443,0.46864999999999996,0.4957,0.51475,0.51405,0.5387,0.5259,0.51825,0.46369999999999995,0.51885,0.67675,0.63815,0.56335,0.57125,0.44299999999999995,0.662,0.62505,0.5427,0.43135,0.45854999999999996,0.4457,0.6113500000000001,0.6256999999999999
0.45795,0.522,0.63765,0.6166,0.55465,0.6378,0.4152,0.4896,0.62865,0.714,0.6461,0.7333000000000001,0.5981,0.6980500000000001,0.44835,0.46654999999999996,0.44145,0.59895,0.58675,1.0,0.83485,0.78965,0.4615,0.4107,0.47380000000000005,0.6388499999999999,0.6315000000000001,0.6469,0.5917,0.5479,0.5067,0.6026,0.48274999999999996,0.46580000000000005,0.572,0.68755,0.6008,0.6763,0.63325,0.6042,0.6599,0.57005,0.3877,0.6756,0.5959,0.5831500000000001,0.6472,0.74125,0.63395,0.6655,0.67335,0.65595,0.6382,0.6718,0.40715,0.6355999999999999,0.60655,0.56855,0.5836,0.3395,0.5139,0.4617,0.4869,0.6172,0.64905,0.5452,0.6331,0.43949999999999995,0.4686,0.44284999999999997,0.4157,0.63515,0.5226,0.55055,0.55355,0.63595,0.60555,0.6235,0.51125,0.5798
0.5086999999999999,0.54345,0.6968,0.6675,0.6045499999999999,0.63195,0.44535,0.5157499999999999,0.65795,0.80055,0.6273500000000001,0.70665,0.6372,0.67675,0.47404999999999997,0.49169999999999997,0.48579999999999995,0.60875,0.6335,0.83485,1.0,0.7619,0.48705,0.4556,0.5337500000000001,0.618,0.64215,0.7112,0.5934,0.5288,0.55535,0.60995,0.5497,0.45385,0.62205,0.6864,0.6295499999999999,0.67015,0.6538,0.63625,0.616,0.6152,0.41105,0.72515,0.63445,0.58875,0.67045,0.7283999999999999,0.6958,0.64835,0.6773,0.6717,0.6698999999999999,0.6546000000000001,0.44160000000000005,0.67925,0.58195,0.6206,0.5687,0.3991,0.5479,0.4694,0.4991,0.65625,0.6613,0.58425,0.63705,0.49945000000000006,0.48464999999999997,0.49485,0.4405,0.554,0.519,0.6003000000000001,0.5716,0.6937,0.6541,0.631,0.51615,0.5942000000000001
0.49115000000000003,0.5807,0.64905,0.6103500000000001,0.5841999999999999,0.57105,0.38285,0.45165,0.6496999999999999,0.7209,0.65225,0.7362,0.6214500000000001,0.7331000000000001,0.43979999999999997,0.47859999999999997,0.4681,0.6335,0.59055,0.78965,0.7619,1.0,0.43255,0.42115,0.4588,0.6615,0.6443,0.6627500000000001,0.65125,0.57735,0.49044999999999994,0.57405,0.48760000000000003,0.476,0.6206,0.63895,0.55035,0.6671,0.60755,0.6262,0.7252500000000001,0.6254500000000001,0.3619,0.687,0.61715,0.572,0.6169,0.6879500000000001,0.67955,0.70915,0.6831,0.62625,0.68655,0.6897,0.33255,0.62755,0.62015,0.57865,0.60345,0.3104,0.591,0.48945,0.5373,0.57075,0.6307,0.6212,0.68505,0.4053,0.47779999999999995,0.46299999999999997,0.44455,0.6195,0.56245,0.5953,0.5868,0.65665,0.6529499999999999,0.6598499999999999,0.5222,0.5937
0.49870000000000003,0.48205,0.59415,0.6172500000000001,0.5186,0.5589500000000001,0.6884,0.6471,0.59835,0.53225,0.54165,0.5771499999999999,0.48114999999999997,0.5046999999999999,0.86295,0.60385,0.68605,0.49160000000000004,0.701,0.4615,0.48705,0.43255,1.0,0.5567,0.68765,0.5670499999999999,0.65185,0.49165000000000003,0.50815,0.47775,0.7019,0.7043999999999999,0.58995,0.6953,0.5803499999999999,0.56185,0.6543,0.50505,0.40445000000000003,0.5023500000000001,0.46840000000000004,0.45389999999999997,0.69915,0.5735,0.48585,0.57575,0.6468499999999999,0.5132,0.523,0.48979999999999996,0.5995,0.5984499999999999,0.4606,0.5276500000000001,0.7141,0.5862,0.5783,0.5622499999999999,0.5218,0.7114499999999999,0.6234,0.6275999999999999,0.6769000000000001,0.59465,0.485,0.53865,0.5616,0.85605,0.80155,0.67425,0.7636499999999999,0.46935000000000004,0.69255,0.6567000000000001,0.51935,0.507,0.4801,0.5274,0.60465,0.6591
0.6056,0.5749,0.5034500000000001,0.5699,0.5198,0.5187,0.6578,0.7925500000000001,0.5740000000000001,0.4601,0.38885000000000003,0.5004,0.4039,0.4612,0.5469,0.77885,0.74315,0.5778,0.53025,0.4107,0.4556,0.42115,0.5567,1.0,0.7525000000000001,0.4819,0.4822,0.6009,0.49574999999999997,0.42489999999999994,0.56475,0.6012,0.6769000000000001,0.641,0.5074,0.603,0.51125,0.5025000000000001,0.3472,0.52265,0.4748,0.5739,0.6700999999999999,0.5771499999999999,0.53845,0.48979999999999996,0.46335,0.5378499999999999,0.54705,0.49385,0.49160000000000004,0.5218499999999999,0.52405,0.4827,0.78085,0.44345,0.51665,0.47565,0.47759999999999997,0.7493000000000001,0.5799000000000001,0.62705,0.6635,0.5086999999999999,0.5218499999999999,0.5294,0.4806,0.6416000000000001,0.7213499999999999,0.68065,0.732,0.40499999999999997,0.6863,0.6932,0.5743,0.5441,0.57435,0.5642,0.47785,0.5452
0.7046,0.5742499999999999,0.55125,0.5770500000000001,0.6173,0.5647,0.5197499999999999,0.6516,0.69025,0.5158,0.42774999999999996,0.54025,0.51375,0.52355,0.63325,0.72585,0.8304500000000001,0.6104499999999999,0.6496500000000001,0.47380000000000005,0.5337500000000001,0.4588,0.68765,0.7525000000000001,1.0,0.5144,0.57015,0.6385500000000001,0.61355,0.5345,0.66645,0.6874,0.8082499999999999,0.74065,0.5862,0.6357,0.53865,0.48615,0.43715000000000004,0.6091,0.481,0.6043999999999999,0.5912,0.6115999999999999,0.6233500000000001,0.585,0.5382,0.55945,0.6507,0.58355,0.5063500000000001,0.6183500000000001,0.5927,0.49715,0.61355,0.48685,0.6125499999999999,0.58965,0.5728500000000001,0.5967,0.6668999999999999,0.75795,0.78545,0.5940000000000001,0.5835,0.6218,0.58635,0.75315,0.8202999999999999,0.82955,0.80335,0.41605,0.7979499999999999,0.85565,0.7429,0.6068,0.68445,0.6692,0.5277999999999999,0.62325
0.5549999999999999,0.6603,0.6365000000000001,0.6463,0.5158,0.62705,0.48550000000000004,0.5065000000000001,0.6165499999999999,0.5967,0.61395,0.69265,0.51565,0.72755,0.57515,0.53085,0.48710000000000003,0.6887,0.5871500000000001,0.6388499999999999,0.618,0.6615,0.5670499999999999,0.4819,0.5144,1.0,0.57465,0.5793999999999999,0.49720000000000003,0.50005,0.6954,0.7839,0.53565,0.5692999999999999,0.52805,0.65945,0.6434,0.70025,0.50415,0.637,0.58425,0.6147,0.5677,0.65145,0.5074,0.6667,0.6031500000000001,0.67275,0.5469999999999999,0.7037,0.5988,0.6746000000000001,0.53285,0.57115,0.50625,0.63785,0.67335,0.60335,0.66435,0.47859999999999997,0.63585,0.45845,0.50335,0.6969000000000001,0.6798,0.5765,0.6984,0.55095,0.5833,0.47240000000000004,0.51215,0.72715,0.57195,0.56025,0.5497,0.59365,0.61825,0.5596,0.6588499999999999,0.8543
0.47905,0.5940000000000001,0.8221,0.80975,0.76825,0.69605,0.54105,0.5277000000000001,0.5498000000000001,0.7035,0.7223499999999999,0.7844,0.77095,0.7341,0.6578999999999999,0.51305,0.5558500000000001,0.5342,0.47634999999999994,0.6315000000000001,0.64215,0.6443,0.65185,0.4822,0.57015,0.57465,1.0,0.69915,0.8285,0.7478,0.6062000000000001,0.62345,0.5824499999999999,0.61665,0.8478,0.7504500000000001,0.7913,0.65535,0.6557999999999999,0.6964,0.69035,0.615,0.5147999999999999,0.7731,0.7417,0.6194,0.8628500000000001,0.728,0.8266,0.7604,0.8797,0.70575,0.7773,0.7994,0.5979,0.7948500000000001,0.75385,0.8115,0.7378,0.5905,0.62275,0.6428,0.69135,0.7917500000000001,0.6719,0.7108,0.7797,0.70805,0.64025,0.60765,0.6061,0.61075,0.57125,0.65805,0.66715,0.70885,0.7032499999999999,0.76155,0.6136999999999999,0.5739
0.5298,0.73315,0.7412,0.8493499999999999,0.7018500000000001,0.7093499999999999,0.49365,0.5778,0.6079,0.71105,0.59645,0.7383,0.6708000000000001,0.6448,0.5089,0.64395,0.58675,0.6698000000000001,0.4739,0.6469,0.7112,0.6627500000000001,0.49165000000000003,0.6009,0.6385500000000001,0.5793999999999999,0.69915,1.0,0.6783,0.6132,0.58125,0.6458,0.6757,0.58555,0.70845,0.7827,0.7020500000000001,0.7325999999999999,0.5981,0.70885,0.7456,0.64175,0.44160000000000005,0.7960499999999999,0.71305,0.57535,0.73275,0.7805500000000001,0.76685,0.6738999999999999,0.7364499999999999,0.7074,0.7496,0.7784500000000001,0.49905,0.6700999999999999,0.7034,0.68975,0.66335,0.52345,0.7699499999999999,0.58655,0.626,0.6664,0.64395,0.6723,0.6805,0.56455,0.66445,0.63355,0.64985,0.5957,0.6444,0.7211000000000001,0.65305,0.8009000000000001,0.75535,0.70035,0.5056499999999999,0.6003999999999999
0.53935,0.5659,0.73905,0.70875,0.8051999999999999,0.6787,0.40595,0.4989,0.5844,0.6717,0.6249,0.7365999999999999,0.77305,0.69935,0.5027999999999999,0.4941,0.60095,0.5286500000000001,0.3983,0.5917,0.5934,0.65125,0.50815,0.49574999999999997,0.61355,0.49720000000000003,0.8285,0.6783,1.0,0.7394499999999999,0.49565000000000003,0.57645,0.6392,0.5638,0.77025,0.7506999999999999,0.6473,0.58555,0.6577,0.7473,0.688,0.64695,0.3969,0.74325,0.8063499999999999,0.5934,0.7548,0.68505,0.8638,0.75005,0.7566499999999999,0.7245,0.83445,0.74295,0.4746,0.6656500000000001,0.7285,0.76895,0.7071,0.46135000000000004,0.611,0.69725,0.7167,0.6939,0.6581,0.7685,0.7704500000000001,0.57375,0.59685,0.6487,0.57725,0.5495,0.5612,0.701,0.7676999999999999,0.7671,0.74745,0.8130499999999999,0.4869,0.51895
0.51445,0.55935,0.65315,0.6689499999999999,0.63425,0.5974999999999999,0.40149999999999997,0.48360000000000003,0.5488000000000001,0.5995,0.5709500000000001,0.67535,0.6599,0.6466000000000001,0.51805,0.5045499999999999,0.56145,0.49365,0.39965,0.5479,0.5288,0.57735,0.47775,0.42489999999999994,0.5345,0.50005,0.7478,0.6132,0.7394499999999999,1.0,0.518,0.5879,0.61715,0.60265,0.6905,0.72375,0.6043000000000001,0.58065,0.57585,0.61405,0.61095,0.6275000000000001,0.42074999999999996,0.7129,0.68605,0.59175,0.6715,0.6414500000000001,0.71855,0.69115,0.7062999999999999,0.62595,0.7344999999999999,0.69915,0.4826,0.61315,0.6969000000000001,0.6912,0.6651,0.44275000000000003,0.54215,0.65855,0.644,0.6567000000000001,0.649,0.6878,0.7386999999999999,0.5544,0.54475,0.572,0.52035,0.56555,0.49625,0.6122,0.64435,0.6322,0.62385,0.7144999999999999,0.5282,0.52135
0.5517000000000001,0.6216,0.6403,0.6309,0.5035999999999999,0.55625,0.54555,0.50715,0.60875,0.5296000000000001,0.6132500000000001,0.5984499999999999,0.43594999999999995,0.57365,0.7179,0.60015,0.59255,0.5996,0.69025,0.5067,0.55535,0.49044999999999994,0.7019,0.56475,0.66645,0.6954,0.6062000000000001,0.58125,0.49565000000000003,0.518,1.0,0.8463499999999999,0.6454,0.68255,0.5971,0.69985,0.66525,0.5824,0.4253,0.5822,0.52105,0.5800500000000001,0.6840499999999999,0.6538999999999999,0.5564,0.58355,0.62985,0.6125499999999999,0.5258499999999999,0.55465,0.5845,0.638,0.5206500000000001,0.5344,0.5784,0.6612,0.57575,0.5279,0.5569,0.59665,0.65595,0.57385,0.5958,0.6733,0.6237,0.53255,0.601,0.71695,0.67195,0.585,0.6167,0.58945,0.62565,0.65395,0.6125499999999999,0.5450999999999999,0.5286,0.56055,0.6707,0.80375
0.55555,0.6491,0.659,0.71645,0.5687,0.6658999999999999,0.5218499999999999,0.5789,0.6716,0.5972000000000001,0.6383,0.71695,0.5438,0.65605,0.7426,0.67005,0.67525,0.6426999999999999,0.67225,0.6026,0.60995,0.57405,0.7043999999999999,0.6012,0.6874,0.7839,0.62345,0.6458,0.57645,0.5879,0.8463499999999999,1.0,0.6990000000000001,0.7464000000000001,0.5815,0.7817000000000001,0.67125,0.69535,0.5215,0.67165,0.6053,0.63225,0.6708000000000001,0.73865,0.604,0.6313500000000001,0.6407499999999999,0.7195,0.5940000000000001,0.63625,0.6756,0.72195,0.59055,0.6572,0.59165,0.6628499999999999,0.6543,0.58445,0.6315500000000001,0.5711999999999999,0.7642,0.62515,0.6788000000000001,0.7022,0.6998,0.5835,0.6868000000000001,0.7262,0.7737499999999999,0.6433,0.68425,0.6839000000000001,0.6848,0.7219,0.6522,0.629,0.6157,0.62315,0.61315,0.87805
0.6852,0.64165,0.57155,0.6129,0.64395,0.61015,0.48979999999999996,0.6373,0.749,0.56615,0.43795,0.5549000000000001,0.53925,0.5496000000000001,0.62675,0.708,0.82765,0.6589,0.5855,0.48274999999999996,0.5497,0.48760000000000003,0.58995,0.6769000000000001,0.8082499999999999,0.53565,0.5824499999999999,0.6757,0.6392,0.61715,0.6454,0.6990000000000001,1.0,0.76585,0.62005,0.6595500000000001,0.5529,0.52805,0.4681,0.6204500000000001,0.54085,0.71425,0.5039,0.6837,0.6753,0.5492,0.5606,0.5692,0.6532,0.59465,0.5554,0.6101,0.67475,0.5607,0.5689,0.5133,0.60995,0.6062000000000001,0.59395,0.5357000000000001,0.6837500000000001,0.8199500000000001,0.7589,0.6077,0.62885,0.6778,0.6371,0.69185,0.7603500000000001,0.7948000000000001,0.7393500000000001,0.45804999999999996,0.7324499999999999,0.7994,0.8058500000000001,0.6409,0.6940000000000001,0.69265,0.56785,0.65685
0.64225,0.6115,0.5418999999999999,0.6243000000000001,0.5705,0.58545,0.53945,0.5801999999999999,0.6386999999999999,0.46769999999999995,0.5198,0.58585,0.5258499999999999,0.55485,0.7697,0.7418,0.7785,0.61305,0.5991,0.46580000000000005,0.45385,0.476,0.6953,0.641,0.74065,0.5692999999999999,0.61665,0.58555,0.5638,0.60265,0.68255,0.7464000000000001,0.76585,1.0,0.5863,0.64415,0.5939,0.5526,0.453,0.54695,0.55155,0.6433500000000001,0.63505,0.6433500000000001,0.5868,0.5138499999999999,0.5699,0.6002,0.58925,0.59665,0.6136999999999999,0.5189,0.5685,0.6245,0.6043499999999999,0.49085,0.5972999999999999,0.5868,0.58025,0.60065,0.72285,0.7723,0.74475,0.5763499999999999,0.619,0.5593,0.60495,0.78565,0.8040499999999999,0.7086,0.826,0.5678,0.7892,0.75035,0.72715,0.53835,0.5801000000000001,0.6576500000000001,0.6734,0.6633
0.5085,0.59275,0.83415,0.7433,0.7756000000000001,0.6374500000000001,0.48795,0.4654,0.53975,0.66815,0.7514000000000001,0.7578,0.735,0.6693,0.5705,0.51535,0.5861500000000001,0.5231,0.44475,0.572,0.62205,0.6206,0.5803499999999999,0.5074,0.5862,0.52805,0.8478,0.70845,0.77025,0.6905,0.5971,0.5815,0.62005,0.5863,1.0,0.7436,0.74485,0.66185,0.62675,0.6982999999999999,0.69885,0.69135,0.48575,0.7561,0.78465,0.59585,0.8265499999999999,0.6971499999999999,0.8186500000000001,0.7076,0.7678,0.659,0.78645,0.7132,0.572,0.7495,0.7058,0.78365,0.66935,0.5458999999999999,0.65045,0.67265,0.70495,0.7948500000000001,0.6717,0.7423,0.6949,0.6519999999999999,0.61635,0.6402,0.6117,0.5751000000000001,0.60825,0.69775,0.6733,0.73915,0.72805,0.80285,0.6032,0.51565
0.5707,0.6896,0.794,0.8289,0.6790499999999999,0.7493000000000001,0.4822,0.5668,0.59545,0.66595,0.72035,0.8105,0.68285,0.73225,0.5939,0.63015,0.6285499999999999,0.6163000000000001,0.52675,0.68755,0.6864,0.63895,0.56185,0.603,0.6357,0.65945,0.7504500000000001,0.7827,0.7506999999999999,0.72375,0.69985,0.7817000000000001,0.6595500000000001,0.64415,0.7436,1.0,0.75625,0.7628999999999999,0.6447499999999999,0.7925,0.69895,0.743,0.5690500000000001,0.8497,0.75405,0.7116,0.7823,0.8678000000000001,0.75765,0.75255,0.7664500000000001,0.7837,0.74745,0.7631,0.5852,0.7292,0.7282,0.7253000000000001,0.7024,0.56635,0.6545,0.60615,0.6627500000000001,0.79125,0.78585,0.70695,0.76935,0.64015,0.6309,0.60585,0.58655,0.7074499999999999,0.6146499999999999,0.7049000000000001,0.65665,0.7657499999999999,0.7498,0.7843,0.63665,0.69515
0.5284,0.6824,0.77735,0.7734,0.70195,0.6997,0.54225,0.5246000000000001,0.5591,0.6578,0.693,0.7371000000000001,0.6622,0.72545,0.6653,0.5185500000000001,0.54085,0.605,0.5376000000000001,0.6008,0.6295499999999999,0.55035,0.6543,0.51125,0.53865,0.6434,0.7913,0.7020500000000001,0.6473,0.6043000000000001,0.66525,0.67125,0.5529,0.5939,0.74485,0.75625,1.0,0.78155,0.6043000000000001,0.6931499999999999,0.6549,0.68345,0.53535,0.7212500000000001,0.66535,0.671,0.79575,0.71305,0.70875,0.718,0.7523,0.6863,0.6801999999999999,0.70415,0.62175,0.70905,0.7711,0.7593,0.7208,0.6003999999999999,0.6529,0.56735,0.60235,0.859,0.75675,0.72645,0.7473,0.67675,0.6313,0.5618000000000001,0.58805,0.7214,0.55145,0.6181,0.5841999999999999,0.74185,0.70405,0.63985,0.69245,0.60885
0.48945,0.70335,0.70305,0.7481,0.6208,0.6752,0.4535,0.5079,0.5918,0.65965,0.74235,0.80625,0.6750499999999999,0.76485,0.52925,0.53285,0.5008,0.61815,0.49795,0.6763,0.67015,0.6671,0.50505,0.5025000000000001,0.48615,0.70025,0.65535,0.7325999999999999,0.58555,0.58065,0.5824,0.69535,0.52805,0.5526,0.66185,0.7628999999999999,0.78155,1.0,0.67705,0.66605,0.75735,0.66745,0.47335000000000005,0.75195,0.643,0.6759999999999999,0.66805,0.7575000000000001,0.6877,0.6996,0.71415,0.67155,0.6707,0.7213,0.4826,0.6711,0.7304999999999999,0.6691,0.6658999999999999,0.4372,0.6526500000000001,0.49829999999999997,0.562,0.75275,0.7298,0.6719999999999999,0.7214,0.52535,0.5781,0.5006999999999999,0.5425500000000001,0.7508,0.5690999999999999,0.5919,0.5389,0.74855,0.6961,0.6268,0.5894,0.65755
0.399,0.4605,0.6441,0.6433500000000001,0.74055,0.6596,0.34700000000000003,0.3967,0.5366500000000001,0.63045,0.632,0.7119,0.8321999999999999,0.6662,0.4237,0.3681,0.4422,0.41689999999999994,0.38639999999999997,0.63325,0.6538,0.60755,0.40445000000000003,0.3472,0.43715000000000004,0.50415,0.6557999999999999,0.5981,0.6577,0.57585,0.4253,0.5215,0.4681,0.453,0.62675,0.6447499999999999,0.6043000000000001,0.67705,1.0,0.6941499999999999,0.6316499999999999,0.55815,0.33385,0.6643,0.71245,0.5709,0.65685,0.6697,0.7502,0.6348,0.6632,0.63625,0.689,0.6547,0.4107,0.63105,0.61345,0.6327499999999999,0.5714,0.34485,0.49939999999999996,0.4953,0.51695,0.6161,0.6085499999999999,0.5953,0.6227,0.438,0.4224,0.46509999999999996,0.42745,0.5484,0.42705000000000004,0.5202,0.5759000000000001,0.72245,0.5774,0.6578999999999999,0.41045,0.49625
0.51485,0.6267,0.7594000000000001,0.72685,0.83955,0.82125,0.4147,0.5145500000000001,0.59285,0.6595500000000001,0.6264000000000001,0.75225,0.7625,0.7165,0.52165,0.5438500000000001,0.59695,0.5776,0.44509999999999994,0.6042,0.63625,0.6262,0.5023500000000001,0.52265,0.6091,0.637,0.6964,0.70885,0.7473,0.61405,0.5822,0.67165,0.6204500000000001,0.54695,0.6982999999999999,0.7925,0.6931499999999999,0.66605,0.6941499999999999,1.0,0.68005,0.66235,0.47375,0.72845,0.75545,0.6147,0.7553,0.7352000000000001,0.7779,0.7456,0.6864,0.80525,0.76505,0.6956,0.506,0.69375,0.7175,0.70275,0.6559,0.48564999999999997,0.67245,0.61335,0.6670499999999999,0.746,0.66435,0.7221,0.73055,0.5891,0.58605,0.6183,0.5521499999999999,0.6804,0.5700000000000001,0.7072,0.67145,0.7769999999999999,0.74495,0.7354,0.50765,0.6316499999999999
0.441,0.6138,0.71445,0.7423,0.67675,0.7178,0.47185,0.50765,0.5817,0.7062,0.72405,0.81595,0.68355,0.7134,0.5019,0.53075,0.502,0.5862499999999999,0.42135,0.6599,0.616,0.7252500000000001,0.46840000000000004,0.4748,0.481,0.58425,0.69035,0.7456,0.688,0.61095,0.52105,0.6053,0.54085,0.55155,0.69885,0.69895,0.6549,0.75735,0.6316499999999999,0.68005,1.0,0.57595,0.43335,0.7618,0.69765,0.5042500000000001,0.72515,0.7455,0.7263,0.66435,0.7506,0.7142000000000001,0.73765,0.8175000000000001,0.42699999999999994,0.6974,0.68255,0.61765,0.601,0.43810000000000004,0.7054,0.5740000000000001,0.6224999999999999,0.6071500000000001,0.59665,0.64825,0.6615,0.5161,0.5944,0.54365,0.5912499999999999,0.6485000000000001,0.58595,0.60725,0.5843499999999999,0.7343,0.62315,0.70525,0.45965,0.564
0.7323500000000001,0.7157,0.61605,0.62705,0.6598499999999999,0.5831000000000001,0.36524999999999996,0.48865,0.6715,0.5899,0.5074,0.64615,0.5884,0.6900000000000001,0.515,0.5982000000000001,0.68525,0.71555,0.5006,0.57005,0.6152,0.6254500000000001,0.45389999999999997,0.5739,0.6043999999999999,0.6147,0.615,0.64175,0.64695,0.6275000000000001,0.5800500000000001,0.63225,0.71425,0.6433500000000001,0.69135,0.743,0.68345,0.66745,0.55815,0.66235,0.57595,1.0,0.4462,0.7733,0.7592,0.7234499999999999,0.5786,0.64225,0.6992,0.72165,0.5822,0.58545,0.7415499999999999,0.55515,0.4891,0.5208999999999999,0.67205,0.64705,0.6503,0.4288,0.5804,0.7022,0.66735,0.737,0.85,0.8173999999999999,0.7697499999999999,0.5185,0.5760500000000001,0.6341,0.5707,0.63775,0.60155,0.73085,0.7015,0.70685,0.77335,0.7313500000000001,0.674,0.5620499999999999
0.46855,0.49444999999999995,0.52405,0.5206000000000001,0.40575,0.48600000000000004,0.7313500000000001,0.6763,0.446,0.43615000000000004,0.5045499999999999,0.5124,0.372,0.503,0.6829500000000001,0.731,0.58595,0.5042,0.5684,0.3877,0.41105,0.3619,0.69915,0.6700999999999999,0.5912,0.5677,0.5147999999999999,0.44160000000000005,0.3969,0.42074999999999996,0.6840499999999999,0.6708000000000001,0.5039,0.63505,0.48575,0.5690500000000001,0.53535,0.47335000000000005,0.33385,0.47375,0.43335,0.4462,1.0,0.5143,0.42510000000000003,0.495,0.5254,0.5049,0.41725,0.44480000000000003,0.49474999999999997,0.54855,0.40590000000000004,0.43594999999999995,0.7645500000000001,0.5619,0.47350000000000003,0.45605,0.4426,0.73305,0.51685,0.4883,0.512,0.544,0.48055000000000003,0.40919999999999995,0.45735000000000003,0.6955,0.66205,0.5207499999999999,0.61245,0.52355,0.58575,0.5449499999999999,0.4396,0.42785,0.4135,0.46365,0.5622499999999999,0.60045
0.5969,0.6942,0.7729,0.8615,0.72385,0.74255,0.51425,0.59455,0.63115,0.76235,0.6676,0.8538500000000001,0.7388,0.7101,0.61565,0.6289,0.6143500000000001,0.68595,0.4937,0.6756,0.72515,0.687,0.5735,0.5771499999999999,0.6115999999999999,0.65145,0.7731,0.7960499999999999,0.74325,0.7129,0.6538999999999999,0.73865,0.6837,0.6433500000000001,0.7561,0.8497,0.7212500000000001,0.75195,0.6643,0.72845,0.7618,0.7733,0.5143,1.0,0.8182499999999999,0.6773,0.7984,0.82975,0.81685,0.7058,0.7899499999999999,0.79705,0.8148,0.8007500000000001,0.5574,0.74485,0.71235,0.7067,0.6932,0.5629500000000001,0.70495,0.64105,0.6900999999999999,0.7514000000000001,0.8013,0.74795,0.7997,0.6271,0.66955,0.63805,0.64825,0.6534500000000001,0.5774,0.6869500000000001,0.63295,0.7979499999999999,0.6917,0.77925,0.58785,0.69485
0.61305,0.6245,0.7091000000000001,0.73085,0.8211999999999999,0.65825,0.37879999999999997,0.5096,0.6259,0.7062,0.58555,0.73435,0.7624500000000001,0.6348499999999999,0.4896,0.52955,0.6395500000000001,0.59755,0.3952,0.5959,0.63445,0.61715,0.48585,0.53845,0.6233500000000001,0.5074,0.7417,0.71305,0.8063499999999999,0.68605,0.5564,0.604,0.6753,0.5868,0.78465,0.75405,0.66535,0.643,0.71245,0.75545,0.69765,0.7592,0.42510000000000003,0.8182499999999999,1.0,0.61985,0.7178,0.6826,0.8795,0.66005,0.69855,0.7013499999999999,0.88515,0.68285,0.5024,0.6777,0.6897,0.7235,0.6301,0.43945,0.62685,0.7171000000000001,0.70375,0.71965,0.7190000000000001,0.8029999999999999,0.71035,0.5562,0.6134000000000001,0.6752,0.61895,0.57145,0.5528,0.6929000000000001,0.7252500000000001,0.8493499999999999,0.69435,0.81595,0.4812,0.55125
0.65625,0.6155999999999999,0.6188,0.6324,0.56345,0.58745,0.46695000000000003,0.53755,0.63895,0.5610999999999999,0.5373,0.62605,0.5648500000000001,0.7148,0.49720000000000003,0.48724999999999996,0.581,0.6267,0.55255,0.5831500000000001,0.58875,0.572,0.57575,0.48979999999999996,0.585,0.6667,0.6194,0.57535,0.5934,0.59175,0.58355,0.6313500000000001,0.5492,0.5138499999999999,0.59585,0.7116,0.671,0.6759999999999999,0.5709,0.6147,0.5042500000000001,0.7234499999999999,0.495,0.6773,0.61985,1.0,0.5721,0.6439,0.6433,0.72035,0.5406,0.6616,0.60155,0.5126000000000001,0.5783,0.5669500000000001,0.7443,0.666,0.7112499999999999,0.47605000000000003,0.51485,0.55525,0.6101,0.7192999999999999,0.72835,0.76635,0.7603500000000001,0.5267000000000001,0.5609,0.60865,0.5384,0.60385,0.52705,0.6336999999999999,0.57955,0.6476,0.6824,0.67095,0.6274,0.6079
0.43079999999999996,0.5791999999999999,0.87415,0.80695,0.7505499999999999,0.7857999999999999,0.5529,0.51085,0.5261,0.7047,0.78425,0.817,0.76445,0.6846,0.6731,0.4847,0.5307000000000001,0.5388,0.47725,0.6472,0.67045,0.6169,0.6468499999999999,0.46335,0.5382,0.6031500000000001,0.8628500000000001,0.73275,0.7548,0.6715,0.62985,0.6407499999999999,0.5606,0.5699,0.8265499999999999,0.7823,0.79575,0.66805,0.65685,0.7553,0.72515,0.5786,0.5254,0.7984,0.7178,0.5721,1.0,0.8044499999999999,0.8002,0.72075,0.829,0.78335,0.7264999999999999,0.8002499999999999,0.6245,0.8516999999999999,0.70475,0.7881,0.6819,0.6094999999999999,0.6674,0.58595,0.6254500000000001,0.8016,0.6486,0.6395,0.7151500000000001,0.70785,0.6229,0.5825,0.5816,0.63825,0.53565,0.6302,0.6075,0.7436499999999999,0.6291,0.77145,0.5551999999999999,0.5890500000000001
0.48585,0.6509,0.7765500000000001,0.8128500000000001,0.65945,0.7816,0.47485,0.5261,0.5631,0.7029,0.7682,0.86195,0.7021499999999999,0.7252500000000001,0.5629500000000001,0.5862,0.5328999999999999,0.65795,0.4965,0.74125,0.7283999999999999,0.6879500000000001,0.5132,0.5378499999999999,0.55945,0.67275,0.728,0.7805500000000001,0.68505,0.6414500000000001,0.6125499999999999,0.7195,0.5692,0.6002,0.6971499999999999,0.8678000000000001,0.71305,0.7575000000000001,0.6697,0.7352000000000001,0.7455,0.64225,0.5049,0.82975,0.6826,0.6439,0.8044499999999999,1.0,0.7527999999999999,0.7832,0.8031,0.76085,0.7184999999999999,0.8331,0.56555,0.72645,0.70025,0.70315,0.6872,0.52805,0.6750499999999999,0.52645,0.59645,0.74025,0.757,0.6038,0.70005,0.5964,0.59645,0.54155,0.56945,0.6891,0.56665,0.6406,0.604,0.73835,0.6736500000000001,0.74795,0.564,0.67485
