0.19792,0.040565,0.16089,0.0045977,0.12901,0.060015,-0.0056573,0.14902,0.085322,0.18711,0.11606,0.20006,0.0025205,-0.016713,-0.0059205,-0.10603,-0.071413,-0.01749,0.077601,-0.12166,-0.055636,-0.045069,0.19783,-0.13297,-0.032985,0.17815,0.1802,0.16784,0.17315,0.12777,0.14863,0.16915,0.087565,0.11579,0.20556,0.15809,0.11925,0.14072,0.19382,0.048793,0.1429,0.17718,0.17696,0.18069,0.016352,0.17025,0.056843,-0.070229,-0.1056,-0.14096,-0.16023,0.013772,-0.021517,-0.068575,-0.10554,0.18279,-0.11015,0.14932,0.10742,0.19166
0.001781,0.05864,-0.13708,-0.11881,0.10667,0.17007,0.099481,-0.047749,0.16235,0.047886,0.12992,-0.089674,0.20475,0.022677,0.12917,0.10077,0.30057,0.15919,0.10204,0.048967,0.27983,0.29198,0.017691,0.27655,0.1931,0.023756,0.017358,-0.060223,0.071619,0.15014,0.1239,0.044372,0.17069,-0.033505,-0.0063119,0.077851,0.095278,0.076913,0.028715,0.18313,-0.0073703,0.046545,0.037583,-0.023447,-0.11423,-0.041315,0.1884,0.007822,0.042449,0.06848,0.10961,0.22263,0.038536,0.22858,-0.054726,-0.033524,0.17243,0.081992,0.17163,-0.025992
-0.041312,0.2651,0.001119,0.23801,0.034551,-0.00541,-0.2405,0.096104,-0.078702,0.078914,-0.030414,-0.060111,-0.067069,0.16265,-0.1815,0.15235,-0.012308,0.035535,0.0048166,0.26811,-0.13773,0.038126,0.091309,0.0026234,0.1904,0.029212,-0.040391,0.15846,0.068106,0.050694,0.070053,0.071045,-0.042219,0.09269,-0.0019924,0.1199,-0.068002,0.1061,0.050267,0.0014086,0.053662,0.045615,0.0082669,0.10345,0.35397,-0.1363,0.070234,0.21237,0.14651,0.18484,0.19947,-0.059405,0.24149,-0.10739,0.21819,-0.026975,0.19502,0.036348,0.025642,0.077237
0.033585,-0.032758,-0.22134,0.095614,-0.0029957,-0.17825,-0.16634,-0.021266,-0.24253,-0.07046,-0.13483,0.075524,0.015694,-0.066932,0.1386,0.17692,0.15596,0.078332,0.067243,0.033529,0.068447,-0.10199,0.10204,0.01315,0.075336,-0.20131,0.095419,0.0034596,-0.043777,-0.14509,0.037061,-0.027012,0.016158,0.34917,0.099116,-0.068977,-0.23891,-0.038919,0.0868,-0.11429,0.22543,0.16261,0.097026,-0.094298,-0.16773,0.20543,-0.0073869,0.013638,0.23481,0.037556,-0.015645,0.10459,-0.046337,0.24604,-0.027152,0.18871,-0.059596,-0.0011932,-0.14769,0.14308
0.013543,-0.040844,-0.017658,0.20654,0.045466,0.31245,0.14853,-0.082201,0.2202,-0.087011,0.16958,0.002943,-0.15287,-0.24176,-0.19233,0.042513,-0.01863,-0.019353,0.11121,0.20333,-0.12918,-0.0063053,-0.098902,-0.19502,0.081224,-0.098262,0.060526,-0.067563,-0.060566,-0.057514,0.040433,0.035647,0.24929,0.069323,0.046436,-0.16382,0.085408,-0.15387,0.068086,0.17496,0.14268,0.023501,0.028168,-0.18787,-0.016841,0.19591,-0.10061,-0.22104,0.039917,0.13815,0.18513,0.014653,0.081775,-0.088436,0.19857,0.076763,-0.13161,-0.077452,0.039079,-0.10596
0.017667,0.065201,0.038465,-0.13714,0.027459,-0.066141,0.07343,-0.077496,0.11214,-0.053563,0.15983,-0.03358,0.19486,0.14752,-0.12534,-0.064756,-0.067844,-0.20641,0.22776,-0.2423,-0.21877,0.13741,0.052455,-0.0090203,0.0041524,-0.082023,-0.0077954,-0.086078,0.048,-0.15764,0.058641,-0.050307,0.022097,0.16168,-0.061054,-0.14293,-0.089757,-0.13319,0.011063,0.036009,0.095021,0.063891,-0.19351,-0.10834,-0.085775,-0.024235,0.18754,0.13833,0.045974,-0.27124,-0.20625,-0.032006,0.36879,-0.028672,0.12936,0.11982,0.25394,-0.062921,-0.062392,0.01086
-0.091972,-0.038956,0.18427,-0.094578,0.17144,0.10074,-0.0082393,0.064166,-0.14746,-0.073822,-0.10573,-0.26095,0.12111,0.10017,-0.2222,-0.080072,0.14662,0.020189,-0.18363,0.029949,-0.15089,0.065753,0.13861,-0.062235,-0.080302,-0.13374,-0.095411,0.20426,0.26329,-0.035589,0.096075,0.089059,0.15796,-0.0037881,-0.015098,-0.067739,0.021325,-0.0044757,-0.12391,-0.14813,0.12139,0.08239,-0.10452,-0.09587,0.084407,-0.077322,0.14949,-0.12873,-0.22968,0.097244,0.021044,0.051806,-0.21647,0.21291,-0.015641,0.20021,-0.070126,0.016918,-0.18432,-0.22043
-0.01222,-0.11879,0.17486,-0.064632,-0.20336,0.050348,-0.028129,0.3055,0.0081464,0.00066548,0.12015,-0.093868,0.018941,-0.11684,-0.16102,-0.20939,-0.00019598,0.39166,0.12383,0.015669,0.21428,0.011687,-0.030366,0.006124,0.048921,-0.057609,0.068079,0.22553,-0.14046,-0.2875,-0.047155,0.056277,-0.28145,-0.039098,-0.046813,0.050663,-0.096837,0.082359,0.030079,-0.02429,0.09266,0.10049,0.089169,0.0064932,-0.1101,-0.057503,0.047082,-0.1351,-0.10331,-0.11459,0.11662,0.1775,0.12265,-0.076197,0.10051,-0.0582,0.090503,-0.18848,-0.083197,0.036043
-0.29517,-0.031096,-0.014021,0.25321,0.22853,-0.19677,0.068746,-0.016128,-0.0073994,-0.04264,-0.017464,0.030008,-0.011733,-0.29454,0.059084,-0.1536,0.20293,0.10816,0.23925,0.035075,-0.051726,-0.024292,0.087643,-0.022259,-0.036772,-0.088555,-0.2354,-0.0079449,0.0078409,0.023394,-0.028469,-0.12506,-0.044428,0.14624,-0.14356,0.028957,-0.00862,0.12337,-0.081442,0.34165,-0.031728,-0.05891,-0.069693,0.20436,0.078473,-0.14127,0.21738,-0.049729,-0.030679,-0.16854,0.025174,-0.15872,-0.022767,-0.05898,-0.12745,0.093491,-0.17563,-0.045203,0.0054082,0.051184
-0.062183,0.042035,-0.26087,0.097044,0.068001,-0.07139,-0.027173,-0.088687,0.05839,0.013176,0.14649,-0.0072203,0.3729,0.26484,0.31853,-0.073141,-0.10137,0.070391,-0.05858,0.093625,0.10014,-0.12697,0.10319,-0.14616,-0.28145,0.018038,-0.068293,-0.042214,0.015237,-0.031532,0.12988,0.07907,-0.037507,0.035839,0.072761,-0.11559,-0.17973,0.1234,0.063474,0.011576,0.095551,-0.022231,-0.04961,-0.0081629,-0.020314,-0.01796,0.0014555,-0.14626,-0.24202,0.11381,0.059614,0.028418,-0.060448,-0.20112,0.29762,-0.045729,-0.03307,-0.13375,0.15175,-0.039508
0.15602,-0.33374,-0.097187,-0.046612,-0.084826,0.055477,-0.16227,0.05539,-0.080591,0.0019198,-0.18187,-0.01055,0.058361,-0.20293,-0.020041,-0.22689,-0.010365,-0.035552,0.17674,0.053519,-0.022145,-0.013618,0.036347,0.032995,-0.046284,0.20361,0.045165,-0.099076,0.048472,0.11371,-0.0029485,0.30428,0.075473,0.0015476,-0.12061,-0.01291,-0.21995,-0.13183,0.0662,-0.0091044,-0.23515,-0.068058,-0.023532,-0.14058,-0.037397,-0.15285,0.20517,0.084179,0.030281,0.0097359,0.0769,-0.016959,0.0072004,-0.011098,0.30172,0.048167,-0.12397,0.336,0.003959,0.033152
-0.024821,-0.035191,-0.085445,-0.073999,0.23553,-0.071662,0.29716,0.13094,-0.10801,-0.086007,-0.0053334,-0.09661,-0.20357,0.13535,0.19281,-0.0088984,-0.10206,0.25596,0.055264,-0.0062322,-0.14783,-0.085259,0.1428,0.14872,0.10086,0.029562,-0.036113,0.17634,0.0088858,-0.13089,0.070372,0.046131,0.071663,-0.11066,0.085558,-0.096607,0.023956,0.059594,-0.14735,0.048635,0.02572,-0.19898,-0.17342,-0.080271,0.075721,0.076404,-0.28065,-0.0050832,0.14152,-0.19731,-0.018149,0.21196,0.08942,-0.05699,0.12877,-0.031158,-0.0616,0.32836,0.012152,0.036535
0.22551,-0.046487,-0.1218,0.23521,-0.0096095,-0.0027434,0.40953,-0.006357,-0.064274,0.0071234,-0.031685,0.068511,-0.0061526,0.18061,-0.14788,0.093359,0.11529,0.2116,-0.071722,-0.014323,-0.027357,-0.069339,-0.14013,-0.21858,-0.01259,0.14932,0.1544,-0.036259,0.05726,-0.1631,-0.00089538,0.11217,0.031435,0.16668,-0.10529,-0.064067,0.029915,0.14749,-0.19775,-0.068278,0.0080261,0.14243,0.040205,-0.14489,-0.12604,-0.15857,0.17322,0.22865,-0.03062,-0.061156,0.064807,-0.20222,-0.060092,-0.018184,-0.16171,-0.20906,-0.0076843,0.04328,0.084608,-0.0091527
-0.026286,0.0050309,-0.22493,-0.25764,-0.07193,-0.026895,0.29996,-0.15399,0.099443,0.24615,-0.11077,-0.12462,-0.18931,0.01696,-0.23946,0.061521,-0.014884,-0.078709,0.2175,0.030588,0.030554,-0.25296,0.11422,-0.12456,0.13591,0.073099,-0.13972,-0.073533,0.061711,0.017586,0.06111,-0.1855,-0.077017,0.015445,-0.012292,0.11802,-0.21494,-0.012595,0.064524,0.016189,0.012759,0.075304,0.094571,0.13012,0.048499,-0.092412,-0.054402,0.12757,-0.25848,0.12434,-0.067631,0.27207,-0.019058,0.09474,0.071729,0.019035,-0.11964,-0.059044,-0.040323,0.0063623
-0.11852,-0.17764,0.12411,-0.084276,0.041838,0.11596,-0.082949,0.085401,0.11278,0.098152,0.19944,-0.13684,-0.13208,-0.07784,0.28002,-0.16687,0.042279,0.032921,-0.073653,0.016808,0.012734,-0.20148,-0.085283,-0.14575,-0.17592,-0.086252,0.038233,-0.10289,0.091717,-0.02005,-0.0085195,-0.15643,0.19943,0.074527,0.0033208,0.1838,0.092278,-0.13804,-0.1063,-0.22505,0.2057,0.057036,-0.1335,0.13932,0.059506,0.014161,0.12472,0.38941,0.15908,-0.025772,0.12142,0.088022,0.016384,0.094079,0.095745,-0.15923,-0.039421,-0.056076,0.084988,0.062173
-0.15423,0.029133,-0.084736,-0.13641,-0.16465,0.19709,-0.096305,0.04809,0.021899,0.011494,0.15952,-0.2058,-0.063395,0.071912,0.099277,0.43984,0.018381,0.22645,0.1033,-0.19321,-0.049706,-0.12067,0.14402,-0.049571,-0.024414,-0.21437,-0.046308,0.028999,-0.053021,0.0021379,0.14611,0.23667,-0.06195,-0.11524,0.014794,-0.008279,0.027603,-0.23209,0.08587,0.036059,-0.098087,-0.018452,0.06573,0.041398,-0.040803,-0.015399,0.15721,0.063842,-0.036035,0.002424,-0.05628,-0.30136,0.038831,-0.14151,-0.13283,-0.0070941,-0.21841,0.082031,-0.070863,-0.013481
0.068811,-0.014113,-0.21555,-0.037578,-0.17331,-0.077784,0.15692,-0.0069404,-0.18439,0.059032,0.14732,0.02222,0.13093,-0.065935,-0.094927,-0.13905,0.037497,-0.16523,0.16862,-0.009244,0.048927,0.10921,0.13179,-0.18792,-0.024448,-0.21327,0.076125,0.056237,-0.11338,0.013375,0.1769,-0.028429,-0.08579,-0.045536,0.17281,0.25009,0.31925,0.081368,-0.036897,-0.021851,0.035018,-0.23109,-0.075847,-0.075094,0.1381,0.028432,0.025718,-0.092999,0.067278,0.040854,0.047852,-0.19812,-0.10572,0.20997,0.16556,-0.21726,0.037921,0.06936,-0.21484,0.12272
-0.088697,-0.21385,0.1826,0.14873,0.05233,0.090458,0.1053,0.39183,0.079163,0.19197,-0.0015488,0.2802,0.1719,0.20344,-0.060093,0.14517,0.048368,-0.034673,0.00059949,-0.025889,0.028186,-0.066228,0.063945,0.055433,-0.0086198,-0.036147,-0.13488,0.012491,0.20733,-0.010811,-0.11634,-0.071431,-0.071314,-0.011715,0.053748,0.011127,-0.015477,-0.093831,0.011728,0.17635,-0.11246,-0.24494,-0.01449,-0.12812,-0.18499,-0.0057473,-0.15863,0.15815,0.024766,0.19113,-0.026233,-0.08439,0.04767,0.22347,0.12957,0.087176,-0.091177,-0.16516,-0.019097,0.14281
0.03652,0.0091983,-0.019828,-0.28241,-0.024173,-0.19303,0.21906,0.25801,-0.042128,0.10028,0.040374,-0.070779,-0.0028348,-0.22685,0.0053254,0.21388,0.027993,-0.15334,-0.044807,0.21232,-0.015033,0.031815,-0.032809,-0.029486,-0.13629,0.14586,0.033037,0.033447,0.12739,-0.032135,-0.047032,-0.060274,-0.038571,-0.042117,0.081009,-0.076561,-0.13739,0.12749,0.093103,-0.092491,0.050425,-0.1885,-0.24503,0.026759,-0.097607,0.19873,0.28701,-0.096497,0.13149,0.18518,0.17538,-0.056225,0.076235,-0.23989,-0.19466,0.099909,0.070366,-0.0080962,0.02804,-0.021971
0.16449,0.1065,0.11053,0.081708,0.16066,-0.068446,0.054062,-0.0191,0.074563,-0.1074,0.0372,-0.12711,0.16188,-0.0002068,0.11943,0.13024,0.045077,-0.0035137,0.39495,-0.081533,0.12441,-0.15808,-0.10818,0.11286,-0.096775,0.058294,0.29944,0.034159,0.040856,0.012083,-0.15797,-0.12722,-0.10381,-0.0062875,0.062689,-0.093104,0.22181,0.016051,0.034457,-0.18577,-0.23369,0.049813,0.0076869,-0.10885,0.28995,-0.070866,-0.011722,0.10716,-0.035571,0.063937,0.13941,0.086616,-0.022373,-0.050407,0.038649,0.22852,-0.15365,-0.090415,-0.1947,-0.060883
0.023396,0.22422,-0.084212,-0.00010909,0.039792,-0.060565,0.069763,0.16914,-0.13177,-0.07309,0.016416,-0.025728,0.16186,-0.12078,-0.04711,0.031455,-0.25087,0.11626,0.018734,-0.086102,-0.010348,0.069868,-0.0010298,-0.15602,-0.22126,-0.0058999,-0.17695,-0.051134,-0.037115,0.12484,-0.13808,0.14392,0.0014371,0.34671,-0.21577,0.24634,0.17996,-0.26465,-0.088643,-0.053569,-0.036695,-0.076146,0.053475,-0.010269,-0.054628,-0.049553,-0.12413,-0.068216,-0.016073,0.18988,0.014948,0.28916,0.20128,0.022264,-0.17146,0.00054281,-0.0043173,0.089593,0.072067,-0.05015
-0.052523,0.26627,0.14504,-0.053784,-0.15479,0.094275,0.31681,-0.0041344,0.079266,-0.064713,-0.15615,0.25686,0.16295,0.0075972,0.079686,-0.14624,0.056366,0.10459,0.19844,0.059708,-0.060554,0.062705,-0.05604,0.11151,-0.011366,0.015551,-0.084973,0.05468,-0.069895,0.010198,0.028534,0.25052,0.018476,-0.058777,-0.0080412,0.037073,-0.23602,-0.29881,-0.012362,-0.067,0.079264,0.14497,-0.18591,0.14714,0.19493,0.14198,-0.044375,0.076526,0.14493,0.081345,-0.0034545,-0.067007,-0.31465,-0.028582,-0.019137,-0.042953,0.028072,-0.096778,-0.038336,0.066938
0.0193,-0.010145,0.18377,-0.055594,-0.23046,-0.12971,0.17924,-0.065866,0.052615,-0.019358,-0.019282,-0.087122,0.05439,-0.020089,0.095237,-0.063254,-0.089413,0.10698,-0.13413,0.17308,0.018185,0.061958,0.12951,-0.14823,-0.12662,-0.0050155,0.033845,0.046706,0.0092934,0.0667,0.35004,-0.13112,-0.052882,0.047506,-0.10749,-0.060051,0.079154,0.03784,-0.029689,0.14855,-0.20951,0.053493,0.2691,0.12679,-0.13442,-0.016017,-0.117,0.18177,0.32075,-0.0043553,0.012425,-0.052047,-0.035837,0.0048981,0.13028,0.31233,0.073713,0.022912,-0.064809,-0.26808
0.082892,-0.14865,0.047856,-0.10905,0.074185,-0.15331,-0.0097479,-0.14705,-0.039385,-0.26519,-0.085479,0.085244,0.033545,0.12639,-0.20732,0.16885,0.17976,0.037904,-0.11968,-0.0066357,0.042205,-0.18464,-0.0080759,-0.057868,-0.10035,0.17806,-0.039233,-0.027854,-0.14566,0.12148,-0.096951,0.19698,-0.12426,-0.057255,0.10183,-0.062207,0.26979,-0.18307,0.15078,0.21069,0.25547,-0.094236,-0.09144,0.3142,-0.072401,-0.0050446,0.061774,0.074959,0.013045,-0.13775,0.20703,0.12129,0.012119,0.053313,0.14801,0.026035,0.060454,-0.040482,-0.073907,-0.0070074
-0.21075,0.09475,-0.084959,-0.039035,0.010941,0.1604,0.062482,0.076586,-0.12414,0.14347,-0.25187,-0.10226,0.099452,0.2007,0.039118,-0.19269,-0.020468,-0.1537,0.18259,0.060593,-0.088842,-0.043932,-0.021734,-0.035144,-0.083673,-0.038241,-0.17654,-0.040674,-0.014663,-0.01121,-0.26234,0.10993,0.10657,-0.15118,-0.040062,-0.15351,0.20421,0.21479,0.22046,-0.033697,0.058186,0.079283,0.34832,-0.015691,-0.12601,0.12888,0.087845,0.04263,0.23854,-0.10566,0.094538,0.055156,0.083694,-0.05131,-0.060265,-0.13509,-0.076301,-0.038465,-0.12663,-0.057433
0.15384,-0.030112,0.11516,-0.0092509,-0.075273,0.079203,-0.18158,-0.13923,-0.042649,0.21001,0.084751,0.035941,-0.050805,0.28281,-0.017493,-0.18039,0.042182,0.026451,0.014055,0.081347,-0.0086754,-0.14975,0.041856,-0.010533,-0.070094,-0.075144,-0.060393,-0.056392,-0.06911,-0.027927,0.049531,-0.069212,-0.11526,0.12842,-0.028688,-0.037757,0.0047207,-0.061166,-0.13317,0.35678,-0.18767,0.021876,-0.16649,-0.17052,0.065759,0.31785,0.12302,0.036931,-0.042416,0.083894,0.18769,0.21516,-0.064007,-0.13366,-0.29168,-0.033938,0.07561,0.1543,-0.19616,0.049225
-0.2308,-0.23449,0.21869,0.060032,-0.046542,-0.20717,0.14074,-0.094339,-0.047949,-0.11316,0.033465,-0.1122,0.078311,0.00033628,0.07112,0.091988,-0.19394,-0.097604,-0.00071135,0.024121,-0.011574,0.23617,-0.17779,-0.011053,-0.095817,-0.026543,0.10821,0.089219,-0.12308,-0.14937,0.028348,0.040399,0.024217,-0.060768,-0.084701,-0.10096,-0.05556,0.040756,0.21934,0.17245,0.094408,0.096047,0.11809,0.0091075,0.18184,0.11266,0.01366,0.19165,-0.24133,0.24359,-0.019436,0.04404,0.087482,0.17815,-0.086922,-0.11079,-0.066953,0.25196,0.043984,0.21248
-0.15809,0.10187,0.013987,0.15352,-0.065305,-0.18089,0.12712,0.01095,-0.091232,0.1605,-0.071241,-0.0041228,0.0051292,0.043808,-0.27218,-0.054543,-0.023822,0.15009,-0.11875,-0.052397,0.22283,-0.030283,0.082179,0.27183,-0.052325,-0.10486,0.12797,-0.12254,0.018721,0.15195,-0.023765,-0.15361,0.10335,0.0034008,-0.0072947,-0.077295,0.02761,-0.22442,-0.095147,-0.1725,-0.039947,-0.069504,0.13902,0.043502,0.064806,0.40872,0.20512,-0.021269,-0.16229,-0.1505,0.039872,-0.09431,0.095016,-0.052117,0.21488,0.0014148,-0.055783,0.099759,0.15901,-0.041556
-0.070387,0.18562,0.22254,-0.11448,0.22793,-0.027738,0.010082,-0.17537,-0.25552,0.014108,0.1453,-0.032251,0.034903,-0.092138,-0.14055,-0.063337,0.038354,0.12603,-0.021761,-0.026174,0.06019,0.076473,-0.16186,-0.10154,0.11737,-0.16521,0.036826,-0.035138,-0.054049,0.3352,0.012362,0.088611,0.0039519,0.016338,0.067802,0.068355,-0.15166,0.20388,0.14886,-0.022793,-0.032601,-0.081628,-0.12902,-0.16454,-0.302,0.033099,-0.14648,0.31494,-0.045145,0.0095237,-0.022316,0.00896,-0.057929,-0.21053,0.10151,-0.041353,-0.16043,-0.048912,-0.084484,0.054581
-0.036739,-0.13762,0.019335,0.088717,0.22079,-0.095446,0.045398,-0.056112,0.034831,0.082256,0.31165,0.1038,-0.039107,-0.062558,-0.1809,0.078009,0.047343,-0.094435,0.048891,0.14309,0.099548,0.1342,0.23726,0.11508,-0.25387,-0.073054,-0.13735,-0.058023,0.06655,-0.024085,-0.056839,-0.021295,-0.055547,-0.10107,0.14222,-0.08641,-0.088422,-0.21823,0.0066301,-0.1668,0.034333,0.18916,0.22312,-0.04143,-0.044258,-0.2492,-0.13259,0.013216,0.11466,-0.044809,0.049378,0.062995,-0.16781,-0.22097,-0.093511,-0.14691,0.16224,0.21098,-0.14271,0.037716
-0.03137,-0.032859,0.15183,0.25673,-0.12026,-0.1453,0.0052275,0.12006,-0.12876,-0.024617,0.32229,-0.25708,0.02971,0.14526,-0.09968,0.066062,0.11802,-0.16753,0.16083,-0.062944,-0.25543,-0.16854,-0.077675,0.05903,0.068901,0.11484,-0.037384,-0.17163,-0.051889,0.10558,0.20363,0.082915,-0.045041,-0.075306,-0.20045,0.045983,-0.086944,0.052655,0.065162,-0.147,-0.10565,0.010575,-0.030909,0.090421,-0.11215,0.079949,-0.066273,-0.21212,0.13365,-0.087384,0.079337,0.16343,-0.20042,0.149,-0.025164,-0.032185,-0.013463,-0.049113,0.21686,0.049667
0.16645,0.10484,0.057006,-0.038648,0.04634,-0.19747,0.013228,-0.093463,-0.16783,0.1643,0.20092,0.098472,0.25935,-0.21247,0.10651,-0.070488,-0.14093,0.096035,-0.16152,0.028713,-0.13249,-0.24634,0.09741,0.014388,0.36933,0.036564,-0.095396,0.0062709,0.036569,-0.063764,-0.10498,-0.060347,0.01381,-0.30978,-0.078573,-0.13397,0.14519,-0.15263,-0.045507,0.056155,0.022283,0.27835,-0.015436,-0.004166,-0.068184,-0.073873,0.13287,-0.051485,0.047375,0.18269,-0.0081439,-0.043761,0.11601,0.093604,0.043396,-0.06595,-0.12456,0.013169,-0.032719,0.018815
0.024972,-0.007921,0.090967,0.24438,-0.10754,0.087864,0.042123,-0.059553,0.07306,-0.11937,0.15426,0.096202,-0.15893,0.096335,0.061389,-0.067029,-0.22505,-0.058032,0.10069,-0.14959,0.14816,0.076407,0.10384,0.01234,0.19092,0.097632,-0.27367,0.076438,-0.24165,0.053116,-0.054351,-0.00049352,0.012069,0.038883,0.14509,-0.14047,-0.005625,0.13507,-0.13727,-0.24493,0.12564,-0.21814,-0.0018958,0.12884,-0.15798,-0.034771,0.32082,0.10708,-0.0049155,0.2268,-0.015212,0.094723,-0.068034,0.019369,-0.0087345,0.16593,-0.050432,0.11741,-0.10416,-0.12077
-0.10855,0.18895,0.27577,-0.26676,-0.063523,-0.15446,-0.082787,-0.022535,-0.020539,0.014277,0.096825,0.1482,-0.12782,0.17644,0.055274,-0.015925,0.037215,0.044953,0.19723,0.27965,0.10216,-0.16326,0.081847,-0.062233,0.0652,0.018896,0.12151,-0.18662,-0.060633,-0.12616,-0.15182,0.0387,0.11057,0.078939,-0.16945,0.02762,0.055278,-0.011397,0.048087,0.014202,0.22427,-0.2394,0.11913,-0.23846,0.026867,-0.20276,0.0072407,-0.10492,-0.065779,-0.012065,-0.058559,-0.16322,-0.12721,0.084936,-0.014612,0.1068,0.060519,0.15416,0.17808,-0.083052
0.24253,0.18577,0.015672,0.0067694,-0.050671,-0.15275,-0.1207,0.055037,-0.018916,0.071992,0.032363,0.095277,-0.12723,-0.11677,0.1413,0.0094827,0.26947,-0.12525,0.059493,-0.11484,-0.16517,0.24478,0.045394,0.14084,-0.11679,0.0962,-0.1266,-0.060357,0.039297,-0.20198,0.14343,0.090201,-0.06171,-0.12608,-0.093029,0.058629,-0.01434,0.0016674,-0.14847,0.037126,0.20972,-0.09405,0.19751,-0.056205,-0.047983,0.13921,-0.11969,0.22917,-0.24387,-0.0065402,0.20594,0.01434,0.084701,-0.010938,0.077446,-0.059496,-0.22667,-0.077566,-0.039525,-0.22962
0.038931,0.013187,-0.075445,0.058089,0.10131,0.20056,0.05758,-0.17904,-0.17607,0.2187,0.1869,0.014867,0.058912,-0.11809,0.024547,0.0089151,0.10007,-0.002365,-0.070097,0.18588,0.073186,-0.096017,-0.11152,-0.064964,-0.13124,0.13818,-0.24246,0.23012,-0.25701,-0.11095,-0.02435,0.092264,0.018057,-0.085866,-0.0017823,0.014148,-0.079674,-0.055314,0.1071,-0.16643,-0.15292,-0.1169,0.011401,-0.052511,0.12421,0.096455,-0.071588,0.11843,-0.11153,-0.25688,-0.007836,-0.10726,0.16009,0.25781,-0.10146,0.29869,0.15785,-0.024779,0.08734,-0.00028657
0.0015442,0.22891,-0.10316,0.05501,0.12568,-0.14978,0.049599,0.17717,0.34058,-0.14956,0.026133,0.034933,-0.18567,-0.01792,-0.0075439,-0.2609,0.013709,0.084644,-0.18465,0.060411,-0.050443,-0.20224,-0.18904,0.12979,-0.04214,-0.10876,-0.090629,-0.19721,0.055492,-0.025794,0.22132,0.1238,-0.1304,0.008444,0.086072,-0.028209,0.036346,0.013353,0.34335,-0.10355,-0.1235,-0.018654,0.0051066,-0.061747,-0.061788,-0.028493,0.072564,0.006361,-0.095585,0.075134,-0.0029091,-0.07874,0.097373,0.21805,-0.066537,-0.024583,0.077048,0.13418,-0.23867,0.0079677
-0.033255,-0.019613,0.13559,0.031335,0.04237,-0.061211,0.020906,-0.22067,0.10323,0.11454,-0.24528,-0.020331,-0.097759,-0.1301,0.11976,0.05606,-0.074181,0.074016,0.16784,-0.057714,-0.31242,-0.044943,0.16358,0.0024961,-0.065454,-0.2322,0.055523,0.046393,-0.0034538,-0.017768,-0.13106,0.12756,-0.099628,-0.029681,0.17803,0.054374,0.09865,0.066902,-0.089847,-0.1089,-0.15476,0.046909,-0.021623,0.011011,-0.2949,0.034658,-0.0013835,-0.0099411,-0.19042,0.099478,0.26016,-0.040398,-0.041029,0.10175,0.067515,0.02323,0.37331,0.00062524,0.24284,0.067197
-0.039226,-0.033644,0.067781,-0.0051038,0.024232,-0.066336,0.14405,0.061998,-0.14095,0.25567,0.061341,-0.05325,-0.14916,-0.045079,0.15899,0.12898,-0.25291,-0.22029,-0.048013,-0.096133,0.10689,-0.15395,-0.22875,0.31102,-0.0027731,-0.0046388,-0.017933,0.13022,-0.039545,0.088915,0.023744,0.22487,0.093119,0.28504,0.077774,0.09736,-0.034022,-0.010683,-0.040867,0.2477,0.064786,0.13948,0.025371,-0.064875,0.0096727,-0.13179,0.071016,-0.10133,-0.028917,-0.1109,0.090961,-0.083146,-0.10165,0.035419,0.15271,-0.071195,0.11166,-0.11505,-0.19091,-0.23978
0.16651,0.13461,-0.025282,-0.0013596,0.14869,0.15831,-0.042939,-0.0080564,-0.11259,-0.092579,0.082298,-0.17452,-0.01948,0.085661,0.0075621,-0.05548,-0.014467,-0.052908,0.15836,0.39512,-0.11781,0.0064065,-0.19601,0.14177,-0.12655,-0.0046517,0.16412,0.13408,0.050519,-0.032603,-0.087107,-0.089067,-0.15296,0.04038,0.089376,-0.0042113,-0.05282,-0.15427,-0.20857,0.10617,-0.021444,-0.085987,0.12047,0.32281,-0.28566,0.049121,0.09338,-0.020215,-0.066013,0.082018,-0.31689,-0.088116,0.0012502,0.105,0.086131,-0.1326,-0.066337,0.061106,-0.023314,0.016759
0.13652,-0.10446,0.11172,-0.027388,0.08309,-0.20551,0.10108,-0.11563,0.0065887,0.2189,-0.019331,-0.010925,-0.20161,0.33867,0.14767,-0.093725,0.20203,0.023642,-0.020961,-0.029995,0.071988,0.30542,-0.1474,-0.19509,0.075588,-0.14064,-0.036171,0.0037282,-0.030551,-0.033805,-0.11696,0.070312,0.042541,0.040314,0.064193,0.10004,-0.07371,-0.16345,0.090834,-0.12305,-0.16618,0.075841,-0.052554,0.18778,0.0026274,-0.10131,-0.0057087,-0.31522,0.099323,0.068158,0.093844,-0.066631,0.24426,-0.0066884,0.061817,0.069465,-0.22553,-0.0060494,-0.017219,-0.012582
0.012498,-0.22507,-0.22007,0.078561,-0.1071,-0.10374,-0.0045313,0.075507,-0.033879,-0.0015552,-0.0082789,0.23282,-0.00066026,0.1466,0.025973,0.055873,-0.19868,0.03039,0.086442,0.36016,-0.14767,0.093518,-0.15333,0.13645,0.063564,-0.25743,0.061134,-0.031371,-0.0062471,0.11952,0.098087,0.022525,0.10232,-0.21747,-0.1171,0.22381,0.17474,-0.017954,-0.0030608,-0.099683,0.086951,0.079867,-0.1166,-0.0064787,-0.083207,-0.0706,0.067038,0.1077,-0.18799,-0.15383,-0.020844,0.14263,-0.0050768,-0.15673,-0.12308,0.27996,-0.049952,-0.11411,-0.064523,-0.025325
-0.08354,0.12378,-0.014944,0.010925,-0.11964,0.25066,0.062358,-0.10439,-0.16984,0.053564,-0.065298,0.035241,0.017417,0.027259,-0.052804,-0.18048,-0.088972,-0.15304,-0.034423,-0.062864,0.059901,-0.035632,-0.011964,0.21533,-0.083451,-0.062263,0.15192,0.030478,0.070344,-0.0085247,0.19593,-0.11506,-0.25292,0.037412,0.077554,-0.1365,0.015391,-0.077965,0.059638,-0.0002801,0.20427,0.0091713,-0.15227,0.029976,-0.10711,-0.32278,-0.11148,-0.021604,0.056046,-0.013093,0.33854,-0.048801,0.15279,0.04624,-0.18509,0.1305,-0.25158,0.11987,0.24132,0.071766
-0.0033644,0.14667,-0.046662,-0.043632,-0.21827,-0.0269,0.090717,0.18981,-0.10244,-0.28482,0.08166,0.034201,-0.1133,0.067035,-0.0098743,-0.077323,0.29561,-0.17394,-0.084082,-0.052247,-0.012872,-0.14968,0.10313,0.09059,-0.18286,-0.045475,-0.041214,0.17525,-0.26358,0.022151,-0.14187,-0.14325,0.32319,-0.055578,0.11898,0.12728,-0.0018388,0.050297,-0.013253,0.13252,-0.17207,0.29241,-0.027946,-0.078465,-0.11331,-0.11326,0.0024126,0.040346,-0.10708,0.13782,-0.022885,0.0010585,0.087222,-0.11455,0.10938,0.10735,0.0023479,0.062209,0.10625,0.1168
-0.16639,-0.02349,-0.15571,0.041803,-0.0081929,-0.27998,-0.14285,-0.014552,0.018368,0.044389,-0.020134,-0.29854,-0.085276,0.049115,-0.09663,-0.23489,-0.046431,-0.0020899,0.11544,0.042448,0.16056,0.080864,0.0026809,0.018127,0.12302,0.30965,-0.0433,0.11338,0.076029,-0.14608,0.09108,0.1664,0.10658,0.028302,0.23134,-0.038828,0.23765,-0.25082,-0.037568,0.047941,-0.030391,0.024579,-0.071688,-0.13268,-0.13901,0.037515,-0.12212,0.15419,0.020167,0.12317,-0.058602,-0.12785,-0.098493,-0.089424,-0.15115,0.084788,0.00068973,-0.24649,0.1199,0.098335
-0.11212,-0.056192,0.13411,0.0034455,-0.2461,-0.11891,-0.055909,-0.19327,0.066089,-0.07168,0.03732,0.18892,-0.0309,-0.055797,-0.04709,0.049257,0.072827,-0.0057251,0.14076,0.1885,0.1022,-0.15142,0.092415,0.033266,-0.14647,0.0036557,-0.0050348,0.14782,0.20373,0.19611,0.084931,0.24217,0.094739,0.021818,0.10376,-0.14966,-0.0092464,0.17073,-0.18533,-0.10822,-0.084847,0.033892,-0.11281,-0.033412,0.024417,0.0093674,-0.069076,-0.064656,0.036402,-0.015884,-0.14711,0.098196,0.39592,0.15637,-0.13022,-0.273,-0.13331,-0.11774,-0.032689,-0.12219
-0.10172,-0.052946,-0.13409,-0.14006,-0.024047,0.018617,-0.12683,0.17044,-0.070886,0.14637,0.13683,0.091512,0.11205,-0.017269,-0.13092,-0.038959,0.017378,0.08242,0.11774,-0.075851,-0.0018813,0.0011744,-0.11391,0.0096753,0.044437,-0.004592,0.089745,-0.25325,-0.070949,-0.091172,-0.038251,0.074421,0.233,0.091425,0.024022,-0.25322,0.019778,0.1944,-0.1609,-0.019984,-0.060492,0.087356,-0.11002,0.44006,0.001848,0.014074,-0.33418,0.04247,-0.13224,0.12335,0.1113,-0.16256,0.01864,0.037534,-0.033989,0.10987,0.11979,0.16414,-0.15003,-0.10473
0.14408,-0.081757,0.013037,0.21514,-0.085251,-0.033152,0.028454,0.0094551,0.03329,0.15086,-0.11814,-0.24013,-0.014152,-0.0068363,0.051913,-0.064708,0.14757,0.12827,0.13654,-0.12101,0.076797,-0.11669,-0.1447,-0.026012,-0.14957,-0.0054492,-0.067704,-0.026202,0.020301,0.32697,-0.044297,-0.049343,-0.071159,-0.24024,-0.059668,0.034929,-0.05216,0.0096447,-0.062369,0.068256,0.43888,0.058716,-0.060767,-0.11987,-0.00083593,0.0074065,-0.15479,-0.067383,0.036066,0.18102,-0.2097,-0.16697,0.15114,-0.046949,-0.044309,0.14716,0.2262,0.16742,-0.071027,-0.041858
-0.084458,0.23706,-0.01586,0.18054,-0.27321,0.00095874,-0.014847,-0.16556,0.12391,-0.020928,0.07167,-0.091307,0.01888,-0.045804,0.008807,0.12296,-0.045284,-0.091228,-0.080629,0.020835,0.20874,0.019769,-0.090922,-0.090356,0.0038976,0.0085279,-0.071609,0.019121,0.42404,-0.23548,-0.26552,0.097376,0.013642,-0.081433,-0.082284,0.18673,0.021383,0.075508,-0.020508,0.066569,-0.018426,0.037379,-0.17479,0.068809,-0.16201,0.067964,-0.067879,-0.014811,-0.0052922,-0.20485,0.06371,0.05383,-0.096916,0.0062783,0.14624,0.13908,-0.046927,0.27481,-0.16782,0.13756
0.066892,-0.087963,0.18288,-0.089088,0.12342,0.069055,-0.01046,-0.08084,0.1731,0.077901,-0.19923,-0.07108,0.12997,-0.013619,-0.06737,0.15071,0.032021,-0.067358,-0.0040154,0.1507,0.10305,-0.060238,0.039044,0.2416,-0.02903,0.071708,-0.2538,-0.044016,-0.252,-0.16912,0.21656,-0.025172,-0.025018,0.20255,-0.21839,0.12243,0.25879,0.15807,-0.051653,-0.20793,0.042427,0.15272,-0.14747,-0.016065,-0.12442,0.072794,-0.074876,-0.08369,0.013717,0.062332,-0.095304,-0.15236,0.044356,-0.15255,0.13421,-0.047942,-0.15948,0.098541,-0.039487,0.19721
-0.14725,0.082925,0.035968,0.10867,0.13928,-0.055342,-0.15643,-0.037704,-0.0043874,0.077974,-0.17922,0.21756,0.093807,0.011726,-0.071158,0.080044,0.0088027,0.017547,0.17968,-0.16,0.0518,-0.13,-0.20044,-0.14384,-0.047341,0.10746,0.097005,0.28857,-0.0361,-0.18017,0.30324,-0.24784,0.26211,-0.17392,-0.046416,0.14871,-0.05575,-0.1439,0.11972,-0.021004,-0.047216,-0.1045,-0.044854,0.045472,-0.21185,-0.052898,0.058015,-0.074591,0.036438,0.044159,0.047896,0.083194,0.0063368,-0.058105,-0.025671,-0.16784,0.090209,0.16222,-0.075761,-0.22608
-0.22603,-0.19093,-0.032984,0.024502,0.012863,0.12442,0.14587,-0.035948,-0.12457,-0.18084,0.075068,0.081573,0.019239,0.014487,0.22149,-0.12444,0.25748,-0.20581,-0.034783,0.015043,0.01664,-0.10877,0.089961,-0.012697,0.339,0.076633,0.098883,0.11783,0.17824,0.052927,-0.015494,0.027963,-0.22912,0.17645,-0.19162,0.097413,0.090137,-0.1347,0.085518,-0.15329,-0.014417,0.0092394,0.071384,0.039495,-0.051049,0.15891,-0.1161,0.010423,-0.18563,0.096975,0.0081144,-0.078659,0.11793,-0.23118,-0.022934,-0.038194,0.19035,0.091291,-0.085707,-0.17245
0.037542,-0.044002,-0.064945,0.12529,-0.056002,-0.035125,0.050774,-0.17761,0.22562,0.12838,0.083049,-0.15718,0.11998,0.023242,-0.07039,-0.10762,-0.0027662,0.082884,-0.15695,-0.0032273,-0.20011,-0.023832,0.32548,0.25876,-0.050404,0.064626,0.31178,0.12174,-0.16279,-0.030687,-0.23521,0.030218,0.20124,0.073278,-0.15106,0.19238,-0.13201,0.031711,0.19945,0.0077406,0.072417,-0.2317,-0.064295,0.079783,-0.074554,-0.055792,-0.092548,0.034942,0.064402,0.059217,0.026443,-0.048578,0.023925,0.01581,-0.15399,-0.050699,-0.099503,-0.092831,-0.2109,-0.087539
0.04099,0.1079,0.013591,-0.012783,-0.056456,-0.10364,-0.051045,0.23176,0.28216,0.035034,-0.086515,-0.13229,0.12984,0.016653,0.12566,0.054538,-0.0063579,-0.1269,0.0040547,0.1663,0.0010719,0.061565,0.03759,-0.21692,0.18757,0.034286,-0.0096074,0.21804,-0.17681,0.34185,-0.020185,-0.13929,0.049825,0.09052,-0.025538,-0.23297,-0.080412,-0.15653,-0.10643,-0.049402,0.045417,0.021309,-0.0027665,-0.051531,-0.11155,-0.039745,-0.10639,0.011584,-0.20572,-0.30498,0.24935,-0.072568,-0.027067,0.092443,-0.074114,-0.13605,-0.048311,0.11074,-0.12521,0.13794
-0.14243,0.065059,-0.045456,0.052913,0.067569,0.10622,-0.027324,0.069701,-0.14477,0.012618,0.042008,0.083955,-0.27666,0.057425,0.067909,0.06533,-0.13586,0.1397,0.099232,0.056512,0.013591,0.23717,0.2527,-0.064468,-0.17235,0.33615,0.087613,-0.10534,-0.053507,0.11041,-0.06238,-0.16412,-0.143,-0.050731,-0.13781,0.000279,0.061892,0.0013316,0.18695,0.0073411,-0.027555,0.3219,-0.32526,-0.079615,-0.10645,0.10076,0.017998,-0.029996,-0.053728,-0.015351,-0.0069719,-0.10112,-0.011173,0.24204,0.10572,-0.069992,-0.019381,-0.04985,-0.11811,-0.15046
-0.079532,0.057822,0.19878,0.23096,-0.20926,0.077997,0.069545,0.081545,-0.13649,0.17852,-0.17096,-0.11051,0.13935,-0.12867,0.14317,0.079447,0.17005,0.032937,-0.09139,0.14052,-0.12091,0.06238,0.046923,-0.0478,0.078472,0.10375,0.047319,-0.3335,-0.12384,-0.11946,0.039015,-0.029332,0.008878,0.083324,0.41772,-0.0065751,0.092936,-0.088459,0.11138,0.0071675,-0.022035,-0.061564,-0.10362,0.0039334,0.023516,-0.17507,0.019717,0.0063646,-0.14015,-0.10936,-0.23799,0.22551,0.051327,-0.10844,-0.013622,-0.058871,0.011851,0.067133,-0.085065,-0.10849
0.07091,0.13258,0.076269,0.11134,0.098004,0.092118,0.092112,0.016369,-0.1673,0.045258,-0.098296,-0.033073,-0.20826,-0.054797,0.1278,0.0027064,0.0021077,-0.12589,-0.044653,-0.014984,0.21682,-0.021034,0.18379,-0.067145,-0.060533,-0.047884,0.18679,-0.1042,0.013185,-0.02341,0.1973,0.16279,0.19555,-0.15325,-0.31833,-0.21162,0.02575,-0.067625,-0.064822,0.0091859,-0.035021,-0.15517,0.013998,0.12818,-0.056821,-0.1133,0.03209,-0.049,-0.092883,0.060594,-0.029513,0.1114,0.070245,-0.053651,-0.0013457,0.027559,0.17636,-0.24384,-0.21631,0.39606
-0.22182,0.099925,-0.16063,0.016667,0.051318,-0.076304,-0.043546,0.075736,0.19731,0.31783,0.034728,0.10064,-0.065763,-0.060613,-0.053761,0.0051313,0.20664,-0.14993,-0.13135,-0.046188,-0.040112,0.028966,-0.068323,-0.081825,-0.046583,-0.10713,0.23707,0.19806,-0.21461,0.0049476,-0.063758,0.21709,-0.26754,-0.010431,-0.17687,-0.20706,0.14621,0.0091255,-0.11095,0.00093178,0.0013262,0.043381,-0.1155,-0.042333,0.0040676,-0.038263,0.07248,0.074104,0.11947,0.082135,-0.24843,0.24412,-0.12683,-0.0072149,0.13645,0.082955,-0.076837,0.10732,0.12058,-0.083232
0.14607,-0.017113,-0.046584,-0.040523,-0.27136,-0.01019,-0.030485,-0.08733,-0.092314,0.12578,0.083835,0.063105,-0.11042,-0.040159,0.044047,0.0098662,0.10602,0.21887,0.047745,-0.052618,-0.17626,0.090673,-0.14265,0.13674,-0.080489,-0.015297,-0.19864,0.24468,0.21289,0.078281,-0.027317,-0.19782,0.1128,0.24658,-0.13993,-0.33143,0.22807,-0.023632,0.33708,-0.073188,0.0010257,-0.12628,-0.031473,0.036008,0.017551,-0.09341,-0.020524,-0.014091,-0.078854,0.034198,-0.0816,0.046491,-0.17263,-0.075658,0.11692,-0.097998,0.072802,-0.02316,0.027056,0.13116
-0.3475,0.016401,-0.040416,-0.13298,-0.056347,0.029781,0.0087394,-0.15687,0.029607,0.042824,0.093143,0.11033,0.010998,0.036129,0.034724,0.020091,0.068467,0.16359,-0.089158,-0.059393,-0.29741,0.049759,-0.20399,0.043755,-0.074285,0.36061,0.071929,-0.045157,-0.013986,0.11224,0.054118,-0.059951,-0.033774,0.013647,0.085093,0.088681,-0.0097148,0.0050145,-0.28313,-0.071263,0.038156,-0.035915,0.24135,-0.14164,-0.021681,-0.051962,0.087039,-0.17372,0.024852,0.047569,0.099036,0.02935,0.076158,-0.012502,0.079814,0.15404,-0.01171,-0.024465,-0.28146,0.33393
