-0.18249,-0.00050161,-0.026245,-0.00047065,-0.00085037,-0.13613,0.97338
0.71269,-0.0012652,-0.14048,-0.0011871,-0.0021449,-0.68643,0.033824
0.0033,-0.00050823,0.98035,-0.00047686,-0.00086158,-0.19723,-0.00053359
-0.16265,0.44491,-0.032347,0.41745,0.75425,-0.16881,-0.053884
0.65743,0.11543,0.13206,0.11538,0.18015,0.66543,0.22015
-0.0095119,0.32132,-0.0019107,0.7328,-0.59964,-0.0096277,-0.0031852
0.00041948,0.82794,8.426e-05,-0.52481,-0.19771,0.00042459,0.00014047
