-0.013127,0.0043101,0.0068945,-0.0098804,0.98438,-0.0043808,-0.0037533,-0.0060877,-0.17134,0.0076416,-0.0055704,-0.0043559,-0.0013229,-0.0013229,-0.0014626,-0.002199,-0.015472,-0.00028962,0.0076416,0.0076416,-0.02529,-0.0073366,-0.00026131,-0.0016425,0.0062833,-0.0010226,-0.0016425,-0.00029115,-0.003276,-0.00035251,-0.0026755
0.014833,-0.0032001,-0.0051189,0.003631,0.11852,0.012811,0.010976,-0.0080353,0.76594,-0.0056736,0.016018,0.018838,-0.0042256,-0.0042256,-0.00087204,0.002614,0.05262,-0.0087363,-0.0056736,-0.0056736,-0.62779,-0.018105,-0.0078822,-0.0016992,-0.013722,-0.0032664,-0.0016992,-0.0087824,-0.015113,-0.0049609,-0.0053456
0.70474,0.021038,0.033653,0.27043,-0.022184,0.18677,0.16002,0.14449,-0.20843,0.037299,-0.0014597,-0.0062045,0.043451,0.043451,0.0036899,-0.0033645,0.30903,0.0030479,0.037299,0.037299,-0.22926,0.22606,0.0027499,0.044161,0.16686,0.033588,0.044161,0.003064,0.22606,0.076815,0.079047
0.4534,-0.065662,-0.10503,-0.039404,0.025888,0.21212,0.18174,-0.35303,0.10367,-0.11641,-0.085348,-0.020597,-0.16063,-0.16063,-0.05953,-0.00197,-0.0063319,-0.0067819,-0.11641,-0.11641,0.18364,-0.36739,-0.0061189,-0.15223,-0.13267,-0.12417,-0.15223,-0.0068176,-0.36301,-0.015935,-0.28228
-0.016839,0.23495,0.37582,-0.1151,-0.023724,0.0016942,0.0014516,-0.1663,-0.01906,0.41655,-0.028863,0.0035666,-0.047028,-0.047028,-0.028605,-0.0033165,0.089035,-0.010473,0.41655,0.41655,-0.031607,-0.18946,-0.0094489,-0.066916,0.37609,-0.036353,-0.066916,-0.010528,-0.1655,0.00015217,-0.1028
-0.042309,-0.0089594,-0.014332,-0.14908,-0.0028758,0.10207,0.08745,-0.19749,-0.043154,-0.015884,-0.031057,0.035017,0.40152,0.40152,-0.055862,-0.00020717,0.38231,-0.019509,-0.015884,-0.015884,-0.0090638,-0.22697,-0.017602,0.065087,-0.13778,0.31037,0.065087,-0.019612,-0.28868,-0.071187,0.42099
-0.0050313,-0.0061695,-0.0098688,-0.082727,-0.0067293,0.02839,0.024323,0.24656,-0.075153,-0.010938,0.67316,0.45149,0.049674,0.049674,0.23701,-0.010244,0.10618,-0.0084415,-0.010938,-0.010938,-0.049084,0.031543,-0.0076162,-0.2419,-0.027421,0.038398,-0.2419,-0.008486,-0.20551,-0.010122,-0.17343
-0.024657,0.0026151,0.0041832,-0.01362,5.2658e-05,0.054392,0.046601,-0.30156,-0.02172,0.0046365,0.32394,0.35626,-0.24175,-0.24175,0.0022324,-0.011399,0.10314,-0.018123,0.0046365,0.0046365,0.0093164,-0.18669,-0.016352,0.44854,-0.048289,-0.18687,0.44854,-0.018219,0.17843,-0.030259,0.18658
-0.29812,0.047634,0.076196,0.18412,-0.015643,0.50275,0.43074,0.16531,-0.084725,0.084452,-0.025323,-0.16171,-0.084175,-0.084175,0.10752,0.14773,0.0045873,0.20672,0.084452,0.084452,-0.10208,0.081898,0.18651,0.048004,-0.29865,-0.065068,0.048004,0.20781,-0.12921,-0.21616,-0.032635
0.023603,-0.0081816,-0.013087,0.36703,-0.010481,-0.33285,-0.28517,-0.21627,-0.065282,-0.014505,-0.0058812,0.1603,0.0057783,0.0057783,-0.1342,0.30196,0.097677,0.39284,-0.014505,-0.014505,-0.084648,0.021751,0.35444,-0.030551,-0.0065728,0.0044666,-0.030551,0.39491,-0.17349,0.0037567,-0.022351
0.21288,0.020003,0.031997,0.11222,-0.00033861,-0.22813,-0.19545,0.10537,0.0043704,0.035464,0.20174,-0.4708,-0.030667,-0.030667,0.55863,-0.047553,-0.12712,-0.018735,0.035464,0.035464,-0.0081054,-0.079555,-0.016904,0.18928,-0.081909,-0.023705,0.18928,-0.018834,-0.36012,-0.065685,0.14311
-0.13217,0.024523,0.039227,0.35551,0.0054899,-0.19419,-0.16638,0.17532,-0.017484,0.043478,-0.14593,0.028899,-0.13868,-0.13868,-0.15336,-0.11823,0.53413,-0.23809,0.043478,0.043478,0.034812,-0.007847,-0.21481,-0.025127,-0.33455,-0.1072,-0.025127,-0.23934,-0.11876,-0.21554,-0.1478
-0.1285,-0.057004,-0.091185,-0.38588,-0.0031903,-0.030766,-0.026359,0.13111,-0.038424,-0.10107,-0.017692,-0.28126,-0.11983,-0.11983,0.21049,0.35128,0.55671,0.084723,-0.10107,-0.10107,-0.016936,-0.20508,0.07644,-0.020509,0.1886,-0.092631,-0.020509,0.085169,0.19133,0.16134,-0.12662
0.23769,0.064148,0.10261,-0.11203,0.0040091,-0.11196,-0.095926,0.18053,0.031067,0.11373,0.026013,0.02083,0.084935,0.084935,0.0064372,0.11513,-0.14712,0.077689,0.11373,0.11373,0.031626,-0.45729,0.070094,-0.08687,-0.43119,0.065655,-0.08687,0.078098,0.49444,-0.30782,-0.0017464
0.061054,0.015848,0.02535,0.01423,-0.0018298,0.0071378,0.0061154,-0.084851,-0.011353,0.028097,0.016294,0.052319,0.021037,0.021037,-0.027561,0.84544,-0.17016,-0.2604,0.028097,0.028097,-0.012721,0.17189,-0.23494,0.01594,-0.063902,0.016261,0.01594,-0.26177,-0.084583,-0.051469,0.033361
0.023096,-0.024639,-0.039413,0.10032,-0.0049041,0.026136,0.022392,0.63256,-0.018566,-0.043683,-0.13771,0.17917,-0.030412,-0.030412,-0.26693,0.10114,-0.16457,0.00293,-0.043683,-0.043683,-0.027309,-0.44957,0.0026436,0.14864,0.23918,-0.023509,0.14864,0.0029455,-0.27627,0.16065,0.10667
-0.24429,-0.027781,-0.044439,0.61547,-0.0030505,0.10211,0.087484,-0.20316,-0.016262,-0.049254,0.13405,-0.11079,0.099469,0.099469,0.20865,0.034611,-0.043146,-0.11123,-0.049254,-0.049254,-0.015521,-0.413,-0.10036,-0.12835,0.22892,0.076889,-0.12835,-0.11182,0.26962,0.15764,-0.026054
0.074217,0.030701,0.04911,0.1568,0.12134,0.067049,0.057445,0.14723,0.55362,0.054431,0.078417,0.034149,0.051725,0.051725,0.042448,0.087358,0.15798,0.074276,0.054431,0.054431,0.70291,0.15265,0.067014,0.040953,0.099507,0.039983,0.040953,0.074667,0.065198,0.029062,0.083617
-0,-0.042158,-0.031884,1.059e-15,4.6317e-16,-0.056256,0.065661,-1.197e-16,1.791e-15,0.0078732,-0.55599,0.50163,-0.0031555,-0.0982,0.62355,3.6082e-16,7.1471e-16,-0.047475,0.028918,0.032179,2.3315e-15,8.3267e-17,0.014844,-0.11162,-0.018205,0.010218,0.018164,0.033904,7.2164e-16,0.031569,0.10358
0,0.22877,0.4067,-5.4817e-16,-1.4572e-16,0.18158,-0.21194,1.1102e-16,-6.2168e-16,-0.17892,-0.086266,0.077832,0.069762,0.070327,0.096749,-5.2042e-17,-5.1695e-16,-0.11225,-0.22524,-0.099259,-1.0963e-15,-1.1102e-16,-0.0098935,0.58352,0.008254,0.027039,-0.42253,0.12054,5.5511e-17,-0.014313,-0.17843
-0,0.31051,-0.42264,-5.9674e-16,-2.1511e-16,0.22038,-0.25722,-6.1756e-16,-1.2926e-15,-0.12787,-0.0044077,0.0039768,0.30136,-0.38341,0.0049433,-8.1098e-17,-2.3419e-16,0.083269,0.44984,-0.04231,-1.3878e-15,-2.7062e-16,0.099959,0.1325,-0.081447,0.22206,-0.042886,-0.17255,-1.1102e-16,0.14124,-0.099321
-0,-0.36405,0.16683,-6.7307e-16,-4.1633e-16,0.058426,-0.068194,-7.6328e-17,-1.7677e-15,0.27142,-0.0022018,0.0019866,0.60441,-0.26696,0.0024694,-2.7235e-16,-8.0502e-16,0.10101,-0.28907,0.17525,-2.3315e-15,-3.6082e-16,-0.088813,0.043576,-0.11392,-0.10896,0.20966,-0.020766,-1.6653e-16,0.19756,-0.28067
0,-0.032826,-0.28119,-7.3205e-16,-2.949e-16,0.20752,-0.24221,-3.4001e-16,-1.8301e-15,0.23274,0.0014071,-0.0012696,0.077076,0.02243,-0.0015781,-2.6173e-16,-4.9526e-16,-0.23307,-0.22937,0.15612,-2.1372e-15,-7.494e-16,0.47568,-0.010837,0.12494,-0.42902,-0.22129,-0.19507,-1.9429e-16,-0.21665,0.25728
-0,-0.11884,0.23064,-1.5613e-16,-2.1337e-16,0.11061,-0.12911,1.7347e-16,-4.9093e-16,0.0085279,0.058936,-0.053174,-0.12597,-0.52052,-0.066098,-1.1102e-16,-2.3072e-16,0.16649,-0.12672,0.021685,-7.7716e-16,-9.7145e-17,-0.20421,-0.18244,-0.049386,0.16025,-0.34018,0.017664,-2.7062e-16,0.08564,0.57924
0,0.13291,0.28227,-4.1633e-16,-1.0408e-16,0.0091753,-0.010709,-3.3827e-17,-4.7445e-16,0.018637,-0.013153,0.011867,-0.15976,0.20351,0.014752,-1.5352e-16,-2.2812e-16,0.2018,-0.0025758,-0.049524,-8.3961e-16,2.7756e-17,0.31963,-0.068462,-0.32827,-0.11045,0.026828,-0.48761,-5.5511e-17,0.56925,0.046145
0,-0.1928,-0.26426,-7.5287e-16,-3.6082e-16,0.099077,-0.11564,-6.245e-17,-1.8111e-15,0.26343,0.0073091,-0.0065946,-0.36101,0.082523,-0.0081973,-3.5779e-17,-6.0802e-16,-0.24255,-0.15273,0.38594,-2.0817e-15,-9.992e-16,0.076893,0.1493,-0.16568,0.49832,-0.042578,0.17227,-2.7756e-16,0.2873,-0.11829
0,0.02672,0.15675,6.8001e-16,2.6888e-16,-0.15233,0.1778,2.7756e-16,1.5665e-15,0.06318,-0.0026889,0.002426,-0.028027,-0.24982,0.0030157,3.708e-17,3.4694e-16,0.031933,-0.25763,-0.1446,1.9706e-15,4.7184e-16,0.39391,0.013691,0.20234,0.51652,0.10773,-0.3853,2.6368e-16,-0.35088,-0.13458
-0,0.28819,-0.085521,-7.4593e-17,4.8572e-17,0.034044,-0.039735,-1.082e-16,-9.541e-18,0.67717,-0.0093841,0.0084667,-0.023113,-0.001494,0.010524,8.6736e-17,-1.2143e-17,-0.046729,-0.10076,-0.61848,-0,-1.3878e-17,-0.12543,-0.036223,-0.048007,0.01777,0.025352,0.15906,5.5511e-17,0.083249,0.012049
-0,-0.20841,-0.28505,3.9899e-16,8.3267e-17,-0.098808,0.11533,-7.8063e-17,2.3939e-16,0.23038,-0.044912,0.040521,-0.094818,0.1601,0.05037,2.2465e-16,6.5919e-17,0.57502,0.023395,0.053761,5.9674e-16,-2.7756e-16,-0.27521,0.34646,0.074482,-0.040348,-0.31237,-0.32501,2.3592e-16,-0.12916,-0.037786
-0,0.65327,-0.17117,-1.1102e-16,2.498e-16,-0.017928,0.020925,1.7347e-17,6.4532e-16,-0.074385,-0.011008,0.0099319,0.016405,-0.00096172,0.012346,1.3661e-16,2.0134e-16,0.21131,-0.51248,0.36829,7.7716e-16,3.6082e-16,-0.22666,-0.14446,0.0050424,-0.017816,0.14614,-0.0067742,5.5511e-17,-0.0087441,-0.0018529
0,0.13981,-0.12308,2.1788e-15,7.8063e-16,-0.48533,0.56647,5.1348e-16,3.9517e-15,0.045863,0.054918,-0.049549,0.18947,-0.21114,-0.061591,4.5797e-16,1.0894e-15,-0.23211,0.011623,0.08802,5.0793e-15,3.6776e-16,0.13983,0.2076,-0.12559,-0.10263,-0.3086,0.1054,9.4369e-16,0.21779,0.11194
