0.0008296,-0.028331,0.0034873,-0.010981,-0.011367,-0.61433,-1.0347e-05,0.78837,0.0027136
-0.0021631,0.8565,-0.00062312,0.33198,0.34364,-0.17146,-0.0029605,-0.093243,-0.0012569
0.43723,-0.048904,0.31318,-0.018955,-0.019621,-0.23747,0.62564,-0.19081,0.47264
-0.43873,-0.0084186,0.52886,-0.0032631,-0.0033777,-0.032427,-0.42445,-0.029572,0.58792
0.57139,-0.010826,0.57829,-0.0041963,-0.0043436,-0.048336,-0.41793,-0.039962,-0.40042
-0.035825,-0.51114,-0.041684,0.59142,0.57848,-0.17313,-0.03914,-0.13636,-0.034616
0.1958,0.040213,0.12128,0.20295,0.21098,0.70742,0.11387,0.55717,0.18919
-0.48773,0.0035151,0.50833,0.17355,-0.13745,0.054345,0.47731,0.042803,-0.47126
-0.11118,-0.01151,0.11377,-0.68425,0.69521,0.0076635,0.10682,0.0060358,-0.10742
