0.0014443,-0.095178,-0.006197,-0.0073783,-0.60435,-0.0014004,0.79095,0.0012364
-0.0044449,0.98245,-0.0036068,0.07616,-0.16982,-0.0032998,-0.010851,-0.0001802
0.70695,-0.032516,0.2993,-0.0025207,-0.21477,0.57919,-0.16599,0.020817
-0.021417,-0.012384,0.86307,-0.00096003,-0.07736,-0.47054,-0.054883,0.15523
0.68642,0.0062264,-0.32961,0.00048268,0.03634,-0.64671,0.023549,-0.0060703
-0.034555,-0.019093,-0.17284,-0.0014801,-0.10288,0.033254,-0.083675,0.97462
0.15795,0.15164,0.15677,-0.28683,0.70277,0.1472,0.55351,0.15262
0.049253,-0.033675,0.048885,0.95492,0.21914,0.045902,0.1726,0.04759
