0.010068,0.00055214,-0.33713,0.0040977,0.0044361,-0.54901,0.0079165,0.76468
0.0021757,-0.00011988,0.93199,0.00056813,-0.0011529,-0.30951,-0.00040429,0.18866
0.31272,-0.002844,-0.029653,0.052976,0.62835,-0.19072,0.66341,-0.16492
0.91101,-0.023945,0.0034133,-0.2477,-0.088884,0.024379,-0.31539,0.012139
0.25085,0.13179,-0.018601,0.79066,-0.47682,-0.1079,0.21588,-0.092774
-0.03016,0.83183,-0.021287,0.15038,0.34049,-0.12498,-0.37801,-0.098186
0.091205,0.16185,0.12668,0.16677,0.1566,0.73387,0.15639,0.578
-6.9916e-05,0.51372,-9.7112e-05,-0.51014,-0.47901,-0.00056256,0.49638,-0.00044308
