-0.004035,0.0050353,0.0041725,-0.62071,-0.008407,0.78379,0.016536
0.072905,0.47582,0.064973,-0.21682,0.78677,-0.17182,0.26177
-0.056408,-0.20426,0.48783,-0.10206,-0.22888,-0.10179,0.80247
0.044466,0.76416,0.38535,-0.072575,-0.46976,-0.065276,-0.18812
-0.054698,-0.32729,0.76223,-0.033738,0.28547,-0.015863,-0.4754
0.98897,-0.11463,0.03254,-0.059753,-0.048585,-0.042056,-0.0062312
0.091944,0.16628,0.16504,0.73981,0.15496,0.58268,0.16066
