-0.0094946,-0.0018577,-0.31064,-0.021375,0.0051254,-0.54871,0.77564,-0.01509
-0.0049456,-0.0042382,0.94131,-0.012434,-0.00017144,-0.29073,0.17073,-0.0085517
0.10319,0.29286,-0.031282,0.73762,0.068103,-0.24426,-0.15336,0.52029
0.80212,0.42527,-0.011978,-0.075703,0.1553,-0.08064,-0.061281,-0.3681
-0.42223,0.45572,-0.014649,-0.23497,0.73805,-0.085129,-0.081541,-0.0011467
0.39906,-0.48535,-0.0080135,-0.32604,0.41537,-0.049207,-0.034976,0.56802
0.091101,0.13666,0.12654,0.1914,0.17972,0.73302,0.57734,0.13205
0.0043679,0.52099,0.0060669,-0.50142,-0.47082,0.035145,0.027681,0.5034
