0.022026,-0.014619,-0.0045438,-0.6162,-0.022793,0.78665,0.015525
-0.35262,0.33498,0.11591,-0.19126,0.80707,-0.11403,0.22151
0.87293,0.10462,-0.19427,-0.067498,0.38861,-0.061819,-0.17293
0.32622,0.080878,0.64687,-0.16556,-0.21226,-0.15179,0.61081
-0.024593,0.62536,0.44014,-0.050733,-0.17895,-0.017912,-0.61618
0.004601,0.67179,-0.55618,-0.023913,-0.30976,-0.026005,0.37702
0.078205,0.16647,0.16523,0.74068,0.15515,0.58337,0.16085
