-0.0051443,-0.17891,-0.51532,0.6087,-0.025719,-0.27113,-0.44907,-0.23676
-0.00094379,-0.24514,0.50095,0.13097,0.095279,0.12893,-0.63962,0.48681
-0.00065859,-0.080885,-0.20664,-0.010773,-0.18113,0.91344,-0.15931,-0.24098
-0.0035945,-0.3855,0.15505,0.61699,0.16155,0.19079,0.59365,0.17816
-0.99996,0.0080882,0.0028168,-0.0026993,0.0011792,0.00098886,0.0005651,0.00021161
-0.0025136,-0.13339,-0.23081,-0.03262,-0.815,-0.076678,0.10489,0.49675
-0.001921,-0.31289,0.54111,0.028197,-0.46096,-0.15945,-0.014503,-0.60859
-0.0057146,-0.79811,-0.26583,-0.47924,0.23377,-0.088211,0.01469,-0.0025117
