-0.0037896,0.013344,-0.70141,0.018924,-0.17248,0.63667,0.26903
-0.011731,-0.00088871,-0.0078179,-0.10537,0.03104,-0.3844,0.9165
-0.026892,0.010477,-0.21336,-0.72357,-0.55954,-0.28666,-0.18663
-0.9855,-0.16582,0.0085158,0.033446,-0.0040828,0.0072841,-0.0056635
-0.004044,0.013919,-0.67845,0.24682,0.31052,-0.57428,-0.22883
-0.024231,0.0044635,-0.039313,-0.63466,0.74817,0.18672,-0.020634
-0.16526,0.9859,0.022943,0.012353,-0.00014906,0.0025703,0.0015398
