-0.00020705,0.00096768,-0.029797,0.087741,-0.00026207,2.8986e-05,-2.8803e-05,4.4066e-05,-8.8011e-05,0.00010946,-2.5313e-06,-1.2793e-06,0.00011902,-0.0008834,-0.00033174,0.015376,-0.26331,-0.0032926,0.00035395,0.0016353,0.0028583,0.0025221,0.027178,-0.31981,0.023104,0.00043978,2.7752e-05,4.1248e-05,0.00012016,0.00019308,0.0027437,0.0098993,-0.9008,0.081955,0.00069654,0.0010191,8.6323e-05,6.886e-16,0,0,0
-0.5777,-0.69608,-0.026775,-0.0016474,0.4069,0.07104,-0.03154,0.05736,0.013841,0.059454,0.012297,0.0072206,-0.00018709,-0.0049865,-0.0035429,0.0065493,0.00018327,0.01191,0.015321,0.00089751,-0.0037128,0.005576,-0.021403,-0.0018173,-0.0019946,0.015364,0.0051594,0.01042,-0.017949,-0.0078416,0.0075452,-0.017076,-0.00079348,-0.0068203,-0.0032787,0.005574,-0.0054092,-1.5405e-16,-9.4109e-17,2.6021e-17,3.2526e-19
-0.025917,0.06069,-0.94327,-0.32447,0.0040781,-0.00084221,0.00054728,-0.00053241,0.00088417,-0.00084635,1.4263e-05,3.4673e-06,-0.00027308,0.00088615,0.00010622,0.00059598,-0.018149,-0.00072328,0.00012145,0.00056516,0.00078118,0.0004721,0.0013402,0.0050279,-0.014969,-0.00078353,0.00014569,1.9979e-05,3.5599e-05,4.2259e-05,0.00036853,0.00077821,0.0027076,-0.0017753,-5.2823e-05,-0.00013509,-1.5028e-05,-4.2909e-18,3.7077e-17,-3.3787e-18,-8.9333e-19
-0.035388,-0.022057,0.00013952,0.0004327,0.014504,-0.070932,0.23674,0.22687,-0.37818,-0.47272,0.05791,-0.013172,0.065818,0.26629,-0.0042918,0.28161,0.020057,-0.34317,-0.019429,0.017903,0.010823,-0.034436,0.245,0.020312,0.0016172,0.17737,-0.13308,0.20388,0.072082,0.013363,-0.034275,0.14238,0.010107,0.094913,-0.2275,-0.042654,0.0082464,-1.3459e-15,-1.8596e-15,3.1225e-17,-4.6621e-17
-0.013431,0.012438,0.0018534,0.00071253,0.0015884,0.0020722,-0.068069,-0.09406,0.17602,-0.12067,0.6285,0.26025,-0.14239,0.26367,0.046757,-0.29674,-0.016726,-0.19512,0.08444,0.24027,0.13739,-0.010483,-0.042524,-0.00014698,0.0063415,0.10125,0.28183,-0.04414,-0.0075826,0.20134,0.067681,-0.056317,-0.00078746,-0.0061236,-0.067434,0.073846,0.15422,3.2072e-16,1.7035e-15,8.3481e-16,-1.0296e-16
-0.00044972,0.00057109,7.4789e-05,2.6836e-05,-0.00017159,0.00016039,-0.00035165,0.00049963,-0.00093318,0.0010341,-2.0333e-05,-6.6287e-06,0.00055304,-0.0023084,-0.00037709,0.0015708,0.00019337,0.0019292,-0.00047091,-0.0022705,-0.003771,-0.002385,-0.0076,-0.0011308,-0.0026378,-0.0040978,0.0030101,-0.0030589,-0.006071,-0.013319,0.093558,0.044761,0.0037296,0.03181,0.0024966,0.012158,0.0023346,-0.40802,-0.89638,-0.13261,-0.011411
-0.001866,0.0023984,-0.00065735,-0.00052686,-0.00069531,0.00065288,-0.001426,0.0020197,-0.0037676,0.0041674,-8.1758e-05,-2.6512e-05,0.0022093,-0.0091703,-0.0014902,0.006305,-0.0018783,0.0074685,-0.0017988,-0.0086486,-0.014002,-0.0087057,-0.027166,-0.0018809,-0.017823,-0.014318,0.0098566,-0.0075487,-0.010229,-0.011995,-0.11092,-0.25685,0.053106,0.61802,0.02584,0.096437,0.016524,-0.57733,0.30605,-0.29989,0.086904
-0.10144,-0.13305,-0.0059369,-0.001426,-0.28028,-0.86012,-0.15126,0.18432,0.047417,0.099986,0.045222,-0.21918,0.028128,0.0026842,0.036077,0.012664,0.00080552,0.040443,0.067216,0.084332,0.06564,-0.034701,-0.00035789,0.00042261,0.0012887,0.0033498,-0.0016678,0.024264,0.01772,0.036526,0.052722,-0.079493,-0.0029059,-0.024376,-0.022269,0.027448,0.013617,2.2227e-16,1.3878e-16,1.9429e-16,-9.0206e-17
-0.046438,-0.056009,-0.0021992,-0.00025955,-0.021628,-0.13307,0.17252,-0.58338,-0.37594,0.073996,0.072858,-0.17562,-0.17754,-0.01169,0.16322,-0.061745,-0.0040315,-0.11269,-0.035778,-0.35593,-0.10914,-0.11151,0.039522,0.00011796,-0.014117,0.14214,0.0080761,-0.10211,0.19078,0.078572,0.028584,-0.041008,-0.0033973,-0.037012,0.23488,0.067212,0.24029,6.5636e-16,2.4434e-15,-4.7813e-16,8.8146e-17
-0.0071012,-0.010881,-0.00054612,-0.00012534,-0.012125,-0.027456,0.075753,0.0088522,-0.12603,-0.026191,0.025236,0.023433,-0.35371,-0.030121,-0.3181,-0.23174,-0.018516,0.52668,-0.13534,0.070315,-0.071629,-0.16605,0.19986,0.013799,-0.0097625,0.26848,0.037848,-0.10939,0.21234,-0.14426,-0.0019137,0.025872,0.004336,0.048931,-0.39147,-0.097685,-0.057139,-1.1794e-16,-1.5792e-15,1.2887e-16,-1.4949e-16
-0.027091,-0.025496,-0.0006809,-1.3371e-05,-0.03393,-0.10425,-0.10674,0.035964,-0.024778,-0.21773,-0.29438,0.18456,-0.19812,0.11879,-0.092517,-0.45155,-0.025755,-0.36206,0.26902,-0.24291,-0.19881,-0.067441,0.00045617,0.0012228,0.021816,-0.25256,0.014441,-0.17007,-0.090764,-0.29829,0.014201,-0.1013,-0.0045646,-0.034752,-0.082452,-0.050216,-0.14326,1.3359e-16,-9.0244e-16,-1.1953e-17,-2.8928e-17
-0.01873,-0.02767,-0.0013706,-0.00035087,-0.048844,-0.067875,-0.23552,0.13078,0.11368,-0.27898,-0.18149,0.37849,0.013215,-0.35301,0.38838,-0.11631,-0.0063915,0.011796,-0.28043,0.025805,-0.32416,-0.0054009,0.093763,0.0032675,-0.024991,0.29482,-0.026856,0.01171,0.073397,0.13655,-0.026012,0.074289,0.002242,0.013532,0.10583,0.051545,0.19271,5.111e-16,1.4333e-15,2.311e-16,2.0302e-17
-0.0079681,-0.0072269,-0.00016021,4.7694e-05,0.0073369,-0.0088407,-0.035057,0.035359,-0.11794,-0.21533,-0.10017,0.038081,-0.16259,0.11964,-0.061918,-0.23849,-0.017728,0.18431,-0.20249,-0.017314,0.31377,-0.42856,-0.33006,-0.029655,-0.019181,-0.15978,-0.26331,0.36526,-0.16495,0.18481,-0.043136,0.072019,0.00030621,-0.0071111,0.22686,0.080584,0.038321,2.1646e-16,4.1381e-16,-8.1456e-16,2.7047e-16
-0.19031,-0.30817,-0.016705,-0.0053478,-0.85133,0.36145,-0.034438,-0.027962,-0.0034463,-0.03576,0.0046613,-0.04681,0.053569,0.012342,-0.031364,-0.0020198,0.00020415,-0.0064377,0.017041,0.012072,0.025666,-0.027879,0.031918,0.0027694,0.0026818,-0.0095259,-0.0040918,0.0021945,0.012979,-0.0047775,9.0701e-05,0.0029411,0.00026586,0.0024694,-0.0055403,-0.0007046,0.018048,1.5748e-17,-1.3363e-17,1.4442e-16,-8.7448e-18
-0.00017681,0.00071059,-0.017877,0.015993,5.714e-05,-7.0301e-05,0.00017216,-0.0002717,0.00053131,-0.00063115,1.3607e-05,5.7183e-06,-0.00051003,0.0031252,0.00097329,-0.037751,0.6328,0.0068573,-0.00053273,-0.0023299,-0.0025972,-0.0017106,-0.011682,0.10782,0.0068671,0.00052197,-0.00010873,-1.1058e-05,-9.5703e-06,3.9101e-07,0.00025617,0.001528,-0.21997,0.021697,0.00022586,0.00039358,3.7224e-05,-0.32354,0.052794,0.64735,-0.10145
-0.0024231,0.0026781,0.00036929,0.00013563,-0.00051058,-0.000635,-0.002896,0.003189,-0.0030281,-0.0051023,0.0021052,-0.0039318,0.0052418,0.00074624,-0.003554,0.020132,0.001601,0.010625,-0.029014,-0.023806,0.019515,0.02844,-0.0023824,-0.0011327,-0.0034005,-0.04637,0.00096426,-0.074758,0.070464,-0.13707,-0.18197,0.17224,-0.0067317,-0.10026,-0.15077,0.92817,-0.090154,2.485e-15,4.3279e-15,6.5399e-16,-2.8048e-16
-0.017615,-0.011035,9.773e-05,0.00028548,0.028606,-0.018616,0.36675,-0.036634,0.30456,-0.34449,0.034001,-0.23172,0.21208,-0.46756,-0.16295,-0.086153,-0.0018033,-0.17175,-0.023925,-0.053118,0.14834,-0.28655,-0.10071,-0.0098514,-0.012318,0.11872,0.15176,-0.13373,0.10289,0.081571,0.080449,-0.12668,-0.0046905,-0.038313,-0.0013328,0.016321,-0.23406,-8.9622e-16,1.7809e-15,8.6736e-16,1.4501e-18
-0.024991,-0.013681,0.000277,0.00039335,0.024821,0.020009,0.0015488,0.0018843,-0.064074,-0.50505,-0.10709,-0.31633,-0.17562,0.1876,0.18116,0.028898,-0.0023253,0.25362,-0.11271,0.24203,0.033893,0.36303,-0.10961,-0.0039254,0.019413,-0.17628,0.13295,-0.36906,0.036544,-0.00074315,0.033381,-0.072871,-0.0036377,-0.033455,0.22736,-0.0070359,-0.034979,1.2629e-15,1.4849e-15,1.1102e-16,-4.5103e-17
-0.010839,-0.017174,-0.00086977,-0.00018365,-0.014242,-0.06548,0.34273,-0.032722,-0.065744,-0.053329,0.063424,0.25473,0.55065,0.17368,0.22242,-0.13654,-0.013478,0.31098,0.074281,-0.0014994,-0.085326,-0.053229,-0.22033,-0.019431,-0.0087586,-0.13369,-0.18028,-0.098476,0.1104,-0.20324,0.073321,-0.19461,-0.0094463,-0.079193,-0.17393,-0.015181,0.20931,7.5179e-16,-9.09e-16,-2.3072e-16,-8.1966e-17
-0.044647,-0.0078174,0.001909,0.0010689,0.0098514,-0.055548,0.19015,-0.41037,0.41818,-0.0019964,-0.423,-0.025987,-0.035827,0.24637,0.065704,-0.079091,-0.0041277,-0.025383,0.22777,0.34788,0.07689,0.033111,0.1964,0.018218,0.00079863,0.21774,-0.23919,0.12472,0.00038904,0.070484,-0.00086353,0.099408,0.0080319,0.072719,-0.033833,0.038212,0.026473,1.5266e-16,6.6613e-16,3.5388e-16,1.7347e-17
-0.0011859,0.0017504,-0.0079731,-0.0053274,-0.00031693,0.00033281,-0.00076327,0.0011073,-0.0020849,0.0023373,-4.6621e-05,-1.5745e-05,0.0013248,-0.0057761,-0.0010036,0.0060017,-0.030283,0.0050306,-0.0014465,-0.007153,-0.015125,-0.011648,-0.056249,0.10335,0.68464,0.047597,-0.013864,0.0023995,0.00177,0.0013965,0.00653,0.0061837,-0.010178,0.021245,0.0015471,0.0082163,0.00169,-0.021712,0.037216,-0.12419,-0.70386
-0.0039919,-0.0035401,-7.3536e-05,2.8036e-05,0.0055259,0.010383,-0.0081801,-0.0027076,0.0086692,0.024674,0.0298,-0.01509,0.013672,0.0082475,-0.0053798,-0.014123,-0.0010625,0.016238,-0.097104,-0.16901,-0.021003,0.0023517,0.19773,0.016418,0.015007,-0.15087,-0.383,-0.42938,-0.34042,0.58163,0.097594,-0.067911,-6.3203e-05,0.0052497,-0.30687,0.043026,-0.031655,1.4658e-16,1.2594e-15,1.3878e-15,-1.9689e-16
-0.0040304,0.0051181,0.00067026,0.00024051,-0.0015378,0.0014374,-0.0031515,0.0044777,-0.0083631,0.0092676,-0.00018223,-5.9406e-05,0.0049563,-0.020688,-0.0033794,0.014077,0.001733,0.017289,-0.0042203,-0.020348,-0.033795,-0.021374,-0.068111,-0.010134,-0.02364,-0.036724,0.026977,-0.027414,-0.054408,-0.11937,0.83846,0.40115,0.033425,0.28508,0.022374,0.10896,0.020923,0.045528,0.10002,0.014797,0.0012732
-0.022388,-0.025376,-0.00092075,-9.0231e-05,-0.016019,-0.12119,-0.21005,-0.2192,0.063831,-0.16571,-0.18751,0.27819,0.061553,-0.03328,-0.21108,0.26912,0.016229,0.011261,-0.0047907,-0.25986,0.46907,0.12318,-0.22023,-0.015766,-0.010116,0.071838,0.14704,-0.22451,0.01067,-0.046624,-0.12445,0.19301,0.0075908,0.067404,-0.20659,-0.10814,0.28741,2.1511e-16,1.1102e-16,-2.2204e-16,-8.1532e-17
-0.0052983,-0.0052752,-0.00013059,5.5751e-05,0.016092,0.0013928,0.049433,-0.1418,0.13179,-0.18185,0.018786,-0.27517,-0.044198,-0.13544,0.12054,-0.015338,-0.0036421,0.15468,0.097629,-0.14467,-0.25723,0.057639,0.0043234,-7.0409e-05,0.019141,-0.29455,0.32125,0.41222,-0.26875,0.079193,-0.085082,0.11227,0.0029981,0.02649,-0.39124,-0.01932,0.28089,-1.249e-16,-3.0045e-15,-6.3838e-16,-1.0235e-16
-0.00027356,0.0011723,-0.032424,0.061894,-8.8922e-05,-4.8269e-05,0.00013757,-0.00021376,0.00041357,-0.00048247,1.0134e-05,3.9452e-06,-0.00034478,0.0018852,0.00049888,-0.015155,0.24434,0.0018505,5.8601e-05,0.00045551,0.0032809,0.0042527,0.067391,-0.91386,0.15882,0.006448,-0.00097556,-9.8982e-05,-0.00017328,-0.00021219,-0.0020889,-0.0055427,0.26416,-0.019403,-5.6669e-05,6.9883e-05,1.4752e-05,1.6653e-16,1.3878e-15,1.1102e-16,0
-0.0012164,0.0017955,-0.0081783,-0.0054645,-0.00032508,0.00034138,-0.00078291,0.0011358,-0.0021386,0.0023975,-4.7821e-05,-1.615e-05,0.0013589,-0.0059247,-0.0010295,0.0061561,-0.031062,0.0051601,-0.0014837,-0.0073371,-0.015514,-0.011947,-0.057696,0.10601,0.70226,0.048822,-0.014221,0.0024612,0.0018156,0.0014324,0.006698,0.0063429,-0.01044,0.021791,0.0015869,0.0084277,0.0017335,0.021168,-0.036282,0.12108,0.6862
-0.0022386,0.010448,-0.32114,0.93938,-0.0027829,0.00028366,-0.00016931,0.00017101,-0.00028969,0.00028621,-5.0381e-06,-1.3881e-06,0.00011311,-0.00045175,-8.3993e-05,0.0014764,-0.021381,5.2559e-06,-4.1274e-05,-0.00021194,-0.0005727,-0.00057705,-0.0071522,0.089027,-0.010105,-0.00033072,3.5736e-05,-1.3059e-06,-7.4282e-06,-1.3664e-05,-0.00021394,-0.0008043,0.075685,-0.0069115,-5.8936e-05,-8.5571e-05,-7.1596e-06,-1.1102e-16,2.2204e-16,-1.1102e-16,6.9389e-18
-0.032601,-0.043644,-0.0019337,-0.00033785,-0.030709,-0.14788,-0.031932,-0.3816,-0.33112,-0.079151,-0.050387,0.36535,0.2006,-0.16626,-0.1527,0.0079495,0.0020046,0.093892,-0.044066,0.22189,0.015437,0.15386,0.19251,0.01952,0.035665,-0.23284,0.21487,0.19569,-0.064989,0.17382,0.067073,-0.065847,-0.00080408,-0.0038622,0.048183,0.024804,-0.42055,-1.6081e-15,-2.1372e-15,1.3878e-17,1.0755e-16
-0.0088261,-0.011125,-0.00047377,-9.7068e-05,-0.015955,0.018133,0.10237,-0.015939,0.080202,0.1106,-0.061529,0.16388,-0.33666,-0.065733,0.49071,0.29825,0.018269,-0.070294,-0.12225,0.093361,0.25691,-0.33592,0.13885,0.013876,0.038564,-0.35429,0.092019,-0.056079,0.17279,-0.1194,0.078513,-0.13881,-0.0038628,-0.024909,-0.21176,-0.053511,-0.089469,1.4398e-16,-5.8981e-16,4.198e-16,-1.8258e-16
-0.00019034,0.00076498,-0.019246,0.017217,6.1514e-05,-7.5683e-05,0.00018534,-0.0002925,0.00057198,-0.00067947,1.4649e-05,6.1561e-06,-0.00054907,0.0033645,0.0010478,-0.04064,0.68125,0.0073823,-0.00057351,-0.0025082,-0.002796,-0.0018415,-0.012576,0.11607,0.0073928,0.00056193,-0.00011705,-1.1905e-05,-1.0303e-05,4.2094e-07,0.00027578,0.0016449,-0.23681,0.023358,0.00024316,0.00042371,4.0073e-05,0.30053,-0.04904,-0.60131,0.094234
-0.024158,-0.0081787,0.00069432,0.00048737,0.01277,-0.041832,0.1266,0.092242,0.16911,0.12406,-0.062535,-0.067185,0.23397,0.20572,-0.057296,-0.32674,-0.018806,-0.074098,-0.51791,-0.17818,0.18313,0.10205,0.41554,0.039317,0.051278,-0.23367,0.18461,0.012229,0.14685,-0.031037,-0.075748,0.18208,0.0095932,0.083377,0.1216,-0.055001,0.10797,-5.9674e-16,-1.3461e-15,-7.2164e-16,2.0817e-17
-0.0072169,-0.014465,-0.0008446,-0.00019951,-0.0034753,-0.023547,-0.022535,-0.17724,-0.20551,0.12696,0.082031,-0.17228,0.034582,-0.25434,0.11433,-0.2402,-0.0092985,-0.29821,-0.29839,0.39635,0.045902,0.10935,-0.26287,-0.020532,-0.013497,-0.023213,-0.21465,-0.1016,-0.14629,-0.23419,-0.16662,0.2358,0.0099283,0.091168,-0.26948,-0.13896,-0.0061328,-4.7184e-16,-1.9013e-15,6.3838e-16,-2.5327e-16
-0.7786,0.62137,0.057399,0.01073,-0.046874,0.015171,-0.010829,0.010593,-0.017594,0.016828,-0.00028318,-6.8713e-05,0.0054155,-0.017884,-0.0023832,0.0083018,0.0010011,0.0087317,-0.0016101,-0.0074285,-0.0089581,-0.0048073,-0.012743,-0.0017734,-0.0029866,-0.0039982,0.0024053,-0.0010071,-0.00092933,-0.00082481,-0.0046268,-0.0057619,-0.00093861,-0.0089288,-0.00091492,-0.0055698,-0.0012282,1.1102e-16,-5.5511e-17,6.9389e-18,-8.6736e-18
-0.028029,-0.03828,-0.0018163,-0.00054801,-0.11763,-0.10491,0.38227,0.056071,0.098258,0.1317,-0.015699,0.16314,-0.16756,0.1959,0.2266,0.0011273,-0.0037627,0.044843,-0.16128,-0.28804,-0.063549,0.22614,-0.33712,-0.029291,-0.035901,0.24208,0.15751,0.046059,-0.18841,0.087445,-0.092559,0.15411,0.0065045,0.058472,-0.051229,-0.064405,-0.44583,-8.2573e-16,-3.0254e-15,-7.6675e-16,1.7347e-16
-0.0052101,-0.010339,-0.00059507,-0.0001264,0.0032758,0.0045343,-0.014786,0.06417,0.021645,0.03947,-0.0012727,0.011481,-0.029402,-0.031787,-0.035394,-0.063905,-0.0037253,-0.036166,0.20795,0.01412,-0.14997,0.065473,-0.23275,-0.020765,-0.0057662,-0.2936,-0.096051,0.0018737,0.67337,0.39013,-0.11923,0.32671,0.015432,0.13352,-0.068591,-0.087613,-0.0865,-1.334e-15,-9.2201e-16,-2.8103e-16,2.5999e-16
-0.0019597,0.0025187,-0.00069033,-0.0005533,-0.0007302,0.00068564,-0.0014976,0.0021211,-0.0039566,0.0043765,-8.5861e-05,-2.7842e-05,0.0023201,-0.0096304,-0.001565,0.0066214,-0.0019726,0.0078433,-0.0018891,-0.0090825,-0.014705,-0.0091425,-0.028529,-0.0019753,-0.018717,-0.015036,0.010351,-0.0079275,-0.010742,-0.012597,-0.11649,-0.26974,0.055771,0.64903,0.027137,0.10128,0.017353,0.54974,-0.29143,0.28556,-0.082752
-0.03306,-0.040726,-0.0017009,-0.00037502,-0.081089,-0.12323,0.52087,0.13655,0.043893,0.030632,0.078029,0.27556,-0.30652,-0.26101,-0.2783,0.10427,0.0085992,-0.025809,0.052244,0.14311,-0.073386,0.17608,0.05025,0.0056996,0.016668,-0.22628,-0.12296,-0.065138,-0.14711,-0.046219,-0.079047,0.088388,0.00032955,-0.0071754,0.25716,0.032345,0.33381,4.1633e-16,1.5266e-15,-3.6082e-16,1.3878e-17
-0.0042174,-0.0067605,-0.00033095,-3.2577e-05,0.011145,-0.03396,0.011054,0.012536,-0.079215,0.013255,0.04399,0.00372,0.17039,0.071375,0.11723,0.051583,0.0015003,0.14015,0.24131,0.11723,-0.11031,-0.461,0.13486,0.0074639,0.0034375,-0.01588,0.2297,-0.33395,-0.2497,-0.0094897,-0.29901,0.46247,0.015943,0.12912,0.21161,-0.089417,-0.070148,1.0313e-15,2.5093e-15,-1.5266e-16,0
-0.0081146,-0.015013,-0.0008425,-0.00020799,-0.015767,-0.056958,-0.040867,-0.14517,0.1551,0.030839,-0.105,0.029064,0.024875,0.2975,-0.32822,0.30235,0.016352,-0.16091,-0.41616,0.1787,-0.47966,-0.26761,-0.24485,-0.025365,-0.017952,-0.07923,0.1318,-0.080762,0.019213,0.040231,0.028557,-0.10572,-0.0072585,-0.065721,-0.038557,0.01609,0.064539,8.0144e-16,1.5751e-15,1.6653e-16,1.5266e-16
-0.026342,-0.018171,-5.5527e-05,0.00024434,-0.0051311,-0.08483,-0.16814,-0.26364,0.33406,-0.24546,0.44226,0.03009,-0.028873,0.0028867,-0.011988,0.1665,0.0075047,0.11439,-0.088012,-0.21499,-0.11986,0.029869,0.12419,0.0090761,0.0055189,-0.13499,-0.41678,0.063774,0.027817,-0.30321,-0.091289,0.12549,0.0058491,0.052987,0.11542,-0.10048,-0.24489,-7.3552e-16,-2.4009e-15,-9.992e-16,9.8879e-17
