-5.6822e-05,0.0030421,-0.0040836,-0.0088389,-0.05363,0.011422,-0.0055249,0.0064479,-0.99841
-0.9991,-0.039044,-0.01405,-0.008769,0.0016199,-0.00092388,-0.00047657,0.0010402,-1.5235e-05
-0.040547,0.86092,0.50551,-0.016473,0.025186,-0.022999,-0.012072,-0.0070197,-0.00089078
-0.00095,0.027563,0.0074452,-0.22594,-0.92635,0.26854,0.11107,0.050758,0.054599
-0.00049291,0.0061671,0.004223,0.14701,-0.0033959,-0.041569,-0.083166,0.98471,0.0052266
-0.0099666,0.019049,0.013157,0.96091,-0.19785,0.12169,0.064658,-0.13373,0.0022962
-0.00034862,0.010807,0.00046226,-0.03059,0.14535,0.053187,0.98321,0.090345,-0.011754
-0.0076536,0.50579,-0.86255,0.0037605,0.005022,-0.0061545,-0.0053236,-0.00075097,0.0047206
-0.00045765,0.013439,0.0030456,-0.051201,0.27938,0.9528,-0.098334,0.040442,-0.00282
