-0.0025737,0.58017,-0.79475,0.17822
-0.0024291,0.54757,0.21861,-0.8077
-0.0026747,0.60295,0.5662,0.56202
-0.99999,-0.004436,-5.5511e-17,0
