testingdata
attr1 numerical attr2 numerical attr3 numerical attr4 numerical attr5 numerical attr6 numerical attr7 numerical attr8 numerical attr9 numerical attr10 numerical attr11 numerical attr12 numerical attr13 numerical attr14 numerical attr15 numerical attr16 numerical attr17 numerical attr18 numerical attr19 numerical attr20 numerical attr21 numerical attr22 numerical attr23 numerical attr24 numerical attr25 numerical attr26 numerical attr27 numerical attr28 numerical attr29 numerical attr30 numerical attr31 numerical attr32 numerical attr33 numerical attr34 numerical attr35 numerical attr36 numerical attr37 numerical attr38 numerical attr39 numerical attr40 numerical attr41 numerical attr42 numerical attr43 numerical attr44 numerical attr45 numerical attr46 numerical attr47 numerical attr48 numerical attr49 numerical attr50 numerical attr51 numerical attr52 numerical attr53 numerical attr54 numerical attr55 numerical attr56 numerical attr57 numerical attr58 numerical attr59 numerical attr60 numerical label symbolic
0.6177447543399026 0.7950366304308155 0.10385194360088959 0.5498914743738786 1.0 0.4290799300031446 0.3617592712062767 0.4395555943113981 0.4098537806347946 0.618724198576135 0.5611952185530261 0.6268704672797845 0.3954137563332525 0.38946320304265636 0.45586907882320526 0.42416596473209134 0.20324710405847676 0.5302355983791165 0.639947696162481 0.511527838702061 0.5114048866182368 0.4882490644246186 0.3456010661410406 0.49356491888981846 0.7264525742610396 0.40328982536766195 0.3976070133262742 0.1325388240873022 0.4150858366607908 0.3891393575258976 0.415117523169474 0.34513988837810095 0.44637102167860354 0.4255215954599454 0.4389977678769006 0.7788507331031669 0.37253664567566647 0.501665040197385 0.5164439467265167 0.7007408327299004 0.37816690849809387 0.4160790231791406 0.32283901627514894 0.2987605115135733 0.747040536324195 0.36029595041483986 0.25803132279113977 0.26780709963716776 0.6569472736076126 0.5438120856991668 0.4724096288299038 0.34031144493383353 0.27876794811158484 0.43827205755524046 0.11912797580803391 0.4536597258942869 0.1875312776511831 0.7016239158654138 0.7497963880288498 0.292471888134757 0
0.2635428397459184 0.46535365283381347 0.13011471510652578 0.2222509880841191 0.4290799300031446 1.0 0.12122347709715318 0.15821357754162463 0.6513434968250598 0.46972516769382916 0.5037457067751968 0.2220156035799192 0.13187433917635005 0.1241867797874743 0.2319713862272207 0.20022006503815412 0.31515290120724954 0.33423420857384833 0.4125617066246178 0.3285030801712282 0.2987886030957001 0.25232501369889265 0.3594897551829291 0.23631059228202791 0.45394105207994245 0.43253017254281545 0.3238396213165939 0.21883200352280613 0.49549757141823453 0.519982710503833 0.5087848620514391 0.3872994622087686 0.46765638275530313 0.3311389030515098 0.31734054681741425 0.29936170341994034 0.3545384610482884 0.28362420694696894 0.36021510861806966 0.37979152550571404 0.39092219458938476 0.4275415639804324 0.36370894806159865 0.35311938989698816 0.36770869496133063 0.32980892698972286 0.4335065538554859 0.34986654737678946 0.3516759245550483 0.2942050059021659 0.2687452942110673 0.35667232573085395 0.35634561856341995 0.18419072047693594 0.3205519546890485 0.3567545476036427 0.31598380228064904 0.374566720934963 0.5208122920514304 0.3241195823729922 0
0.25078924112786233 0.2693726805255984 0.006669019495157497 0.27502245916021917 0.3617592712062767 0.12122347709715318 1.0 0.22472229285360185 0.09227563356536925 0.12713119207687493 0.09969922353776212 0.2760640070534786 0.6666657414363405 0.5742725179079995 0.4018323245909352 0.4451648361853914 0.18246429405438966 0.41347308780905756 0.3096935831021493 0.41166972994042605 0.41826427120584897 0.38985921367409165 -0.0816308208956236 0.45900790362026417 0.27689911857823657 0.0035484609261012823 -0.018109818356177823 -0.027351874099421733 -0.03622383703214026 -0.0694707549404045 -0.030689495156806287 -0.06082035559398648 -0.005656530424060335 0.01450257637561056 0.030065304217789635 0.2305817243775441 0.11919459729032021 0.2726483695472683 0.02736397167334878 0.29332694196668985 0.009986514999014803 -0.01978422635394529 -0.0991337277847904 -0.15450902888248708 0.23681996128332938 0.005609459198667011 0.04910862720446835 0.12578128067743372 0.21779977697894418 0.3300433408530449 0.3573367850731878 0.1797168470901852 0.0920365379430861 0.40495081529279375 0.050623289245567055 0.015133366366257478 0.008314380585386347 0.34759984314957904 0.38100840450898155 -0.07711246848600328 0
0.47206144130831085 0.45566430762850085 0.4635228916938322 0.6680274843370554 0.4395555943113981 0.15821357754162463 0.22472229285360185 1.0 0.21686726924456268 0.3619041095379089 0.2134076840761618 0.5771924926888028 0.3308910515037077 0.4142280021972312 0.19878325669734703 0.1806360279039321 0.22754255840756374 0.5576391736455768 0.36315730983283795 0.5054238430430746 0.2132243056531262 0.48335328408986333 0.3022478735106505 0.3489680178946637 0.3930656524928486 0.19208404312070865 0.27330547677281114 0.5231572685288404 0.20809054963893914 0.046330706469864535 0.2130354498333195 0.20354944299965494 0.10971299637472223 0.26323432865151636 0.34222855989986617 0.4744149809485912 0.30917725452167605 0.5475585494414066 0.3641394989858719 0.401131103845016 0.18319764418012313 0.25227311248527673 0.28009770891227237 0.2705028614667279 0.5059162341198606 0.22516537750379687 0.23379572068885368 0.1588610942459401 0.4087108164099894 0.24986145852595226 0.43990412310009125 0.06817375331139972 0.2622366577552708 0.17595217100157698 0.1661221479431027 0.27785646961053145 0.2158287800385302 0.4574560289940768 0.45234911643506137 0.38006354879636495 0
0.27772034457462763 0.4551130078769752 0.33282146799476975 0.2231035728219201 0.4098537806347946 0.6513434968250598 0.09227563356536925 0.21686726924456268 1.0 0.7004449710058931 0.6725942922844176 0.27846135832220664 0.15093353102306073 0.10476969993880991 0.20386098351391335 0.2138167737390695 0.5680164441829588 0.34703007138434316 0.4178982846893838 0.26699156738236623 0.24078742903597555 0.22360325986298293 0.5961576234511499 0.24822759448336223 0.4210002856761221 0.7032842721570329 0.5915723966783097 0.3832210490684086 0.704299266712163 0.6544273837111316 0.8032778409388603 0.574082849836179 0.7006120336654036 0.5791347522268525 0.5861005440395651 0.31656836525568255 0.6069602887917457 0.38423991115186307 0.6160579582977602 0.3522586366635212 0.584865160330529 0.6338852532928014 0.5827711674206596 0.5329853033521792 0.39802171713184004 0.5484290269515989 0.6367749692993337 0.5641651460884537 0.3650568368908491 0.296131494993361 0.22825194688116196 0.5427749011317873 0.5727514009172741 0.20743197483409534 0.5173181592126679 0.5870035009657122 0.5473963299113418 0.36635548505624577 0.5552118611414201 0.5725298390407274 0
0.39749020738183993 0.5807207185320937 0.2837849764343974 0.32732013402664933 0.618724198576135 0.46972516769382916 0.12713119207687493 0.3619041095379089 0.7004449710058931 1.0 0.6865772289081883 0.5067534833842754 0.22690229742160706 0.2437445049431709 0.25083154401204083 0.23165821925727043 0.4598516609384771 0.42515537648105356 0.47471566004305427 0.3496280415277396 0.3446632190762857 0.33877430638544787 0.5739742699673879 0.3208176847433275 0.48975189328145907 0.6436123583853284 0.5516794821126443 0.40674803389270164 0.6611093035048529 0.5760798862778115 0.6970377425191242 0.5379485022505245 0.5409111766258226 0.5573554181530426 0.5836845501775145 0.6066977615924314 0.5474746322367072 0.42714235996599903 0.7031505560560734 0.49697034633094617 0.4980231541920058 0.5970868306977146 0.6150072564878586 0.5915977257389032 0.5970402786456649 0.5360452019355335 0.5230861915786128 0.45291073467348586 0.44975331916036476 0.35995127854249137 0.3366366067695916 0.5131042369965173 0.4653660508846077 0.23590105189341204 0.36431102479352867 0.598621073433034 0.41826932840881276 0.5137789189916458 0.6158879022808101 0.6172912002671702 0
0.35768802963573654 0.6026763726644208 0.2031624607788533 0.29275443152069935 0.5611952185530261 0.5037457067751968 0.09969922353776212 0.2134076840761618 0.6725942922844176 0.6865772289081883 1.0 0.36279548715912247 0.19242299524579465 0.17802688762092597 0.19621847917941582 0.23789474745879513 0.37306316305491005 0.3599394107837012 0.4742461952870375 0.2683407033934279 0.2970236260088326 0.3036042356975922 0.4357093090194357 0.22131823597135122 0.4661602876093748 0.5084988578923707 0.49777327161065255 0.2291436678329116 0.5403569775389714 0.5093738389674983 0.6262116011058477 0.47019415887330057 0.5418336622575847 0.44682527148168705 0.524599218565912 0.4778599509503311 0.4602766359311361 0.37220582796031 0.6010502875474975 0.4412204056630711 0.4431822799803693 0.4727375973492428 0.44995185680134353 0.44740439275684124 0.48070369424558024 0.4232827004377059 0.44793275426681894 0.39396133500735997 0.3741536347013397 0.3187081589934485 0.24999398462807226 0.44404004713350476 0.5418069279954703 0.20681803818399627 0.3764558868403985 0.47407918229247226 0.44343567432731257 0.41709027076583394 0.5768302227728256 0.42853692274396205 0
0.38510757398351697 0.5253867794750898 -0.22235491092276977 0.32755830627064403 0.5114048866182368 0.2987886030957001 0.41826427120584897 0.2132243056531262 0.24078742903597555 0.3446632190762857 0.2970236260088326 0.38557491934726945 0.6125577032871136 0.4988838503413101 0.6552609982627535 0.6156746962710398 0.20197173175784172 0.524555174222243 0.5928207316620826 0.54730399030979 1.0 0.5051373259046514 0.08680627920242709 0.7027097931731761 0.6333573776620118 0.21721981949462746 0.1639666833161769 -0.06238696453128187 0.1654571358508255 0.2074694716334043 0.24668741476891315 0.1067629347919129 0.14023356407433812 0.08823583047207828 0.24386500795799973 0.48380417866744296 0.04861402830474515 0.256610099395566 0.20496167503416307 0.5617343855455064 0.11391481887577623 0.14183562905158276 0.13206572895424462 0.05361613466869955 0.4808497365817942 0.04396276821878742 0.1511422576092352 0.3645419235100086 0.6078464084897911 0.7117964475900299 0.5200713454768853 0.5157822571540973 0.14036799531229016 0.6833422948773877 0.16804598908668963 0.12417844858847282 0.11900760190284723 0.5364215933266414 0.5766134382816579 0.11499212002498416 0
0.3851393145250649 0.4911306886092689 0.15445864772748258 0.5362466061993836 0.4882490644246186 0.25232501369889265 0.38985921367409165 0.48335328408986333 0.22360325986298293 0.33877430638544787 0.3036042356975922 0.35623382514163837 0.5995532334296692 0.6531896285179946 0.3665369395858695 0.4128122506735502 0.40502352044731504 0.6932025142014067 0.5007140285359313 0.666962373560192 0.5051373259046514 1.0 0.11311268949339376 0.537161013398809 0.5593796385152883 0.22476089743883343 0.12747522700134306 0.24749315777306358 0.20190715241478285 0.13485607739567548 0.2151784612642862 0.0830836270041626 0.21231723198417343 0.11028841583361929 0.16495931404153047 0.42781392597600043 0.3097559169412783 0.5029826633020245 0.2026021703273098 0.4876507919305659 0.07056533406283264 0.13033297611925151 0.11029857920919228 -0.003273962364085156 0.45105244229688246 0.05822590238501993 0.3756070632326203 0.23662733065209665 0.518405557593083 0.502999209546496 0.6176025035555988 0.32943756389260015 0.44331766460807176 0.4400514971606691 0.3797733353869813 0.10789846317439505 0.42299439352609997 0.46389541317925187 0.5311904855741296 0.14041828020239433 0
0.34344140015014557 0.5001208276833646 -0.13454373734850578 0.3995313910337519 0.49356491888981846 0.23631059228202791 0.45900790362026417 0.3489680178946637 0.24822759448336223 0.3208176847433275 0.22131823597135122 0.36077483752518563 0.6908053601379631 0.5726655443851096 0.6683712134402509 0.6296454400204197 0.3369055860145807 0.5342746378028954 0.481321647366373 0.4866939787258029 0.7027097931731761 0.537161013398809 0.07749071715685979 1.0 0.6058586059998847 0.15950106458052477 0.08705298429193373 0.012775498782544636 0.16470556833513056 0.11928142302853968 0.16640463252645413 0.03915606387612827 0.11726445121495388 0.10904604202605539 0.13104703014719898 0.4124244576222864 0.0935341473366407 0.2512285511260556 0.1688005167859092 0.5088713416786224 0.01871776591427493 0.13449581285663706 0.10102057084414054 0.05059649043803244 0.4688196019370944 -0.010744485408104854 0.19691496614732823 0.25310506684713435 0.501749613349483 0.5701879084873274 0.3960508170032314 0.49171576725233695 0.18902757328319422 0.6992992611513642 0.14757951611094183 0.1421258034149676 0.05108794019907209 0.45950038325794096 0.48159371492437075 0.08655464960722475 0
0.49127792402285875 0.700613046681933 -0.031375896914243556 0.488534055952936 0.7264525742610396 0.45394105207994245 0.27689911857823657 0.3930656524928486 0.4210002856761221 0.48975189328145907 0.4661602876093748 0.49418425149674233 0.3931608497224784 0.3780224604078603 0.48513969633890486 0.5670572864076895 0.360279777456359 0.5825092481840476 0.6227641469738231 0.5599198919825377 0.6333573776620118 0.5593796385152883 0.24299142705352028 0.6058586059998847 1.0 0.33384831271922616 0.2188542949302666 0.056478886883796126 0.3283062330058107 0.3655225850709868 0.3718037308550648 0.2392820981258573 0.32353584104075295 0.22355381413776068 0.3073041880016995 0.6609894033242418 0.24262908421811882 0.34279105989834213 0.35824868205720967 0.7163242371027959 0.23039648333094145 0.271298388807466 0.22484409579949347 0.19925053641353285 0.6787434555310031 0.1762584463910204 0.2975206249700795 0.40555671728829285 0.7405209342901793 0.6960704705223166 0.5135852636273476 0.44493002399833553 0.3015361162743945 0.5647838528257724 0.24991498009169 0.278779932483612 0.28942625965138125 0.591340735701886 0.6859428358944946 0.24611303813616592 0
0.47215673062212904 0.3811520265878604 0.38460386711671635 0.19604551523500233 0.40328982536766195 0.43253017254281545 0.0035484609261012823 0.19208404312070865 0.7032842721570329 0.6436123583853284 0.5084988578923707 0.33212524422078193 0.05575709354541958 0.05747744515946948 0.12748577235143171 0.11238765321165438 0.4126163743878276 0.20804386962236482 0.3830493136397237 0.23057380521330118 0.21721981949462746 0.22476089743883343 0.6647986837461661 0.15950106458052477 0.33384831271922616 1.0 0.7010094912305959 0.47186460697491717 0.7994766441134838 0.7201504592357559 0.7668354906560352 0.7118986506100451 0.7223447898539108 0.5826977162988052 0.6608109079445563 0.4195655066807499 0.5724712988579845 0.40206676976903094 0.6878123785013222 0.2735624691058828 0.6003915184716403 0.6949635644635697 0.5912506232670331 0.6378197327138508 0.39263456258434726 0.576838894282663 0.5856564176536925 0.5096014616900254 0.33950362174970233 0.2232815448711834 0.20030376244281262 0.5012110435380706 0.44152791752425546 0.13490561172511822 0.4086205348198335 0.6417984940494675 0.49355853273248596 0.41355043608720204 0.44819004694043435 0.6466009050861234 0
0.5708380532208375 0.34117058077897033 0.4771628879705662 0.21338735310063361 0.3976070133262742 0.3238396213165939 -0.018109818356177823 0.27330547677281114 0.5915723966783097 0.5516794821126443 0.49777327161065255 0.4689364926842186 0.04564158082167925 -0.0013083118731828935 0.09569341289422721 0.12341123190127297 0.31610872038704185 0.14803087791777966 0.31428327110380694 0.11248953262157893 0.1639666833161769 0.12747522700134306 0.7319693728041807 0.08705298429193373 0.2188542949302666 0.7010094912305959 1.0 0.5433204394454743 0.6107220772535893 0.5177751190871612 0.6520127467202597 0.727560228620012 0.6162183386869601 0.752041759542988 0.8195010254173584 0.32221375614155423 0.47480334815130565 0.28791966710047473 0.7844839155770889 0.23990387836387567 0.7378673114198906 0.7555777049477661 0.7260587524461892 0.6309137398808929 0.3231410999357962 0.7663569153064494 0.4347445844396395 0.4086999772206167 0.3255629518373031 0.1354448075042597 0.08007383156285565 0.3795311285614932 0.39504273596995887 0.12277532049611736 0.2765055093904539 0.7848383375885573 0.3918031677739039 0.39475323438763854 0.37897289861513955 0.7426182895627341 0
0.23347429885950055 0.10335408252865122 0.7233558738582089 0.3132572143173451 0.1325388240873022 0.21883200352280613 -0.027351874099421733 0.5231572685288404 0.3832210490684086 0.40674803389270164 0.2291436678329116 0.18381059700868208 0.06111498018759451 0.12722585363723832 -0.13727786167353503 -0.07300037190376879 0.4282990481709683 0.2764271387799325 0.06461961134319297 0.2820913144526831 -0.06238696453128187 0.24749315777306358 0.6417672115680396 0.012775498782544636 0.056478886883796126 0.47186460697491717 0.5433204394454743 1.0 0.5140723923023214 0.40585751426228645 0.44300413225503105 0.5249481567775792 0.3729161454830673 0.5080992460262861 0.5021155300608675 0.1541496460383927 0.5601301127194642 0.3855367085013729 0.5503027496567737 0.09697167708670554 0.5175678025135036 0.6209346135308564 0.46771652698491906 0.5779391331069332 0.12605585938971936 0.4865777885056755 0.5472008213261214 0.2927827429418898 0.11504738109954851 -0.04259891918340003 0.24374951123168528 0.20427218548308623 0.3908762588423351 -0.07066926068120624 0.3980560358655005 0.5355871394985532 0.4738948670052407 0.10053774117414341 0.05808018553022473 0.6183247306367539 0
0.38989170772060344 0.45135448508621684 0.41473784536548974 0.16325425479633762 0.4150858366607908 0.49549757141823453 -0.03622383703214026 0.20809054963893914 0.704299266712163 0.6611093035048529 0.5403569775389714 0.28701404305628453 0.07938108550225803 0.07730799862979434 0.167797447313151 0.14920528155620838 0.44255900272948206 0.19881088006812078 0.43433806019390886 0.21919922211529913 0.1654571358508255 0.20190715241478285 0.8222865338332805 0.16470556833513056 0.3283062330058107 0.7994766441134838 0.6107220772535893 0.5140723923023214 1.0 0.7211585889138324 0.7915443784061813 0.6529203827790835 0.7750480017062295 0.6817046091145944 0.6468548487686605 0.40252374788529577 0.5470329020479652 0.4177355592990279 0.6845316419393763 0.2651910482371775 0.7034032558336528 0.7786718928936558 0.5946181774596784 0.67953511514941 0.39319394279777564 0.6253461339918804 0.6620098716336733 0.5734650075252049 0.3516770006282026 0.2308059051081648 0.22476786573162466 0.49353390938977393 0.5079785690748448 0.18108608333522389 0.5074977005700206 0.6952378864506132 0.5563989778059429 0.33083166843251843 0.40994594133070134 0.7086928329833837 0
0.23810837014598105 0.3481668113869069 0.30866214210247833 0.13239817954786504 0.3891393575258976 0.519982710503833 -0.0694707549404045 0.046330706469864535 0.6544273837111316 0.5760798862778115 0.5093738389674983 0.1335222843697734 -0.006236821726964159 -0.014842647836061998 0.12413158773102959 0.15124615568081679 0.4115689671400869 0.18613173948384382 0.3241272576825984 0.1948129849065513 0.2074694716334043 0.13485607739567548 0.5767036261203833 0.11928142302853968 0.3655225850709868 0.7201504592357559 0.5177751190871612 0.40585751426228645 0.7211585889138324 1.0 0.7007681101273395 0.669787105329701 0.707808336581256 0.5202792397796459 0.544789324100139 0.43671287316827834 0.5584388163451861 0.24776298497781982 0.5767514007538115 0.3761785890862104 0.5197272685050894 0.6419632507885558 0.5266003219492108 0.6989192300575829 0.34230799930616257 0.4803969208203519 0.6184479666877216 0.4752900754377761 0.3241532556527391 0.26516837654686787 0.17517024947306004 0.498221206334583 0.35913098481843225 0.21732608859293653 0.4471750875221695 0.5301092260171709 0.45527419043396117 0.29051438906531746 0.33800373268242817 0.5065198361960692 0
0.36037421874958603 0.47776737065891245 0.2815920705944357 0.22460724153978154 0.415117523169474 0.5087848620514391 -0.030689495156806287 0.2130354498333195 0.8032778409388603 0.6970377425191242 0.6262116011058477 0.3198955420310876 0.08242757701589631 0.05413583969031778 0.196108450971695 0.22111773710961735 0.4754390019240997 0.252843211679964 0.4646707091878754 0.24706043181086534 0.24668741476891315 0.2151784612642862 0.7198644025845116 0.16640463252645413 0.3718037308550648 0.7668354906560352 0.6520127467202597 0.44300413225503105 0.7915443784061813 0.7007681101273395 1.0 0.7058244061395436 0.8225579926544975 0.601151206788288 0.6580616915236115 0.46955059404676314 0.5813642944612651 0.400358343461664 0.7065269844236775 0.38903708538873155 0.674775370786224 0.7381297249938145 0.610271189721647 0.5889377185106067 0.3891812805915117 0.6025420063653789 0.6677972518273303 0.5866359683109902 0.4580290510974039 0.33349869447577646 0.28227807420420603 0.5390393635067932 0.4903366911513693 0.25300572701276614 0.5606713434116342 0.6536538666576768 0.6306971709491334 0.3751757501250348 0.49488432132562044 0.6832812887168609 0
0.49615100590308736 0.3147974850345755 0.3715117676153149 0.17922215859136392 0.34513988837810095 0.3872994622087686 -0.06082035559398648 0.20354944299965494 0.574082849836179 0.5379485022505245 0.47019415887330057 0.3510484253857261 -0.015667198947780583 -0.04123091647866507 0.042359678328060035 0.10257149204003256 0.34583722693072905 0.10726519883871263 0.2524514831017597 0.10371438670860517 0.1067629347919129 0.0830836270041626 0.7041135914632195 0.03915606387612827 0.2392820981258573 0.7118986506100451 0.727560228620012 0.5249481567775792 0.6529203827790835 0.669787105329701 0.7058244061395436 1.0 0.6561615179347325 0.6137715084345494 0.7289236200789214 0.395967574908726 0.4692429736306324 0.2411792545076552 0.7777111282647713 0.26888816477872834 0.666615273924985 0.7870745540152683 0.6767663781491797 0.6943055663013613 0.3064254099331646 0.6468369235165039 0.546441371394663 0.3925460114775331 0.285575074635571 0.16587090353802217 0.09592560002120026 0.3603882285473351 0.3460304371683739 0.11144243662444425 0.3548059213086826 0.7022957091094983 0.40485835210622895 0.39985723903938203 0.3162525673770897 0.7011300309432249 0
0.3242415931133823 0.39221058100085093 0.3375953811577487 0.1554699150451145 0.44637102167860354 0.46765638275530313 -0.005656530424060335 0.10971299637472223 0.7006120336654036 0.5409111766258226 0.5418336622575847 0.2002655766184453 0.012016776636703405 -0.007248853978678305 0.15091417262581633 0.1934986070991716 0.4463403369177429 0.18610763100136057 0.39028368734123214 0.19479730558937006 0.14023356407433812 0.21231723198417343 0.6479625721251925 0.11726445121495388 0.32353584104075295 0.7223447898539108 0.6162183386869601 0.3729161454830673 0.7750480017062295 0.707808336581256 0.8225579926544975 0.6561615179347325 1.0 0.6052130706821546 0.5829599627212949 0.3853376547403208 0.5986171368924794 0.32393468514319756 0.6166660610030571 0.3122532068424978 0.6643348985299216 0.6861132437897478 0.5064327587670183 0.501269424080082 0.29035435318050096 0.5701093936435424 0.6245496176743502 0.5811396044936807 0.42289677670319914 0.29038605028305053 0.22585727442293801 0.5213363916575638 0.44613404141035834 0.2715983471192659 0.49953633835578615 0.6255782376556662 0.5930733833119604 0.35511331376721356 0.39924989517273995 0.5780342552974518 0
0.5658387997359474 0.42590319338622895 0.39965914588070994 0.24765358476429417 0.4389977678769006 0.31734054681741425 0.030065304217789635 0.34222855989986617 0.5861005440395651 0.5836845501775145 0.524599218565912 0.5280849424120436 0.10823935387870304 0.07047443726063399 0.1932252477612326 0.1773444524847627 0.3556245112385794 0.2349353673504828 0.39054841457945505 0.21066853974596617 0.24386500795799973 0.16495931404153047 0.7541221445404336 0.13104703014719898 0.3073041880016995 0.6608109079445563 0.8195010254173584 0.5021155300608675 0.6468548487686605 0.544789324100139 0.6580616915236115 0.7289236200789214 0.5829599627212949 0.7228234193532314 1.0 0.38701010626208576 0.4342480086973181 0.3614824975215694 0.8570096179922485 0.2932139704746045 0.7330195106071408 0.790531911735944 0.6855601744860458 0.648978959992747 0.4136833690048203 0.7358543240966655 0.4096712200915688 0.39985692919556454 0.3642993276880459 0.21591112626804634 0.1991152870976129 0.3967817992973134 0.39094301312548013 0.18781397348517467 0.29820482522840996 0.7538949746335826 0.3889615974090733 0.47639290093317127 0.45105370059617045 0.7680799924883243 0
0.5798495083033515 0.7267664308138888 0.11276044539023675 0.5317767339900443 0.7788507331031669 0.29936170341994034 0.2305817243775441 0.4744149809485912 0.31656836525568255 0.6066977615924314 0.4778599509503311 0.6482592064206909 0.3089524715918036 0.3145664134600185 0.3495736514892578 0.3646935032327165 0.13637123238114682 0.4833869183489543 0.6215860512818691 0.5171901666139845 0.48380417866744296 0.42781392597600043 0.3440401973062077 0.4124244576222864 0.6609894033242418 0.4195655066807499 0.32221375614155423 0.1541496460383927 0.40252374788529577 0.43671287316827834 0.46955059404676314 0.395967574908726 0.3853376547403208 0.29711553106113997 0.38701010626208576 1.0 0.3589873529535631 0.450488598942509 0.4919432759082617 0.6888096667722617 0.26282189463414335 0.3302067799603151 0.28572177611546706 0.39656765902721836 0.7550454707013836 0.276008640901773 0.2572036345176627 0.30990350558531565 0.6696622245548998 0.5300319777632481 0.4890917925818925 0.27592144209450475 0.17844037461975404 0.3909742974959831 0.14194878867500332 0.33681789043675686 0.25068269081806516 0.6495118217220442 0.7213723715887984 0.3446572040235286 0
0.19339544502198025 0.20056655561769163 0.5987101395075496 0.24242049536792284 0.37253664567566647 0.3545384610482884 0.11919459729032021 0.30917725452167605 0.6069602887917457 0.5474746322367072 0.4602766359311361 0.176553417065297 0.10298623795610565 0.11855053619038716 -0.024495597599579255 0.01530347651712815 0.5468921270454852 0.3327142233076284 0.1360144022048633 0.29804829548035217 0.04861402830474515 0.3097559169412783 0.4622248693302538 0.0935341473366407 0.24262908421811882 0.5724712988579845 0.47480334815130565 0.5601301127194642 0.5470329020479652 0.5584388163451861 0.5813642944612651 0.4692429736306324 0.5986171368924794 0.46229096053068963 0.4342480086973181 0.3589873529535631 1.0 0.40941280967602434 0.5231384987415783 0.23796859507037466 0.4489477259827115 0.516027599930813 0.44160231949045115 0.45201091551234507 0.20072329198741298 0.4869670473106654 0.5931597927991015 0.328217948955711 0.23216539791101604 0.10996574593427491 0.25181031278030186 0.3906302612005299 0.45875354496765813 0.10862769255973607 0.461521386224851 0.4985756035908012 0.5081878369727169 0.21710488213188017 0.2634518897993836 0.5056972903145613 0
0.3772519060364167 0.4994312713438043 0.2624978810967078 0.59505957301874 0.501665040197385 0.28362420694696894 0.2726483695472683 0.5475585494414066 0.38423991115186307 0.42714235996599903 0.37220582796031 0.3584137132994549 0.32147615662948614 0.3836590501572562 0.251475206692187 0.2128658297270925 0.3213487894689518 0.5689792811577266 0.42655108149535 0.5509147833708692 0.256610099395566 0.5029826633020245 0.34429431611585404 0.2512285511260556 0.34279105989834213 0.40206676976903094 0.28791966710047473 0.3855367085013729 0.4177355592990279 0.24776298497781982 0.400358343461664 0.2411792545076552 0.32393468514319756 0.2889729917608507 0.3614824975215694 0.450488598942509 0.40941280967602434 1.0 0.37839092953753684 0.39352951048083185 0.28187975193679426 0.30997477552392283 0.25455233119136184 0.21554663338237323 0.4608832182595746 0.2464541144747871 0.4142630550698519 0.2780811908286708 0.39394105930897855 0.25604656383507324 0.5157919220321927 0.16003173392371078 0.4136200454828954 0.13809238565579188 0.33874274652987896 0.2932362190407144 0.4417823816207473 0.38594502133605785 0.5286623294527282 0.2835687930883244 0
0.563746827710729 0.45635448262250106 0.40798379010412683 0.2857497515519163 0.5164439467265167 0.36021510861806966 0.02736397167334878 0.3641394989858719 0.6160579582977602 0.7031505560560734 0.6010502875474975 0.507143143794386 0.12409798697107438 0.07694928412694763 0.17797479189562787 0.17380919617855378 0.38956072986383217 0.2281754225901771 0.38368907226702764 0.19354715878159984 0.20496167503416307 0.2026021703273098 0.7572847934155662 0.1688005167859092 0.35824868205720967 0.6878123785013222 0.7844839155770889 0.5503027496567737 0.6845316419393763 0.5767514007538115 0.7065269844236775 0.7777111282647713 0.6166660610030571 0.7092496344832866 0.8570096179922485 0.4919432759082617 0.5231384987415783 0.37839092953753684 1.0 0.3534189903962928 0.7347753413570639 0.7943361617942453 0.685562301615722 0.6581386162803534 0.4292129103584919 0.7462045906260564 0.46220560767327923 0.4084033589792273 0.33444170259727507 0.23840766075242634 0.1931257324028338 0.42494769018321077 0.4184056895017299 0.1947772222425598 0.32312406529587134 0.7945343304357075 0.41141858093162575 0.4597880612932764 0.4453686940986166 0.7809721463352729 0
0.5438086183849822 0.663196765185305 -0.0071995633831920675 0.5376128878842064 0.6569472736076126 0.3516759245550483 0.21779977697894418 0.4087108164099894 0.3650568368908491 0.44975331916036476 0.3741536347013397 0.5118791067211882 0.33061382760397706 0.31668739205535235 0.4548105692407691 0.5442727343510587 0.2452332331921163 0.560402267695682 0.6445266454513292 0.5962872882394784 0.6078464084897911 0.518405557593083 0.31144407541489366 0.501749613349483 0.7405209342901793 0.33950362174970233 0.3255629518373031 0.11504738109954851 0.3516770006282026 0.3241532556527391 0.4580290510974039 0.285575074635571 0.42289677670319914 0.29164764176755664 0.3642993276880459 0.6696622245548998 0.23216539791101604 0.39394105930897855 0.33444170259727507 0.6754876437080353 0.2943322170737834 0.311869942135309 0.2603309170501509 0.15449457908622954 0.6736659541866425 0.20447657681130357 0.3529560567232779 0.46323919610479336 1.0 0.6591290356123134 0.6168195463518459 0.33678211620658055 0.2841229705178054 0.5793663432335 0.2617614666047474 0.3020913985968135 0.40355225312340154 0.6483002815417238 0.6934695345129692 0.32090884356199323 0
0.3784363449413475 0.527592845685374 -0.1572312768257508 0.38685809497369517 0.5438120856991668 0.2942050059021659 0.3300433408530449 0.24986145852595226 0.296131494993361 0.35995127854249137 0.3187081589934485 0.387306620983329 0.45754143280753906 0.4290065927485085 0.5516349067797494 0.6274951076674842 0.24569107128501705 0.5034120783200781 0.4796443370912403 0.5236693528386008 0.7117964475900299 0.502999209546496 0.1302300073263521 0.5701879084873274 0.6960704705223166 0.2232815448711834 0.1354448075042597 -0.04259891918340003 0.2308059051081648 0.26516837654686787 0.33349869447577646 0.16587090353802217 0.29038605028305053 0.13256687671685874 0.21591112626804634 0.5300319777632481 0.10996574593427491 0.25604656383507324 0.23840766075242634 0.6144437188022109 0.15750231640273718 0.16620767387466537 0.11952444321866168 0.04795257517391044 0.5113576454410302 0.0967458777152094 0.27983718589025514 0.43418946120565627 0.6591290356123134 1.0 0.5564695490624783 0.4033264598046346 0.20974586408556398 0.6739438584323234 0.31847270605516825 0.14749600140413568 0.28241170110911035 0.46732769207940994 0.5526093714673675 0.12914735867904067 0
0.33738974878643263 0.5349066176049213 0.1067669888357138 0.578148770062198 0.4724096288299038 0.2687452942110673 0.3573367850731878 0.43990412310009125 0.22825194688116196 0.3366366067695916 0.24999398462807226 0.32517757150188087 0.46498788777456923 0.4517237416044927 0.26932185409495946 0.25167170770087466 0.28886989049901496 0.6512491467478989 0.550425321196245 0.8080381879432301 0.5200713454768853 0.6176025035555988 0.16989289099544103 0.3960508170032314 0.5135852636273476 0.20030376244281262 0.08007383156285565 0.24374951123168528 0.22476786573162466 0.17517024947306004 0.28227807420420603 0.09592560002120026 0.22585727442293801 0.07292570500718108 0.1991152870976129 0.4890917925818925 0.25181031278030186 0.5157919220321927 0.1931257324028338 0.5348265288096489 0.14069260625431002 0.1490840834415922 0.06838681482291056 0.04544428278545257 0.5129163686350733 0.03659998566751685 0.3389416378093284 0.33086626204541614 0.6168195463518459 0.5564695490624783 1.0 0.21676178372043053 0.3482963049825534 0.31413242910728917 0.3590165568071161 0.09645373664957636 0.4677110758939366 0.5049028042015422 0.5809361031986608 0.14303799939552925 0
0.22225775371085213 0.3001370965875164 0.09323277283534775 0.10018468312474388 0.34031144493383353 0.35667232573085395 0.1797168470901852 0.06817375331139972 0.5427749011317873 0.5131042369965173 0.44404004713350476 0.18821121303433036 0.3614068851597266 0.2890839128364553 0.46288226322235787 0.4545230354688281 0.5012766178306888 0.31074631999918 0.35876990544889864 0.22532360935210252 0.5157822571540973 0.32943756389260015 0.43115757210664 0.49171576725233695 0.44493002399833553 0.5012110435380706 0.3795311285614932 0.20427218548308623 0.49353390938977393 0.498221206334583 0.5390393635067932 0.3603882285473351 0.5213363916575638 0.40536596283891835 0.3967817992973134 0.27592144209450475 0.3906302612005299 0.16003173392371078 0.42494769018321077 0.2937870888036565 0.3981799318128506 0.4312412289021855 0.4113797957949931 0.3178776680441048 0.2960960761265787 0.3613586220336868 0.43271930377746953 0.42275057735082494 0.33678211620658055 0.4033264598046346 0.21676178372043053 1.0 0.4061411793769831 0.5836878851364892 0.4300365299957579 0.4341797788617052 0.3813504881916635 0.305571283727699 0.3506896693294803 0.38732383844529134 0
0.19359276327964137 0.35794458029777876 0.3436344977600697 0.3265335445160452 0.27876794811158484 0.35634561856341995 0.0920365379430861 0.2622366577552708 0.5727514009172741 0.4653660508846077 0.5418069279954703 0.16006820682099174 0.2646792585097745 0.288672402849973 0.07829697121585484 0.13062044719889626 0.5995405068742687 0.4022566745487728 0.3492137709568057 0.30802648727443793 0.14036799531229016 0.44331766460807176 0.41743371289360176 0.18902757328319422 0.3015361162743945 0.44152791752425546 0.39504273596995887 0.3908762588423351 0.5079785690748448 0.35913098481843225 0.4903366911513693 0.3460304371683739 0.44613404141035834 0.40122869353321156 0.39094301312548013 0.17844037461975404 0.45875354496765813 0.4136200454828954 0.4184056895017299 0.19672541339966562 0.3645943993579504 0.4029042215393198 0.382151833856369 0.3014505392899085 0.2970134883128597 0.30958979333224146 0.6306372524345988 0.4318271599600355 0.2841229705178054 0.20974586408556398 0.3482963049825534 0.4061411793769831 1.0 0.09720705853917239 0.6451356815635149 0.4177683628186875 0.6643946058242003 0.21714275639545436 0.37756319385913456 0.37615591345070243 0
0.3152616284619696 0.34088082159669825 -0.18656385886742022 0.23492860164469914 0.43827205755524046 0.18419072047693594 0.40495081529279375 0.17595217100157698 0.20743197483409534 0.23590105189341204 0.20681803818399627 0.2836282989911262 0.5680998516243806 0.48731369815188574 0.7208846943231138 0.7882186342363515 0.2806924315424 0.43996953799762845 0.42262375114012146 0.3352356496897952 0.6833422948773877 0.4400514971606691 0.12823013959950544 0.6992992611513642 0.5647838528257724 0.13490561172511822 0.12277532049611736 -0.07066926068120624 0.18108608333522389 0.21732608859293653 0.25300572701276614 0.11144243662444425 0.2715983471192659 0.13702052495952016 0.18781397348517467 0.3909742974959831 0.10862769255973607 0.13809238565579188 0.1947772222425598 0.45619038019567093 0.1467551661749471 0.15083747061960887 0.08028573184920106 -0.027104451280801578 0.3186885119128017 0.07304190801700222 0.22129900521659412 0.3805454984432029 0.5793663432335 0.6739438584323234 0.31413242910728917 0.5836878851364892 0.09720705853917239 1.0 0.20849023278702888 0.15253141452515945 0.16013542807573503 0.3642652187444488 0.38310307659922826 0.14960178431966542 0
0.05206566071290211 0.14795316610459325 0.3001044313873683 0.20798690663041283 0.11912797580803391 0.3205519546890485 0.050623289245567055 0.1661221479431027 0.5173181592126679 0.36431102479352867 0.3764558868403985 -0.03230333198961759 0.22008246214289487 0.241690870558529 0.09583668942019284 0.15156008059806608 0.550322182239879 0.3061679490869158 0.2229435616114064 0.2702880509050837 0.16804598908668963 0.3797733353869813 0.40225215795789093 0.14757951611094183 0.24991498009169 0.4086205348198335 0.2765055093904539 0.3980560358655005 0.5074977005700206 0.4471750875221695 0.5606713434116342 0.3548059213086826 0.49953633835578615 0.2996614536515636 0.29820482522840996 0.14194878867500332 0.461521386224851 0.33874274652987896 0.32312406529587134 0.13627167181688218 0.35355479782666677 0.3680504265279193 0.2986192114240678 0.25704336797630045 0.18105796490129117 0.27130880243084404 0.7290428496498892 0.5425032207304114 0.2617614666047474 0.31847270605516825 0.3590165568071161 0.4300365299957579 0.6451356815635149 0.20849023278702888 1.0 0.3036786485791124 0.7370402414842775 0.09503492174542222 0.19896742719681532 0.32409700958171606 0
0.16664784414156936 0.30030511789217795 0.36708620802542724 0.3008005124659857 0.1875312776511831 0.31598380228064904 0.008314380585386347 0.2158287800385302 0.5473963299113418 0.41826932840881276 0.44343567432731257 0.06968890198794161 0.16664391719947447 0.2423548694225701 0 0.1576267656926891 0.5507354663892332 0.34827415039475484 0.30382640017571794 0.37676734291882574 0.11900760190284723 0.42299439352609997 0.4542633082928365 0.05108794019907209 0.28942625965138125 0.49355853273248596 0.3918031677739039 0.4738948670052407 0.5563989778059429 0.45527419043396117 0.6306971709491334 0.40485835210622895 0.5930733833119604 0.34367881343705164 0.3889615974090733 0.25068269081806516 0.5081878369727169 0.4417823816207473 0.41141858093162575 0.2232514137471756 0.4237861937130044 0.42913253382901584 0.3182545799375459 0.28173458282339203 0.24803870859104488 0.3164819554048598 0.7155880501953874 0.5541933601214654 0.40355225312340154 0.28241170110911035 0.4677110758939366 0.3813504881916635 0.6643946058242003 0.16013542807573503 0.7370402414842775 0.3608721401222727 1.0 0.17913497792185068 0.3141351755848293 0.42043887093108434 0
