-0.00026136,-0.0086034,-0.63638,0.065743,0.001442,-0.14565,-0.74152,-0.025596,-0.13748
-0.0003892,2.2182e-005,0.00051435,-0.0036928,0.39542,-0.13565,0.14271,0.52903,-0.72456
-0.00012465,-0.0041032,-0.30351,0.031355,0.00068772,-0.83937,0.4064,-0.13073,0.14174
-0.00090399,5.1522e-005,0.0011947,-0.0085773,0.91845,0.058401,-0.061443,-0.22777,0.31195
-0.00019471,-0.0064093,-0.47408,0.048977,0.0010742,0.39704,0.42297,-0.53768,-0.38361
-0.00707,-0.99986,0.012625,-0.0086643,-4.8206e-005,-1.3878e-016,1.0408e-016,0,-1.1102e-016
-0.00065672,-0.0073157,0.10287,0.99463,0.0091546,7.1124e-017,-1.9516e-017,3.1659e-016,-1.3889e-016
-0.99997,0.0070794,0.0002482,-0.00062473,-0.00099078,6.9389e-018,1.9082e-017,-1.3878e-017,-5.5511e-017
-0.00021238,-0.006991,-0.51711,0.053422,0.0011717,0.30788,0.28624,0.60117,0.43768
