-0.0017069,0.063436,-0.068151,0.57921,0.71472,0.25359,-0.2841,0
-0.99879,-0.048517,0.0066674,0.0038342,-0.00078753,0.00031526,-0.00031481,1.9851e-18
-0.0092311,0.049598,-0.66331,-0.58213,0.30126,-0.09604,-0.3444,-3.5359e-16
-0.0081942,0.11083,-0.70082,0.48765,-0.23857,-0.21676,0.39344,1.1725e-16
-0.00052105,0.015037,0.096038,-0.02984,0.20929,-0.33742,0.14481,-0.90057
-0.0010795,0.031152,0.19896,-0.061819,0.43358,-0.69904,0.30001,0.4347
-0.047442,0.98866,0.10971,-0.055643,-0.056181,0.031861,-0.031618,3.4831e-17
-0.0025392,0.015354,-0.057759,-0.28287,0.32642,0.52531,0.73069,1.0462e-15
