-0.0029652,-0.090361,-0.7903,-0.1041,0.46662,0.16146,-0.10362,0.31918,0
-0.0029201,-0.096407,-0.43735,0.53109,-0.14797,-0.026049,0.012933,-0.7033,-3.9297e-17
-0.009574,-0.94201,0.21836,0.029101,0.24248,-0.047712,0.042696,-0.03311,3.8355e-17
-0.0029095,-0.11737,0.063502,-0.11562,-0.26406,0.75758,-0.56251,-0.093547,-2.9994e-16
-0.0074086,-0.26726,-0.363,-0.46409,-0.71323,-0.22374,0.13161,0.072717,8.4043e-21
-0.00076956,0.00097211,0.0015327,0.00089139,0.013713,-0.25584,-0.35117,-0.00027642,0.90057
-0.0015943,0.0020139,0.0031752,0.0018467,0.028409,-0.53003,-0.72751,-0.00057266,-0.4347
-0.99991,0.01206,0.004073,0.0010384,0.0033367,0.00050629,0.0020064,6.5849e-05,3.7428e-18
-0.0017539,-0.099001,-0.025307,0.69102,-0.34948,0.024596,-0.030683,0.62319,-1.1096e-17
