-0.0029788,0.0043137,-0.0074727,0.016944,-0.90599,-0.00082367,1.624e-06,-0.0014135,-0.42286
-0.0049953,-0.18463,0.5433,0.24295,-0.00053151,-0.29564,0.00088592,-0.72407,0.0024203
-0.0032279,-0.09399,0.33093,-0.93338,-0.020531,-0.10009,-1.5165e-16,1.2663e-16,-2.2204e-16
-0.99983,0.017584,-0.0032986,0.00042209,0.0034061,0.00019092,8.6736e-18,-1.1102e-16,-2.7756e-17
-0.0017004,-0.15217,-0.33135,-0.043269,0.0017044,-0.54944,-0.75053,-0.0009183,1.8708e-07
-0.0052441,-0.19383,0.57036,0.25505,-0.00055798,-0.31036,-0.0008439,0.68972,-0.0023055
-0.00139,0.0020129,-0.003487,0.0079065,-0.42277,-0.00038436,-3.4803e-06,0.003029,0.90619
-0.015862,-0.93067,-0.13604,0.0092507,-0.0033923,0.33911,6.0079e-17,-2.4969e-16,0
-0.0019312,-0.17282,-0.37632,-0.049142,0.0019357,-0.62401,0.66084,0.00080856,-1.6472e-07
