-0.0022825,-0.088438,0.30896,-0.94102,0.026532,-0.10243,-0,0,0
-0.0036772,-0.18199,0.55288,0.23024,-0.00085213,-0.29061,-0.72113,0.026976,-0.054493
-0.002113,0.004037,-0.0071209,0.022526,0.89199,-0.00081708,-0.037317,-0.26865,0.36084
-0.0010689,0.0020423,-0.0036024,0.011396,0.45125,-0.00041335,0.073766,0.53104,-0.71329
-0.001224,-0.14732,-0.32937,-0.033303,-0.0016381,-0.56072,0.011179,-0.59766,-0.4438
-0.99991,0.013104,-0.0024016,0.00032103,-0.0024551,0.00013856,0,-2.0817e-17,2.7756e-17
-0.003856,-0.19084,0.57976,0.24144,-0.00089357,-0.30474,0.68769,-0.025725,0.051966
-0.011877,-0.93475,-0.13884,0.0068143,0.0032212,0.32676,-1.7208e-15,1.5266e-16,-5.4817e-16
-0.0013649,-0.16429,-0.3673,-0.037138,-0.0018268,-0.6253,-0.010024,0.53594,0.39797
