-0.91603,-0.39872,0.011745,-0.034485,-0.010893,0.0073071,0.0092374,0.0021413,0.0013203,-0.014033,0.00075604,-0.0031466,0.0045648,-0.0081869,-0.00061689,-0.0035489,0.0014872,-0.0032973,7.459e-05,-0.00029854,0.00081552,-9.7773e-05,1.6294e-17
-0.0032308,-0.0021178,0.00045453,0.017554,-0.0098374,0.008511,0.012414,0.007877,0.025241,0.29851,-0.010638,0.10803,0.49682,-0.094971,-0.0066961,0.46348,-0.010359,0.016126,-0.53971,-0.010987,-0.36779,0.0036257,1.6988e-16
-0.0010726,7.1476e-05,-0.00023986,-0.00039999,0.012329,0.0062057,-0.0027437,-0.016501,0.010884,-0.0078477,-0.0078484,-0.014012,0.0073262,-0.013639,-0.024115,-0.016653,0.12157,0.41753,-0.00031362,-0.001248,-0.0019089,-0.00062655,-0.89937
-0.0055898,0.01966,0.081491,0.00029078,-0.2986,0.35668,-0.31261,-0.11357,-0.3082,0.02222,-0.27478,-0.16162,0.029312,-0.029868,0.094119,-0.016167,-0.29418,0.08554,-4.8516e-05,0.60304,-0.019958,0.0064398,-3.6613e-16
-0.021037,0.076953,0.98389,-0.0075532,0.049933,-0.018601,0.055603,-0.016477,-0.023834,-0.00038411,0.0279,0.031176,-0.005024,0.0024988,0.0044054,-0.00043017,-0.027552,0.009539,-3.0734e-05,-0.081362,0.0033344,0.097432,-3.287e-17
-0.016226,0.011294,-0.0042442,-0.0043897,0.1054,-0.38401,-0.42398,0.36285,-0.29595,0.01431,-0.092116,0.43991,-0.084415,0.085847,-0.43814,0.0096553,-0.1661,0.062956,-0.00034693,0.038834,-0.0043426,0.012106,-2.9591e-16
-0.0038647,0.012975,-0.0033663,0.00082263,0.0082186,-0.067996,0.040636,0.094413,-0.28018,0.093964,0.55847,-0.61165,0.10187,-0.044312,-0.43655,-0.015892,-0.067905,-0.0053243,0.00014907,0.055001,-0.00020701,0.019496,1.0002e-17
-0.018901,0.025133,-0.014614,-0.0028146,-0.1261,-0.63796,-0.22194,-0.27418,-0.24696,0.071893,0.20223,-0.084728,0.006808,-0.023495,0.57506,0.0031365,-0.043432,0.054578,-0.00018325,-0.030226,-0.0008072,-0.012255,2.2616e-16
-0.015802,0.017171,-0.011076,-0.0030931,0.29578,-0.12817,-0.15724,-0.79935,0.10786,0.040384,-0.20725,-0.057331,-0.0022822,0.035701,-0.40786,0.0083866,-0.011307,-0.066091,-5.8237e-05,0.0044046,-0.0010068,0.0018022,-1.442e-16
-0.0066472,0.020116,0.049014,0.00033032,-0.35336,0.03738,-0.55465,0.11684,0.37043,-0.0040002,-0.16592,-0.33066,0.057422,-0.03617,-0.063021,-0.010204,-0.088317,0.0047727,1.6389e-06,-0.48123,0.014605,-0.16493,9.4491e-17
-0.00043244,0.0019003,0.081981,-0.00093541,0.14218,-0.19067,0.19685,0.08126,0.19873,-0.020564,-0.039497,-0.053954,0.013636,-0.016144,-0.0030319,-0.01294,-0.2624,0.069345,-0.00010565,0.22862,-0.01581,-0.84862,-1.5555e-16
-0.0025809,-0.0016839,0.00031162,0.0041266,-0.0081811,0.0068912,0.0098792,0.0052992,0.01232,0.077034,-0.0013607,-0.055141,-0.30355,0.054583,0.0036009,0.24449,-0.012083,0.023253,-0.54525,0.024577,0.73285,-0.006494,-5.7885e-16
-0.028675,-0.019461,0.0083725,0.99874,0.0061283,-0.0044006,-0.0058196,-0.0021234,-0.0042567,-0.03244,0.00091279,-0.0014748,-0.0023042,-2.3781e-05,3.0766e-06,-0.0074219,0.00013783,-0.00016044,0.0039117,9.2649e-05,0.0022407,-1.4741e-05,-1.8392e-17
-0.0022565,0.0077464,0.033931,4.7781e-05,-0.0027471,0.11143,0.0077871,-0.0030338,-0.58782,0.060969,-0.30549,-0.102,0.0053287,0.015115,-0.0071689,0.02432,0.54789,-0.15417,0.00022669,-0.24214,0.0058531,-0.38702,-1.0151e-16
-0.39753,0.91217,-0.080823,0.0074388,-0.016021,0.017244,0.043899,0.01459,0.015417,-0.0046284,-0.0018734,0.017764,-0.0026855,0.001703,-0.0042166,0.00042734,0.0056227,-0.001821,1.2508e-06,0.00070647,-1.9562e-05,0.00036748,-3.4392e-16
-0.0076532,-0.0050026,0.00098095,0.022665,-0.026646,0.023165,0.033874,0.021627,0.067515,0.7412,-0.02482,0.11384,0.30793,0.02024,0.001932,-0.032197,-0.0063801,0.015105,0.43006,0.013467,0.38385,-0.0032334,-2.0652e-16
-0.0013867,0.0051084,0.06382,-0.0004581,-0.19543,0.20586,-0.3466,-0.15756,0.16965,-0.012613,0.56272,0.34616,-0.061178,0.049358,-0.044051,0.023441,0.41035,-0.10636,0.00015078,0.23025,-0.0090811,-0.25197,2.2774e-17
-0.0026886,0.0065463,0.061389,-0.000759,0.033301,-0.3683,-0.060476,0.24304,0.32302,0.0023752,-0.2652,-0.28652,0.043405,-0.015563,-0.03758,0.014534,0.50449,-0.15737,0.00041173,0.47719,-0.011256,0.17049,1.9429e-16
-0.0091922,-0.0059996,0.0011236,0.017063,-0.030734,0.026287,0.038056,0.022376,0.061829,0.56528,-0.016473,-0.06579,-0.57871,0.18304,0.013088,-0.29009,-0.0043109,0.012687,-0.236,-0.011041,-0.39912,0.0041826,1.726e-16
-0.0045019,-0.0029288,0.00049259,-0.0022538,-0.013011,0.010538,0.014728,0.0060683,0.0060139,-0.095633,0.0062615,-0.082782,0.20295,0.96706,0.049962,0.054884,-0.016792,0.033911,-0.00056223,0.0018844,-0.0051112,0.00060867,2.5587e-16
-0.020323,0.021089,-0.010049,-0.0042564,0.77848,0.25805,-0.41009,0.15862,0.0089072,0.052822,0.093398,-0.14976,0.017048,-0.015441,0.31363,0.0047477,-0.010707,-0.0052096,-0.00010213,0.00070684,-0.0011704,5.292e-05,1.4225e-16
-0.0045079,-0.0029388,0.00053177,0.005069,-0.013178,0.010879,0.015402,0.0074115,0.014072,0.043105,0.00069385,-0.087164,-0.40241,0.032775,0.001575,0.79584,-0.026031,0.045352,0.41323,-0.0025468,-0.14084,0.001843,1.8735e-16
-0.0022066,0.00014704,-0.00049343,-0.00082286,0.025364,0.012766,-0.0056443,-0.033947,0.02239,-0.016144,-0.016146,-0.028826,0.015071,-0.028058,-0.04961,-0.034259,0.25009,0.85895,-0.00064517,-0.0025674,-0.0039271,-0.0012889,0.43718
