-0.74757,-0.66263,0.010153,-0.036124,0.016846,-0.016077,-0.0032921,-0.00012145,0.00055346,-0.0025576,0.0048586,-0.0037564,0.00044707,-0.0034694,-0.0031183,0.002673,-0.0044606,0.00096275,-0.00055144,0.00091847,0.00016087,-1.753e-005,6.8174e-018,-3.166e-018
-0.0041293,-0.0024966,-0.00072667,0.11214,0.00078241,0.069964,0.095391,0.029539,0.066766,-0.06105,-0.029291,-0.34074,0.47932,0.079224,-0.091265,-0.36411,-0.031328,0.0098932,-0.24424,-0.01711,-0.63873,0.038049,9.3255e-016,-3.2832e-016
-0.00055302,-0.00036907,-9.1949e-005,0.011828,-0.0056612,0.051033,0.07191,0.023772,0.035858,-0.026058,-0.018293,-0.13696,-0.15011,-0.0027699,0.030734,-0.13496,-0.22638,-0.00082545,0.18277,0.021193,-0.00011494,0.00094145,0.82202,-0.40977
-0.0028017,0.0048202,0.070524,-1.0229e-006,0.025719,-0.023365,-0.017161,0.15457,0.035815,0.037806,0.0090964,-0.0065576,-0.028337,0.27005,0.05105,0.023047,0.032714,0.92924,0.039604,-0.14688,-0.0042096,-0.046592,-5.2013e-016,3.1965e-016
-0.0012953,-0.0017144,0.00029636,-0.0028898,0.0091999,-0.014919,-0.0056553,-0.00029891,0.0028513,-0.035907,-0.46374,0.047993,-0.0047424,0.025417,0.016922,-0.013578,0.022022,-0.0039231,0.001983,-0.0029544,-0.00048032,5.2109e-005,-0.39385,-0.79008
-0.025275,0.043026,0.99406,0.0037604,-0.010099,0.0075169,0.01912,-0.071,-0.0045537,-0.0088598,0.00063843,0.00031487,0.0004789,-0.0039422,-0.0013692,0.00027824,-0.0015052,-0.058981,-0.0033418,0.012588,0.00030566,0.00363,2.1171e-016,1.3954e-016
-0.015726,0.0062606,-0.0046974,-0.016657,-0.44986,0.21399,-0.57848,-0.11517,0.50468,-0.26969,0.010307,-0.13305,-0.08021,0.13997,0.026317,0.081524,0.010106,-0.048838,-0.045782,-0.13986,0.0057015,0.023496,6.8738e-017,-2.5031e-016
-0.0040333,0.006673,-0.00012033,-0.00085881,-0.062347,0.036037,-0.070788,0.070155,-0.55424,-0.79732,0.040468,-0.074611,-0.036176,-0.14368,-0.039701,0.024938,0.035394,0.081478,-0.009503,-0.02852,0.0055117,0.041749,1.9285e-016,-1.9817e-016
-0.031713,0.0082435,-0.0097389,-0.0032675,-0.85092,0.067353,0.27418,0.075574,-0.31698,0.23154,-0.021833,0.11436,0.059058,0.11785,0.031877,-0.037099,0.004865,-0.012696,0.03886,0.0058096,-0.0055597,-0.012719,-2.2923e-016,4.8591e-017
-0.0024344,-0.0032219,0.00055696,-0.0054308,0.01729,-0.028037,-0.010628,-0.00056174,0.0053584,-0.067481,-0.87152,0.090193,-0.0089124,0.047766,0.031803,-0.025518,0.041387,-0.0073728,0.0037267,-0.0055523,-0.00090268,9.7929e-005,0.20957,0.42041
-0.015221,-0.0021819,-0.0057107,0.062196,0.046744,0.58955,0.57783,0.14938,0.33239,-0.22047,0.0041879,0.058825,-0.10084,-0.039013,-0.020774,0.20293,0.2616,-0.0089944,-0.069863,-0.020294,0.013849,-0.0054393,3.0164e-016,4.757e-016
-0.002648,0.0036721,0.0076328,-0.0015546,-0.17595,0.029049,-0.079266,-0.036933,0.1478,0.077998,-0.065492,-0.036516,0.065437,-0.79865,-0.092972,-0.015681,-0.0063957,0.30944,-0.039088,0.4226,0.00058421,-0.00065435,1.0392e-016,-1.0187e-016
-0.00091092,0.0015665,0.021919,-1.7617e-005,0.011013,-0.0054637,-0.067067,0.34896,0.018485,0.062583,-0.00062866,0.012197,0.0031955,0.02462,-0.00037693,-0.001722,0.014737,-0.015335,0.0049914,0.064567,0.052135,0.92774,5.6413e-016,2.0891e-016
-0.002886,-0.0021065,-0.00030811,0.062613,-0.0052118,0.048862,0.0010138,-0.0038711,-0.11262,0.14785,-0.043337,-0.46208,-0.29027,0.029425,-0.18463,-0.37057,0.25884,0.0054672,-0.48017,-0.038931,0.43302,-0.023402,6.4857e-016,-6.7806e-016
-0.027242,-0.020553,-0.0029705,0.98188,-0.024616,-0.099442,-0.030693,-0.0049428,0.0029422,-0.005705,-0.0012823,0.054379,-0.03351,-0.013806,0.048865,0.10704,-0.056899,-0.0018308,-0.011127,-0.0081921,0.041124,-0.0010529,-8.7756e-017,8.0025e-017
-0.0029621,0.0049887,0.054158,-4.0382e-005,0.025133,0.023192,-0.23449,0.84183,0.0057848,0.033801,0.0030396,0.0044597,-0.0032134,0.070779,0.014626,0.018359,-0.0033546,-0.14564,-0.040384,0.2705,-0.020208,-0.35916,-1.9889e-016,-1.8534e-016
-0.6617,0.74723,-0.049175,-0.0040485,0.02876,-0.02092,0.0027407,-0.0040018,0.0067243,0.0011678,-1.2125e-005,-0.0021099,-0.0013593,-0.00071153,-0.00037829,-0.0012217,-0.00093538,-0.0025435,-0.0001424,0.0016316,5.7794e-005,0.00018201,7.5585e-017,6.4914e-017
-0.0012845,-0.00085724,-0.00021357,0.027473,-0.013149,0.11853,0.16702,0.055216,0.083286,-0.060525,-0.042489,-0.31811,-0.34866,-0.0064337,0.071385,-0.31346,-0.52582,-0.0019173,0.42453,0.049225,-0.00026697,0.0021867,-0.35391,0.17642
-0.0012107,-0.00070341,-0.00023101,0.045732,0.010224,0.0038542,-0.057538,-0.022672,-0.10013,0.12933,-0.052413,-0.53458,0.14989,0.02805,-0.11387,0.27113,0.47645,-0.039876,0.58083,0.053159,-0.0068997,-0.010929,-8.1749e-017,-1.5613e-016
-0.0035865,-0.0026535,-0.00033137,0.061314,0.0038079,0.026462,0.0083941,0.0052326,0.16628,-0.18165,0.058943,0.27817,0.46429,0.084603,-0.15533,-0.53064,0.1305,0.0069634,0.31153,0.069717,0.45308,-0.034758,2.5999e-016,-6.2103e-016
-0.0017774,0.0028819,0.026639,-0.00031365,-0.012654,-0.011591,-0.034394,0.26778,0.0088365,0.11674,-0.025409,0.026847,0.051449,-0.4409,-0.084306,-0.072384,-0.0021807,-0.053191,0.10369,-0.82829,-0.0011141,-0.044525,-2.8189e-018,-6.9389e-017
-0.0032661,-0.0033466,0.00017456,0.053119,-0.0040068,-0.034525,-0.11272,-0.034818,-0.0096753,0.019869,0.06485,0.3355,-0.51507,-0.0059855,-0.20951,-0.36683,0.43372,-0.0054162,0.18952,0.052906,-0.44039,0.013511,-2.6328e-016,2.2465e-016
-0.017672,0.0025163,-0.0038217,0.065599,0.17953,0.7489,-0.35251,-0.12262,-0.37459,0.27729,-0.029987,0.12659,0.090177,0.0032814,0.046648,-0.056754,-0.11009,0.036982,0.038861,0.0080053,-0.010889,0.011783,3.6863e-018,-1.0842e-016
-0.0019645,-0.0025996,0.00044726,-0.004322,0.012713,-0.019407,-0.0065606,-0.00031472,0.0022496,-0.015498,0.043706,-0.056508,0.0079935,-0.12349,0.91782,-0.22861,0.28879,-0.022034,0.008453,-0.010575,-0.0015664,0.00016907,-8.164e-017,2.3766e-016
