-0.014614,-0.010349,-0.0011153,0.00080202,0.0091762,-0.024299,-0.11334,-0.51422,-0.61416,0.061684,0.17882,0.29576,-0.052224,0.3685,-0.074938,-0.16895,-0.025434,0.20878,0.020499,0.029521,-0.01383,0.013369,-0.050082,0.014137,-3.0807e-16,0,0,0,0,0
-0.0027685,-0.069394,0.21844,0.18739,3.89e-05,-0.75751,-0.15352,0.015589,0.10974,0.0092919,0.024705,-0.057903,-0.094657,0.17315,-0.071089,0.21274,-0.073413,0.0066611,-0.0051247,-0.26063,-0.11266,0.055898,-0.30224,0.0032274,0.10675,-0.1142,0.0046588,-0.060693,0.01929,-0.016853
-0.07527,-0.95719,-0.12089,-0.23534,0.014228,-0.0019756,-0.039493,0.058379,-0.017621,-0.017191,0.0024334,-0.012304,-0.021821,0.012791,-0.00034429,-0.012609,-0.0080791,0.0082469,-7.3969e-05,-0.015767,0.0027611,-0.013944,0.028349,0.0020598,1.118e-16,-3.4694e-18,1.3661e-17,6.5919e-17,-3.3827e-17,7.2858e-17
-0.0034046,-0.046246,0.019642,0.10798,-0.04901,0.13042,-0.2275,-0.23662,0.18689,0.40953,0.024837,0.2507,0.16294,0.15307,0.26169,0.40611,0.026033,-0.34975,-0.0037629,-0.18303,-0.19838,-0.086383,0.3097,-0.0069363,-0.062439,0.066796,-0.0027249,0.035499,-0.011282,0.0098573
-0.0007653,-0.034153,0.0084734,0.075551,-0.0053967,0.18529,-0.12433,-0.099416,0.22187,0.29676,0.0096844,-0.21728,-0.22901,0.19659,-0.16202,-0.45041,-0.0091411,-0.39588,-0.0013887,0.17699,-0.27242,0.18612,-0.35896,-0.01694,-0.030933,0.033091,-0.0013499,0.017586,-0.0055894,0.0048833
-0.0016597,0.0004096,0.00011517,0.00032898,-0.00023627,0.0003676,-0.0024527,0.0056992,0.0017806,-0.00047994,-0.010442,-0.00377,0.0015598,-0.0012912,-0.00011968,0.0020505,-0.003253,-0.0073,0.45109,-0.0059184,0.0028584,-0.0022015,-0.0018248,-0.00067001,0.45434,0.46303,-0.41843,0.037183,0.058653,-0.44215
-0.00040254,-0.018386,0.027157,0.034828,-0.11543,-0.034368,-0.11025,-0.14173,0.2177,0.24963,-0.034323,-0.091932,0.17247,-0.017464,-0.51494,-0.064603,-0.048242,0.24862,-0.00035333,-0.016393,0.20632,-0.18768,0.16066,-0.49554,0.0060132,0.19808,0.25415,-0.071451,0.096384,-0.020121
-0.00032331,-0.022123,0.73786,-0.27561,0.33067,0.2429,-0.028762,0.0044535,-0.0004024,-0.24201,0.017882,0.079016,0.059002,0.053997,0.0019679,0.087376,-0.018217,-0.066805,-0.0016129,-0.016663,-0.12345,-0.037776,-0.12108,-0.30719,2.475e-16,2.897e-16,9.7145e-17,-3.4001e-16,-3.1225e-17,-2.3462e-16
-2.5913e-05,-0.0021965,0.015038,0.045649,-0.023203,-0.089135,0.0053412,0.01712,0.017198,-0.14694,0.021596,-0.061224,-0.098267,0.21559,0.074477,-0.0062507,-0.048898,-0.1745,-0.0047884,0.088209,0.25885,-0.32746,-0.035933,0.0050831,-0.24472,0.072563,0.24943,0.57339,-0.26456,-0.39841
-0.0021803,-0.003212,0.00065338,-0.0022059,0.0081012,-0.044501,-0.053434,-0.23695,-0.11166,-0.068146,-0.099401,-0.063799,-0.11279,-0.31195,0.058048,-0.14312,0.0048921,-0.25914,-0.0082879,-0.24853,0.14133,-0.079905,0.030081,-0.095553,-0.36173,-0.20464,-0.11404,-0.33856,0.30072,-0.46667
-0.00081413,-0.042172,0.48075,-0.10985,-0.61016,-0.18622,0.09637,0.13297,-0.11959,0.26555,0.035131,0.087878,0.016642,-0.139,0.19876,-0.21803,0.078398,-0.050235,0.0046025,0.2462,0.086699,-0.0055247,0.12495,0.088297,0.015047,0.032665,0.049988,-0.10323,-0.075475,-0.01633
-0.014634,-0.0053503,-0.00345,-0.012132,0.0029868,-0.0039692,0.043342,-0.11015,-0.058242,-0.011271,0.8143,-0.45357,0.21208,-0.12715,0.022936,0.11272,0.18004,-0.077776,0.015346,0.0039824,0.0015493,0.007668,-0.008105,-0.0047267,4.7017e-17,2.0426e-16,-1.8128e-16,1.3184e-16,5.3776e-17,-4.1633e-17
-0.0017467,-0.019088,-0.0055321,-0.015297,0.030563,-0.023014,0.28659,-0.14467,0.025972,0.076807,-0.23637,-0.30364,0.59717,0.2592,0.37841,-0.24995,-0.2221,0.080648,-0.0081521,-0.18036,0.037145,-0.0066188,-0.12369,-0.033136,0.042138,-0.045079,0.0018389,-0.023957,0.0076141,-0.0066524
-0.0032808,0.00080967,0.00022767,0.00065031,-0.00046704,0.00072664,-0.0048484,0.011266,0.0035198,-0.00094871,-0.020641,-0.0074522,0.0030832,-0.0025524,-0.00023657,0.0040532,-0.0064303,-0.01443,0.89168,-0.011699,0.0056503,-0.0043517,-0.0036072,-0.0013244,-0.22985,-0.23424,0.21168,-0.01881,-0.029672,0.22368
-0.00013884,-0.0062461,0.014014,0.0027397,-0.05682,-0.079241,-0.019286,0.030279,0.0026575,0.14592,0.010895,0.056014,0.09121,-0.10083,-0.052799,-0.080422,0.026565,0.069475,0.0025277,0.071513,-0.027691,0.017439,0.054127,-0.24619,-0.052288,-0.40144,-0.5129,0.5823,0.29251,0.099024
-0.0037932,-0.037773,0.12234,0.055815,0.25128,-0.28579,0.18402,-0.29818,-0.046964,-0.067392,-0.23053,-0.31351,-0.055448,-0.086225,-0.093812,0.01056,0.025229,-0.0071482,0.0063512,0.34345,-0.34596,0.061441,0.49264,0.12383,-0.11787,0.12609,-0.0051438,0.067011,-0.021298,0.018608
-0.00034431,-0.016049,0.01866,0.055296,-0.060309,-0.015455,0.042105,0.11409,-0.11301,-0.034194,0.02193,0.1915,0.31525,-0.28353,-0.2854,-0.18491,0.010088,-0.0066671,-0.0026903,-0.2877,-0.46127,-0.33273,-0.16903,0.26023,-0.22547,0.2412,-0.0098396,0.12819,-0.040741,0.035595
-6.2048e-05,-0.0039268,0.10429,-0.046591,-0.14561,0.073984,0.074413,-0.0034779,-0.066539,-0.024073,-0.026628,-0.075529,-0.10813,-0.0077975,0.014756,0.067548,-0.023534,0.051853,-0.0020161,-0.34736,0.076083,0.56549,0.028268,0.080299,-0.18595,0.35842,0.22826,0.32147,0.38649,0.046557
-0.0073438,-0.028643,-0.0076019,-0.019941,0.036246,-0.049353,0.36468,-0.15118,0.15076,0.017321,-0.12422,0.12353,-0.0039368,0.14054,-0.034487,-0.011628,0.85446,0.011352,0.005827,-0.10403,0.072384,-0.029978,-0.12792,-0.02603,-3.4694e-18,1.1102e-16,2.7756e-17,-5.5511e-17,-5.5511e-17,1.9429e-16
-0.0046828,-0.068004,0.029044,0.13004,0.097234,0.074859,0.36169,0.042907,-0.38334,0.35552,-0.16994,-0.066293,0.072551,-0.15006,-0.236,0.44334,-0.11657,-0.23944,-0.0086918,0.18468,0.18191,0.013753,-0.32379,-0.0039236,-1.3878e-17,2.7756e-16,1.6653e-16,6.9389e-17,1.1102e-16,0
-0.99668,0.076477,0.0056227,0.0095409,-0.0026778,0.0027769,-0.0099122,0.014973,0.0038791,-0.00081396,-0.016655,-0.0033306,0.0011888,-0.00089802,-6.3797e-05,0.00097879,-0.00069611,-0.00053241,-0.0044228,0.0010982,-0.00063723,0.00051485,0.00049472,0.00022215,3.4694e-17,5.5511e-17,5.5511e-17,-5.5511e-17,-5.5511e-17,2.2204e-16
-0.0026525,-0.0039075,0.00079487,-0.0026835,0.0098555,-0.054138,-0.065005,-0.28826,-0.13584,-0.082903,-0.12093,-0.077615,-0.13722,-0.3795,0.070618,-0.17411,0.0059514,-0.31526,-0.010083,-0.30235,0.17194,-0.097208,0.036595,-0.11624,0.43666,0.019175,0.099821,0.19909,-0.22202,0.36161
-0.01799,-0.035133,-0.010626,-0.030025,0.046219,-0.065458,0.58124,-0.2741,0.38513,0.016693,0.29503,0.37979,-0.19732,-0.1186,0.018242,-0.060003,-0.37276,0.029341,0.013385,-0.0024147,0.0070897,0.0012837,-0.033756,-0.0048427,-1.4572e-16,-2.7756e-17,5.5511e-17,0,-2.7756e-17,-8.3267e-17
-2.7055e-05,-0.0022933,0.015701,0.04766,-0.024225,-0.093063,0.0055765,0.017874,0.017956,-0.15342,0.022548,-0.063922,-0.1026,0.2251,0.077759,-0.0065262,-0.051053,-0.18219,-0.0049994,0.092097,0.27026,-0.34189,-0.037517,0.0053071,-0.26315,0.3937,-0.3305,-0.13221,0.27425,0.4799
-0.00034998,-0.018138,0.21061,-0.063966,-0.3161,0.3037,0.032116,-0.2585,0.14732,-0.045979,-0.10541,-0.30333,-0.1723,0.1362,-0.26879,0.19531,-0.081104,0.18692,-0.0034815,-0.21296,0.055779,-0.18958,0.0158,0.42466,0.065571,-0.22948,-0.19493,0.015722,-0.062395,0.0045839
-0.008449,-0.23273,0.19884,0.86616,-0.053831,0.21601,0.058799,0.044204,-0.0096191,-0.235,0.044445,0.059817,0.043295,0.0016077,0.026388,-0.09536,0.026956,0.038673,0.001969,0.01001,0.041742,0.069072,0.09144,-0.061847,0.054336,-0.058128,0.0023712,-0.030892,0.0098182,-0.008578
-0.0032122,-0.054125,0.0065753,0.035211,-0.07321,0.0036716,-0.32443,-0.41495,0.22722,-0.12451,-0.1133,0.06977,0.19215,-0.35293,0.18165,0.15075,0.049991,0.21361,0.0049903,0.3572,0.094625,0.10532,-0.40829,0.10576,-0.12141,0.12988,-0.0052985,0.069027,-0.021939,0.019167
-0.00056197,-0.028713,0.17323,0.11959,0.44472,0.042113,-0.08704,0.10349,0.0063776,0.50637,0.053582,-0.106,-0.26611,-0.16701,0.25657,-0.14474,0.051316,0.39778,0.0037786,-0.13642,0.13766,-0.18561,-0.019308,0.18239,-0.075628,0.080906,-0.0033005,0.042998,-0.013666,0.01194
-1.9708e-05,-0.0018533,0.10322,-0.033197,0.24406,-0.058433,-0.11279,0.011895,0.10609,-0.0068421,0.051399,0.16603,0.25402,0.043555,-0.18174,-0.14096,0.012412,-0.21513,-0.00082485,0.15584,0.25969,-0.066032,0.09465,0.47527,0.28448,-0.15003,0.24111,0.047001,0.45785,-0.02827
-6.1707e-05,-0.0036758,0.0915,-0.022936,0.17448,-0.084979,-0.089541,0.021786,0.082641,0.045901,0.038518,0.11683,0.22693,0.017824,-0.26642,-0.12809,-0.015988,-0.1138,-0.0024664,-0.12422,0.37366,0.38906,0.14896,0.15028,-0.24719,0.040333,-0.32726,-0.052887,-0.4938,0.027981
