-0.0021661,-0.0019644,0.00896,-0.0011508,-0.032879,0.0085053,-0.038575,0.064161,-0.027795,0.01264,0.013047,-0.011258,-0.087746,-0.072454,0.15075,-0.073273,-0.010482,-0.35324,0.30692,0.048276,0.22022,0.3192,-0.20369,-0.0091817,-0.02512,-0.088301,-0.081458,0.06085,0.0055013,0.16965,0.69995,0,0,0
-0.73902,0.59271,0.1351,0.27681,-0.035904,0.039802,0.0073377,-0.042165,-0.02949,-0.0037336,-0.030507,0.0091585,-0.0084178,-0.017561,-0.010919,0.01014,0.010858,-0.0020103,-0.0045877,-0.0021755,-0.0019835,0.0024264,-0.00163,-0.0028152,-0.017029,-0.0026194,-0.00065024,-0.001797,0.00017201,-0.00079421,2.7756e-017,-1.0842e-019,1.1458e-016,-2.2064e-017
-0.051861,-0.019982,-0.010818,-0.015367,-0.43292,-0.13713,-0.29432,0.40073,-0.084752,0.43397,0.40242,0.033859,-0.030106,-0.17512,-0.015226,-0.12757,-0.010057,-0.11087,-0.086127,-0.028228,0.026308,-0.11732,0.15812,0.092656,0.13135,0.15779,0.14269,-0.070507,-0.015993,0.0069348,2.7756e-016,-4.042e-016,-5.8973e-016,2.7818e-017
-0.18354,-0.45259,0.86471,0.051513,0.01204,-0.0037283,-0.010865,-0.023448,-0.047319,0.011024,-0.0050392,0.031701,0.045423,0.037968,-0.055066,-0.0077764,-0.00072951,-0.0041714,0.0059728,0.0040569,0.0024141,0.0054791,-0.0073737,0.0048535,0.0013588,0.0054363,0.0071416,-0.0032284,-1.107e-005,0.00010575,1.1102e-016,3.8045e-017,6.1823e-017,3.3285e-017
-0.017181,-0.026064,0.033517,0.0038063,-0.012142,-0.0072471,0.021393,-0.099863,0.1728,0.16875,-0.055283,-0.65081,-0.069863,-0.01976,0.28153,0.44779,-0.057824,-0.16991,-0.2228,0.01673,-0.085294,0.087611,-0.10605,0.024977,0.0053627,0.27055,0.18669,0.0053961,0.013736,0.0035529,1.3878e-017,1.5643e-016,2.0618e-016,-3.7388e-016
-0.0012244,-0.0035321,-0.0029067,-0.0018378,-0.00045132,-0.0015948,-0.0016306,0.0030552,-0.013948,0.0070648,-0.018356,0.0086636,0.03367,-0.0048858,-0.0077946,0.027802,0.098728,-0.061235,0.059609,-0.26179,-0.072224,-0.0098545,0.042827,-0.0049365,-0.0044302,0.11474,-0.10972,0.1755,-0.06873,-0.013649,-2.1927e-015,0.22135,0.88644,0.094066
-0.014371,0.011032,0.010852,-0.097882,-0.040364,-0.15089,0.61798,0.30445,-0.28491,-0.0054359,-0.063075,-0.044967,0.010442,-0.36832,-0.27629,0.18542,-0.031575,0.0033317,-0.14663,0.21056,0.11958,0.091554,0.046082,0.018869,-0.046855,0.065416,-0.14422,0.17902,-0.076483,-0.011564,0,-1.8735e-016,-9.7145e-017,-1.4832e-016
-0.051424,0.018235,-0.0091415,-0.079648,0.42995,-0.08191,-0.43346,0.18897,0.14427,0.012012,-0.073952,0.16161,0.28875,-0.31751,-0.17058,0.37459,-0.26275,-0.10529,-0.12694,-0.06785,0.088557,-0.024938,-0.076289,-0.044889,0.14289,-0.15133,-0.0874,0.015625,0.0099649,0.02908,2.498e-016,-2.5403e-016,-1.1809e-015,-1.9407e-016
-0.0012549,-0.0013045,0.003682,0.0015797,0.0041029,0.013335,0.0095108,0.037866,0.020182,-0.039665,-0.019069,0.022136,0.0074795,0.039796,0.075419,-0.10478,0.080197,0.027032,-0.30843,-0.14798,0.24616,0.078947,-0.072214,0.03189,-0.0029542,-0.018753,0.0033508,0.0095357,0.0081648,0.0015614,-1.3878e-016,0.51637,-0.053165,-0.71406
-0.034873,0.0059278,-0.0029405,-0.047032,0.15275,0.14504,-0.073227,0.36629,-0.024913,0.022463,-0.29221,-0.24759,0.5511,-0.027556,0.25201,-0.29398,0.29146,0.080733,0.10261,0.22119,-0.069922,0.069009,0.19652,-0.011236,-0.026834,0.071727,0.017824,-0.046907,-0.049377,-0.016596,-9.7145e-017,3.8858e-016,1.9221e-015,2.2204e-016
-0.0016595,0.00081287,-0.00052861,-0.0095232,0.00028366,-0.013943,0.022855,-0.0029556,0.019235,-0.0073389,-0.010102,0.027068,-0.0013298,0.019804,-0.0085314,0.030103,-0.12076,-0.0046254,1.4469e-005,-0.10938,-0.050416,0.26104,0.27426,0.014451,-0.10836,-0.3689,0.56823,0.19801,-0.55961,-0.028067,2.0817e-016,-5.1239e-016,-1.6174e-015,-5.6834e-016
-0.03482,0.032167,0.0083506,-0.034111,0.0024382,-0.5207,0.17488,-0.041337,-0.16297,-0.075203,0.1697,-0.11755,0.33459,0.13874,0.38187,-0.09142,-0.40532,0.14444,0.152,-0.15861,0.10205,-0.22077,-0.12977,-0.0066038,0.10178,-0.084701,-0.021169,0.071709,-0.017648,0.0010465,1.7347e-016,1.7e-016,3.0141e-016,3.6256e-016
-0.0050868,-0.003361,-0.0046829,0.0024509,-0.025092,-0.075876,-0.072511,0.039659,-0.10046,0.014383,0.22041,-0.071664,0.067227,-0.06219,-0.020241,-0.20784,-0.025572,0.01433,-0.31414,0.011089,-0.5993,0.2981,-0.35017,-0.28987,-0.19802,-0.21236,-0.16668,0.061371,0.022508,-0.0034624,-3.4001e-016,4.0679e-016,9.9486e-016,1.3704e-016
-0.19846,0.16059,0.096989,-0.9458,-0.049527,0.081934,-0.024386,-0.068192,0.0029933,0.020121,-0.017331,0.013799,-0.069575,0.087608,0.016609,-0.029389,-0.00051936,0.0021026,0.0024189,-0.0084823,-0.021462,-0.018361,-0.029624,-0.005633,-0.00089748,0.0018757,0.0079276,0.0038245,0.005093,0.0015734,-2.498e-016,7.2858e-017,1.4919e-016,4.6404e-017
-0.0020356,-0.0054311,0.0090477,-0.0063946,0.010186,0.0082324,-0.02551,0.0093422,0.0013596,0.077724,0.070535,0.17129,-0.024533,-0.13799,0.18183,0.18016,0.11923,0.43459,0.097759,-0.010926,-0.0078546,0.13791,-0.1218,0.05454,-0.088888,0.11294,0.06237,0.024751,-0.011155,0.24961,-4.1633e-017,0.56709,-0.1866,0.42398
-0.048966,-0.015719,0.022819,0.0040315,-0.25213,-0.024404,0.091799,0.40319,0.66052,-0.081366,0.0053697,-0.19823,-0.034963,0.20815,-0.21404,0.034272,-0.097726,0.24959,0.15671,-0.083263,0.035077,0.059564,-0.066133,0.010891,-0.026036,-0.18255,-0.19662,0.051284,0.00040459,0.0010204,-8.3267e-017,2.7756e-017,-5.4817e-016,-1.8041e-016
-0.002526,0.0020398,-0.00061816,-0.0030939,0.15945,0.020605,-0.023797,0.1077,0.025762,0.10979,0.092474,-0.026291,0.0079786,0.024333,-0.050219,-0.023794,-0.04238,-0.082776,0.052003,-0.022571,0.15826,-0.29577,-0.0063581,-0.10057,-0.79885,0.0088044,0.20292,0.20898,0.28037,-0.00519,-2.7756e-016,-7.6328e-017,1.3323e-015,3.7123e-016
-0.055166,-0.0023416,0.011809,-0.0024864,0.4662,0.16034,0.41328,0.10399,0.37928,0.12864,0.39877,0.24213,-0.032234,0.0041234,0.19091,-0.16239,-0.046096,-0.17902,-0.030467,0.027361,-0.14036,-0.0038656,0.03331,0.0086044,0.17887,0.1766,0.10058,0.0003238,0.002514,-0.012989,4.996e-016,-1.1102e-016,-1.1102e-016,-5.5511e-017
-0.021565,-0.024814,0.022061,-0.00092548,0.038997,0.054151,-0.11758,0.29862,-0.052599,-0.52635,-0.18019,-0.062155,-0.34259,-0.28498,0.06529,-0.25491,-0.27739,0.049785,0.040031,-0.13289,-0.14772,-0.095914,-0.14135,0.050873,0.030567,0.30317,0.24751,-0.016352,0.00043013,-0.019058,1.1102e-016,0,-3.0531e-016,5.5511e-017
-0.0031708,-0.0026779,-0.0039118,0.0042528,-0.021218,0.0044024,-0.0029189,0.0087451,-0.0038965,0.016273,0.0090819,-0.013726,-0.032448,0.043213,-0.068566,0.010551,-0.0032363,0.10791,0.066211,-0.013223,0.22398,0.059924,0.076652,-0.90864,0.17321,0.20321,0.13525,0.006851,-0.0016364,-0.0026703,-1.7347e-017,-1.2663e-016,-8.3267e-017,-2.7756e-016
-0.0028439,-0.0082041,-0.0067513,-0.0042688,-0.0010483,-0.0037042,-0.0037873,0.0070964,-0.032398,0.016409,-0.042636,0.020123,0.078206,-0.011348,-0.018105,0.064576,0.22932,-0.14223,0.13845,-0.60805,-0.16775,-0.022889,0.099475,-0.011466,-0.01029,0.2665,-0.25484,0.40762,-0.15964,-0.031703,3.0011e-016,-0.095297,-0.38164,-0.040499
-0.0066995,0.012666,0.002376,-0.00062381,0.080343,-0.26015,-0.022947,0.045947,-0.018554,0.15261,-0.2566,0.081381,-0.16031,0.13043,0.033868,-0.064502,-0.13684,0.066504,-0.038249,-0.033476,-0.12893,0.35976,0.3665,0.070395,0.14267,-0.031076,0.1026,0.27216,0.60148,0.011672,-1.6133e-016,-7.2164e-016,-5.5511e-016,-1.197e-016
-0.018871,-0.040956,0.038009,-0.017776,0.051306,-0.017313,0.0095079,-0.29247,0.20851,0.17427,-0.035386,-0.23747,-0.21139,-0.6067,0.15977,-0.28487,0.004605,0.14601,0.021407,-0.084653,0.078086,-0.1395,0.25419,-0.083372,-0.017213,-0.2808,-0.2259,0.0079571,-0.014869,-0.01267,6.5919e-017,-4.1633e-017,2.7756e-017,-2.2204e-016
-0.0021229,-0.0019252,0.0087812,-0.0011279,-0.032223,0.0083357,-0.037806,0.062881,-0.02724,0.012388,0.012786,-0.011033,-0.085995,-0.071009,0.14774,-0.071812,-0.010273,-0.34619,0.3008,0.047313,0.21582,0.31283,-0.19963,-0.0089986,-0.024619,-0.086539,-0.079833,0.059637,0.0053916,0.16627,-0.71419,-1.1102e-015,-2.5258e-015,-5.5511e-016
-0.0019614,-0.0040102,0.0092946,-0.0067327,-0.010409,0.0069974,-0.04338,0.043433,-0.017906,0.05306,0.051869,0.10953,-0.04852,-0.10153,0.1741,0.12589,0.066895,0.12289,0.16132,0.011002,0.084326,0.1902,-0.15488,0.025128,-0.045748,-0.0045289,0.0017533,-0.0086069,0.045366,-0.89521,-9.7145e-016,3.1745e-015,7.7438e-015,1.8874e-015
-0.0023584,-0.0024515,0.0069196,0.0029687,0.0077107,0.02506,0.017874,0.071162,0.037928,-0.074544,-0.035838,0.041601,0.014056,0.074789,0.14174,-0.19691,0.15072,0.050802,-0.57964,-0.2781,0.46262,0.14837,-0.13571,0.059932,-0.0055519,-0.035242,0.0062973,0.017921,0.015344,0.0029343,-1.197e-016,-0.27476,0.028289,0.37996
-0.0052794,-0.001176,-0.0037537,-0.03564,-0.0074892,-0.045909,0.17865,0.042783,-0.045862,-0.010872,-0.017778,0.022616,0.098879,-0.063045,-0.029103,0.093071,-0.099782,-0.075747,0.0788,-0.427,-0.060015,0.24987,0.22217,-0.030405,-0.24595,0.02505,-0.019732,-0.73782,0.096074,0.02823,2.1641e-016,4.1633e-016,9.7145e-016,2.498e-016
-0.0021886,-0.0058393,0.0097276,-0.0068751,0.010952,0.0088511,-0.027427,0.010044,0.0014618,0.083566,0.075836,0.18416,-0.026377,-0.14836,0.1955,0.1937,0.12819,0.46726,0.10511,-0.011747,-0.0084449,0.14827,-0.13095,0.058639,-0.095568,0.12143,0.067058,0.026611,-0.011994,0.26837,4.7184e-016,-0.52745,0.17355,-0.39434
-0.057522,-0.024552,-0.037847,-0.0030386,0.42178,0.16642,-0.11488,0.13742,-0.3637,-0.0069509,0.39045,-0.43638,-0.21538,0.18977,-0.2015,-0.0086082,0.030773,0.23309,0.11904,-0.10604,0.12597,0.10091,0.093368,0.10034,0.10389,-0.11022,-0.10007,-0.013318,0.0023942,0.0040585,5.2042e-018,1.8041e-016,-4.7184e-016,-1.3878e-016
-0.013495,0.02118,0.004585,0.0073792,0.30438,-0.46999,-0.035862,0.15652,0.010707,0.35503,-0.34466,0.043022,-0.36626,0.19265,-0.030304,-0.10924,0.15406,0.0022119,0.0068168,0.040632,-0.042498,-0.10609,-0.17688,-0.026196,-0.070524,0.062613,-0.072985,-0.19213,-0.32765,-0.0098294,1.5352e-016,6.245e-016,8.4655e-016,6.9389e-017
-0.60065,-0.64082,-0.46551,-0.023577,-0.027472,-0.010838,0.021977,-0.054886,-0.010363,-0.012057,-0.053597,0.042376,0.0066269,0.020892,0.008728,0.0092253,0.00060201,-0.011273,-0.0049361,0.022035,0.00079967,-0.0012795,-0.018266,-0.0023683,-0.019412,-0.0015062,0.0024585,0.0036976,0.0015863,-0.00029886,-1.2447e-016,-1.3878e-017,2.2204e-016,-8.3267e-017
-0.015028,-0.020069,0.040668,0.0042938,-0.041342,0.022993,-0.024198,0.31264,-0.098886,-0.25409,0.05754,0.12973,-0.27237,0.11603,0.49313,0.33507,0.14462,-0.11311,-0.12028,0.076168,-0.094631,-0.20078,0.29406,-0.16335,-0.041541,-0.29742,-0.22588,-0.019729,-0.0074819,0.03877,-2.5847e-016,-1.6653e-016,-5.2736e-016,-2.2204e-016
-0.0068897,-0.003455,0.00051667,-0.015151,0.0037762,-0.080655,0.17523,0.095078,-0.031879,-0.0078769,-0.037078,-0.077374,0.023628,-0.13834,-0.094376,0.077406,0.46774,-0.072694,0.12955,-0.22819,-0.093567,-0.23201,-0.29367,-0.033954,0.26176,-0.37592,0.40794,-0.056336,0.29495,0.033166,1.2317e-016,-1.7347e-017,1.7694e-016,5.5511e-017
-0.039323,0.020935,0.01033,-0.062096,0.071367,-0.53719,-0.14695,-0.15174,0.20611,-0.44191,0.31227,-0.06006,0.033024,-0.086906,-0.12071,-0.0041767,0.38937,-0.080904,-0.0028379,0.18272,0.049569,0.14883,0.19019,0.045163,-0.089203,0.16885,0.046104,-0.023218,-0.0023512,-0.011993,7.6328e-017,-2.7756e-017,2.3592e-016,-1.5613e-017
