-0.0038585,-0.0017581,-0.034606,0.26614,0.71908,0.48303,-0.329,-0.26327,-3.1883e-16
-0.00062682,6.2449e-05,0.0013366,8.1297e-06,-0.0055758,-0.21801,-0.33254,0.00018187,-0.91752
-0.0014462,0.00014408,0.0030839,1.8757e-05,-0.012864,-0.50299,-0.76725,0.00041961,0.39768
-0.0019948,-0.002735,-0.037401,-0.42758,0.46225,-0.026081,0.009614,0.77545,-5.6899e-16
-0.0060574,-0.011532,-0.64844,0.52486,0.21692,-0.41625,0.26672,0.11146,-1.8041e-16
-0.065656,-0.99766,0.018908,0.002338,-0.0030317,0.00045059,-0.00023192,0.00033876,0
-0.0010661,-0.0038189,-0.051613,-0.55582,0.38753,-0.40275,0.25702,-0.55672,1.3444e-16
-0.99779,0.065834,0.0084661,9.1198e-06,-0.0032634,-0.00064716,0.0024061,-2.7456e-05,-1.1102e-16
-0.0072647,-0.013818,-0.75752,-0.4024,-0.26794,0.36054,-0.23496,-0.083724,2.7756e-17
