-0.010104,-0.0050423,0.10325,0.1155,0.10097,-0.00044458,-0.26925,0.024854,-0.29157,0.47173,-0.36406,0.049205,-0.36123,0.29037,-0.019843,-0.0056745,-0.12244,0.40647,-0.23372,1.6087e-16,3.487e-19,-3.3242e-17,6.0871e-17
-0.012277,-0.03599,0.12513,0.43142,0.25259,0.13923,-0.54963,0.10096,-0.09414,-0.072164,0.24253,-0.34332,0.3056,-0.071789,0.031992,0.17239,-0.02476,-0.13672,-0.24891,1.7229e-16,-1.6646e-16,2.9839e-16,-1.8161e-16
-0.001619,0.00089212,-0.0015624,-0.0043523,0.00063963,0.00071358,-0.0042146,0.00053766,-0.006097,-0.0074862,0.0094779,-0.011288,-0.0058052,-0.031573,-0.44764,0.043784,-0.0030361,0.0089634,0.0016217,0.042114,0.05303,-0.59539,0.66117
-0.012317,-0.022968,0.16896,0.12641,0.22949,-0.06097,-0.17446,0.12548,-0.057645,-0.11259,-0.45028,-0.079216,0.20781,-0.087486,-0.040003,-0.42697,0.011842,0.038187,0.62519,-2.7836e-16,3.4802e-17,-7.3187e-16,6.016e-16
-0.022789,-0.033009,0.14764,0.2886,0.18599,0.064673,0.037039,-0.43199,0.53558,0.07212,0.25028,0.070792,-0.11629,-0.053352,-0.0437,-0.46037,-0.040126,0.24915,-0.11372,1.8345e-16,2.1234e-16,2.0937e-16,-2.7217e-16
-0.98531,0.16248,-0.037106,-0.031607,0.0031156,0.003134,-0.011965,0.0011484,-0.0077624,-0.00674,0.0066787,-0.0040166,-0.0018101,-0.0046152,0.0049446,-0.002669,0.00059213,-0.0023187,-0.0004796,8.0873e-17,-2.0869e-17,1.3367e-16,-1.5898e-16
-0.0065411,-0.004439,0.031377,0.033575,0.02601,-0.011928,0.091288,0.26951,0.10886,0.39568,0.01297,0.1233,0.21262,-0.4379,0.029193,0.11107,0.4352,0.25584,-0.026726,0.32424,-0.34269,0.043269,0.045797
-0.036649,-0.068744,0.16324,0.37869,-0.28547,0.56922,0.25808,-0.14169,0.17484,-0.052709,-0.44109,-0.056046,0.035053,0.040653,0.0087226,0.30081,0.04521,-0.068358,0.022018,-3.2362e-16,-4.1601e-16,1.9662e-16,-4.7999e-17
-0.1551,-0.97837,-0.056046,-0.11702,0.032246,-0.0018577,-0.022284,0.00097491,0.00087246,0.0072863,0.011554,0.00019977,-0.0091497,0.0054529,0.00064463,0.0064838,0.0038165,1.2258e-05,-0.00068284,1.7342e-18,-6.9866e-17,-1.531e-16,1.543e-16
-0.01126,-0.014559,0.22159,-0.019081,-0.39642,-0.34899,-0.33981,-0.15417,0.22378,0.036798,-0.16995,0.048791,-0.073644,0.073628,-0.021655,-0.029467,-0.13243,-0.40186,-0.057821,0.34385,-0.36342,0.045886,0.048568
-0.0084699,-0.017263,0.093815,0.095451,0.17336,-0.10568,-0.013925,0.17637,-0.013757,-0.54036,-0.26765,0.57451,0.029058,-0.16293,-0.0017706,-0.014787,-0.040891,0.079221,-0.42398,3.3541e-16,5.3911e-17,-5.5588e-17,-5.5614e-17
-0.025559,-0.013472,0.88063,-0.27486,0.022947,0.0032347,0.14846,-0.0092095,-0.14485,-0.10838,0.20699,-0.078173,-0.0014054,0.05718,0.019318,0.12081,0.019681,0.15331,0.040525,7.7694e-18,-2.3193e-16,1.9876e-16,-1.65e-16
-0.0040063,0.0001274,0.028883,0.024504,0.016638,0.035594,0.013246,0.54454,0.3755,-0.033503,0.064133,-0.076926,-0.18651,0.20334,-0.010571,0.01211,-0.10051,0.015065,0.042993,0.49241,0.46302,0.02547,-0.045566
-0.006068,-0.011424,0.022646,0.037123,-0.40414,-0.37014,-0.28051,-0.046178,0.26709,-0.049378,-0.075966,-0.041244,0.10934,-0.12008,0.034924,0.24348,0.19565,0.37556,0.073605,-0.34997,0.36989,-0.046704,-0.049433
-0.011252,-0.0071174,0.22813,-0.025206,0.039448,0.016493,0.031778,0.14697,0.054585,0.46017,-0.080399,0.20703,0.015564,-0.21707,-0.029673,-0.17256,0.078819,-0.54286,-0.15794,-0.34385,0.36342,-0.045886,-0.048568
-0.0067256,-0.014155,0.024891,0.24729,0.030308,0.12111,-0.25226,-0.050084,-0.10493,-0.0053281,0.32514,0.52882,-0.36229,0.022401,0.021856,0.25564,0.15801,-0.10212,0.4763,-4.4739e-16,2.8465e-16,-1.3486e-16,1.2085e-16
-0.0026124,8.3073e-05,0.018834,0.015978,0.010849,0.02321,0.0086373,0.35509,0.24486,-0.021847,0.04182,-0.050162,-0.12162,0.1326,-0.0068929,0.0078969,-0.065541,0.0098234,0.028035,-0.43286,-0.27895,0.50254,0.50249
-0.0019503,-0.0041141,0.0054176,0.0016122,0.0069628,-0.0039336,0.045646,0.0098571,0.038188,0.15668,0.030375,0.069296,0.041408,-0.47078,0.058786,0.22935,-0.80506,0.11734,0.15707,-1.9429e-16,1.9429e-16,-1.3878e-16,9.7145e-17
-0.032231,-0.081873,0.047056,0.52208,-0.47433,-0.19639,0.28663,0.22524,-0.37768,-0.0059648,0.24129,0.00088917,0.029598,0.0060342,-0.029532,-0.32668,-0.08706,0.056133,-0.029944,5.5511e-17,0,-1.6653e-16,2.498e-16
-0.0032003,0.0017635,-0.0030884,-0.0086033,0.0012644,0.0014105,-0.008331,0.0010628,-0.012052,-0.014798,0.018735,-0.022313,-0.011475,-0.06241,-0.88485,0.08655,-0.0060016,0.017718,0.0032056,-0.021305,-0.026827,0.3012,-0.33448
-0.0078222,0.00074315,-0.0049424,-0.00025835,0.021208,-0.014029,0.036872,-0.017068,0.091216,0.21383,0.085218,0.38988,0.66974,0.54259,-0.050228,0.074815,-0.15875,0.062806,0.063887,-5.2736e-16,0,-1.3878e-16,1.249e-16
-0.02438,-0.030181,0.027921,0.34652,0.41952,-0.5679,0.38856,-0.11444,0.058192,0.054533,-0.11212,-0.13751,-0.086624,0.10869,0.017176,0.35838,0.049854,-0.15268,0.058074,-3.8511e-16,-1.3878e-17,6.9389e-17,-1.7347e-17
-0.0026124,8.3073e-05,0.018834,0.015978,0.010849,0.02321,0.0086373,0.35509,0.24486,-0.021847,0.04182,-0.050162,-0.12162,0.1326,-0.0068929,0.0078969,-0.065541,0.0098234,0.028035,-0.32228,-0.43113,-0.5416,-0.43261
