-0.015902,-0.020345,-0.095179,-0.13306,-0.14659,0.33599,-0.028248,0.50182,0.51916,-0.10868,0.005022,0.0029632,-0.10639,0.015284,-0.074469,0.1103,0.14688,0.078397,-0.16323,0,0,0,0,0,0,0,0,0,0,0,0,0.46965
-0.00099263,-0.002518,-0.031398,-0.016341,0.020368,-0.024366,0.0123,-0.028041,0.10789,0.1503,-0.049557,-0.086871,0.092262,0.23412,-0.024502,-0.065432,-0.099857,-0.041851,-0.025032,0.89466,0.13929,0.040387,-0.013896,0.04561,0.031934,-0.030822,-0.021661,-0.1581,0.005003,0.054295,-0.13293,0.014228
-0.020059,-0.017144,-0.19462,-0.24649,-0.60881,0.25037,-0.023886,-0.13748,-0.28905,0.50731,-0.078813,0.12434,-0.010049,-0.012331,-0.063254,0.10578,0.13994,0.22016,0.042206,-1.3878e-017,-4.1633e-017,-1.7347e-017,5.6379e-017,-3.2092e-017,-1.21e-016,-1.3878e-017,-2.8449e-016,1.2143e-016,-8.5652e-017,-2.0036e-016,-7.9797e-017,5.5511e-017
-0.00055078,-0.0013998,-0.01247,-0.015254,0.012782,-5.3492e-005,0.069529,-0.074978,0.052139,-0.028615,0.024755,-0.0016917,-0.01454,-0.090591,0.0066422,0.041374,0.057409,0.050051,0.0095218,-0.028646,0.14498,-0.20431,0.50785,-0.17497,0.40935,0.16502,0.39893,-0.31174,0.14473,0.37055,0.083949,-0.015124
-0.00055144,-0.0013988,-0.017443,-0.0090778,0.011315,-0.013536,0.0068329,-0.015578,0.059937,0.083497,-0.02753,-0.048259,0.051254,0.13006,-0.013611,-0.036349,-0.055474,-0.023249,-0.013906,0.031059,0.19194,-0.093952,-0.21049,0.14897,0.13127,0.38142,-0.13474,0.26025,-0.13965,0.21712,0.72943,0.007904
-0.0019509,0.001496,0.0014148,-0.0024613,-0.0014239,-0.014716,-0.016831,-0.0060705,0.012957,-0.00053124,-0.0079405,0.024178,-0.025618,-0.0040769,0.0013161,0.38344,-0.29107,0.004579,0.01329,-0.019163,-0.084662,0.046958,0.23132,-0.043875,0.30456,0.1132,-0.68308,-0.12682,0.29618,-0.1571,0.013385,-3.3307e-016
-0.0035297,0.0027067,0.0025598,-0.0044534,-0.0025764,-0.026625,-0.030452,-0.010984,0.023444,-0.00096119,-0.014367,0.043746,-0.046351,-0.0073764,0.0023813,0.69377,-0.52665,0.0082849,0.024046,0.010591,0.046792,-0.025953,-0.12785,0.024249,-0.16833,-0.062567,0.37753,0.070094,-0.16369,0.086828,-0.0073979,8.3267e-017
-0.01728,-0.0073685,-0.14934,-0.12667,-0.25844,0.17196,-0.11457,0.24355,0.23249,-0.076704,0.06187,-0.36385,0.18603,-0.22245,0.25889,-0.070358,-0.11966,-0.22162,0.33896,-1.4797e-015,-2.6801e-016,-1.8399e-016,1.9082e-016,-1.3075e-016,3.0011e-016,2.3289e-016,1.7347e-017,1.2794e-016,9.9747e-017,5.2909e-017,3.0428e-016,-0.51181
-0.0010703,-0.0027151,-0.033856,-0.01762,0.021962,-0.026273,0.013262,-0.030236,0.11634,0.16207,-0.053436,-0.09367,0.099483,0.25244,-0.026419,-0.070553,-0.10767,-0.045126,-0.026991,-0.05273,-0.14788,0.092265,0.068233,-0.76802,-0.34474,0.13359,0.051645,-0.094777,0.063367,-0.15344,0.21765,0.015341
-0.00089972,-0.0022867,-0.020371,-0.024918,0.02088,-8.7382e-005,0.11358,-0.12248,0.085171,-0.046743,0.040439,-0.0027635,-0.023752,-0.14798,0.01085,0.067587,0.093781,0.081761,0.015554,0.094264,0.15698,-0.20344,0.041224,-0.38533,0.0045115,0.049845,-0.22981,0.62785,-0.10243,0.32519,-0.35386,-0.024706
-0.00088239,-0.0022384,-0.027911,-0.014526,0.018106,-0.02166,0.010934,-0.024927,0.095909,0.13361,-0.044053,-0.077223,0.082015,0.20812,-0.02178,-0.058165,-0.088766,-0.037203,-0.022252,-0.098067,-0.14816,0.23262,0.15712,0.29671,-0.076754,0.62151,0.21097,0.27511,0.27301,-0.044263,-0.33384,0.012648
-0.015351,-0.022141,-0.075142,-0.14076,-0.19624,0.17076,0.11511,-0.071255,0.027377,-0.47852,0.075068,0.17133,-0.17968,0.37702,-0.35467,-0.063133,-0.082142,0.1166,-0.26251,-1.8523e-015,-1.9082e-016,1.5266e-016,2.06e-016,-9.0206e-017,-1.0126e-016,6.9389e-017,4.146e-016,3.0097e-016,-1.7868e-016,1.6718e-016,2.7235e-016,-0.47921
-0.069865,-0.034985,-0.14299,0.71187,-0.10395,0.32038,0.27301,0.011266,-0.14735,-0.089599,-0.037339,-0.19415,-0.0018903,0.25597,0.30473,0.15089,0.13862,0.096826,0.00014585,-4.9787e-016,-6.3317e-017,3.9899e-017,1.3704e-016,-4.3368e-017,-2.949e-017,6.9389e-017,1.0408e-016,8.5001e-017,-8.9121e-017,2.5153e-016,1.2143e-016,1.3878e-016
-0.0005737,-0.0014581,-0.012989,-0.015889,0.013314,-5.5718e-005,0.072422,-0.078098,0.054308,-0.029805,0.025785,-0.0017621,-0.015145,-0.09436,0.0069186,0.043096,0.059798,0.052134,0.009918,-0.012361,0.47203,-0.2825,-0.38849,-0.061988,-0.032885,0.038422,0.13072,-0.0093268,0.63135,-0.29974,-0.012645,-0.015754
-0.65418,-0.74379,0.065518,-0.058308,0.077484,0.023975,-0.04942,-0.022447,-0.013722,0.011879,0.0069962,0.021937,0.020149,-0.01276,0.0067461,-0.0048564,-0.0036559,-0.0070365,0.006782,1.1709e-017,1.7347e-017,-2.6021e-017,3.4694e-018,5.6379e-018,2.3202e-017,1.526e-017,-5.2042e-018,1.0929e-016,6.9389e-018,-6.5919e-017,4.7705e-017,2.6021e-017
-0.0015485,-0.0039356,-0.035059,-0.042886,0.035936,-0.00015039,0.19548,-0.2108,0.14659,-0.080449,0.069598,-0.0047563,-0.040878,-0.25469,0.018674,0.11632,0.1614,0.14072,0.02677,0.19702,-0.0056828,0.016002,0.27666,0.020006,0.091491,0.12182,0.14375,0.17031,-0.30197,-0.66738,0.16074,-0.042521
-0.003912,-0.0037956,-0.17864,-0.0065556,0.058687,-0.063342,-0.11087,0.052218,-0.010606,0.031909,-0.0019777,-0.1411,0.13109,-0.04148,0.14839,-0.20082,-0.28454,0.45495,-0.26501,0.026274,-0.3617,-0.58336,0.00010256,0.090485,-0.034626,5.9562e-005,-0.0015897,0.0062578,0.0079617,-0.059223,-0.014494,0.005507
-0.072651,-0.033461,-0.10793,0.52999,-0.43965,-0.39606,-0.12206,-0.05586,0.33379,0.065452,0.0085283,0.19624,-0.065902,-0.22321,-0.27521,-0.15288,-0.13941,-0.073157,-0.023281,-2.2204e-016,1.1102e-016,-1.9429e-016,-1.6653e-016,1.1102e-016,0,-1.5266e-016,2.2204e-016,5.5511e-017,-2.7756e-017,-1.3878e-016,-4.1633e-017,1.9296e-016
-0.7437,0.66442,0.0064125,-0.028666,0.034777,0.026577,-0.038707,-0.025126,0.0087711,0.0048299,0.011731,0.0058383,-0.013411,0.0062344,-0.00064706,-0.0042764,0.0059965,0.0025568,0.00069471,-1.1102e-016,2.7756e-017,5.5511e-017,1.1102e-016,0,0,0,-2.0817e-017,-8.3267e-017,8.3267e-017,5.5511e-017,9.7145e-017,-2.0342e-017
-0.0060241,-0.0042251,-0.11095,-0.068108,0.025193,0.062661,0.24013,0.014422,0.02913,0.015301,-0.13364,0.33349,-0.37231,-0.11206,0.34373,-0.17821,-0.18351,-0.10477,0.039532,0.10193,-0.33837,0.13639,-0.33314,-0.16701,0.36227,0.058873,0.13579,0.052041,0.069145,0.0091656,-0.0033296,-0.005156
-0.0022216,-0.0041774,0.0016502,-0.019751,-0.029953,-0.037025,0.0085378,-0.021033,-0.0022388,-0.22612,-0.0053369,0.03391,-0.051485,0.19737,-0.13431,-0.14835,-0.14645,0.40614,0.78898,8.8818e-016,-1.9429e-016,1.0408e-016,2.498e-016,2.7756e-016,1.3878e-016,0,-5.9848e-016,-1.9429e-016,-2.2204e-016,-4.4409e-016,0,0.23227
-0.017816,-0.009514,-0.15571,-0.15238,-0.30326,0.043309,0.086623,-0.37042,-0.18091,-0.37553,0.16474,-0.2399,0.13453,-0.062516,0.067026,-0.13385,-0.22681,-0.34587,-0.11414,1.2768e-015,0,5.5511e-017,-1.6653e-016,2.7756e-016,2.7756e-017,5.5511e-017,-5.5511e-016,-1.9429e-016,2.5674e-016,1.1102e-016,-2.7756e-016,0.47604
-0.0031769,-0.0018786,-0.15586,0.0060385,0.04342,-0.045019,-0.12134,0.074371,-0.09422,-0.084174,0.03637,-0.075048,0.060779,-0.22307,0.16862,-0.15188,-0.20966,0.49123,-0.24789,-0.026052,0.35864,0.57843,-0.00010169,-0.08972,0.034333,-5.9059e-005,0.0015763,-0.0062049,-0.0078944,0.058722,0.014372,-0.0054604
-0.014757,-0.026358,-0.86851,-0.01818,0.29011,-0.13791,-0.15385,0.049613,-0.10986,-0.030943,0.016195,0.063952,-0.032441,0.043646,-0.14058,0.12211,0.17364,-0.14729,0.090939,1.6653e-016,-8.3267e-017,-4.1633e-017,-2.7756e-016,-5.5511e-017,-1.6653e-016,-1.1102e-016,1.1102e-016,-5.5511e-017,0,5.5511e-017,-2.2204e-016,-1.919e-017
-0.0042357,-0.010754,-0.1168,-0.091188,0.092048,-0.057265,0.26997,-0.32575,0.43359,0.25285,-0.030229,-0.20937,0.1657,0.23423,-0.034359,-0.0097746,-0.034799,0.075563,-0.025613,-0.31799,0.097776,0.047497,-0.22719,0.052431,0.28892,-0.16857,-0.051095,-0.16718,-0.2309,-0.0045434,-0.18938,-0.019128
-0.0062809,-0.0057299,-0.12522,-0.074732,0.038058,0.040107,0.23054,-0.0070806,0.10533,0.12341,-0.15936,0.24458,-0.27649,0.066818,0.29938,-0.21203,-0.24195,-0.12711,0.018279,-0.11046,0.36667,-0.14779,0.361,0.18098,-0.39257,-0.063797,-0.14715,-0.056394,-0.074928,-0.0099322,0.0036081,0.0055873
-0.001654,-0.0042,-0.044545,-0.036942,0.036263,-0.01946,0.11893,-0.14001,0.16765,0.074601,-0.00054578,-0.071737,0.050542,0.043959,-0.0090568,0.01292,0.010719,0.045295,-0.0049578,0.046751,-0.21728,0.18803,0.23544,0.14101,-0.037339,-0.54874,0.10211,0.37599,0.44117,0.11721,0.30422,-0.012429
-0.0020203,-0.0051347,-0.045741,-0.055953,0.046885,-0.00019621,0.25504,-0.27502,0.19125,-0.10496,0.090803,-0.0062054,-0.053333,-0.33229,0.024364,0.15176,0.21058,0.18359,0.034927,0.099008,-0.23858,0.088868,-0.14448,0.11164,-0.43161,0.22278,-0.1491,-0.32535,0.087848,0.30494,0.06396,-0.055477
-0.0065902,-0.011935,0.013078,-0.012059,-0.014646,-0.14479,0.1136,0.14927,-0.057541,0.23969,0.85465,-0.13281,-0.33836,0.12527,0.04753,-0.018341,-0.034603,0.012825,0.013206,-2.7756e-017,-1.9429e-016,-1.3878e-017,0,-1.3878e-017,2.7756e-017,2.498e-016,8.3267e-017,8.3267e-017,5.5511e-017,1.9429e-016,-4.8572e-017,5.894e-017
-0.064197,-0.013887,0.011562,-0.20596,-0.29161,-0.66484,0.21412,0.24114,-0.070002,-0.17144,-0.22685,-0.15629,-0.056104,0.20335,0.27078,0.17156,0.23805,0.069933,-0.055728,1.6653e-016,-5.5511e-017,1.1102e-016,2.7756e-017,1.249e-016,-1.6653e-016,-1.3878e-017,1.6653e-016,5.5511e-017,-1.9429e-016,3.3307e-016,1.1102e-016,4.103e-018
-0.0080329,-0.016556,0.017644,0.016338,0.057375,0.039675,-0.036346,-0.039614,-0.085731,0.083216,-0.31949,-0.60678,-0.62748,-0.13698,-0.29443,-0.055036,-0.062976,-0.0093109,-0.022881,6.245e-017,-2.7756e-017,-2.7756e-017,-1.0408e-016,-5.5511e-017,-1.1102e-016,-5.5511e-017,1.6653e-016,0,-1.3878e-016,-1.7e-016,8.3267e-017,3.4776e-017
-0.051931,0.0053364,-0.048969,0.0088096,0.05338,-0.0022363,0.65937,0.39323,-0.22728,0.092094,-0.038512,-0.016871,0.28557,-0.23114,-0.40227,-0.080755,-0.18726,-0.045551,0.01317,1.1102e-016,-5.5511e-017,-5.5511e-017,1.3878e-017,6.9389e-018,2.7756e-017,-5.5511e-017,-8.3267e-017,-1.6653e-016,-2.2204e-016,-1.6653e-016,-2.7756e-017,-3.0019e-017
