0.012951,-0.57645,0.81642,0.0019122,0.0028481,0.0044821,0.016252,0.0022176,0.02626
0.19157,-0.35345,-0.28508,-0.0015486,-0.0034108,-0.0046791,0.33852,0.13263,0.79049
0.66351,-0.055349,-0.046799,-0.017752,-0.014823,-0.030573,0.58978,-0.13342,-0.43289
-0.031899,-0.24168,-0.1707,0.6095,0.14686,0.70567,-0.043412,-0.0089034,-0.1358
-0.02843,-0.087397,-0.06239,-0.54325,0.79178,0.24769,0.00092593,0.032367,-0.056697
-0.36109,-0.044787,-0.027589,0.0056012,-0.053065,-0.045215,0.39632,0.80233,-0.24729
0.1239,0.68677,0.46498,0.14475,0.14807,0.27616,0.24668,0.11209,0.32285
0.61264,0.00072865,0.00049333,-6.3891e-05,-6.5354e-05,0.00052713,-0.56346,0.55424,0.00034254
-0.0003157,-0.00042581,-0.00028829,-0.55864,-0.57143,0.60116,6.6911e-05,-0.00028561,-0.00020017
