-0.043779,-0.058003,-0.024145,-0.092635,0.96302,-0.037394,-0.076189,-0.22571
-0.33869,0.56115,-0.17402,0.35248,0.05852,-0.18599,0.60142,-0.12707
0.73342,0.059364,0.057308,0.62959,0.044612,0.054309,-0.030965,-0.23024
0.028228,-0.093638,0.19037,-0.15792,0.010685,0.82357,0.46548,-0.18494
-0.26673,0.13161,0.91728,0.19643,0.01225,-0.072368,-0.15559,-0.044053
0.44736,0.63855,0.15849,-0.59556,-0.0040025,-0.10676,0.012694,-0.027068
0.23523,-0.48778,0.24018,-0.17974,-0.0031466,-0.49829,0.60695,-0.0079476
0.13439,0.08035,0.073459,0.14239,0.25863,0.13364,0.14867,0.91813
