-0.0024779,0.010944,0.019617,0.96041,-0.0024797,0.019836,-0.27695
0.67758,0.016321,0.25406,-0.069475,0.64165,0.087253,-0.22785
-0.095401,0.10412,0.68411,-0.068527,-0.31367,0.62473,-0.13666
-0.18386,0.030308,-0.57414,-0.016507,0.30284,0.73596,-0.04507
0.63912,-0.38942,-0.28081,0.014619,-0.56826,0.19254,0.028578
0.26707,0.91147,-0.19537,-0.016644,-0.23932,-0.027438,-0.037751
0.13483,0.073698,0.14286,0.25947,0.13408,0.14915,0.92111
