-0.00072585,-0.0084006,-0.00033338,0.012074,-0.00012361,0.10017,0.31747,-0.10215,0.60299,-0.37655,0.019359,-0.01303,-0.13951,0.0018745,-0.0044926,0.19264,-0.021169,-0.56168,-0.0081694,2.4853e-016,3.1091e-017
-0.99063,0.13522,-0.00094954,0.0035701,0.0058551,-0.016166,0.0046493,0.002771,0.0011226,-0.00061209,0.0046151,-1.9262e-005,0.00045096,-0.00034989,3.0207e-005,-0.00044896,0.00066582,5.7336e-005,4.9457e-007,1.1228e-016,5.3909e-018
-0.00079223,0.00021181,-1.9999e-006,1.6259e-005,-0.12608,0.0040058,-0.0010045,-0.00056348,-0.00021254,0.00011364,-0.00082736,3.3418e-006,-7.6457e-005,5.8639e-005,-5.0425e-006,7.3889e-005,-0.00010859,-9.2647e-006,-7.9459e-008,0.97463,0.1849
-0.13498,-0.98925,0.0094028,-0.052478,-0.0013058,-0.015094,0.0013156,0.001161,-0.0072381,0.0036653,7.2379e-005,2.4516e-005,0.0041375,-0.0033,0.00034696,-0.0015493,0.00011845,-0.00012625,1.5608e-005,-1.6092e-017,-2.888e-018
-0.010829,-0.0087469,0.00012025,-0.0015249,0.019005,0.59255,-0.25955,0.55204,0.016908,0.013156,-0.020211,0.002338,-0.082823,0.094378,-0.0092222,0.50485,-0.026836,0.062385,0.00010628,-2.6043e-016,9.9422e-018
-0.0004233,-0.0040515,-0.00024132,0.0082664,0.00047337,0.10711,0.25374,-0.080314,0.40993,-0.26078,0.0081049,-0.008537,0.36068,-0.11744,0.0051487,0.077196,0.0029525,0.72907,0.0018193,2.9798e-016,2.9011e-017
-0.0087655,-0.0060628,8.4608e-005,-0.0010924,0.01516,0.32305,-0.65882,-0.13324,0.30954,-0.15767,-0.028089,-0.0039285,0.080738,-0.093964,0.0087936,-0.53492,0.12885,-0.062076,-0.0001803,1.3095e-017,-8.3014e-017
-6.8239e-006,-0.00022063,-0.0069855,0.0093539,1.3736e-005,-0.0055203,-0.024252,0.010168,-0.2231,-0.34721,0.0011392,-0.6589,0.0054741,-0.034402,-0.52549,0.00032555,-6.6487e-005,7.0096e-005,-0.3425,-1.515e-016,1.1833e-016
-8.1796e-005,-0.0057429,-0.99743,-0.070486,-1.553e-006,0.00025136,0.00087459,-0.00032289,0.0061326,0.009406,-3.8414e-005,0.0016687,-7.828e-005,-7.7741e-005,0.0014437,-2.1327e-006,5.6659e-007,1.4142e-005,-0.00060255,5.1201e-017,-1.6405e-016
-7.7038e-006,-0.00025215,-0.0087816,0.01039,1.5958e-005,-0.0069888,-0.032638,0.014519,-0.37774,-0.6554,0.0037755,0.5742,0.0038677,-0.0056167,-0.24687,0.00030825,-9.6086e-005,-0.0030688,0.18853,1.7265e-016,3.2003e-016
-4.3802e-006,-0.00014494,-0.0054544,0.0058176,9.1226e-006,-0.0040799,-0.019176,0.0085375,-0.21783,-0.36893,0.0017777,-0.46406,0.015468,0.099123,0.60087,0.00010436,-7.0399e-005,-0.0039251,0.47899,-1.5059e-016,-2.6753e-016
-0.001117,-0.00036508,5.6101e-006,-7.7691e-005,0.0017149,0.025047,-0.050553,0.033079,0.033451,-0.01699,0.0036756,-0.0004791,0.011437,-0.014678,0.0014599,-0.14043,-0.98702,0.0034573,-3.9372e-007,2.5001e-016,-2.071e-016
-0.0083886,-0.003888,5.6538e-005,-0.00074741,0.014095,0.2492,-0.20089,-0.8059,-0.13863,0.073443,-0.03278,0.0026726,-0.076363,0.085366,-0.0082003,0.44643,-0.081941,0.053762,0.00010432,1.0406e-016,7.8068e-017
-0.0061763,0.0016513,-1.5591e-005,0.00012675,-0.98296,0.031229,-0.0078313,-0.0043929,-0.001657,0.00088596,-0.0064502,2.6053e-005,-0.00059606,0.00045715,-3.9312e-005,0.00057604,-0.00084656,-7.2228e-005,-6.1947e-007,-0.14719,0.10478
-0.00036694,-0.0052715,-2.8107e-005,0.0020874,-0.00075627,-0.018856,0.04392,-0.013231,0.13141,-0.080517,0.010538,-0.0042897,-0.84899,0.28808,-0.027353,-0.18113,0.015611,0.36884,0.00053284,2.5728e-016,1.6911e-016
-0.00081216,0.00021714,-2.0502e-006,1.6668e-005,-0.12926,0.0041066,-0.0010298,-0.00057766,-0.00021788,0.0001165,-0.00084818,3.4259e-006,-7.8381e-005,6.0114e-005,-5.1694e-006,7.5748e-005,-0.00011132,-9.4978e-006,-8.1458e-008,0.16863,-0.97716
-2.9298e-006,-9.0623e-005,-0.0017882,0.0042592,6.2048e-006,-0.0026056,-0.011915,0.0052201,-0.13233,-0.22762,0.001288,0.14194,0.0049658,0.060935,0.53763,-0.00023897,8.7249e-005,0.0052417,-0.78582,-1.5565e-016,2.1179e-016
-0.0035508,-0.052855,-0.069893,0.99585,3.3506e-005,-0.0034556,-0.0084413,0.0021046,-0.0023634,0.020401,-0.00033543,0.0025159,-0.0021543,-0.007151,0.0026952,-7.49e-005,2.4495e-005,0.00062407,0.0019388,2.2118e-017,-1.0755e-016
-0.00015412,-0.0022773,-0.00023318,0.0075864,-0.00029374,-0.0080943,0.014447,-0.004812,0.06511,0.010098,0.0028982,0.018712,0.33154,0.92855,-0.1085,-0.096139,0.0043363,-0.040765,-0.011064,1.0061e-016,-5.5511e-017
-0.00971,-0.0054237,-6.959e-005,0.0034558,0.018165,0.67526,0.53437,-0.095042,-0.26936,0.11877,-0.030589,0.00059145,0.0054595,-0.030675,0.0034989,-0.39347,0.031607,-0.06759,-0.00021658,2.6541e-016,-8.6736e-017
-0.003535,0.0009411,-8.8596e-006,7.1071e-005,0.0047618,-0.047616,0.022431,0.019417,0.018253,-0.016028,-0.99807,0.00041801,-0.0059283,0.0038284,-0.00031257,0.0038782,-0.0051962,-0.00040703,-3.3236e-006,-1.3878e-017,2.7756e-017
