-0.0066411,3.0478e-05,-0.0028948,4.41e-07,-3.1063e-06,0.050201,-0.018696,0.13413,0.16054,-0.12429,2.1262e-05,-0.018311,0.052022,-0.10542,5.6282e-05,0.29867,-0.20775,0.00026404,0.5598,-7.3452e-05,-0.098936,0.33002,-4.539e-06,-1.8755e-05,-0.0095733,0.1193,1.0124e-05,-0.041066,-0.061775,3.5277e-05,0.074364,0.040071,6.478e-06,0.019627,-0.14752,-0.18574,9.2725e-05,0.017067,0.13148,1.4159e-06,0.11503,-0.14917,-0.090596,-0.0095794,3.5995e-06,0.049378,0.038136,4.8495e-05,0.010986,0.061759,0.09086,-0.22505,-0.29432,-0.18506,0.16337,0
-0.00019754,-0.17744,-0.0013511,0.061684,0.9738,1.9864e-05,-2.6938e-05,1.026e-05,-4.4902e-07,-4.962e-06,-0.00043946,2.2896e-06,4.5858e-06,3.4677e-05,0.054266,-6.3694e-07,-3.2056e-07,-0.011207,4.6345e-06,-0.021667,4.1186e-06,-2.2016e-06,0.042163,-0.043954,0.00012591,4.0795e-06,-0.083028,6.9767e-06,-7.3541e-06,0.034976,-6.8741e-06,1.5226e-06,0.01845,1.5474e-07,-2.129e-06,-2.8517e-06,-0.010872,-5.781e-06,9.0556e-07,-0.015459,1.8815e-06,-3.2547e-07,-2.8781e-07,2.4536e-07,0.018326,-5.46e-06,1.1343e-05,-0.0048113,-7.1217e-07,1.9962e-07,-4.9077e-08,2.9918e-07,2.6393e-08,-7.3363e-08,7.1637e-09,-1.6833e-17
-0.00088614,8.6614e-06,-0.0009846,7.5232e-08,-8.9464e-07,0.010575,-0.035739,0.08705,0.11961,0.081452,-2.4364e-06,-0.05995,-0.097431,0.042493,-2.8604e-05,-0.10249,0.27911,5.2962e-05,0.12305,-5.7079e-06,-0.026423,-0.20716,3.348e-06,0.0002303,0.09875,-0.092172,6.4644e-05,0.14105,-0.13833,4.5119e-05,0.09501,-0.020037,2.8377e-06,-0.07048,0.095563,0.075461,-1.7649e-05,-0.01073,-0.0092153,-1.1499e-05,-0.042469,-0.054914,0.0764,-0.35875,-7.7731e-06,-0.077079,-0.036726,-4.3164e-05,0.13772,0.092371,0.15431,0.32304,-0.57392,0.21654,0.20675,8.0665e-17
-8.9117e-06,-0.012831,-9.9152e-05,0.011323,0.034087,1.3334e-06,-4.4897e-06,8.0099e-06,-5.4291e-07,-5.7944e-06,0.018715,5.1029e-06,8.1897e-06,5.7168e-05,0.082654,1.668e-06,-1.9029e-06,-0.022365,7.8884e-06,0.091811,-1.9843e-05,2.4754e-05,0.26719,-0.15808,0.00035485,-8.1467e-06,0.38149,-3.55e-05,4.1938e-05,-0.44393,0.00012481,-4.3099e-05,0.27668,6.03e-09,1.0794e-05,2.2821e-05,0.051486,-4.6071e-05,7.6343e-05,0.62975,-9.8864e-05,-3.1807e-05,-5.967e-06,5.2768e-06,-0.26001,9.3381e-06,9.1259e-06,-0.0072464,-1.6266e-06,4.7759e-07,-1.1555e-07,6.3241e-07,5.3637e-08,-1.3721e-07,1.1913e-08,9.764e-17
-0.0088481,8.4024e-05,-0.0095236,7.397e-07,-1.6619e-05,0.98921,0.094705,-0.076765,-0.053019,0.0067685,-3.4257e-06,0.021362,-0.024755,0.019785,-8.4827e-06,0.013576,0.0092874,-1.7156e-05,-0.03704,4.5997e-06,0.0063767,-0.012392,-4.7316e-08,7.3148e-06,0.0030777,-0.0084288,1.5558e-06,0.00072222,-0.0064236,2.1923e-06,0.0045798,0.0046303,7.0847e-07,-0.0053701,-0.00091293,0.0067855,1.2353e-06,-0.0014644,0.0016234,-1.0386e-06,-0.0032727,-0.0016693,-0.00037134,-0.0038501,6.825e-08,0.0015838,0.001294,1.8764e-06,-0.0008571,0.00080527,0.00033576,0.00043383,0.00024519,-0.00055834,-0.0007402,-5.8592e-17
-0.0059709,-1.5482e-06,0.001203,4.3559e-07,-2.3416e-06,0.0014016,-0.021028,0.075898,0.043272,0.066272,-1.8418e-05,0.018241,-0.087765,0.49365,-0.00029094,0.015894,-0.19081,1.7382e-05,0.0014118,3.7781e-05,0.2022,-0.064675,1.7715e-05,-0.00084891,-0.34897,0.39768,-0.00010414,-0.20008,0.33368,2.5548e-05,0.059217,0.040692,1.5286e-05,-0.11271,0.040958,0.12915,8.6004e-06,0.04504,0.090393,-9.4985e-06,-0.13893,0.29943,-0.005405,-0.10137,-5.5177e-06,-0.074776,-0.046306,-6.0952e-05,0.070451,0.070667,0.10295,-0.06621,-0.14836,-0.047325,0.010495,-2.0891e-16
-0.00063024,3.0434e-07,6.6866e-05,5.1018e-08,-3.677e-07,0.00061613,-0.012196,-0.00065696,-0.012592,-0.011121,1.0748e-06,0.016331,0.034388,0.0054344,-7.432e-06,-0.016742,0.0086063,1.8162e-06,0.0040967,1.7223e-06,0.017996,0.017858,-3.0125e-07,-9.0189e-07,-0.00037096,0.0068055,1.3177e-05,0.088441,0.0027976,4.2885e-05,0.091754,0.074306,1.5373e-05,0.046548,0.10038,0.0092898,-6.0364e-05,0.11579,0.033681,3.9008e-05,0.11547,0.094949,0.1255,0.048876,-6.8262e-07,-0.029211,0.093433,0.0004012,-0.64736,0.47674,0.36585,0.17053,0.17798,-0.054074,0.2333,2.6615e-15
-0.00081513,4.315e-06,-0.00042965,5.7864e-08,-4.983e-07,0.010331,-0.0048057,0.035332,0.031706,-0.020204,4.2032e-06,0.10197,-0.038837,-0.095619,5.6297e-05,0.022324,0.011931,4.0481e-05,0.093541,-1.146e-05,0.021302,0.13559,-1.5159e-06,-0.00013091,-0.057055,0.22327,-2.3325e-05,0.11141,0.036858,-8.1268e-05,-0.17183,0.054704,-7.7608e-07,0.088911,0.14591,0.058691,3.525e-06,0.0081795,0.054317,-7.2336e-06,0.043099,-0.050721,-0.10632,-0.4651,-1.4689e-05,-0.16617,-0.034985,3.1501e-05,0.13139,-0.12107,-0.18668,0.14555,0.47123,0.040052,0.49028,1.7165e-15
-0.0062013,1.289e-05,-0.00065582,4.3237e-07,-2.3832e-06,0.0010772,-0.012176,0.23534,-0.4289,-0.17191,4.3357e-05,-0.32739,-0.25981,-0.069734,5.3633e-05,-0.10011,0.098663,8.3275e-07,0.009564,4.9187e-06,0.061221,0.11281,-9.4895e-06,0.00023145,0.09053,0.27271,1.8347e-05,-0.28027,-0.21668,3.7138e-05,0.080244,0.089253,1.9537e-05,-0.029538,0.19375,0.022831,0.00030294,-0.32409,-0.030515,-3.5096e-05,0.049916,0.056107,-0.077423,0.015872,-1.0094e-05,-0.05572,0.097791,0.00025584,-0.2541,-0.14201,-0.15909,0.00014799,-0.10979,0.031665,0.0052778,-6.3e-16
-8.33e-06,-0.012253,-9.4751e-05,0.0071557,-0.016762,1.2364e-07,-2.1262e-06,7.4995e-06,-8.7391e-07,-2.0777e-05,-0.12247,1.7174e-06,1.1082e-05,9.0429e-05,0.14912,-2.084e-06,-2.8003e-06,-0.092314,4.1039e-05,-0.09342,1.8897e-05,-1.2677e-05,-0.48503,-0.70178,0.0017404,1.6337e-05,-0.093251,4.9765e-06,-1.9553e-06,-0.17894,8.1202e-05,1.6616e-05,-0.29622,-1.2808e-06,1.7372e-05,4.0447e-05,0.28981,0.00027006,-0.00013169,0.062196,-4.853e-05,-2.5315e-05,-5.4338e-06,4.2662e-06,0.0028742,-2.9473e-05,7.0831e-05,-0.030794,-4.5231e-06,1.2249e-06,-2.902e-07,1.6236e-06,1.3983e-07,-3.7124e-07,3.4214e-08,1.7625e-16
-1.8821e-05,-0.027151,-0.00020981,-0.031424,0.00099402,1.2682e-06,-6.6729e-06,1.3722e-05,-8.2638e-07,-2.5929e-06,0.12604,1.4474e-05,2.1983e-05,0.00015057,0.21238,1.1625e-05,-2.4896e-05,-0.58718,0.00024673,-0.37254,7.2975e-05,-3.5166e-05,0.23799,0.26093,-0.00063489,-8.4063e-06,0.22584,-2.0322e-05,2.2895e-05,0.018277,-4.2577e-05,9.099e-06,-0.3784,-1.9383e-06,2.5949e-05,5.2964e-05,0.36586,0.00034514,-0.00017323,-0.016739,-3.923e-05,-1.9583e-05,-3.4269e-06,2.3873e-06,0.01136,-1.5428e-05,3.415e-05,-0.01426,-1.8805e-06,4.6757e-07,-1.0234e-07,4.7306e-07,3.8391e-08,-8.9917e-08,6.8638e-09,-9.6735e-17
-0.0061785,1.3896e-05,-0.00078953,4.4085e-07,-2.7417e-06,0.00816,-0.047432,0.11663,-0.11482,0.031217,-1.0544e-06,-0.042936,0.10185,0.063328,-4.7396e-05,-0.022281,0.31382,-3.7022e-05,-0.049473,-5.9527e-06,0.02482,0.32111,-2.4223e-05,0.00071173,0.28623,0.11318,7.1617e-05,-0.21871,-0.030591,0.00015572,0.32882,-0.19218,-6.9908e-06,-0.03896,0.13529,0.14247,-0.00059883,0.53955,-0.10316,8.5906e-05,-0.037078,-0.060244,0.030808,0.024712,1.0198e-05,0.0020632,-0.12542,-0.00024026,0.22622,0.071903,0.096038,-0.08698,0.11689,-0.094718,-0.0016176,1.1746e-15
-0.036722,0.00010908,-0.0080979,2.9069e-06,-2.3469e-05,0.072646,-0.9411,-0.25197,0.0083089,-0.017042,6.9001e-06,-0.057753,0.022147,-0.059451,3.0494e-05,0.031125,-0.073971,5.893e-06,-0.0088483,2.1711e-05,0.07724,-0.052018,-6.2015e-06,0.00026462,0.10654,0.06699,1.4799e-05,-0.03472,-0.0054631,-1.7105e-05,-0.039143,0.029091,-1.1593e-06,-0.0089298,0.0033118,0.0038345,2.0429e-06,-0.0087735,-0.0021303,-2.8339e-06,-0.0027238,0.00853,0.032703,-0.01007,-9.2569e-07,0.0057461,0.0087185,1.9868e-06,0.0036148,-0.0081239,-0.0053761,-0.0052326,-0.010074,-0.0024825,0.0027992,1.8827e-16
-1.8703e-06,-0.0026304,-2.0308e-05,-0.012132,0.0020354,1.8956e-07,-8.033e-07,9.0279e-07,5.5849e-08,4.4829e-06,0.049682,1.4646e-06,-1.7202e-06,-1.9692e-05,-0.039648,2.9023e-06,5.7919e-07,0.10252,-6.3189e-05,-0.08671,7.4914e-06,9.5703e-06,-0.035631,-0.14441,0.00031436,-6.9351e-06,0.28495,-2.5796e-05,2.9132e-05,0.46081,-0.00029002,-5.4194e-05,0.29705,-1.4686e-07,1.4849e-05,4.225e-05,0.31403,0.00030113,-0.000152,0.00068483,-4.0853e-05,-2.209e-05,-4.4888e-06,3.3893e-06,0.01452,-2.4486e-05,5.6714e-05,-0.024329,-3.4748e-06,9.243e-07,-2.158e-07,1.1717e-06,1.001e-07,-2.6167e-07,2.3643e-08,0.6888
-0.0092579,-4.1326e-08,0.001562,7.0296e-07,-4.3819e-06,0.0044755,-0.1132,-0.089329,-0.041602,-0.047285,-4.8864e-06,0.0065615,0.017481,-0.042623,4.3564e-05,-0.062963,0.064483,-4.3496e-05,-0.025115,-6.1856e-05,-0.19154,0.10165,4.5797e-05,-0.0019024,-0.76918,-0.11723,-9.8308e-05,0.0031846,-0.37194,0.00012775,0.29891,-0.1915,1.9481e-05,0.1407,0.11953,-0.027776,7.2528e-06,0.01434,-0.071633,2.8852e-05,-0.050921,-0.01935,0.010925,-0.0091258,6.5837e-06,-0.03493,-0.021828,8.7059e-05,0.035923,-0.003759,-0.0074089,-0.0078288,0.029342,-0.0083632,-0.0046401,-1.1935e-15
-3.875e-05,-0.0022347,-7.38e-06,-0.00033566,0.0018606,-5.3442e-06,2.963e-05,-5.6693e-05,3.6307e-06,4.4125e-05,0.0077992,-1.7634e-05,-1.2069e-05,-4.6841e-05,-0.012828,-1.9251e-05,1.1239e-05,0.010391,3.7608e-05,0.011572,1.6617e-05,-4.7531e-05,-0.0090762,0.019099,6.8632e-05,1.6158e-05,-0.072844,-1.4488e-06,1.1758e-05,-0.0086421,-7.8997e-05,-4.2227e-05,0.023669,-1.5504e-06,3.3056e-05,4.9591e-05,0.13451,3.0587e-05,2.0002e-05,0.060147,6.7152e-05,0.00011324,5.9968e-05,-6.6839e-05,0.057027,0.00074254,-0.002069,0.98396,0.00018824,-6.3624e-05,1.8662e-05,-0.00018375,-1.9346e-05,8.4708e-05,-2.9621e-05,4.2109e-16
-0.00051835,1.3489e-05,-0.0016887,9.3024e-09,-4.6513e-08,-0.00021657,0.00043156,0.0011881,-0.0040277,0.0013321,-3.4168e-07,-0.0022616,0.0026711,0.00046284,6.8378e-08,0.0053665,-0.0067477,8.049e-07,0.00131,9.8592e-07,0.0085131,-0.00024449,5.6335e-07,-1.0955e-05,-0.0041072,-0.026686,-1.1403e-06,0.016165,0.02181,-9.4411e-08,-5.5574e-05,-0.021363,-2.1709e-06,-0.0039173,0.045813,-0.0063408,-2.2287e-05,0.017715,0.0066367,-3.0396e-06,-0.0081288,-0.02284,0.011935,-0.065491,-5.0598e-06,0.013075,0.085613,0.00012735,-0.10714,-0.70569,0.68368,-0.028538,0.071792,0.0014294,-0.00061524,2.0421e-16
-0.022418,0.00015698,-0.016892,1.3698e-06,-8.6304e-06,0.040626,-0.11509,0.53237,-0.25504,0.21426,-1.0682e-05,-0.13003,0.3245,-0.045224,1.1672e-05,0.26558,-0.2279,-8.0387e-05,-0.20617,2.16e-05,-0.034638,0.018579,-7.9536e-06,4.5851e-05,0.015022,-0.22358,-4.2597e-05,0.0043502,0.092175,3.5124e-06,0.013713,-0.069047,-8.732e-07,0.16895,0.042536,-0.27869,0.00012285,-0.095725,-0.032239,-8.3495e-06,-0.13388,0.15413,0.077697,-0.19687,-3.5631e-06,-0.020587,0.035333,9.541e-05,0.10948,0.083001,0.059476,0.071023,0.01955,0.032727,-0.014005,3.3307e-16
-2.0711e-05,-0.029458,-0.00022753,-0.049915,0.055777,2.6924e-06,-9.7703e-06,1.6022e-05,-1.136e-06,-2.086e-05,-0.11846,-4.5231e-06,-2.2803e-05,-0.0002002,-0.35105,1.5814e-05,3.2036e-07,0.40305,-0.00025984,-0.51421,5.9741e-05,1.5729e-05,-0.021094,-0.024376,-4.3611e-05,-1.997e-05,0.44462,-3.5948e-05,3.5247e-05,-0.053887,7.7054e-06,2.4845e-05,-0.38199,-1.1369e-06,2.6015e-06,-2.4604e-05,-0.26973,-0.00028606,0.00015292,0.00081133,5.6148e-05,4.0089e-05,1.0759e-05,-8.9973e-06,-0.052415,7.6512e-05,-0.00018231,0.079734,1.2047e-05,-3.3462e-06,8.11e-07,-4.7627e-06,-4.1563e-07,1.1315e-06,-1.0762e-07,-1.4745e-17
-4.6086e-06,-0.0066596,-5.1468e-05,0.0080445,0.014517,6.029e-07,-2.0823e-06,3.4055e-06,-1.9312e-07,-1.1821e-06,0.016608,1.8878e-06,1.588e-06,8.3316e-06,0.0081001,1.1422e-06,1.2842e-06,0.098619,-5.7747e-05,-0.070603,5.9726e-06,8.2017e-06,0.075222,-0.036349,6.4443e-05,-5.9322e-06,0.21995,-2.0467e-05,2.4573e-05,-0.55836,0.0002133,-3.0944e-05,0.32426,6.9053e-07,-8.3408e-08,1.632e-05,0.2458,0.00033385,-0.00022317,-0.65258,6.5177e-05,1.4012e-05,2.5794e-06,-2.5275e-06,0.16151,-9.2757e-06,1.6209e-06,0.0016297,7.1702e-07,-2.4493e-07,6.5385e-08,-4.2907e-07,-3.8182e-08,1.0717e-07,-1.0506e-08,-1.1568e-16
-0.0026843,5.0628e-06,-0.00021579,1.8937e-07,-1.1031e-06,0.0013863,-0.016487,0.020762,0.054812,-0.097665,1.2367e-05,-0.0066449,-0.059364,0.016832,-5.9277e-06,0.18896,-0.047038,7.2832e-05,0.14537,4.113e-06,0.13678,0.19011,-6.8661e-06,0.00020953,0.086517,-0.28587,2.6167e-05,-0.033541,-0.037613,0.00014462,0.31105,0.006457,2.1326e-05,0.11316,-0.40146,0.52579,0.00022342,-0.19113,0.13522,-5.8892e-05,-0.138,0.20058,0.034315,-0.082763,-9.7326e-06,-0.13735,-0.064475,-3.2889e-05,-0.058782,-0.044698,-0.033729,0.14592,0.15016,0.14432,-0.11671,-8.3267e-17
-0.0025872,3.38e-05,-0.004012,1.3345e-07,-1.2886e-06,0.042416,0.0037825,0.076394,0.15677,-0.1226,2.3471e-05,-0.19691,0.22785,-0.032184,-7.7213e-06,-0.36205,-0.19535,5.1435e-05,0.11201,-2.3255e-05,-0.057961,0.099797,-1.7029e-06,-8.1484e-05,-0.035583,-0.085278,-7.7778e-05,-0.27331,0.11372,-0.00012146,-0.25912,0.0044688,-1.4464e-05,0.38998,0.090861,0.18638,-0.00017246,0.10096,-0.069292,1.5274e-05,-0.023072,0.066109,0.034307,0.3472,9.818e-06,0.044661,-0.080153,-0.00018621,0.062621,-0.07364,-0.0054452,0.21198,-0.11413,0.18193,0.23876,1.0825e-15
-0.18918,0.0076959,-0.98116,-1.8706e-06,3.8722e-06,-0.015229,0.020396,-0.024023,-0.0050538,0.0058009,-1.0047e-06,0.0059635,-0.0032003,0.0018837,-1.1892e-06,-0.0059998,0.0021639,3.0039e-06,0.0067055,-5.6156e-07,0.00031294,-0.00011029,5.4348e-08,1.5465e-06,0.00066574,0.003764,7.0095e-07,-0.0030741,-0.0026486,1.0369e-06,0.0021494,0.0014747,2.4273e-07,-0.0022083,-0.0011053,0.001638,1.2507e-06,-0.0014719,-0.0003295,-1.2566e-07,0.00021131,-0.00061114,-0.00047957,0.00040285,6.3098e-08,-0.00015525,-0.0011765,-1.9652e-06,-0.00062797,0.00097447,-0.00092788,1.6027e-05,-0.00013011,-1.5346e-05,0.00015638,3.4694e-17
-0.018977,9.8631e-05,-0.0097998,1.1934e-06,-6.859e-06,0.021034,-0.061916,0.23902,0.38413,-0.54588,6.7721e-05,0.18113,-0.31233,0.17585,-0.00010271,0.20696,0.097676,-9.0654e-05,-0.22612,5.4262e-05,0.15126,0.038661,-1.1363e-05,0.00013492,0.049899,-0.14468,-3.2089e-05,-0.096595,-0.1175,-3.2375e-05,-0.065123,0.06323,7.0781e-06,0.10203,0.12517,-0.21531,-1.4563e-05,-0.041344,-0.20228,3.6268e-05,-0.033174,0.068033,0.035581,0.052293,8.1658e-06,0.057022,0.01043,2.5332e-05,0.095798,0.048097,0.061533,0.029438,0.063523,-0.010285,0.014055,3.6082e-16
-0.017579,2.7056e-05,-0.00060376,1.2801e-06,-7.8641e-06,0.01449,-0.14454,0.21529,-0.29153,-0.32293,3.9659e-05,0.54446,0.035734,0.0070154,-4.5219e-05,-0.2606,0.087976,3.111e-05,0.080078,-7.082e-05,-0.45334,-0.020753,-5.943e-06,5.7359e-06,-0.0016589,-0.086798,-5.6434e-05,-0.04853,0.30319,1.7576e-05,0.039878,-0.0046739,5.646e-06,-0.13666,-0.10528,0.023918,7.4317e-05,-0.0083926,0.07731,3.4869e-06,0.049111,0.065151,-0.028661,-0.033859,-1.6452e-06,-0.020872,0.018973,7.586e-05,-0.043931,-0.02919,-0.029908,0.0094085,-0.058727,0.02537,-0.010859,-5.5511e-17
-0.0043008,8.9222e-06,-0.00045558,2.8976e-07,-1.6097e-06,0.010323,-0.006957,0.021167,0.072106,-0.090367,9.7854e-06,-0.068962,0.13485,-0.0020208,-8.6625e-06,-0.33541,-0.11352,-6.0199e-05,-0.11201,9.1727e-06,0.10078,0.17985,-1.5417e-06,5.8449e-05,0.026592,-0.0097488,9.6182e-05,0.34884,0.050206,0.00020366,0.41724,0.63094,8.0044e-05,-0.032883,0.092263,-0.14866,9.0172e-05,0.0018364,0.087045,-1.5217e-05,-0.14718,-0.028755,-0.040093,0.039556,7.595e-06,0.019545,-0.014663,2.046e-06,0.097587,-0.049269,-0.033396,-0.066239,-0.0038791,0.049483,-0.00064847,3.4694e-16
-0.0058691,3.6786e-05,-0.0038482,3.9643e-07,-3.2552e-06,0.055777,-0.046032,0.18541,0.2575,-0.028849,1.6874e-05,-0.24168,0.16559,0.075897,-7.4669e-05,-0.16639,0.10218,0.00019446,0.41331,-2.5975e-05,0.0077455,-0.15686,1.1278e-05,-9.6986e-05,-0.034745,0.033926,2.0211e-05,-0.015409,0.03232,6.2723e-05,0.13521,-0.16929,-1.028e-05,-0.41794,-0.070208,-0.24642,1.6706e-05,-0.054181,-0.16757,3.4649e-05,0.026308,0.13055,0.042769,0.046017,5.8485e-06,0.10997,0.074741,9.225e-05,-0.024991,-0.053157,-0.091549,0.18638,0.34625,0.15516,-0.12723,4.0246e-16
-0.00085538,9.8313e-07,1.4607e-05,6.386e-08,-4.5924e-07,0.0061619,-0.0074077,0.00085514,0.0045297,-0.0077347,8.8121e-07,-0.016266,2.5366e-06,0.0048626,-1.986e-06,0.027881,-0.0053356,1.4372e-05,0.03042,-9.1434e-07,0.017738,0.021107,4.1448e-08,1.0337e-05,0.0046876,-0.032535,1.7628e-07,0.015621,0.033155,-1.8239e-05,-0.041185,-0.0071863,-6.5643e-06,-0.10335,-0.010844,-0.22204,1.7774e-06,-0.0053715,-0.042298,9.5535e-06,0.051619,-0.07646,0.086784,0.20801,-4.2159e-05,-0.82091,-0.43379,-0.00026314,-0.05965,-0.050315,0.022752,0.0070439,-0.020719,0.031114,-0.039063,-5.6552e-16
-0.0019989,2.1771e-05,-0.0025231,1.3206e-07,-1.3525e-06,0.022324,-0.036597,0.084498,0.047488,0.07804,-4.8575e-06,0.1103,-0.066588,-0.088902,5.0819e-05,-0.051319,0.12449,4.7621e-05,0.11638,-5.6023e-06,0.087371,0.17856,-5.4559e-06,3.7432e-05,0.011541,0.23369,1.8588e-05,0.4092,0.049494,-2.0224e-05,-0.035785,-0.11269,-5.8166e-06,0.35435,0.11197,-0.012724,2.2334e-05,0.03664,-0.038378,8.9508e-05,0.42666,0.41384,0.088753,0.016925,-1.2243e-05,-0.017148,0.01695,-7.963e-05,0.037686,-0.058566,-0.03842,0.022757,-0.087133,0.071187,-0.35458,-8.2443e-16
-0.0033519,3.4921e-05,-0.0040342,1.7436e-07,-1.0683e-06,0.011506,0.00080737,0.052291,0.15053,-0.16443,2.337e-05,-0.073018,0.061412,0.00034046,-1.0609e-05,-0.26496,-0.086198,-0.00012739,-0.27617,3.54e-05,0.10202,0.14129,-1.2689e-05,0.00016184,0.059911,0.037458,-1.8664e-05,0.01927,-0.19797,-5.2274e-05,-0.095005,-0.37546,-3.156e-05,-0.11785,-0.11638,-0.15879,0.0002682,0.084214,0.68219,-9.3665e-05,-0.010198,0.058587,0.002773,-0.098634,-1.0987e-05,-0.036489,0.053289,7.7699e-05,-0.065158,-0.0020261,-0.029601,-0.048656,-0.043854,0.08608,-0.0093325,2.2898e-16
-0.0089202,3.3767e-05,-0.0029328,6.5279e-07,-4.8051e-06,0.026466,-0.12324,0.29115,0.14467,0.42142,-4.6055e-05,0.1272,-0.28497,0.21215,-0.00011646,-0.25125,-0.0039117,1.3293e-05,0.017802,1.4069e-05,0.033577,-0.17763,8.1956e-07,0.00025377,0.10758,-0.15532,5.239e-05,0.026206,-0.067695,0.00010393,0.22305,-0.13102,-1.1567e-06,0.20053,-0.10584,-0.022738,0.00013352,-0.10323,0.026523,-2.6959e-06,0.11983,-0.047555,-0.11666,0.19191,3.186e-08,-0.011295,0.0061237,2.0409e-05,-0.064279,-0.105,-0.11055,-0.23939,0.070423,-0.19275,0.31145,7.2164e-16
-0.004906,2.0862e-05,-0.0019227,3.1927e-07,-1.7505e-06,0.00036118,-0.0071005,0.17059,-0.34036,-0.22402,4.6152e-05,-0.15944,-0.2629,-0.10623,6.7075e-05,-0.13787,-0.14662,7.6334e-05,0.13282,2.537e-05,0.12265,-0.33308,1.5519e-05,-0.00018446,-0.069993,0.12337,4.0879e-05,0.20923,-0.15468,-4.2691e-05,-0.095072,0.034441,-1.0674e-05,0.09833,-0.35004,0.019301,-0.00018563,0.20577,0.020412,2.5738e-05,-0.014043,-0.068244,0.09594,0.066355,1.2626e-05,0.061562,-0.15047,-0.00038232,0.28864,0.1669,0.24066,-0.012828,0.16052,-0.039257,0.00051899,6.245e-16
-0.0020488,1.0152e-05,-0.00099221,1.3144e-07,-7.5551e-07,0.0013434,-0.0055107,0.099874,0.014984,0.13301,-1.434e-05,0.075362,0.011496,-0.14882,9.4785e-05,0.0088224,-0.10601,-5.2568e-05,-0.11692,3.0413e-05,0.15298,-0.037553,1.1119e-05,-0.00037863,-0.15145,-0.22204,-4.7809e-05,-0.33104,-0.18035,-1.9078e-05,-0.044004,0.34553,3.3801e-05,-0.28451,-0.10308,0.058376,-0.00013561,0.26201,0.019455,0.00013753,0.58975,0.15466,-0.020577,-0.092005,-3.7844e-06,0.0026727,0.0048692,-3.511e-05,0.062063,-0.056925,-0.029164,0.049496,-0.038267,0.041831,0.019266,5.5511e-17
-0.00083272,-0.905,-0.0069398,0.3762,-0.18986,2.8733e-07,-8.1908e-06,4.5067e-06,-8.2966e-08,1.9964e-06,0.034156,1.5579e-06,1.4502e-06,9.7778e-06,0.014047,-4.3261e-07,1.2341e-06,0.038375,-1.8354e-05,0.0046245,-1.9203e-06,1.9775e-06,0.0075212,0.010342,-2.6436e-05,-1.4751e-07,-0.0091547,9.7574e-07,-1.2816e-06,0.011628,-2.4289e-06,1.4723e-06,-0.0073393,1.0602e-08,-4.5157e-07,-7.3836e-07,-0.0027741,-1.4567e-06,2.4644e-07,-0.0028365,9.261e-08,-4.3417e-07,-2.2411e-07,2.3769e-07,-0.0056125,-1.1242e-06,3.7081e-06,-0.0017679,-3.072e-07,9.1454e-08,-2.3282e-08,1.4901e-07,1.3276e-08,-3.7517e-08,3.729e-09,0
-1.6992e-05,-0.024397,-0.00018851,0.0010027,0.047511,2.129e-06,-7.4947e-06,1.1329e-05,-6.7158e-07,-9.3495e-06,-0.035276,-2.0999e-06,-1.6504e-05,-0.00014683,-0.25937,1.2566e-05,-9.1431e-06,-0.27233,0.00015288,0.66208,-0.00011218,6.6327e-05,0.066493,-0.18188,0.00033235,-1.8726e-05,0.45897,-3.7427e-05,3.7043e-05,0.10293,-7.6721e-05,1.2258e-05,-0.2936,-1.0699e-06,5.4337e-06,-1.051e-05,-0.11437,-9.9956e-05,3.8914e-05,-0.22829,6.766e-05,3.7466e-05,9.6388e-06,-8.0513e-06,-0.033651,6.5924e-05,-0.0001585,0.06947,1.0522e-05,-2.9243e-06,7.0889e-07,-4.163e-06,-3.6327e-07,9.888e-07,-9.403e-08,-8.1532e-17
-4.0679e-05,-0.030542,-0.00023081,0.0066595,0.086152,4.0176e-07,5.4424e-06,-1.7187e-05,1.3484e-06,1.8805e-05,0.0071392,-1.1623e-05,-2.6308e-05,-0.0002001,-0.31375,3.4356e-06,-2.2955e-06,-0.13286,7.8054e-05,0.087417,-4.4504e-06,-2.6021e-05,-0.70401,0.49739,-0.0012904,-1.6038e-05,0.14462,-1.1047e-05,1.1137e-05,-0.16601,5.694e-05,-1.3645e-05,0.10213,6.9885e-09,6.3126e-06,2.4795e-05,0.18786,0.00016671,-7.3861e-05,0.16659,-5.8554e-05,-3.0862e-05,-7.533e-06,6.3333e-06,-0.023369,-4.2543e-05,0.00010788,-0.047868,-7.35e-06,2.0491e-06,-4.9717e-07,2.9191e-06,2.5466e-07,-6.9279e-07,6.5838e-08,-1.301e-16
-4.7986e-05,-0.039157,-0.00029704,-0.052944,-0.00051031,-1.3171e-06,7.7538e-06,-1.3302e-05,2.3448e-08,-3.4387e-05,-0.50173,-2.9892e-05,-4.5141e-05,-0.00032746,-0.49458,6.0364e-07,5.3126e-06,0.095308,-3.2295e-05,0.082547,-1.1839e-05,-1.9724e-06,0.337,0.044886,-2.3112e-05,1.4178e-05,-0.29023,2.284e-05,-2.1524e-05,-0.04635,3.4309e-05,5.4072e-06,-0.11704,-7.5441e-07,1.7521e-05,6.0874e-05,0.49905,0.00048632,-0.00024448,0.096679,-9.7516e-05,-5.8733e-05,-1.4505e-05,1.201e-05,0.010605,-8.9545e-05,0.00021882,-0.096141,-1.4548e-05,4.0297e-06,-9.7346e-07,5.6725e-06,4.9395e-07,-1.3392e-06,1.2674e-07,-2.4655e-16
-2.4652e-06,-0.0036308,-2.8078e-05,0.0044937,-0.0049717,1.7977e-08,-4.8685e-07,1.0389e-06,-4.609e-08,2.7844e-07,0.01149,7.6416e-07,4.5097e-07,1.8527e-06,0.00086739,3.9735e-07,3.3069e-07,0.013796,-5.5348e-06,0.053308,-1.0557e-05,8.9253e-06,0.040792,-0.021758,3.6312e-05,-3.6213e-06,0.11225,-9.8686e-06,1.0871e-05,-0.044472,4.6127e-06,-3.262e-06,-0.02885,-2.7262e-07,3.7165e-06,1.5219e-06,-0.0547,-9.9222e-05,7.5006e-05,0.2776,-2.9204e-05,-2.8079e-06,2.3625e-06,-5.3536e-06,0.94661,-0.00011658,0.00015957,-0.055791,-5.4577e-06,1.2009e-06,-2.4684e-07,1.0942e-06,8.9377e-08,-2.1628e-07,1.794e-08,2.0079e-16
-0.0011221,5.7069e-06,-0.00056444,6.5214e-08,-2.9721e-07,-0.0001831,0.00091194,0.00040008,0.0036955,0.00039914,-1.214e-06,-0.0022054,0.0025342,-0.0076223,6.8977e-06,0.004847,0.0016754,-5.6646e-06,-0.0083093,-2.1346e-06,-0.0089598,-0.013222,1.9305e-06,-9.2306e-06,-0.0023903,0.026222,1.6197e-05,0.012825,0.0041905,6.6132e-06,0.010493,0.0014377,-3.8558e-06,-0.015662,-0.0047632,0.091406,-5.1912e-05,0.0093181,0.004733,-1.6768e-05,0.017283,-0.06462,-0.05759,0.20207,-6.6147e-05,-0.42517,0.80836,0.0020116,0.28911,0.11088,0.084796,0.048486,0.036003,0.016863,0.0013997,5.7593e-16
-0.015028,0.00011651,-0.01281,8.8982e-07,-5.7178e-06,0.046545,-0.053045,0.35558,0.32235,-0.080775,2.5034e-05,-0.1183,0.13895,-0.28932,0.00016916,0.21016,0.030928,-0.00013409,-0.29148,1.5311e-06,-0.23626,-0.26385,5.041e-06,-0.00020681,-0.086396,0.33654,6.4353e-06,0.15358,0.049268,4.2986e-05,0.094462,0.011619,1.0609e-05,-0.086523,-0.025208,0.37493,-8.1062e-05,0.050884,0.0089001,3.0446e-06,0.037939,-0.1347,-0.060034,0.12774,5.4747e-06,-0.026577,-0.068925,-6.7154e-05,-0.12631,-0.077776,-0.065573,-0.064038,-0.047053,-0.021907,-0.004589,-4.8572e-16
-0.011303,5.5221e-05,-0.0053615,7.6682e-07,-5.1964e-06,0.017752,-0.12757,0.13921,-0.0065154,0.1597,-1.6193e-05,-0.29712,-0.1619,0.21666,-0.00010187,0.029044,0.42814,-7.995e-05,-0.10213,-5.0174e-05,-0.1843,0.38927,-1.9154e-06,-0.00049752,-0.20887,-0.10587,-0.00010505,0.15049,0.15207,-0.00017162,-0.36439,0.18936,-2.4367e-07,-0.097296,-0.28185,0.012086,5.6916e-05,-0.01086,0.069124,-8.6101e-06,0.009771,-0.088371,-0.065024,0.093653,1.0211e-05,0.074125,-0.0068206,-2.1615e-05,-0.0050444,0.040872,0.061743,0.022712,0.028787,0.017491,0.0051738,-3.6429e-16
-0.0082668,5.5387e-05,-0.0059007,5.0668e-07,-3.0699e-06,0.005418,-0.047401,0.11505,-0.16842,-0.17725,2.9428e-05,-0.11907,-0.088112,0.061485,-3.7424e-05,0.10119,-0.10524,8.0872e-05,0.1414,4.3178e-05,0.32757,-0.013131,1.0444e-05,-0.00033635,-0.13412,-0.38158,-5.2979e-05,0.29605,0.27697,-2.073e-05,-0.035267,-0.18171,-1.0726e-05,-0.16525,0.35953,0.19296,-0.00022492,0.21854,0.069609,1.3874e-05,0.079876,-0.22402,-0.038475,0.060167,3.8608e-06,0.032337,0.053042,0.00013751,-0.12499,-0.10234,-0.19986,-0.047208,-0.081257,-0.030801,0.01137,-7.7716e-16
-0.00051822,7.5701e-07,-9.2726e-06,5.1153e-08,-5.1828e-07,0.0013957,-0.028557,-0.014288,-0.0066785,0.00098421,5.0543e-07,-0.0024624,0.0031213,-0.010161,5.0872e-06,-0.00017434,-0.037702,2.4382e-06,-0.0021353,7.0667e-06,0.02316,-0.038196,-3.8263e-07,6.1191e-05,0.0254,-0.029763,3.6023e-06,-0.0085136,0.017661,1.713e-05,0.038254,-0.067346,-2.6959e-06,0.041213,0.08982,-0.024018,6.0375e-05,-0.048631,0.031545,-8.224e-06,0.066568,-0.010822,-0.89819,0.032357,1.2199e-05,-0.0007857,-0.14699,-0.0002549,0.051784,0.16618,0.20964,0.16087,0.045391,0.10935,-0.16025,-8.1879e-16
-0.98011,-0.00054837,0.19078,1.6815e-05,-3.3341e-05,-0.012851,0.043773,-0.025528,0.001064,0.010801,-1.289e-05,-0.0032584,-0.0017269,-0.0059131,1.6461e-05,-0.0023224,0.0011259,-5.07e-06,0.0040597,-6.9551e-06,0.0016248,-0.0037009,3.9708e-06,7.1229e-06,0.0060349,0.00070045,2.2566e-05,-0.00030512,0.00068673,7.4021e-07,-0.002679,-0.001097,-4.8854e-06,-3.7504e-05,0.00063315,0.00057726,-1.5513e-05,-0.0014369,0.0011783,-7.1871e-06,0.0011652,0.0011394,0.00031413,-0.00022984,-2.701e-06,0.0007475,-0.00078516,-4.0572e-05,-0.00019988,0.000119,-4.7985e-05,0.00074514,8.6313e-05,-0.00044394,0.00018474,0
-0.0017978,1.4418e-05,-0.0015959,1.044e-07,-7.3245e-07,0.014753,0.0018926,0.032979,0.10252,-0.1024,1.5806e-05,-0.098711,0.11148,-0.0019607,-1.2904e-05,-0.33241,-0.12657,-5.1746e-05,-0.10729,1.3374e-05,0.077887,0.14269,-5.6216e-06,1.9901e-05,0.0053061,-0.037291,-2.3427e-05,0.031565,0.034538,-3.3819e-05,-0.067715,-0.10992,-1.2825e-05,-0.043182,-0.13287,0.12321,1.6797e-06,-0.15001,-0.28836,3.337e-05,0.092185,-0.11064,-0.026847,-0.29212,-4.3418e-06,-0.088435,0.0091254,0.0001682,-0.013495,0.038873,0.035341,0.17938,-0.073764,-0.67099,-0.15795,-2.0262e-15
-0.001237,2.1475e-05,-0.0026133,7.0817e-08,-9.2026e-07,0.022269,-0.021235,0.083746,0.14228,-0.0026708,9.4331e-06,-0.14733,0.011807,0.046255,-4.0151e-05,-0.072436,0.16922,0.00011713,0.25395,-3.6956e-05,-0.18593,-0.26603,7.9868e-06,4.2896e-05,0.022184,-0.17755,-7.0514e-06,-0.18367,-0.066225,-6.9058e-05,-0.15511,0.25961,1.5111e-05,0.2335,0.27939,0.083665,-1.1722e-05,0.10794,0.28966,-5.5462e-05,-0.10283,0.020048,0.013647,-0.25064,-1.8274e-05,-0.13981,0.014239,5.8788e-05,-0.047158,0.067938,0.0024594,-0.25335,0.14768,-0.18218,-0.35719,-1.2039e-15
-0.0018376,8.0696e-06,-0.00075492,1.1546e-07,-6.9055e-07,0.0097549,0.001851,0.018731,0.061466,-0.062917,8.7462e-06,-0.062044,0.06682,0.0011635,-7.826e-06,-0.20553,-0.079515,-2.761e-05,-0.054536,6.801e-06,0.054334,0.087311,-1.9778e-06,3.0021e-06,0.00061336,-0.045197,-1.1901e-05,0.0055814,0.042336,-3.6334e-05,-0.077073,-0.10487,-1.7512e-05,-0.020243,-0.068291,0.12235,-8.4298e-05,-0.11585,-0.34255,3.7025e-05,0.10706,-0.11118,-0.0080903,-0.28064,-1.5165e-05,-0.066592,0.027235,-2.7078e-05,-0.062982,0.18723,0.12971,-0.62004,0.011392,0.44889,-0.0049436,8.1879e-16
-0.0056373,1.7146e-05,-0.0013019,4.1953e-07,-3.1427e-06,0.030646,-0.059919,0.26233,0.090601,0.28199,-2.5613e-05,0.37923,-0.13778,-0.39157,0.00023733,-0.15214,0.0083494,4.6757e-05,0.11872,2.0822e-05,0.31842,0.18439,7.5582e-06,-0.00030376,-0.12292,0.07591,-2.9844e-05,-0.09962,-0.058032,-8.7615e-05,-0.18844,0.036366,-9.0435e-06,-0.13316,0.087808,0.059623,-6.006e-05,-0.02903,-0.0052147,-7.3473e-05,-0.38052,-0.16546,0.049436,0.077781,7.4395e-06,0.035045,-0.0068549,1.6267e-05,-0.05983,0.08404,0.077642,0.065976,-0.00065095,0.059688,-0.20659,-1.0547e-15
-1.7771e-06,-0.0024993,-1.9295e-05,-0.011527,0.0019339,1.8011e-07,-7.6323e-07,8.5777e-07,5.3064e-08,4.2593e-06,0.047204,1.3916e-06,-1.6344e-06,-1.871e-05,-0.037671,2.7575e-06,5.5031e-07,0.097412,-6.0038e-05,-0.082385,7.1178e-06,9.093e-06,-0.033854,-0.13721,0.00029869,-6.5893e-06,0.27074,-2.4509e-05,2.7679e-05,0.43783,-0.00027555,-5.1491e-05,0.28224,-1.3954e-07,1.4108e-05,4.0143e-05,0.29837,0.00028612,-0.00014442,0.00065067,-3.8816e-05,-2.0989e-05,-4.2649e-06,3.2203e-06,0.013796,-2.3265e-05,5.3886e-05,-0.023115,-3.3015e-06,8.782e-07,-2.0504e-07,1.1133e-06,9.5108e-08,-2.4862e-07,2.2464e-08,-0.72495
-0.0017499,6.5101e-06,-0.00056556,1.0712e-07,-4.9459e-07,-0.00031047,0.0012837,0.0037779,-0.0055551,-0.02062,1.4415e-06,-0.0041638,-0.032713,-0.0026584,5.9867e-06,-0.0048918,-0.0099896,1.7471e-06,0.0052815,3.4064e-06,0.028809,-0.051551,4.9232e-06,-1.9412e-05,-0.0044688,0.01585,4.059e-05,0.05741,-0.088576,-3.036e-05,-0.076232,0.045162,-1.9429e-05,0.1234,-0.30872,-0.15662,-0.00063757,0.51565,-0.26258,8.0905e-05,-0.314,0.1771,-0.2416,-0.15383,-8.5588e-06,-0.11804,0.17792,0.0006094,-0.35112,-0.18965,-0.25068,-0.0045513,-0.15683,0.0357,-0.006399,-1.6254e-15
-0.0024838,2.1329e-06,0.00013483,1.7535e-07,-9.5225e-07,0.00052368,-0.010993,0.016421,0.029089,0.013643,-4.9734e-06,0.0078483,-0.069322,0.10793,-5.7555e-05,0.0031838,-0.0088231,-2.2899e-05,-0.053313,1.7695e-05,0.083909,-0.037294,5.8342e-06,-0.00018146,-0.073067,0.13698,-1.5007e-05,-0.21403,0.25204,0.00010009,0.20774,0.01718,6.1961e-06,0.33081,-0.16936,-0.18104,8.4615e-06,0.065845,0.073668,1.6516e-05,0.20952,-0.5868,0.10434,-0.15323,6.2623e-06,0.029988,0.064495,0.00022503,-0.11757,-0.030053,-0.074347,0.2448,0.02957,0.20656,-0.24855,-7.2164e-16
-5.7611e-05,-0.054002,-0.00041192,-0.096398,-0.02038,-1.0541e-06,5.3765e-06,-1.8417e-05,2.2749e-06,5.7604e-05,0.36612,-3.5707e-06,-3.9981e-05,-0.00034639,-0.60027,2.844e-05,-2.4514e-05,-0.43758,0.0001662,-0.25551,4.4389e-05,-1.2206e-05,0.063802,-0.29424,0.00076723,1.3053e-05,-0.20454,1.6641e-05,-1.6872e-05,-0.035226,3.4634e-05,-8.386e-06,0.25219,1.1842e-06,-1.4701e-05,-2.8668e-05,-0.19546,-0.00018345,9.1673e-05,0.0052178,2.1413e-05,1.0717e-05,1.9905e-06,-1.5271e-06,0.025349,5.0043e-06,-1.4564e-05,0.0064948,9.4147e-07,-2.4426e-07,5.512e-08,-2.7099e-07,-2.2396e-08,5.4529e-08,-4.426e-09,-1.4236e-16
-0.0079747,3.9024e-06,0.00082289,5.7681e-07,-3.1797e-06,0.0018348,-0.031559,0.11461,-0.14306,-0.085656,1.1538e-06,0.24163,0.56561,0.36946,-0.00028797,0.053661,0.24762,5.5514e-05,0.083229,5.8461e-05,0.31602,-0.10117,2.0042e-06,-6.2994e-05,-0.026889,0.11061,1.1611e-05,0.087966,-0.34505,-7.7806e-05,-0.16255,0.095809,3.564e-06,0.076032,-0.085057,0.10143,0.00010548,-0.1101,0.0167,-1.7804e-05,0.052844,-0.16241,-0.050491,0.097338,3.8641e-06,0.0077858,-0.0086328,9.0245e-06,-0.05822,-0.05447,-0.036481,-0.028801,-0.023677,-0.0097266,0.020099,-3.8511e-16
-0.0057914,4.7632e-06,0.0003448,4.1992e-07,-2.4129e-06,0.0022274,-0.034338,0.090485,0.0042213,0.11823,-2.303e-05,0.0703,-0.13842,0.39355,-0.00022422,0.012636,-0.47582,2.1814e-05,0.015877,-5.0759e-05,-0.36123,0.15723,-1.9769e-05,0.00039565,0.15478,0.070684,3.99e-05,0.15188,-0.37132,-5.6261e-05,-0.11615,0.031756,6.0455e-07,-0.13839,0.1584,0.1585,-0.00018253,0.11368,-0.083739,2.1822e-05,0.011265,-0.15609,0.058556,-0.0013517,5.4366e-06,0.014208,-0.013644,1.7738e-05,-0.04036,-0.017559,-0.029211,0.16326,0.067206,0.13925,-0.20058,-5.3083e-16
-4.6295e-05,-0.067058,-0.00051827,-0.062449,-0.025658,2.4631e-06,-1.54e-05,4.0545e-05,-4.4436e-06,-0.00011084,-0.74713,-7.4289e-06,8.4479e-06,7.2567e-05,0.11992,4.6092e-06,-1.5008e-05,-0.39224,0.00017268,-0.18021,3.8495e-05,-2.1497e-05,-0.079133,-0.019061,3.6626e-05,-3.0231e-06,0.10766,-9.3188e-06,9.8832e-06,0.081801,-5.7533e-05,-2.4476e-05,0.31256,1.1093e-06,-1.4394e-05,-4.0118e-05,-0.31893,-0.00030928,0.00015529,-0.056947,6.0477e-05,3.6703e-05,9.2583e-06,-7.8418e-06,0.030096,5.2907e-05,-0.00013453,0.059767,9.204e-06,-2.5711e-06,6.2483e-07,-3.6802e-06,-3.2133e-07,8.755e-07,-8.3358e-08,-1.0603e-16
-0.00036086,-0.37008,-0.0028318,-0.91356,-0.010559,2.4265e-06,-7.5682e-06,2.7428e-06,1.737e-08,4.3378e-06,0.05592,3.328e-06,7.7946e-06,6.3425e-05,0.10583,-4.7158e-06,4.4884e-06,0.076758,-2.7031e-05,0.079444,-1.3456e-05,4.0779e-06,-0.025723,0.022582,-5.8857e-05,-4.4777e-07,-0.0095213,1.0114e-06,-1.2681e-06,-0.0145,9.7903e-06,1.9507e-06,-0.012354,-1.3431e-08,7.2063e-08,1.0676e-06,0.011843,1.2644e-05,-6.7627e-06,0.00089464,-2.8802e-06,-2.1669e-06,-6.3649e-07,5.6429e-07,-0.0016642,-4.1401e-06,1.0581e-05,-0.0047285,-7.4194e-07,2.1028e-07,-5.1736e-08,3.1239e-07,2.7453e-08,-7.571e-08,7.3159e-09,6.245e-17
