-0.00039938,-0.0026615,-0.00020148,0.84674,-0.0018842,-0.0065559,-0.081693,0.11266,-0.51343
-0.00042731,7.7355e-006,1.3947e-007,-0.00069232,-0.29827,-0.0036696,0.16387,0.92357,0.17658
-0.00013343,-0.0015642,-1,-0.00024293,2.3973e-007,5.789e-007,1.0235e-016,-3.4694e-017,8.5869e-017
-0.0013673,2.4752e-005,4.4627e-007,-0.0022153,-0.9544,-0.011742,-0.051213,-0.28864,-0.055184
-0.00017425,-0.0011612,-8.7906e-005,0.36943,-0.00082208,-0.0028603,0.79046,-0.22333,0.43453
-0.010243,-0.99994,0.0015663,-0.0031373,-2.0322e-005,0.0013286,-5.5511e-017,2.2204e-016,6.9389e-018
-0.00057269,-0.0012987,3.4069e-006,-0.0077186,0.01232,-0.99989,-3.078e-016,-2.5181e-016,-3.1485e-016
-0.99995,0.010245,0.00011751,-0.00043174,0.0014267,0.00058033,6.245e-017,-8.3267e-017,4.6838e-017
-0.00018052,-0.001203,-9.1069e-005,0.38272,-0.00085166,-0.0029632,-0.58226,-0.033671,0.71648
