-1.1862e-06,-0.0085887,-0.010801,0.00074368,-0.011658,-4.616e-07,0.00061292,-0.010239,-0.091951,0.0009895,-9.193e-05,0.055174,-0.036438,0.00015899,-0.066999,0.01269,0.31521,-0.16785,0.32822,-0.00035242,-0.36387,-0.45367,0.43797,-0.061425,-0.36058,0.25031,0.089612,-0.026968,-6.4743e-05,-0.0174,-5.8236e-05,-0.0016259,-0.037148,0.052798,0.00041111,0.014001,0.027287,0.014593,0.031895,-0.018837,-0.019146,-5.177e-05,-0.0044984,-0.015103,-0.0079441,-0.010108,-0.039362,0.047633,1.5264e-09,2.9677e-16,0,0,0,0,0
-3.8601e-07,-0.011567,-0.036131,-0.00057896,0.025879,5.9535e-08,0.00063245,0.21352,0.16926,-0.27727,-2.7652e-05,0.015053,-0.22117,-0.00046516,0.1574,0.39216,-0.097858,-0.039558,-0.077631,0.00016589,0.5528,-0.27867,0.2011,-0.028955,-0.032337,0.08347,0.115,-0.089283,-2.4057e-05,0.0031265,0.00048887,0.34461,-0.0061191,0.056785,0.00092255,-0.13113,-0.025235,0.034557,0.040196,-0.030861,0.027481,2.0629e-05,-0.017925,0.02741,0.031099,-0.012056,-0.033781,0.02114,7.1678e-09,5.421e-16,2.4286e-16,2.7756e-16,-2.7756e-17,-8.4655e-16,6.8749e-16
-1.4014e-05,-0.29754,-0.80675,0.011368,-0.50731,1.0241e-06,-0.0023521,0.0079342,0.0051803,0.033713,2.8637e-05,0.020403,-0.011491,-5.1294e-05,0.015561,-0.0047471,-0.0072137,0.012225,-0.0037885,1.3901e-06,-0.013679,0.012164,-0.0097449,0.0032,0.0054876,-0.0099891,-0.010929,0.0023496,-7.0186e-06,0.006866,1.402e-05,-0.0019636,-0.00075092,-0.0026051,-1.9525e-05,-0.0014787,-0.0027722,-0.0032405,-0.003462,0.001008,0.0039664,2.2997e-06,0.0024093,-0.002107,-0.00044007,0.0031294,0.0058983,-0.0041419,-9.1131e-10,-4.3005e-17,5.9328e-17,-5.5507e-18,-1.6098e-17,8.4931e-17,-1.4063e-17
-6.8277e-07,-0.016295,-0.047522,9.7815e-06,0.019449,3.3766e-07,0.0039399,-0.1541,-0.0119,-0.34977,-0.00028961,-0.34,0.37771,0.0010748,-0.34282,-0.36537,0.0925,-0.032739,0.089782,2.4941e-05,0.14188,-0.00053245,0.011234,0.10786,0.18324,0.21688,0.043306,0.012346,0.00014495,0.081204,0.00068761,0.3472,-0.08808,0.1009,0.0012605,-0.12698,-0.11214,0.085877,-0.0062796,0.056325,-0.10479,-0.00037204,0.050443,-0.076447,-0.034609,-0.010606,-0.061105,0.023981,1.8168e-08,8.1401e-16,-2.4597e-16,9.6411e-17,5.0907e-17,-5.5069e-16,3.5768e-16
-1.3364e-07,-0.0014496,-0.0036639,-0.00023499,0.0012073,-4.6775e-08,0.0011479,-0.00081082,-0.063553,-0.0049153,-0.00010359,-0.017654,-0.0093845,0.00024246,-0.085992,0.069626,0.085394,-0.095874,-0.02326,5.1804e-06,-0.006005,0.14762,-0.081508,-0.061816,-0.071862,0.21678,0.077649,-0.16478,-0.0003615,-0.17426,-0.00051974,0.0020045,0.17571,-0.086368,-6.4076e-05,-0.20919,-0.016281,-0.11822,-0.094248,0.035678,0.093695,-0.00023392,0.060813,-0.097686,0.36144,-0.054034,0.13627,-0.3579,2.8397e-08,-0.19736,-0.60748,0.038201,-0.0076103,-0.0030526,0.0011299
-0.0014586,1.5116e-06,-5.4462e-07,2.3181e-06,-4.6411e-09,-0.027635,1.744e-06,1.843e-08,1.3843e-05,1.0531e-05,-0.032372,5.3135e-06,-2.3967e-05,0.12184,0.00053516,-0.00013409,1.8711e-05,-0.00028425,4.0078e-05,0.19778,1.3508e-06,1.3676e-05,-1.9201e-05,8.9582e-05,-0.00013864,-6.2104e-05,0.00014129,0.0026044,-0.75513,-0.0012194,0.062636,0.00067532,0.00059519,0.0048691,-0.53391,-0.0011364,-2.5228e-05,8.1033e-06,-4.6619e-05,1.4274e-05,3.8499e-05,0.0031862,1.5982e-05,-2.1545e-06,5.3272e-07,4.3263e-06,-1.2779e-05,-3.0112e-06,0.2915,-4.012e-16,3.5191e-15,3.9435e-17,6.5515e-17,-7.2724e-16,8.5833e-16
-2.1657e-07,-0.00079753,-0.0018178,-0.00088949,0.00080195,-1.1504e-07,0.0026974,0.029043,-0.0098475,-0.020629,-3.2484e-05,-0.043853,-0.0015507,7.5162e-06,0.0017355,0.063746,-0.015322,-0.038354,-0.038361,-1.4713e-05,-0.050321,0.10067,0.071514,-0.043408,-0.10414,-0.12795,0.088423,0.36953,0.0016895,-0.055499,0.00038405,0.22939,0.099737,-0.32561,-0.0034312,0.2248,0.20774,0.37316,0.27602,-0.0098105,-0.013969,-0.0016245,0.26162,-0.46092,-0.0044151,9.8153e-06,-0.043778,-0.18511,5.2215e-08,6.8032e-16,-2.5837e-16,-1.8937e-15,1.5532e-15,-2.7516e-16,-9.9268e-16
-0.017034,1.6121e-05,-5.6874e-06,2.2658e-05,-3.4423e-08,-0.068497,-8.7896e-05,1.928e-06,0.00024721,0.00017927,-0.39422,5.3581e-05,-0.00017916,0.78326,0.0030317,-0.00053779,6.487e-05,-0.00075361,9.6399e-05,0.26002,3.6091e-05,3.1977e-05,-2.9278e-05,5.8099e-05,-4.8147e-05,1.4895e-05,-3.7698e-05,-0.0011237,0.32327,4.0533e-06,0.19317,-0.00071394,-0.00039766,0.00085316,-0.12865,-0.00091023,7.4063e-05,-2.3203e-05,0.00013067,-3.9771e-05,-0.00010723,-0.0089097,-4.4715e-05,6.0819e-06,-1.506e-06,-1.2611e-05,3.7898e-05,9.1798e-06,0.006207,-9.5548e-17,-3.6273e-17,1.2864e-16,1.182e-16,-2.0799e-16,2.2309e-16
-8.8417e-05,-0.0054263,-0.0033362,-0.010574,-0.0054661,4.6134e-05,0.13966,0.002606,-0.13713,-0.13054,0.00054744,-0.13965,0.50458,-0.0010671,0.44348,0.1271,0.1004,0.079389,-0.10202,1.5777e-05,0.061776,0.039148,0.018137,0.024184,-0.26375,0.067158,0.10198,0.15997,0.00072188,0.1589,0.0006742,-0.028287,0.16384,-0.011026,-0.00083609,0.2483,-0.14646,-0.096235,-0.12613,-0.0092308,0.080047,0.0005873,-0.023838,0.050429,0.026735,-0.052886,0.35972,0.10296,-1.8329e-07,-1.6674e-15,8.9691e-16,-1.8507e-16,-2.1199e-17,1.4211e-16,-4.2678e-17
-0.00014994,-0.010745,0.0030802,-0.027254,0.00075453,9.2686e-05,0.96095,-0.0059526,0.12232,0.068094,-0.00030056,0.014153,-0.099603,0.00042538,-0.13833,-0.055505,-0.032962,0.063165,0.079604,5.1324e-05,0.052405,0.017391,0.015633,-0.076591,-0.024115,0.010592,-0.013401,0.020255,4.7973e-05,-0.0012874,-1.3753e-05,-0.005824,0.013651,-0.0086257,-4.5041e-05,-0.0079083,0.0041869,0.007237,0.0070742,0.027096,-0.00064538,5.866e-05,-0.0061818,0.010148,-0.0027291,-0.0044704,0.021693,0.0042998,-1.4208e-08,8.7679e-17,-4.6664e-16,-4.4561e-17,2.285e-17,9.316e-17,-9.5471e-17
-6.0888e-05,-0.00040942,0.00015882,-0.00012869,1.9965e-05,3.1481e-05,0.0064963,-0.00010885,-0.0072506,-0.0046674,0.00035299,0.0022475,0.0093528,-0.00032151,0.052282,-0.02805,0.0043331,-0.064243,0.0083458,4.6622e-05,0.030507,0.01834,-0.014433,0.03638,-0.044832,-0.0093493,0.018825,0.039085,-0.00027487,0.061103,-0.00012534,-0.079686,-0.11211,-0.104,-0.00026255,-0.22852,0.06496,-0.017958,0.15039,-0.063977,-0.16142,-0.00077722,-0.011197,0.0078178,0.0078811,-0.036558,0.13916,0.044776,-1.6028e-06,0.84727,-0.2751,0.0084487,-0.033562,0.11633,-0.1051
-2.6159e-06,-0.0042524,0.001627,-0.0064258,5.6984e-05,1.4115e-06,0.10778,-0.0016789,-0.02605,-0.017935,-5.6465e-05,-0.0076712,0.064936,-0.00018264,0.097341,0.049885,-0.016114,-0.19237,-0.37654,-0.00029994,-0.26979,-0.24163,0.022535,0.19264,0.29113,0.043427,-0.33662,-0.2167,-8.8435e-05,-0.37246,-0.0007141,0.21282,0.041231,0.023217,-0.00018998,0.17255,0.026535,-0.057329,0.2252,-0.019913,-0.1867,-0.00051155,0.0050664,-0.023487,0.075379,-0.0313,0.22922,0.10271,-1.9869e-07,1.5426e-17,1.0617e-15,1.8431e-16,-2.5804e-16,5.0307e-17,3.6429e-17
-9.6647e-07,-0.005468,-0.0074866,-0.0006127,0.0049041,1.082e-07,0.023924,-0.038878,-0.098018,-0.030385,-0.00021974,-0.031688,0.10077,0.00061401,-0.16832,0.36698,0.19171,-0.1478,0.41228,2.5332e-05,0.14693,-0.065749,-0.012947,0.25406,0.25846,-0.30276,-0.24114,0.076306,3.6488e-05,0.027196,-0.00017663,-0.16341,0.0042269,-0.064785,-0.00053265,-0.021761,-0.0068581,-0.075661,-0.076221,-0.0038572,0.18506,-0.00035807,0.12494,-0.19042,0.25678,0.10648,0.065282,0.24517,-5.5481e-08,-3.8794e-16,9.8012e-17,2.7424e-16,1.79e-16,-6.5713e-16,5.9956e-16
-7.8522e-06,-0.020776,0.0039399,-0.015865,0.0023595,-4.733e-06,0.045277,-0.00077234,-0.54454,-0.24128,-0.00072389,0.18996,-0.30002,0.00020172,-0.039269,-0.041035,0.26954,0.38863,-0.014034,0.00023707,0.051627,0.08576,-0.082657,0.28397,-0.050607,-0.05665,0.045021,-0.058805,8.995e-06,0.025453,0.00027627,0.05238,0.24497,0.24082,0.0022492,-0.017198,0.10757,0.084029,0.11866,-0.027081,-0.1324,-0.00043011,-0.0094634,-0.0067945,-0.047878,-0.032144,0.063974,0.018211,-7.5994e-08,5.1206e-16,5.8634e-16,-2.2519e-16,9.3512e-19,1.9982e-16,-2.0079e-16
-0.00030777,3.0207e-07,-1.0749e-07,4.403e-07,-7.5823e-10,-0.0029294,-1.0378e-06,3.0121e-08,6.2431e-06,4.6468e-06,-0.012691,2.1237e-06,-5.9361e-06,0.034008,0.00014876,-3.5639e-05,4.8726e-06,-7.1356e-05,9.927e-06,0.044077,2.6271e-06,4.3713e-06,-5.2605e-06,2.2024e-05,-3.3293e-05,-1.4225e-05,3.2264e-05,0.0005666,-0.16215,-0.00020073,-0.008993,0.00017921,0.00013787,0.0010709,-0.11711,-0.00024376,-6.0713e-06,1.9503e-06,-1.127e-05,3.4764e-06,9.3904e-06,0.00079527,3.9956e-06,-5.5333e-07,1.3743e-07,1.2527e-06,-4.0266e-06,-1.106e-06,-0.67846,-0.11072,0.015575,-0.27531,-0.0089659,0.48062,-0.42066
-4.0274e-07,-0.0003507,0.00011547,-0.00058686,-3.8174e-08,1.3593e-06,0.055706,-0.00073726,-0.0025097,0.0024981,-0.0001461,0.00065036,-0.036326,0.00037016,-0.13332,0.058868,-0.08127,-0.19337,-0.2165,-0.00012356,-0.17976,-0.088675,-0.0099258,0.094386,0.13945,-0.22207,0.52682,-0.14718,-0.00082874,0.31838,0.00081601,-0.02099,-0.22656,0.34584,0.0026258,0.093868,0.088236,-0.098804,-0.038728,-0.17032,0.13164,-0.00049964,0.15998,-0.19733,0.012394,-0.02883,0.2048,-0.10907,-6.5758e-08,-3.7667e-16,6.7969e-16,1.7347e-16,-4.6241e-17,1.2837e-16,1.3878e-17
-6.63e-08,-0.0010175,-0.0024845,5.3926e-05,-0.0012396,8.2193e-09,0.00045502,-0.0020662,-0.024752,-0.001533,-4.0453e-05,-0.013958,-0.00039789,0.00011315,-0.042111,0.030307,0.033494,-0.064434,-0.039221,8.3105e-06,0.014956,0.12345,-0.070861,-0.083393,-0.058957,0.13225,0.0642,-0.17492,-0.00040209,-0.17312,-0.00053805,-0.0098815,0.11739,-0.075386,-0.00018235,-0.14306,0.032497,-0.12435,0.019878,-0.1005,0.25373,0.00038308,0.058812,-0.26089,-0.42952,0.036567,0.040771,0.30847,-7.057e-08,0.035729,-0.040773,-0.40407,0.3956,-0.2568,-0.048303
-0.00041779,-0.93298,0.33109,0.13516,0.024309,-2.5932e-05,-0.011323,0.00057842,0.02496,0.010965,3.4875e-06,-0.0066315,0.0066178,1.8081e-05,-0.004245,0.0042074,-0.0049747,0.0018201,-0.00036345,3.0131e-06,-0.00031682,0.0018704,-0.0011593,0.0033468,-0.0035418,0.0019892,0.0011157,0.00042644,1.5931e-06,0.00086104,3.0979e-06,-0.00018109,0.0022601,0.00075917,1.0649e-05,-0.0011704,-0.00039334,-3.7153e-05,-9.6566e-05,-0.00045697,-0.00046468,-1.2904e-06,-0.00011042,0.00024554,-0.00018319,0.00062075,-0.00019515,-0.00083228,2.831e-10,-6.9389e-17,-1.6653e-16,1.3878e-17,4.1633e-17,0,-2.7756e-17
-8.513e-05,-0.0099359,0.0030546,-0.0053307,-0.00063921,4.0819e-05,0.018092,-0.00029985,-0.19576,-0.10066,0.00053045,0.090424,-0.080902,-0.0011663,0.2732,-0.26546,-0.2967,-0.46874,0.28729,-0.00037086,0.034229,0.010435,0.031073,-0.26967,0.22582,-0.027928,-0.023341,0.067754,0.00043725,0.11,0.00056125,-0.011289,0.44488,0.22404,0.0021575,-0.029712,0.019028,0.024438,0.045658,-0.021031,-0.05126,-0.00028181,0.0060671,-0.014416,0.0025428,0.021067,0.031843,0.0055017,-1.5208e-08,-3.4694e-17,-1.6653e-16,6.9389e-17,-1.3878e-17,-8.3267e-17,6.5919e-17
-0.001587,-3.2058e-06,1.2069e-06,-4.9931e-05,-1.3466e-06,0.00081463,-3.2808e-05,-1.7656e-07,6.8129e-05,3.6363e-05,0.0074914,-1.9168e-05,-1.4682e-05,-0.0036371,-0.00016422,4.0564e-05,-1.263e-05,8.0008e-05,1.1193e-05,0.0019967,-2.2727e-05,-3.5851e-05,3.5715e-05,-9.856e-05,4.1611e-05,2.5946e-05,-1.2066e-06,-9.225e-05,-0.0073675,-0.00015414,-0.0040676,0.00016448,4.99e-05,0.00014468,0.0033242,0.00071523,-0.00039734,-0.0001852,-0.001058,0.001212,0.0022637,-0.99991,-0.0042749,0.00026772,-0.00078291,-0.00014951,0.00020518,-5.4043e-05,-0.00012664,9.8771e-17,3.52e-16,6.8251e-17,2.3053e-17,-6.8389e-17,-1.762e-16
-4.4151e-05,-0.0034946,-0.00012968,-0.0086334,0.0053399,2.2701e-05,0.10553,-0.016759,-0.065489,-0.03643,0.0002817,-0.04351,0.24072,-0.0009111,0.40416,0.32474,0.0049963,0.18554,0.3237,-7.3173e-05,-0.25668,0.15481,-0.079566,-0.062792,0.2886,0.06838,0.15941,-0.24984,-0.00092324,-0.073412,-0.00026776,0.10813,-0.18669,0.048494,0.00077899,-0.12355,0.14583,0.076065,0.07103,-0.05705,-0.10656,-0.0004697,-0.0080204,-0.0025222,-0.081394,0.016999,-0.30732,-0.14618,1.7112e-07,9.4369e-16,3.0878e-16,0,4.2067e-17,-2.2204e-16,2.2204e-16
-7.0662e-05,-0.0040513,0.0015682,-0.0011006,0.00021212,3.6117e-05,0.025376,-0.00040019,-0.15673,-0.08195,0.00032967,0.07427,-0.098534,-0.00060179,0.10658,-0.175,-0.4126,-0.17431,0.29194,4.9315e-06,0.074456,0.1348,-0.091454,0.43084,-0.32902,0.042927,0.049248,-0.1685,-2.9971e-05,-0.22253,-0.00044964,0.10993,-0.33623,-0.10635,-0.0017793,0.24926,-0.064455,-0.045335,-0.070349,0.00055089,0.059486,0.00022958,0.016955,-0.016969,0.052793,0.0030134,-0.0012121,0.014509,3.1803e-08,2.5153e-16,-4.5797e-16,1.7347e-16,-9.7145e-17,-5.5511e-17,1.0061e-16
-6.6623e-07,-0.0057404,-0.014063,-0.00089404,-0.0033116,5.7774e-07,0.03261,-0.0025709,-0.10547,-0.0020974,-0.00026789,-0.044424,-0.024281,0.00071254,-0.24971,0.30386,0.10522,-0.39658,-0.094606,-8.0492e-05,-0.077874,0.23372,-0.12505,0.022013,-0.030081,-0.03431,0.3592,-0.0028974,0.00030289,-0.016429,0.00018859,0.068219,0.1657,-0.19624,-0.0020514,0.13532,-0.13229,0.12482,-0.014862,0.065201,-0.28126,0.00062518,-0.24301,0.30708,0.0043332,0.026544,-0.17484,0.23361,7.941e-09,-9.7145e-17,-7.0083e-16,1.3878e-17,-1.6567e-16,9.7145e-17,5.5511e-17
-4.6005e-07,-0.0060791,-0.014029,0.00043716,-0.016374,1.9249e-07,0.0045432,-0.020132,-0.09725,-0.076987,-0.00011815,-0.11282,0.33893,0.00062376,-0.15448,-0.050834,-0.060359,-0.0031292,-0.059477,9.5952e-05,0.28118,-0.10828,0.036269,-0.24924,-0.2682,-0.33542,0.027718,-0.29658,-0.00075766,-0.30698,-0.0013031,-0.30557,0.02244,0.17279,0.0012192,0.10367,0.28438,0.061676,0.17343,-0.068777,-0.10144,-0.00043187,-0.032108,0.023496,0.087778,0.043658,-0.1557,-0.033635,5.9859e-08,5.2562e-16,-4.4409e-16,5.8981e-17,-1.3878e-17,9.7145e-17,-8.3267e-17
-3.246e-07,-0.00053875,0.00020437,-0.0008177,6.7676e-06,1.4337e-07,0.013874,-0.00014306,-0.021578,-0.011009,-5.4486e-05,0.0094024,-0.015346,3.6675e-05,-0.0066639,-0.010179,0.026324,0.064457,-0.0093677,4.794e-05,0.035405,0.012199,0.0017028,-0.035046,-0.034406,-0.0079856,0.015389,0.071819,0.00021503,0.06631,0.00022578,-0.015929,0.057008,-0.032868,-0.00066407,0.13768,-0.45203,-0.55911,0.37917,-0.3239,-0.15747,-0.0014281,0.1079,-0.14118,0.077495,0.070918,-0.34329,-0.075669,1.53e-07,5.9674e-16,-3.0531e-16,2.3592e-16,1.3878e-17,-6.9389e-17,-5.5511e-17
-2.6101e-07,-0.0016882,-0.0014525,0.00025452,-0.0026775,-1.0717e-07,-0.00023531,0.00054486,0.00023189,0.0055893,1.3722e-05,0.0060396,-0.0030636,-3.9072e-05,0.011444,-0.011311,-0.0034438,-0.0063361,0.00087882,-1.0293e-05,-0.00084454,0.012373,-0.0090415,-0.026961,0.017977,-0.037199,-0.018307,-0.004291,-2.405e-05,0.0054155,-6.0864e-06,-0.02056,0.0067309,0.0075123,9.2215e-06,0.018168,0.011872,-0.019795,-0.027035,0.0009111,0.049724,-6.6656e-05,0.048781,-0.064231,0.10516,-0.9472,-0.20065,0.1922,-3.1179e-08,1.027e-15,-4.7184e-16,5.5511e-17,-6.3751e-17,-2.3592e-16,1.6653e-16
-0.0487,5.073e-05,-1.83e-05,7.8187e-05,-1.59e-07,-0.98848,0.00012544,-1.3627e-06,-8.6173e-05,-6.1644e-05,0.13902,-2.7935e-05,-4.5968e-05,-0.011996,-0.00017053,4.5985e-05,-5.7166e-06,6.6116e-05,-8.3063e-06,-0.01044,-1.1275e-05,-6.8448e-06,5.2717e-06,-1.0885e-05,1.2115e-05,1.8839e-06,-3.9211e-06,-1.6884e-05,0.0031083,-1.7827e-05,0.0063014,-7.4299e-06,-3.6171e-06,-0.00025143,0.029589,9.9802e-05,-3.3159e-06,1.0293e-06,-5.7381e-06,1.7373e-06,4.6811e-06,0.00038692,1.9414e-06,-2.6348e-07,6.5229e-08,5.4514e-07,-1.6385e-06,-3.9749e-07,-0.0055236,-1.1102e-16,-8.3267e-17,-2.2551e-17,-1.7347e-18,6.9389e-17,-6.9389e-17
-0.012884,1.2353e-05,-4.3717e-06,1.7596e-05,-2.8071e-08,-0.077565,-5.6874e-05,1.3509e-06,0.00023043,0.00017204,-0.5512,0.00015165,0.00050826,-0.56138,-0.0010847,2.0382e-05,7.5573e-07,-4.4124e-05,6.5913e-06,0.045956,-2.1594e-05,-1.1164e-05,8.4271e-06,-3.2601e-05,5.6147e-05,2.9943e-05,-6.8023e-05,-0.00092741,0.22973,-0.00087094,0.44047,-0.00090258,-0.00028648,0.0028676,-0.35453,-0.0014689,6.1529e-05,-1.8883e-05,0.00010331,-3.0829e-05,-8.2885e-05,-0.0067006,-3.3585e-05,4.4962e-06,-1.1112e-06,-9.0659e-06,2.7025e-05,6.4938e-06,-0.014053,1.249e-16,-1.0408e-17,-4.1633e-17,9.6711e-17,9.3241e-17,4.2501e-17
-0.00030551,2.9986e-07,-1.0671e-07,4.3707e-07,-7.5268e-10,-0.002908,-1.0302e-06,2.99e-08,6.1974e-06,4.6128e-06,-0.012598,2.1081e-06,-5.8926e-06,0.033758,0.00014767,-3.5378e-05,4.8369e-06,-7.0833e-05,9.8543e-06,0.043754,2.6079e-06,4.3393e-06,-5.222e-06,2.1863e-05,-3.3049e-05,-1.4121e-05,3.2027e-05,0.00056246,-0.16097,-0.00019926,-0.0089271,0.00017789,0.00013687,0.0010631,-0.11625,-0.00024197,-6.0269e-06,1.936e-06,-1.1188e-05,3.451e-06,9.3216e-06,0.00078944,3.9663e-06,-5.4928e-07,1.3642e-07,1.2435e-06,-3.9971e-06,-1.0979e-06,-0.6735,0.11154,-0.01569,0.27734,0.009032,-0.48416,0.42376
-4.474e-07,-0.00019306,6.842e-05,-0.0019852,-4.9268e-05,1.7697e-07,0.021097,-0.0002645,0.0014723,0.0009143,-3.1126e-05,0.0034402,-0.010994,3.2661e-05,-0.01096,-0.018108,0.0075617,-0.00019787,-0.034606,-5.129e-06,0.0087277,-0.027586,0.0090852,0.0068304,-0.0034364,0.0099725,-0.11111,0.021065,0.00015579,-0.075319,-0.00019705,0.0017354,0.041961,-0.059373,-0.00043959,-0.021132,-0.028998,0.22517,-0.50488,-0.78156,-0.2265,-0.0011323,0.035288,-0.039953,-0.001474,0.00038808,-0.020315,-0.024446,-2.4052e-09,-2.0556e-16,1.5439e-16,2.7756e-17,1.4176e-16,1.2837e-16,-5.5511e-17
-8.3224e-05,-0.01827,0.0040635,-0.0037248,1.46e-06,3.8699e-05,0.050302,-0.00085389,-0.25386,-0.11041,0.00031321,0.10979,-0.14992,-0.00093079,0.21551,-0.24812,0.46456,-0.17573,-0.11186,-0.00011156,0.18318,0.034356,-0.0061832,-0.36046,0.19798,-0.10077,0.028969,-0.029419,-0.0001367,-0.090806,-0.00036044,0.032086,-0.43389,-0.21612,-0.0025016,0.15988,-0.055012,-0.028863,-0.1157,0.041718,0.10592,0.00041293,0.0051336,0.0094487,0.037669,0.034753,-0.01332,-0.0052746,4.8437e-08,-1.5959e-16,2.7756e-16,4.1633e-17,-5.5511e-17,-5.5511e-17,1.3878e-17
-0.00012638,-0.0027112,0.0010217,-0.0064438,-4.2208e-05,6.677e-05,0.13404,-0.0018835,-0.020878,-0.017109,0.00076712,-0.0027118,0.084608,-0.0010485,0.25523,-0.082628,0.16046,-0.31509,-0.33096,-9.2799e-05,0.0014881,-0.091863,-0.050448,0.4086,-0.13864,-0.04717,-0.10064,0.073375,8.5513e-05,0.086515,5.3073e-05,-0.14606,0.066996,0.063045,0.0013319,-0.28409,0.029543,0.083291,-0.080754,0.083482,0.17352,8.8672e-07,0.029665,-0.047586,-0.058562,0.078389,-0.50069,-0.14089,3.5446e-07,6.0368e-16,1.6653e-16,1.8735e-16,1.249e-16,-5.1348e-16,3.8164e-16
-6.0069e-06,-0.017336,-0.0033628,-0.012042,-0.0024195,-2.7549e-06,0.061122,-0.00027512,-0.51061,-0.27515,-0.00078274,0.0091888,0.06186,0.0008856,-0.19791,0.19318,-0.4511,0.089672,-0.20542,-4.3778e-06,-0.18127,-0.1852,0.09914,-0.18698,0.059481,0.049047,-0.10348,0.14817,-8.2732e-05,0.077422,-0.00016156,-0.11727,-0.14267,-0.24568,-0.0017234,-0.16079,-0.063322,-0.042335,-0.098016,0.048984,0.13267,0.00042307,-0.018161,0.041381,-0.039342,0.0065762,-0.08853,-0.038669,7.1614e-08,1.1102e-16,-8.3267e-16,2.498e-16,2.0817e-17,-1.9429e-16,2.2204e-16
-0.00049408,-0.12765,0.042385,-0.98993,-0.014217,-6.8057e-05,-0.033913,-0.00028837,0.019743,0.0099304,-4.5272e-06,-0.0027986,0.00069694,1.9382e-05,-0.0064499,-0.0017433,-0.00039223,-0.0039668,0.0022306,-6.8159e-07,0.002301,6.4515e-05,0.00036003,-0.0010952,-0.0020025,0.00018124,0.0010841,-0.00069004,-2.6782e-06,-0.00023981,-2.5992e-06,-0.00073388,-0.0036192,-0.0013612,-1.5689e-05,0.00068569,-0.00053396,-0.0010257,-0.00031439,0.0010701,0.0011133,5.6976e-05,0.00019515,-0.00020716,0.0009971,0.00022357,-3.344e-05,0.00040674,1.1802e-09,-3.4694e-17,-6.9389e-17,2.0817e-17,-1.7347e-18,-2.6671e-17,8.6736e-18
-1.4962e-07,-0.0069285,-0.02232,-0.00012003,0.021408,1.0393e-07,-0.00012626,0.11665,0.15375,-0.28662,-6.9607e-05,-0.12445,-0.12551,-0.00017391,0.034361,-0.04753,0.033919,0.040939,0.093293,-3.2088e-05,-0.046653,-0.40011,-0.56601,-0.0067564,0.055589,0.21311,0.094285,-0.11365,-0.00074115,0.079887,-0.00028633,-0.33932,0.083175,-0.19866,-0.0022688,0.17805,-0.050283,0.18533,0.099276,-0.011561,0.01807,-0.00077989,0.17596,0.050674,-0.0015371,-0.0022944,0.0056012,-0.0043807,-2.0771e-09,9.7145e-17,1.8041e-16,2.7756e-17,2.7756e-17,-4.1633e-17,-2.0817e-17
-3.2694e-07,-0.010122,-0.032539,-0.00080548,0.043233,4.871e-08,0.00036284,0.20375,0.31284,-0.55619,-2.2585e-06,0.37782,0.10189,0.00032881,-0.088277,0.005985,0.056803,-0.051514,0.0022302,-5.2405e-05,-0.19596,0.25834,0.0498,0.005887,0.012655,0.0090634,0.0053297,0.30115,0.0012722,-0.24613,-0.00076214,-0.12122,-0.066883,0.16857,0.0014476,-0.0026435,0.099882,-0.082603,0.047039,-0.096508,0.12462,-6.3607e-06,0.030655,0.17003,0.024658,0.0020176,0.012134,0.011928,-6.6049e-09,1.1102e-16,1.5266e-16,1.1102e-16,-8.3267e-17,1.1102e-16,5.2042e-18
-9.1466e-08,-0.0042426,-0.013545,-3.127e-05,0.008995,5.5044e-08,-0.00086134,-0.031985,0.0076085,-0.00017863,-1.5612e-05,-0.15946,-0.095478,-0.00024115,0.063254,-0.058791,-0.048052,0.070897,-0.065681,6.3121e-05,0.14849,0.16365,0.53975,0.2268,0.32932,0.25527,0.21345,-0.051624,-0.00042338,-0.12841,-0.0010974,-0.49952,0.04643,-0.096066,-0.001243,0.12679,-0.096391,0.15054,0.063774,0.0050394,-0.0051331,-0.00020866,0.04224,-0.0079073,-0.0037103,-0.010515,0.0024315,-0.0053402,-8.1304e-10,4.5103e-17,-2.0817e-17,2.8103e-16,-3.8164e-17,-1.3878e-16,1.7e-16
-4.9791e-06,-0.1452,-0.46475,-0.012661,0.82557,1.1342e-07,-0.0048571,-0.26265,0.0088227,0.038123,4.7831e-05,0.066472,-0.017081,-8.6772e-05,0.02979,0.021308,-0.016534,0.0078406,-0.018358,3.6885e-06,0.007823,-0.02853,-0.015092,-0.013224,-0.019743,-0.0024969,0.014743,0.015337,7.3099e-05,-0.0088874,-2.1733e-05,-0.0071353,0.011385,-0.012678,-0.00014556,0.013095,0.027776,-0.01587,-0.0018353,-0.0048638,0.0044341,4.1643e-05,-0.009879,0.0029622,0.0049917,0.00013759,0.00046495,0.0014739,-8.5473e-10,4.1633e-17,5.5511e-17,0,5.5511e-17,0,0
-2.3027e-08,-0.00089205,-0.0029123,-3.2137e-05,0.0042657,3.763e-08,0.0010482,0.023971,-0.01656,0.031043,-3.119e-07,-0.024546,0.021065,4.789e-05,-0.018328,-0.055382,0.0057711,0.011999,0.02082,-6.0866e-06,-0.019061,-0.025511,-0.076078,0.020977,0.050503,0.064464,-0.0048536,0.037756,6.7442e-05,0.040292,0.00012408,0.011422,-0.045457,0.032058,0.00021533,0.015876,-0.074639,0.21595,0.29753,-0.274,0.39442,0.0032514,-0.74142,-0.14928,0.16648,-0.014894,0.023081,-0.027733,-3.2559e-09,-9.0206e-17,4.8572e-17,-1.5959e-16,9.0206e-17,2.5674e-16,-1.1796e-16
-5.5388e-05,-0.00037243,0.00014447,-0.00011707,1.8161e-05,2.8637e-05,0.0059095,-9.9016e-05,-0.0065956,-0.0042458,0.00032111,0.0020445,0.0085079,-0.00029246,0.047559,-0.025516,0.0039417,-0.058439,0.0075919,4.2411e-05,0.027751,0.016683,-0.01313,0.033094,-0.040782,-0.0085048,0.017125,0.035554,-0.00025004,0.055583,-0.00011402,-0.072487,-0.10199,-0.094604,-0.00023884,-0.20788,0.059092,-0.016336,0.13681,-0.058198,-0.14684,-0.00070701,-0.010186,0.0071116,0.0071691,-0.033255,0.12659,0.040731,-1.458e-06,-0.14747,0.026459,-0.31657,0.060613,0.42847,0.73523
-8.4499e-08,-0.001529,-0.0039777,3.4751e-05,0.0029116,-2.1053e-08,0.00039186,-0.01194,-0.022123,0.0073727,-4.7715e-05,-0.0065394,-0.031941,8.8094e-05,-0.028636,0.19675,-0.0080978,-0.11924,0.00099156,3.3207e-05,0.11508,0.055383,-0.050368,-0.039222,-0.028043,0.15347,-0.30011,0.15348,0.00016997,0.18142,0.00030007,-0.16178,-0.28272,0.32432,0.0019112,0.26577,-0.0096452,0.11533,0.059123,0.041975,-0.22393,0.00023602,-0.085688,-0.12753,-0.36365,-0.027501,-0.036529,0.037608,-9.3154e-09,-0.15206,-0.46802,0.029432,-0.0058632,-0.0023518,0.00087054
-5.3123e-08,-0.00081531,-0.0019907,4.3208e-05,-0.00099325,6.5857e-09,0.00036458,-0.0016555,-0.019832,-0.0012283,-3.2413e-05,-0.011184,-0.00031881,9.0661e-05,-0.033741,0.024283,0.026837,-0.051628,-0.031426,6.6587e-06,0.011984,0.098918,-0.056777,-0.066818,-0.047239,0.10597,0.05144,-0.14016,-0.00032217,-0.13871,-0.00043111,-0.0079175,0.094063,-0.060403,-0.00014611,-0.11463,0.026038,-0.099633,0.015927,-0.080522,0.2033,0.00030694,0.047123,-0.20904,-0.34416,0.029299,0.032668,0.24716,-5.6544e-08,-0.044592,0.050887,0.50429,-0.49373,0.3205,0.060285
-4.6181e-07,-0.0091684,-0.028221,-0.0012174,0.040135,-6.9966e-08,0.0023767,0.018969,-0.068914,-0.033092,-0.00021918,-0.52889,-0.23365,-0.00020962,0.021423,0.058061,0.041728,-0.078863,-0.010236,-3.6346e-05,-0.11746,0.24813,0.062793,-0.06815,-0.12724,-0.012674,-0.23019,-0.038848,-0.00023006,0.10868,0.00039769,0.082254,-0.058168,0.10216,0.0008454,0.011089,0.091264,0.060764,0.22272,-0.22773,0.30454,-0.000935,0.26921,0.41814,0.05766,0.0078031,0.012291,0.026178,-8.6967e-09,-1.249e-16,2.9143e-16,1.0408e-16,-1.2143e-16,1.8041e-16,-2.0817e-17
-1.0294e-07,-0.001493,-0.0034814,7.7919e-05,0.00085121,-2.9736e-08,0.00026907,-0.022916,-0.012856,-0.010694,-4.4031e-05,-0.014914,0.06522,0.00029057,-0.096715,0.050027,0.094438,-0.10907,0.17053,-3.4504e-05,0.081851,-0.12163,0.041127,0.14433,0.087921,-0.26674,-0.018911,0.0033726,0.0002191,-0.10394,-0.00021999,0.017457,0.093541,-0.16997,-0.0015068,0.021257,-0.11811,-0.0828,0.057325,-0.060925,0.092637,0.0010778,-0.084562,0.25241,-0.52411,-0.22161,0.1809,-0.54471,2.5148e-08,-1.138e-15,5.2909e-16,-3.747e-16,-2.4286e-17,5.8287e-16,-4.4409e-16
-0.00010196,-0.00068563,0.00026597,-0.00021551,3.3434e-05,5.2719e-05,0.010879,-0.00018228,-0.012142,-0.0078162,0.00059114,0.0037638,0.015663,-0.00053841,0.087553,-0.046973,0.0072563,-0.10758,0.013976,7.8075e-05,0.051088,0.030713,-0.024171,0.060923,-0.075077,-0.015657,0.031526,0.065452,-0.00046031,0.10232,-0.0002099,-0.13344,-0.18775,-0.17416,-0.00043968,-0.38269,0.10878,-0.030074,0.25185,-0.10714,-0.27032,-0.0013016,-0.018751,0.013092,0.013198,-0.061221,0.23304,0.074984,-2.684e-06,-0.32764,0.12676,0.3987,0.37074,-0.072816,-0.2611
-5.7851e-05,-0.000389,0.0001509,-0.00012227,1.8969e-05,2.9911e-05,0.0061723,-0.00010342,-0.006889,-0.0044347,0.00033539,0.0021354,0.0088864,-0.00030547,0.049675,-0.026651,0.004117,-0.061038,0.0079296,4.4297e-05,0.028986,0.017425,-0.013714,0.034566,-0.042596,-0.0088831,0.017887,0.037135,-0.00026117,0.058055,-0.00011909,-0.075711,-0.10652,-0.098812,-0.00024946,-0.21713,0.06172,-0.017063,0.14289,-0.060787,-0.15337,-0.00073846,-0.010639,0.0074279,0.007488,-0.034734,0.13222,0.042543,-1.5228e-06,-0.17308,0.040795,-0.40853,-0.67615,-0.40432,-0.13311
-3.5482e-07,-0.0089201,-0.028446,-0.0010239,0.035117,-1.4519e-08,0.00042331,0.044112,0.15675,-0.35232,-0.00016933,-0.46575,-0.29606,-0.00051967,0.12375,-0.020119,0.010539,0.041803,0.022829,-7.6254e-05,-0.21899,0.05703,0.077405,-0.022737,-0.089378,-0.29974,-0.045412,-0.030373,-0.00010239,-0.038356,-0.00021315,-0.071175,0.040997,-0.036719,-0.0002477,-0.022651,0.011545,-0.20292,-0.23244,0.15835,-0.20105,0.0013072,-0.32051,-0.29974,-0.034941,0.00054919,0.018042,-0.031485,-7.2217e-10,-1.1102e-16,1.5266e-16,5.5511e-17,-5.5511e-17,1.9429e-16,-1.8041e-16
-9.5452e-08,-0.0048965,-0.016493,-0.00032314,0.040508,4.5706e-08,-0.00080275,0.085173,0.12853,-0.19678,5.0858e-05,0.28161,0.10525,0.00021696,-0.053741,-0.024619,0.017636,-0.021,-0.02962,-2.2911e-05,-0.085905,0.2083,0.19969,-0.031835,-0.091282,-0.11551,-0.26218,-0.55724,-0.0025766,0.45678,0.0010709,0.0043062,0.070536,-0.22415,-0.0021044,0.054885,-0.16922,0.19977,0.057024,0.027587,-0.0070014,-0.00016495,0.031477,-0.076669,-0.00073278,0.0037205,0.016543,-0.028211,5.8589e-10,-2.6021e-16,2.2204e-16,-1.8041e-16,1.6653e-16,-2.2204e-16,1.2143e-16
-1.0879e-07,-0.0010211,-0.003449,-0.00061662,0.014387,-8.133e-08,-0.00011598,-0.034761,-0.0033351,0.022421,2.6109e-05,-0.010025,-0.029142,-0.00018798,0.069254,0.046737,-0.02172,0.035583,0.0045091,-2.7882e-05,-0.10749,-0.0026869,-0.040536,-0.10391,-0.10341,-0.23976,0.05531,0.02416,0.00035028,-0.27801,-0.00087482,-0.048875,-0.09325,0.25267,0.0029107,-0.25629,-0.67624,0.39719,0.064921,0.09717,0.0047386,-0.00053487,0.15944,-0.064959,0.0031426,-0.014169,0.1166,0.049499,-5.7465e-08,-1.6653e-16,2.0752e-16,7.2858e-17,-1.4919e-16,-2.0817e-16,2.6021e-16
-2.1577e-07,-0.0028527,-0.007305,-0.00022606,0.0037461,-6.8393e-08,0.001574,-0.010868,-0.087504,0.00083037,-0.00015238,-0.024637,-0.036906,0.00033692,-0.11731,0.24016,0.085938,-0.20383,-0.024424,3.34e-05,0.089741,0.20659,-0.13062,-0.09992,-0.10148,0.36373,-0.16673,-0.050524,-0.00025031,-0.037451,-0.00031328,-0.13315,-0.045715,0.17751,0.0015291,-0.0048177,-0.025744,-0.031889,-0.052871,0.073845,-0.085585,-5.6538e-05,-0.0056498,-0.21273,0.088236,-0.081667,0.11739,-0.35711,2.3039e-08,0.18179,0.55953,-0.035186,0.0070096,0.0028116,-0.0010408
-0.011713,1.1204e-05,-3.9627e-06,1.5919e-05,-2.515e-08,-0.065103,-5.5874e-05,1.3359e-06,0.00023181,0.00017278,-0.53121,0.00013409,0.00033932,-0.14795,0.00039416,-0.00027449,4.0215e-05,-0.00061996,8.733e-05,0.47432,-5.376e-05,-3.2732e-06,-1.4976e-05,9.8844e-05,-0.00014475,-4.6927e-05,0.00010348,0.0010857,-0.26437,0.00070197,-0.36099,0.000694,9.7173e-05,-0.0043705,0.51592,0.0017404,-3.3768e-05,9.7837e-06,-4.8858e-05,1.3586e-05,3.6128e-05,0.0026015,1.2962e-05,-1.6051e-06,3.9264e-07,2.7499e-06,-7.768e-06,-1.7649e-06,0.012534,-2.2204e-16,9.0206e-17,-7.4593e-17,-3.4694e-17,-4.2501e-17,6.1583e-17
-0.00045682,5.4129e-07,-2.0041e-07,9.2234e-07,-2.3434e-09,-0.020364,6.2737e-06,-1.0108e-07,-6.9434e-06,-4.658e-06,-0.002063,5.4476e-06,4.8313e-05,-0.098863,-0.00030004,3.2565e-05,-2.8498e-06,-2.8843e-06,3.0635e-06,0.15705,-8.9686e-05,-4.2828e-05,2.695e-05,-4.4356e-05,5.1634e-05,1.5566e-05,-3.5395e-05,-0.0010171,0.34577,0.0024307,-0.7528,0.00093236,0.00033338,0.0046481,-0.52753,-0.0014447,1.0151e-05,-2.7872e-06,1.2897e-05,-3.4037e-06,-8.9819e-06,-0.00060068,-2.9827e-06,3.5375e-07,-8.6075e-08,-5.6305e-07,1.5639e-06,3.5243e-07,0.023777,1.0408e-16,1.1276e-16,5.0958e-17,-1.8431e-18,2.2551e-17,-1.2338e-16
-1.3471e-06,-0.036309,-0.1174,-0.0041743,0.22708,5.7725e-08,0.0088711,0.88889,-0.1606,0.21614,-2.1634e-05,-0.11426,0.12587,0.00025489,-0.079502,-0.11718,0.026539,0.0045327,0.046011,-1.2382e-05,-0.021717,0.019867,0.0071511,0.037781,0.05702,-0.0015422,-0.0017273,0.0072643,2.3885e-05,-0.012102,-3.6043e-05,0.0062399,-0.022355,0.028986,0.00031924,-0.024994,-0.036399,-0.012089,-0.041469,0.042038,-0.058627,-5.0824e-05,0.0072738,-0.041406,-0.028353,-0.00044592,-0.00592,0.00044894,2.676e-09,2.7756e-16,1.1102e-16,8.3267e-17,-1.1102e-16,1.1102e-16,0
-0.014951,1.4176e-05,-5.0033e-06,1.9961e-05,-3.0522e-08,-0.063593,-7.7124e-05,1.731e-06,0.00024999,0.00018368,-0.48724,0.00010321,0.00014761,0.14946,0.0010639,-0.00023014,2.5047e-05,-0.00013258,3.262e-06,-0.79847,0.00049767,0.00024073,-0.00015311,0.00024601,-0.00027042,-5.0962e-05,0.00010879,0.00078022,-0.17542,0.00058578,-0.25982,0.00042279,5.2921e-05,2.3862e-05,-0.0050463,-7.1231e-05,2.235e-05,-7.4003e-06,4.4992e-05,-1.441e-05,-3.914e-05,-0.0034858,-1.755e-05,2.4821e-06,-6.1754e-07,-5.5029e-06,1.6846e-05,4.1536e-06,0.011251,-5.5511e-17,7.6328e-17,1.2317e-16,6.9389e-17,-1.7911e-16,1.0061e-16
-0.9984,0.000461,-0.0001455,0.00043574,-3.1953e-07,0.052152,-0.0001696,1.6644e-06,2.8577e-05,1.7091e-05,0.02063,-1.2227e-05,-3.6638e-05,-0.0061833,-0.00017889,6.9502e-05,-9.4811e-06,0.00012231,-1.5639e-05,0.0014821,-4.176e-05,-2.3798e-05,1.7685e-05,-3.6758e-05,4.179e-05,6.3099e-06,-1.2931e-05,-1.5744e-05,-0.0018471,-3.2107e-05,-0.00089647,4.2677e-05,5.0303e-05,3.496e-05,0.00043788,8.1598e-05,-1.343e-05,4.311e-06,-2.5144e-05,7.8419e-06,2.122e-05,0.001826,9.1794e-06,-1.2747e-06,3.1646e-07,2.7439e-06,-8.3345e-06,-2.0397e-06,8.0678e-06,3.4694e-17,8.6736e-19,1.3878e-17,4.7705e-18,-3.1225e-17,1.7347e-17
