-0.00070358,0.0091433,0.0024943,-0.0022055,0.0016273,-0.0004079,0.0010667,0.00016095,-0.00091142,0.0018798,-0.0036717,0.019645,-0.011319,0.034604,-0.0035555,-0.033877,0.52793,0.2816,-0.63853,-0.0082659,0.14361,0.015151,-0.19046,0.05009,0.040179,0.00093339,0.075854,0.068155,-0.086475,-0.27616,0.055439,0.020785,0.094255,-0.030558,-0.0022522,-0.0085457,-0.00018538,-0.00021196,-0.00085139,-0.0036097,-0.019628,0.0026171,0.022105,0.0079758,-0.24735,-0.016658,-0.001818,-1.4009e-015,0,0,0,0,0
-0.031837,-0.00018269,-1.1073e-005,0.027322,-0.0055528,7.9855e-007,0.030309,-0.0162,-0.52978,-0.19392,0.02888,0.16546,0.06962,-0.13664,-9.7318e-005,0.1605,0.13912,0.21318,0.21902,-0.15888,-0.011089,0.37914,0.0034221,-0.035326,0.061381,-0.38939,-0.14141,0.19664,-0.020077,-0.059631,-0.099578,0.0039849,-0.15015,-0.20003,-0.01279,-0.098017,-0.0058575,4.4487e-006,-0.0908,-0.073981,-0.0031768,-0.0019691,0.00089065,0.061668,-0.00012817,0.017019,-4.9641e-005,7.0777e-016,5.8027e-016,-1.5092e-016,-2.949e-016,2.8471e-016,4.7878e-016
-0.20234,-0.0010997,-5.0711e-005,0.15312,-0.088908,9.4782e-006,0.95057,0.048795,0.072071,0.019484,0.063144,-0.0021035,-0.02226,0.011019,3.856e-005,-0.0086795,-0.028971,-0.041828,-0.038078,-0.073244,0.0010359,0.018165,-0.00087194,-0.010132,0.020119,-0.0027152,-0.0023968,0.003646,-0.00069771,-0.0021148,0.0057746,0.00059503,-0.015096,-0.0063344,0.017305,-0.022624,-0.0051953,-2.4246e-007,0.0019567,0.0026986,0.00016657,0.0056889,0.00010354,0.0031536,0.00039907,-0.0040242,-0.0019163,2.4334e-017,-5.521e-017,-9.8313e-018,1.3122e-017,6.1839e-017,-4.0469e-017
-0.042652,-0.0001668,8.9543e-006,-0.015474,-0.020667,3.9829e-007,-0.0032712,0.24628,-0.036396,-0.057968,-0.41828,-0.66494,0.058916,0.04047,-9.776e-005,0.20894,-0.027133,-0.05318,-0.06904,-0.1809,0.0041246,-0.16025,-0.00029445,0.03443,-0.067943,-0.041813,-0.20031,0.22594,-0.014422,-0.046822,-0.16452,-0.0002391,-0.014875,0.011828,-0.010308,-0.036348,-0.0046951,9.0067e-007,0.012145,-0.21416,-0.010079,-0.14491,-0.0011635,0.049272,0.0014079,0.0002993,-0.0018173,-2.9644e-016,1.2384e-016,-2.9915e-016,3.1473e-016,-1.8717e-016,1.3553e-016
-0.048136,-0.0001986,6.1253e-006,-0.0046149,-0.010104,-8.3212e-007,0.0022287,-0.44778,0.17611,-0.41556,-0.10751,-0.39603,-0.13178,-0.4165,-0.0003587,-0.20604,0.012877,0.01483,0.0055129,-0.044993,0.00030651,0.1666,-0.0032331,-0.089462,0.17618,-0.081721,0.12291,-0.12304,0.0028108,0.0096227,0.080625,0.001313,0.0078813,0.0493,0.10735,0.015596,0.013101,-2.6694e-006,-0.15591,0.19095,0.0077211,0.057727,0.00020933,0.001013,0.00040288,-0.0036221,0.016519,1.8423e-016,4.9634e-017,-1.1607e-016,4.7199e-016,-2.0317e-016,2.6023e-016
-0.018106,-2.9378e-005,1.6263e-005,-0.02153,-0.020383,-5.9807e-008,0.00057942,-0.042062,0.047699,0.11331,-0.26407,0.031064,0.52086,0.20122,9.4711e-005,-0.04746,-0.15161,-0.22094,-0.2018,0.28415,0.0041825,0.10185,-0.00080978,-0.12912,0.2492,-0.28741,-0.076458,0.11978,-0.016016,-0.044525,0.028106,0.0062725,-0.12053,0.012008,0.15173,-0.1384,0.057629,-7.1883e-006,-0.0016494,0.34312,0.015046,0.17303,0.0013625,-0.014794,-0.00026727,-0.002521,0.023993,1.1593e-015,-8.0826e-016,-5.8246e-017,-1.9733e-016,3.7824e-016,7.3834e-017
-0.0025127,-1.4642e-005,-9.8537e-007,-0.0025094,0.0031352,-1.5784e-007,-0.0033756,0.019932,0.0036339,0.0033708,-0.0079285,0.0037,-0.011958,-0.0098354,7.0676e-006,0.015599,-0.015194,-0.022628,-0.021447,-0.033348,0.0007442,-0.054942,0.00087507,0.008671,-0.017781,0.01887,-0.069407,0.073165,-0.0028607,-0.010502,-0.09807,-0.0027261,0.04093,-0.056443,-0.23632,0.078403,-0.88891,-2.9223e-005,-0.16929,0.27658,0.011266,0.10293,0.00079955,0.0081571,0.00014099,0.0015086,0.0042249,1.1296e-015,-8.2362e-016,-5.9021e-016,6.1642e-016,-1.6337e-016,-1.9567e-017
-0.002107,-1.1108e-005,-3.0255e-007,-0.0070344,0.0051108,-4.4447e-007,0.0033271,0.00034837,-0.0019432,0.0038743,-0.0073845,0.031194,-0.01396,0.036194,-0.00013444,-0.014823,0.058012,0.057882,0.00038449,0.0023597,0.0094349,-0.018621,-0.017708,0.027596,-0.033913,0.11906,0.08811,-0.069063,-0.025341,-0.11975,-0.12241,0.022803,-0.58782,0.2322,0.0221,0.12254,0.004448,3.5187e-005,0.024212,0.24638,0.0086937,-0.35005,-0.010031,0.52814,0.079312,0.20474,0.066604,1.2742e-016,5.2228e-016,-1.6536e-015,4.5789e-016,1.5501e-016,-7.5646e-016
-0.0057996,-3.3648e-005,-2.2619e-006,0.010332,-0.0013037,1.8824e-008,0.00043774,-0.084076,-0.22683,0.012654,-0.056303,0.047422,-0.18193,0.22894,0.00029247,-0.088487,-0.083482,-0.11227,-0.088463,-0.12608,0.00074118,0.0387,0.00059527,-0.025076,0.04684,-0.097359,-0.052694,0.067229,-0.0043629,-0.0073526,0.019201,-0.00085165,0.14756,0.38742,-0.0082066,0.34018,0.068569,1.4651e-005,-0.1794,-0.017871,0.00047372,0.12749,0.0036442,0.28588,0.053831,-0.59099,-0.050567,4.5595e-017,-1.0376e-015,4.2766e-016,1.4078e-015,-1.6706e-016,-2.4986e-016
-0.015535,-7.9391e-005,5.5002e-007,-0.034484,-0.035125,4.7845e-006,0.01488,-0.049014,-0.016032,-0.009477,0.26479,-0.18862,-0.20754,0.032767,9.4966e-005,0.17293,-0.068963,-0.10753,-0.10873,0.63667,0.0027938,0.17163,-0.0021679,-0.13715,0.26756,-0.0065438,-0.097976,0.11301,-0.008036,-0.019935,0.057481,0.0045381,-0.10688,-0.11647,-0.11751,0.25874,-0.080673,9.6562e-006,-0.0038732,-0.30994,-0.01337,-0.16125,-0.0015367,0.0081959,-0.0008097,0.012898,0.017722,-4.5306e-016,2.8687e-016,7.6871e-016,-1.099e-015,7.9945e-017,5.6785e-017
-0.0018298,-8.4386e-006,6.0359e-007,-0.0047894,-0.008957,1.0464e-006,0.0058878,-0.011674,0.010339,0.029546,-0.015086,0.0054565,-0.087854,-0.10192,-5.9812e-005,-0.20477,0.0038934,0.011178,0.017862,0.13591,-0.001771,0.19754,-0.0030309,0.085539,-0.16675,0.22452,-0.29206,0.29349,-0.007149,-0.015549,-0.0437,-0.00084995,0.040126,0.082887,0.029478,-0.09054,0.047145,-8.0253e-006,0.085053,0.11991,0.004822,0.041983,0.00044179,0.030928,0.0013777,0.041614,-0.32978,0.084601,-0.10005,0.4757,-0.472,-0.021251,0.0022287
-3.5185e-007,0.0001012,-0.0016235,-5.8804e-007,-2.2024e-006,-0.026989,1.5372e-007,4.1437e-007,-1.7697e-006,1.558e-006,1.0543e-005,2.1029e-005,-9.2807e-005,0.00040262,-0.7801,0.00074674,-0.15588,0.17214,-0.074796,-5.7861e-005,-0.11921,3.5498e-005,0.03338,0.089275,0.045542,0.00027072,0.0028269,0.0020411,-0.058236,0.018267,-0.0011301,0.0088157,-6.6747e-005,1.2972e-005,9.0045e-007,-4.6352e-006,-4.9095e-007,0.021115,9.0992e-007,0.00014572,-0.0045397,0.00011965,-0.0027803,-1.0317e-005,8.1764e-005,4.3247e-006,3.273e-007,-0.21348,-0.10977,0.095811,0.076961,0.052381,-0.47546
-1.6737e-007,4.814e-005,-0.00077226,-2.7972e-007,-1.0477e-006,-0.012839,7.3125e-008,1.9711e-007,-8.4182e-007,7.4111e-007,5.015e-006,1.0003e-005,-4.4147e-005,0.00019152,-0.37108,0.00035521,-0.07415,0.081885,-0.03558,-2.7524e-005,-0.056706,1.6886e-005,0.015878,0.042467,0.021664,0.00012878,0.0013447,0.00097093,-0.027702,0.0086893,-0.00053759,0.0041935,-3.1751e-005,6.1705e-006,4.2833e-007,-2.2049e-006,-2.3354e-007,0.010044,4.3284e-007,6.9316e-005,-0.0021595,5.6917e-005,-0.0013226,-4.9076e-006,3.8894e-005,2.0572e-006,1.5569e-007,0.57615,0.64301,0.036713,0.010206,-0.10812,0.2888
-1.1511e-005,0.0029245,-0.023369,-2.4787e-006,-6.2556e-006,-0.023935,-5.4285e-007,-2.3011e-006,9.1136e-006,-5.9737e-006,-5.0355e-005,-1.7021e-005,0.00012738,-0.00011813,0.27227,0.0010866,-0.40677,0.48275,-0.2345,-0.00019742,-0.52147,-0.0025165,-0.10244,-0.21827,-0.11176,-0.0011797,-0.042763,-0.04434,-0.18741,0.055068,-0.0076157,0.28673,0.0057978,-0.0010122,-0.00011496,-8.7839e-005,1.0659e-005,-0.047193,4.8106e-006,0.001165,-0.035216,0.0009896,-0.030834,0.00010596,-0.00027433,-1.2937e-005,-7.9992e-007,1.0372e-016,4.9613e-016,5.8764e-017,-1.7656e-016,-3.4694e-017,8.6736e-018
-3.1514e-007,8.716e-005,-0.0011394,-3.2206e-007,-1.151e-006,-0.013077,5.8889e-008,9.8027e-008,-3.9284e-007,3.219e-007,1.6318e-006,2.9976e-006,-5.4139e-006,6.3788e-007,0.022908,-0.00014248,0.038498,-0.044563,0.02112,-1.9875e-006,0.060763,0.00054177,0.026174,0.029955,0.015239,0.0003775,-0.0014415,-0.0033098,-0.20772,0.086355,-0.010118,0.27086,0.0038985,-0.00058492,6.9563e-005,5.0645e-005,-3.2136e-005,0.92979,6.0041e-005,0.0012567,-0.028905,-9.9672e-005,0.020746,-0.00019455,0.00054116,2.5299e-005,1.5465e-006,-2.6103e-016,-6.2613e-016,3.9406e-016,-4.4948e-016,1.3896e-016,-4.1283e-016
-0.0057763,-3.1913e-005,-1.3429e-006,-0.0033601,-0.00055661,2.2307e-007,0.012522,-0.0022665,-0.073267,-0.16786,-0.098338,0.026719,0.015093,0.041044,-7.5743e-005,0.055236,0.02454,0.017099,-0.019927,0.14364,0.0068396,-0.084813,-0.010725,0.03335,-0.050553,0.39098,0.07768,-0.10483,-0.003915,-0.044083,-0.085635,0.013214,-0.48022,-0.11434,0.14275,-0.25498,-0.047518,7.1322e-005,-0.26975,-0.24653,-0.0016984,0.43039,0.0067728,-0.065391,0.019034,-0.28312,-0.060369,-1.2617e-016,-8.5048e-016,8.3272e-016,9.8545e-016,-5.6489e-016,1.2699e-017
-1.8923e-006,0.00046406,-0.0029971,-1.922e-007,-3.6065e-007,0.0011955,-5.5195e-008,1.3704e-007,-5.5143e-007,-2.502e-007,8.7572e-006,-2.2163e-005,8.5321e-006,-8.6085e-005,-0.0079402,6.7991e-005,0.016765,-0.021996,0.011004,6.1977e-005,-0.016205,-0.00021327,0.011733,-0.0014461,-0.0016648,-0.00036535,-0.070395,-0.075748,-0.0043528,-0.1405,0.019042,0.011052,0.025734,-0.0083615,-0.00093261,-0.0032262,-7.4273e-005,0.040037,-0.00065536,-0.021138,0.39828,0.013618,-0.89767,0.0060628,-0.015684,-0.00073272,-4.5164e-005,4.2968e-016,-4.1113e-016,3.4694e-016,4.6838e-017,-1.7857e-016,2.1944e-016
-5.6295e-005,0.012064,-0.010176,6.9764e-006,1.8271e-005,0.00029605,5.4311e-006,1.8351e-005,-6.4693e-005,2.6933e-005,0.00032214,-0.00022877,-0.00014828,-0.00096911,-0.048743,-0.00037119,0.31203,-0.33906,0.12112,0.00051384,-0.58885,-0.0066984,-0.13814,0.10405,0.050842,-0.0037334,-0.21111,-0.22165,-0.07599,-0.26876,0.033233,0.0065798,0.030926,-0.0086932,-0.0013851,-0.0020148,6.6341e-005,0.00065566,-2.7821e-005,0.015104,-0.45513,0.0089341,-0.098207,-0.002268,0.010494,0.00052023,3.5016e-005,-2.7756e-017,-4.1633e-016,2.6368e-016,-7.494e-016,2.5674e-016,-1.9429e-016
-2.5197e-005,0.005223,0.0014297,1.8264e-006,1.2277e-005,-0.00023758,6.3528e-006,1.4191e-005,-6.9506e-005,0.00012128,-0.00016591,0.0017088,-0.0012717,0.0041495,0.0030127,-0.0054131,0.071844,0.078465,-0.13305,-0.0017075,0.095186,0.0039487,-0.13571,0.082029,0.054281,-0.063106,-0.40659,-0.3331,0.14108,0.3489,-0.052097,-0.019046,-0.06133,0.018467,0.00012129,0.0035606,0.00014607,0.00072914,0.00032066,0.00093873,0.012944,-0.00088197,-0.00015894,-0.0028575,0.077159,0.0051393,0.00055358,-0.43985,0.41279,-0.12317,-0.29784,0.16865,0.047739
-0.76688,-0.0040525,-0.00016899,0.56956,-0.09485,3.4447e-008,-0.26962,0.033252,0.034439,-0.0056013,0.036924,0.024179,0.0020028,0.024537,1.6452e-005,-0.012295,-0.0024292,-0.003704,-0.0040555,0.01583,0.00030816,-0.0094539,-0.00024108,0.0040086,-0.007491,0.0086545,0.0020659,-0.0029223,0.00017011,0.00025477,0.0013875,9.7421e-005,-0.0020027,0.0034038,-0.00062786,-0.00084083,-0.0022728,-2.055e-007,0.01367,-0.0026922,-7.8359e-005,-0.00014077,-1.193e-005,-0.0012816,-1.3928e-005,-0.00022705,0.00079278,0,-1.3878e-017,4.1633e-017,-2.7756e-017,3.4694e-018,-6.245e-017
-0.0018821,-9.1186e-006,3.3844e-007,-0.0014036,-0.008059,8.5565e-007,0.00099512,0.032018,0.0079721,0.039509,-0.0635,0.031988,-0.0053219,-0.024256,-3.6203e-006,-0.0094075,-0.032488,-0.049006,-0.047983,0.077386,0.0012755,0.15617,-0.0042535,-0.043308,0.087962,-0.044828,0.20942,-0.21863,0.001679,-0.02882,-0.48493,-0.011285,0.16202,0.10125,-0.092416,-0.16549,-0.022417,-1.2307e-006,0.0084291,-0.10755,-0.0051399,-0.055177,9.1654e-005,0.061,0.0026316,0.01483,-0.21602,-0.0013925,0.0072306,0.2701,0.24569,0.56582,0.15549
-4.8615e-005,0.010436,-0.011521,3.4404e-006,1.6626e-005,0.0042422,7.6851e-006,2.0564e-005,-9.3818e-005,0.00013816,-7.0446e-005,0.0018672,-0.0015766,0.0048417,-0.0096859,-0.0078114,0.18386,0.052231,-0.20253,-0.0031476,-0.026918,0.016762,0.70971,-0.28333,-0.14527,-0.0094099,0.025474,0.046948,0.084809,0.27964,-0.038872,-0.11034,-0.054123,0.01672,0.00018798,0.0040096,0.00021054,0.010646,0.0005907,0.017104,-0.40127,0.0054599,-0.22135,0.003128,-0.01483,-0.00075229,-5.3134e-005,-3.3307e-016,3.8858e-016,4.7184e-016,-5.2736e-016,-1.1102e-016,2.7756e-016
-0.17394,-0.00028322,0.00020108,-0.41029,-0.8887,7.7183e-005,-0.054967,-0.011033,-0.0022443,0.0077114,0.021866,0.041354,-0.0075091,0.0046833,-2.346e-008,-0.015514,0.015765,0.024099,0.023813,-0.039616,-0.00063681,-0.051589,0.0013598,-0.0028184,0.0050496,0.0018437,0.00036599,-0.00087788,0.00016236,-2.4073e-006,-0.0095682,-0.00029851,0.004267,0.0018781,0.0018334,-0.0063254,0.0038621,8.5774e-008,-0.00071464,0.0058649,0.00028996,0.0048134,3.6593e-005,-0.0028571,-8.4499e-005,-1.3116e-005,-0.00011377,-2.7756e-017,-2.7756e-017,2.4286e-017,4.5103e-017,5.2042e-018,-2.7756e-017
-0.044889,-0.00025496,-1.3885e-005,-0.020998,0.0090943,1e-006,0.013716,0.41602,-0.14405,0.30948,-0.41888,0.11942,-0.36713,-0.44796,-0.00023809,0.0059929,0.0071474,0.0049788,-0.0049376,0.1513,0.001294,-0.059468,0.00093631,-0.073713,0.14405,-0.055065,0.085973,-0.086116,0.0023919,0.010673,0.12485,0.0033783,-0.062731,-0.052489,-0.035647,0.12483,0.10141,8.983e-006,-0.1135,0.18798,0.0086645,0.096615,0.00022628,-0.066675,-0.0026025,0.015281,-0.0065525,1.9429e-016,-4.5103e-016,6.9389e-017,5.2736e-016,-2.8449e-016,1.1102e-016
-0.01413,-7.3209e-005,-1.5894e-007,-0.021422,-0.029962,3.8463e-006,-0.0032651,0.013015,-0.0063732,-0.018989,0.078243,-0.14729,-0.16256,0.069929,0.00010263,0.59523,-0.039233,-0.075622,-0.094611,0.13359,0.004074,0.29831,-0.01133,0.22033,-0.42563,-0.10364,0.14903,-0.15576,0.0086404,0.032633,0.15343,0.00041191,0.056431,0.13342,0.046795,-0.13534,0.034204,-9.4141e-006,0.01404,0.29904,0.01259,0.1302,0.0011148,0.0070328,0.001332,-0.012885,-0.0055474,3.3654e-016,-1.8215e-016,-2.9143e-016,1.5266e-016,-8.9338e-017,-7.1124e-017
-0.012783,-7.2358e-005,-3.8132e-006,0.0092407,-0.0090982,1.1385e-006,0.084977,0.051896,-0.13632,-0.61828,-0.32035,0.26798,0.047606,0.057172,3.6644e-005,-0.012717,0.0041747,0.010921,0.01941,0.38339,-0.0015728,-0.29498,0.0087904,0.082493,-0.16713,-0.0026611,0.010286,-0.026561,0.013521,0.056521,0.069191,-0.0093202,0.26591,-0.023171,-0.094802,0.014433,0.020277,-2.7782e-005,0.03843,0.011205,-0.0028498,-0.12093,-8.5966e-005,0.1666,-0.0017831,0.071913,0.019012,-1.1796e-016,2.949e-016,-3.3307e-016,-2.8796e-016,-6.9389e-018,-9.0206e-017
-0.046759,-0.00026881,-1.6499e-005,0.012975,0.0098803,1.3446e-007,0.071956,-0.46989,-0.067579,0.43454,-0.20297,-0.11259,-0.030366,0.077941,-5.8972e-005,-0.16718,0.13156,0.19904,0.19425,0.27629,-0.0061115,-0.20274,0.0071261,0.15815,-0.3138,-0.30103,0.05971,-0.039084,-0.0018288,-0.0026406,0.024869,0.001222,-0.038837,-0.034119,-0.067412,-0.071348,-0.044172,1.1223e-005,-0.13385,-0.14505,-0.006143,-0.052199,-0.00015769,0.011581,0.00091501,-0.0058249,-0.034776,2.7756e-017,3.747e-016,-5.5511e-017,-8.3267e-017,2.6021e-018,-6.0715e-018
-0.0051514,0.98513,0.16989,0.00026762,0.00060369,-0.011134,5.9115e-005,1.204e-005,-3.0867e-005,9.2039e-007,0.00011,-0.00019976,9.8393e-005,-0.00048205,0.0015016,0.00056221,-0.015494,0.0022348,0.0088669,0.00018496,0.0092756,-0.00038954,-0.0047241,0.0012449,0.00032176,0.00086447,0.0056301,0.0046773,-0.00098022,-0.0024027,0.00016657,0.00029469,5.6269e-005,-2.385e-005,0.00013557,7.4022e-005,-1.0265e-005,-0.00010272,4.8215e-006,7.5382e-005,-0.0010021,-1.1319e-005,-0.0014499,4.764e-005,-6.6122e-005,6.5861e-007,6.9127e-007,2.7756e-017,1.3878e-017,-2.4286e-017,2.7756e-017,-9.541e-018,5.5511e-017
-0.031107,-0.00010836,8.725e-006,0.0030944,0.0032969,-2.6588e-006,0.041771,-0.15735,0.15943,0.071669,-0.37999,0.053009,0.0093493,0.30824,0.00016901,0.30008,0.21434,0.32551,0.32727,0.0003759,-0.013836,0.25036,0.0062347,-0.1358,0.26303,0.35704,-0.024595,-0.016456,0.013178,0.042229,0.0087059,-0.0061574,0.15569,0.024078,0.053652,0.1803,-0.008264,-9.8234e-006,0.021405,0.0673,0.0025893,0.0032746,-0.00048192,-0.043927,-0.0047244,0.043425,0.022861,2.0817e-017,2.4286e-016,-2.0817e-016,3.6082e-016,-2.7322e-017,1.3878e-017
-0.0013655,-7.9564e-006,-5.3751e-007,0.00053597,0.00049378,-5.8014e-009,0.007779,-0.00031372,-0.012299,-0.020749,0.0020045,-0.018993,0.0023972,0.0099771,2.9375e-006,-0.025935,-0.00025982,0.00040762,0.0014708,-0.019572,-0.0001194,-0.0079666,0.00020778,0.014503,-0.028925,-0.10381,-0.0091482,0.023298,-0.0058274,-0.0215,-0.049373,0.0015172,0.0098974,0.28649,-0.042635,0.26137,0.0097503,3.8749e-005,0.065137,-0.25325,-0.0018401,0.64249,0.014155,0.15528,-0.046202,0.56314,0.072316,9.2331e-016,1.0061e-015,-3.9899e-017,-7.8063e-017,-7.5932e-016,4.9873e-016
-5.7689e-005,0.012191,-0.0045084,6.0129e-006,2.2888e-005,0.0025085,9.3029e-006,2.5928e-005,-0.00011196,0.00014058,5.5967e-005,0.0016302,-0.0014942,0.0038553,-0.047226,-0.0068589,0.37358,-0.20853,-0.063598,-0.0019493,-0.48355,0.0021641,-0.020198,-0.062266,-0.025969,-0.0070394,0.18366,0.21072,0.069525,0.44201,-0.056224,0.027085,-0.056966,0.017028,0.00076915,0.0036317,6.9699e-005,-0.0081698,0.0002423,-0.0155,0.51394,-0.012288,0.14421,0.0038028,-0.020261,-0.0010481,-7.7187e-005,-3.0531e-016,3.0531e-016,4.1633e-017,4.3021e-016,-2.3592e-016,2.9837e-016
-6.407e-006,0.0012916,0.00035116,-1.4107e-006,4.5828e-006,-5.6616e-005,4.4258e-006,8.5164e-006,-5.0663e-005,0.00011354,-0.00023607,0.0016893,-0.0011872,0.0039807,-0.0012667,-0.0050251,0.09226,0.040289,-0.10824,-0.0015566,0.01218,0.0037227,-0.012928,-0.0060445,0.0012299,0.0001379,0.062167,0.062497,-0.02889,-0.071855,0.022346,0.0026426,0.059687,-0.021908,-0.0018019,-0.0097694,-0.00034205,-2.8231e-005,-0.0018023,-0.018234,0.0033891,0.026076,-0.0073986,-0.047533,0.69273,0.043965,0.0044768,-0.30882,0.10644,0.35043,0.29189,-0.34931,0.19346
-0.003928,-2.2783e-005,-1.4744e-006,-0.0031271,0.0036429,-1.3713e-007,-0.0019877,0.018332,-0.069961,0.060308,-0.032907,0.086192,0.0127,-0.18838,-0.00012842,0.082704,0.027462,0.038081,0.033256,0.046167,-0.0010926,-0.034591,0.0030312,-0.080143,0.1543,-0.028133,-0.0011206,0.002134,0.0033299,0.029225,0.31886,0.0054445,0.0556,0.48804,0.39393,-0.36266,-0.34748,-1.7437e-005,0.21275,-0.28908,-0.012706,-0.13063,-0.00049953,0.067018,0.0033417,-0.023605,0.0026209,-2.8449e-016,5.3343e-016,-1.1796e-016,-4.8572e-017,4.6057e-016,-2.2204e-016
-4.1466e-006,0.0010851,-0.0098926,-1.171e-006,-2.9834e-006,-0.010922,-3.0295e-007,-1.1087e-006,4.3123e-006,-3.2889e-006,-1.6305e-005,-2.8838e-005,5.9072e-005,-0.00012773,0.068294,0.00040513,-0.067042,0.069187,-0.026062,0.00012153,-0.078636,-0.001713,-0.094269,-0.032598,-0.016204,0.0014723,-0.01689,-0.024367,-0.50034,0.091941,0.0079582,-0.82924,-0.026017,0.0056309,0.00020267,0.00072025,6.9076e-006,0.13661,5.0002e-005,-0.0012653,0.044697,-0.0010053,0.00297,0.00045161,-0.0020775,-0.00010489,-7.3966e-006,6.9389e-017,-6.9389e-016,-3.1225e-016,-4.1829e-016,7.2338e-016,-3.4694e-016
-0.0017117,-7.8941e-006,5.6464e-007,-0.0044803,-0.0083791,9.7886e-007,0.0055079,-0.010921,0.0096722,0.027639,-0.014113,0.0051045,-0.082185,-0.095341,-5.5953e-005,-0.19156,0.0036422,0.010457,0.01671,0.12714,-0.0016567,0.18479,-0.0028353,0.08002,-0.15599,0.21004,-0.27322,0.27455,-0.0066877,-0.014546,-0.040881,-0.0007951,0.037537,0.077539,0.027576,-0.084698,0.044103,-7.5074e-006,0.079564,0.11217,0.0045109,0.039274,0.00041328,0.028932,0.0012888,0.038929,-0.3085,-0.090436,0.10695,-0.50851,0.50456,0.022717,-0.0023824
-0.0020715,-1.2001e-005,-7.9216e-007,0.0015099,0.00062258,-4.1299e-008,0.0024347,-0.14837,0.027436,0.016192,-0.10162,-0.014682,-0.08764,-0.094818,-5.9922e-005,0.044803,0.0023415,0.00027274,-0.0046752,-0.028661,0.00077894,-0.050458,0.00034687,-0.013589,0.026627,-0.055844,0.041281,-0.037618,-0.0011741,-0.0081919,-0.042545,0.00081865,-0.10233,-0.2915,-0.090992,0.032447,-0.076662,-3.2415e-005,0.80198,0.017659,0.0031725,0.2298,0.0052246,0.21948,0.026597,-0.2817,-0.010448,-5.3429e-016,-3.2613e-016,-4.2978e-016,4.944e-016,3.4694e-016,-5.7246e-016
-2.512e-005,0.0052071,0.0014253,1.8208e-006,1.2239e-005,-0.00023685,6.3334e-006,1.4148e-005,-6.9294e-005,0.00012091,-0.00016541,0.0017036,-0.0012679,0.0041369,0.0030035,-0.0053966,0.071625,0.078226,-0.13264,-0.0017023,0.094896,0.0039367,-0.1353,0.081779,0.054116,-0.062913,-0.40535,-0.33208,0.14065,0.34784,-0.051938,-0.018988,-0.061143,0.018411,0.00012093,0.0035498,0.00014563,0.00072691,0.00031968,0.00093587,0.012905,-0.00087929,-0.00015846,-0.0028488,0.076924,0.0051236,0.0005519,0.4412,-0.41406,0.12355,0.29875,-0.16917,-0.047885
-0.0017999,-8.7207e-006,3.2367e-007,-0.0013423,-0.0077074,8.1831e-007,0.00095169,0.030621,0.0076242,0.037785,-0.060729,0.030592,-0.0050896,-0.023197,-3.4623e-006,-0.0089969,-0.03107,-0.046868,-0.045889,0.074009,0.0012198,0.14936,-0.0040679,-0.041418,0.084124,-0.042872,0.20029,-0.20909,0.0016057,-0.027562,-0.46377,-0.010792,0.15495,0.096828,-0.088383,-0.15827,-0.021439,-1.177e-006,0.0080613,-0.10286,-0.0049156,-0.052769,8.7655e-005,0.058338,0.0025167,0.014183,-0.2066,0.001456,-0.0075605,-0.28243,-0.25691,-0.59164,-0.16259
-0.0022055,-1.021e-005,6.9608e-007,-0.0042311,-0.011244,1.2601e-006,0.0076876,0.011999,0.01009,0.059762,-0.06062,0.032075,-0.068126,-0.096247,-5.1341e-005,-0.17251,-0.013684,-0.016285,-0.010305,0.12823,-0.00071468,0.23433,-0.0048551,0.069513,-0.13365,0.14052,-0.10396,0.099327,-0.00364,-0.023086,-0.26398,-0.006095,0.10104,0.097256,-0.032427,-0.15843,0.018459,-2.1245e-006,0.044264,-0.013803,-0.00066316,0.0062733,0.00036033,-0.018319,-0.0018398,-0.10726,0.82589,7.6328e-016,-3.747e-016,1.0755e-016,-1.02e-015,7.1124e-016,-1.9429e-016
-6.0839e-006,0.0012265,0.00033345,-1.3396e-006,4.3517e-006,-5.3761e-005,4.2026e-006,8.0869e-006,-4.8108e-005,0.00010781,-0.00022417,0.0016041,-0.0011273,0.0037799,-0.0012028,-0.0047717,0.087607,0.038258,-0.10278,-0.0014781,0.011566,0.003535,-0.012277,-0.0057397,0.0011679,0.00013094,0.059032,0.059345,-0.027433,-0.068231,0.021219,0.0025093,0.056677,-0.020804,-0.001711,-0.0092767,-0.0003248,-2.6807e-005,-0.0017114,-0.017315,0.0032182,0.024761,-0.0070255,-0.045136,0.65779,0.041748,0.0042511,0.32523,-0.1121,-0.36903,-0.30739,0.36787,-0.20374
-0.0018813,0.00014059,4.1184e-005,-0.0017962,-0.0057769,-6.1649e-006,-0.0023786,-0.0061652,0.021927,-0.014468,-0.058239,-0.035428,0.060807,0.033889,8.007e-005,-0.032165,0.0012206,0.0058434,0.010156,-0.070466,-0.00034948,0.10304,-0.0012591,-0.061811,0.12168,0.063992,0.007067,-0.01161,0.0037031,0.026846,0.33892,0.0088481,-0.11152,0.21557,-0.80151,-0.34355,0.10284,6.8231e-005,0.0017799,-0.054443,-0.0014202,0.022393,0.0012986,0.023333,0.0019161,-0.019744,-0.0070751,-1.7781e-016,5.3776e-017,-1.1449e-016,-7.1124e-017,5.1825e-017,-5.0361e-017
-0.0044985,-2.5611e-005,-1.4984e-006,-0.0015917,0.003283,-1.9182e-007,0.030484,0.0099152,-0.042194,-0.17461,-0.047309,0.038951,0.014242,0.019418,-8.9026e-005,-0.027433,0.058056,0.073443,0.0451,0.056195,0.0029103,-0.03482,-0.0068618,0.044683,-0.079443,-0.13122,0.028293,0.0051937,-0.021921,-0.094517,-0.16882,0.012859,-0.29761,0.4084,-0.087072,0.25596,-0.02625,4.3738e-005,0.25307,0.063187,0.0066459,-0.082548,-0.0089101,-0.68328,-0.006315,-0.094969,-0.043189,3.2266e-016,-6.8695e-016,8.0491e-016,1.8735e-016,-9.7578e-017,-2.446e-016
-0.048986,-0.0002819,-1.7302e-005,-0.026287,0.03256,-9.938e-007,0.002873,-0.40584,0.17469,0.080413,-0.10811,0.34912,0.10785,-0.39704,-0.00023066,0.45447,-0.10418,-0.17615,-0.19894,-0.12661,0.0096818,-0.16662,-0.0041401,0.014747,-0.026189,0.073732,-0.17386,0.18778,-0.011528,-0.040256,-0.14419,0.00028588,-0.018258,0.054138,-0.11262,0.089621,0.088525,1.5964e-005,-0.114,-0.1193,-0.0051948,-0.075973,-0.0010027,-0.012264,0.00013174,-0.0016769,-0.0055119,-3.3307e-016,3.3307e-016,1.249e-016,-3.8511e-016,6.245e-017,-2.7756e-017
-5.6902e-005,0.014968,-0.15113,-3.013e-005,-9.9665e-005,-0.98664,2.4279e-006,3.793e-007,-1.2227e-006,7.378e-007,3.1162e-006,3.4742e-006,-5.5424e-006,-1.1667e-007,0.014204,-7.4726e-005,0.020353,-0.023501,0.011039,1.0306e-005,0.02286,-7.9282e-006,-0.0082282,-0.027106,-0.013848,-9.7244e-005,-0.0010413,-0.0007541,0.022442,-0.0072101,0.00045901,-0.0036781,2.8649e-005,-5.652e-006,-4.0191e-007,2.121e-006,2.3056e-007,-0.010001,-4.3268e-007,-7.0942e-005,0.0022164,-5.9067e-005,0.0013824,5.2366e-006,-4.2268e-005,-2.2404e-006,-1.7001e-007,-2.6021e-017,8.3267e-017,3.4694e-017,5.5511e-017,-1.4745e-017,4.8572e-017
-0.012072,-6.9645e-005,-4.4709e-006,0.017904,-0.0027883,1.251e-007,-0.0066866,-0.31497,-0.42056,0.012583,-0.17911,0.049983,-0.40678,0.31091,0.00045995,-0.060774,-0.18747,-0.26757,-0.23922,-0.18241,0.0065661,-0.010311,-0.0034214,-0.047639,0.09581,0.14959,0.006948,-0.021592,0.0035525,0.0096468,0.025651,0.00048143,-0.03896,-0.090447,0.063186,-0.15712,-0.027896,-9.3058e-006,0.088488,0.047662,0.0010327,-0.094439,-0.0029154,-0.18835,-0.028731,0.30809,0.030596,-2.3592e-016,1.1102e-016,-1.1102e-016,0,-2.3245e-016,2.7756e-017
-0.5703,-0.0030649,-0.00013263,-0.6915,0.43238,-1.5337e-005,0.024852,0.025415,-0.0094533,-0.019592,0.049244,0.0092174,0.0020982,0.047484,5.0434e-005,-0.038432,-0.00044869,0.0033556,0.0096766,-0.021099,-0.0010449,0.0069376,0.0009616,0.0036096,-0.0077755,0.0021312,0.0074284,-0.0097726,0.001453,0.0048915,0.00070851,-0.00071817,0.013948,-0.0072815,0.0041645,-0.014838,-0.0022209,-1.5015e-006,0.016596,-0.0023099,-9.5397e-005,0.0031018,0.00011416,0.002781,9.4941e-005,-0.0014004,0.00017686,4.1633e-017,0,0,2.7756e-017,1.7347e-017,-6.9389e-018
-7.4981e-006,0.0018255,-0.011695,-1.1364e-006,-3.1962e-006,-0.024122,4.9521e-008,3.1003e-007,-1.3236e-006,1.2647e-006,4.4621e-006,1.615e-005,-2.0874e-005,3.4422e-005,0.083367,-0.00042465,0.061093,-0.060643,0.020896,-0.00017921,0.099291,0.0033995,0.25083,0.45078,0.22979,0.0019832,0.0067064,-0.00085138,-0.65124,0.22287,-0.018377,0.30484,0.0018996,-0.00011583,1.3676e-005,-4.5302e-006,1.0394e-005,-0.2946,-2.0782e-005,-2.3569e-005,-0.0056946,0.00087706,-0.041917,0.00023223,-0.00050599,-2.1879e-005,-1.0827e-006,-2.1858e-016,-2.4286e-017,2.949e-016,-3.747e-016,-8.2833e-017,-3.8164e-017
-0.012698,8.7434e-006,2.0738e-005,-0.016253,-0.036603,9.4412e-007,-0.0038295,0.039886,0.019245,0.026502,-0.28648,0.08532,0.2708,-0.070658,-5.8038e-005,-0.19013,-0.1096,-0.15988,-0.14917,-0.10866,0.0036455,0.48187,-0.014529,0.14,-0.26603,0.088318,0.14227,-0.16617,0.012185,0.044584,0.24966,0.0036743,-0.068916,-0.1412,0.013338,0.30942,-0.15619,3.4848e-006,0.020188,-0.32173,-0.013629,-0.15957,-0.0017381,-0.0176,-0.00061411,0.011106,-0.046642,-5.5511e-017,3.747e-016,-2.7409e-016,2.0817e-017,-3.4694e-017,-4.1633e-017
-1.5947e-007,4.5869e-005,-0.00073582,-2.6652e-007,-9.9823e-007,-0.012233,6.9674e-008,1.8781e-007,-8.021e-007,7.0614e-007,4.7783e-006,9.5311e-006,-4.2064e-005,0.00018248,-0.35357,0.00033845,-0.070651,0.078021,-0.033901,-2.6225e-005,-0.05403,1.6089e-005,0.015129,0.040463,0.020641,0.0001227,0.0012813,0.00092511,-0.026395,0.0082793,-0.00051223,0.0039956,-3.0252e-005,5.8793e-006,4.0812e-007,-2.1009e-006,-2.2252e-007,0.0095703,4.1241e-007,6.6045e-005,-0.0020576,5.4231e-005,-0.0012601,-4.6761e-006,3.7059e-005,1.9601e-006,1.4834e-007,-0.13367,-0.43266,-0.24992,-0.18051,-0.0020954,0.74592
-4.0298e-005,0.0086417,-0.0075502,4.9722e-006,1.3091e-005,0.0025524,3.8129e-006,1.1671e-005,-4.0139e-005,1.6242e-005,0.00018069,-0.00010644,-8.659e-005,-0.00032788,0.0035244,-0.00036662,0.033934,-0.0075801,-0.026028,-0.00036747,-0.076074,0.0064823,0.50646,-0.099054,-0.058824,-0.0024533,-0.31821,-0.33744,-0.085586,-0.42551,0.050946,0.00080342,0.047969,-0.014015,-0.0011641,-0.0033707,-9.6113e-005,0.019032,-0.00043857,-0.017278,0.44993,-0.0094184,0.3324,-0.0023972,0.007924,0.00036497,2.0476e-005,3.3307e-016,3.3307e-016,-4.8572e-016,4.7878e-016,6.9389e-018,2.2204e-016
-7.6793e-006,0.001907,-0.013696,-1.4556e-006,-3.9714e-006,-0.024866,-1.0299e-007,-4.0727e-007,1.5577e-006,-6.8527e-007,-1.2227e-005,9.2378e-006,2.7482e-005,-1.6264e-005,0.19326,8.8802e-005,-0.14784,0.19254,-0.10741,-0.00032186,-0.24446,0.0021341,0.24667,0.63596,0.32537,0.00096348,0.090888,0.09704,0.40575,-0.071198,0.0055382,-0.21897,-0.0056345,0.0011368,0.00012893,0.00015506,-9.3028e-006,0.15788,1.1377e-005,-0.00037217,0.01156,-0.00018207,-0.0011911,9.0481e-005,-0.00032773,-1.5451e-005,-9.3321e-007,2.2551e-016,-7.9797e-017,-1.2317e-016,-1.3184e-016,1.5352e-016,-4.1633e-017
-0.00070302,0.1692,-0.97313,-5.2789e-005,-9.9e-005,0.1526,-7.6232e-006,-2.0332e-006,6.4225e-006,-3.6048e-006,-1.53e-005,-1.5554e-005,2.4306e-005,-3.1808e-005,-0.010222,0.00010035,0.00039946,-0.0055956,0.006639,4.6631e-005,0.023864,-0.00018209,-0.01445,-0.00092946,-0.00036743,0.00016652,0.0037659,0.0037677,0.0087463,-0.0019254,0.00015856,0.0023185,0.00041041,-0.00013246,9.4276e-006,-2.9873e-005,-2.5275e-006,0.0010947,-4.5349e-006,-9.6512e-005,0.0022242,-6.2284e-005,0.0039616,-5.4774e-005,0.00024648,1.2521e-005,8.9141e-007,3.4694e-017,1.3878e-016,2.7756e-017,1.7347e-017,-5.2042e-018,-1.3878e-017
-0.036389,-0.00020751,-1.1806e-005,0.017309,-0.0081294,1.5113e-006,0.056613,-0.10411,-0.57927,0.14585,0.16457,-0.24824,0.42397,-0.24429,-0.00036239,0.050766,0.026304,0.02146,-0.0091955,0.096827,0.0042262,-0.11541,-0.0035946,-0.0090269,0.023919,0.38809,0.087946,-0.13804,0.016748,0.046755,-0.0060165,-0.0065122,0.16983,0.074254,-0.056722,0.14901,0.048937,-1.0709e-005,0.077823,0.15219,0.0058326,0.015535,-0.00047204,-0.017445,-0.00031545,0.0006951,0.014043,-2.2204e-016,2.7756e-017,2.6368e-016,-2.3766e-016,-1.4225e-016,-8.3267e-017
