-0.00030738,-0.0005436,6.2292e-05,-0.00030133,0.2319,-5.6391e-06,0.96382,-0.12671,2.0515e-06,-4.4082e-05,1.608e-05,-1.5175e-05,2.9126e-06,-3.5422e-06,-8.0424e-08,-1.1022e-05,0.026562,-1.2729e-05,-8.026e-06,-3.2896e-08,-4.9925e-06,-0.017567,3.3591e-06,6.1838e-06,0.00035103,-0.011899,8.9011e-06,0.00044502,1.7725e-05,7.8154e-08,-1.8146e-05,-1.9309e-06,-0.0018506,0.0077593,3.3023e-06,0.00025555,0.00018339,-0.0012977,-3.4438e-07,-1.3812e-07,-1.0347e-10,-7.9398e-17,0,0,0,0,0,0,0,0,0,0,0,0,0,0,0
-9.4692e-07,-2.1793e-06,2.8936e-07,-4.8401e-06,0.020195,1.3596e-08,0.0080603,0.0010915,6.5466e-07,-1.5927e-05,1.4369e-05,-1.9211e-05,2.224e-05,-2.7262e-05,-1.869e-06,-0.00035224,-0.81694,0.00024529,0.00014238,6.6533e-07,0.00065476,-0.20151,-1.0555e-05,-6.96e-05,0.14977,-0.41601,2.3532e-05,0.001102,2.551e-05,-1.6937e-08,0.00021246,2.6133e-05,-0.30553,0.041013,1.2636e-05,0.00067212,0.00060287,0.031582,-6.2961e-08,-2.2558e-08,-5.8884e-12,-6.8972e-16,2.3332e-16,-4.6415e-16,-2.4113e-16,-7.1991e-17,-1.7087e-16,1.6653e-16,8.6519e-17,1.3791e-16,-1.8431e-17,1.9342e-16,-1.5613e-17,-9.0422e-17,1.1037e-16,-9.3323e-17,-3.7297e-17
-2.8634e-08,-9.08e-08,1.4491e-08,-9.7303e-07,0.0072074,3.1163e-08,-0.0036612,-0.0058131,-6.2579e-08,1.5204e-06,-1.3752e-06,1.8462e-06,-2.1621e-06,2.6503e-06,1.803e-07,3.3891e-05,0.075303,-2.115e-05,-1.0975e-05,-4.0986e-08,-5.3875e-06,-0.022075,4.6978e-06,-6.119e-06,0.69589,0.12791,-7.1023e-06,-0.10429,-2.0218e-05,-4.3108e-08,1.9574e-05,2.3216e-06,-0.020563,0.0010372,1.3236e-07,-9.7428e-06,-9.9757e-05,-0.0083774,9.092e-09,3.595e-09,2.3655e-12,-0.0025515,0.41009,-0.28707,-0.02479,-0.0067923,-0.13956,0.17996,0.20755,0.0004318,-0.31975,0.048629,-0.10246,-0.13787,-0.037058,-0.0087133,0.0020591
-1.0066e-08,-0.0025477,1.9792e-09,-0.00080682,2.0769e-05,-6.198e-10,0.00014927,-2.1391e-05,-0.00025401,0.0060563,-0.0043483,-1.237e-07,4.7426e-08,-5.7788e-08,-1.7165e-09,0.019039,0.00063352,-3.4682e-07,0.0064587,-1.1016e-09,0.031603,-0.00062779,-0.0028725,-0.0087144,1.9043e-05,-0.0008086,-0.015321,4.8618e-05,-0.035135,1.3035e-08,0.098745,-4.1083e-07,-0.00098938,0.0085312,5.851e-06,-0.9935,-0.00014972,0.0009723,0.0096788,0.0045131,0.00016481,6.2811e-15,8.2605e-15,4.8191e-15,-3.1761e-15,3.7048e-15,1.3052e-15,4.5883e-16,8.4243e-17,-3.7631e-16,6.2103e-16,6.2485e-16,-5.2226e-16,-3.824e-16,1.5421e-15,-2.7737e-16,-8.2896e-16
-1.2795e-09,-0.0032758,-8.2059e-10,-0.0010378,-1.5856e-06,3.8809e-11,-7.939e-06,1.1065e-06,-7.5396e-05,-0.026606,-0.0098497,5.0239e-09,-1.4267e-09,1.7211e-09,-4.224e-10,0.061497,-0.00015435,1.3647e-07,-0.61997,-7.8133e-11,-0.12806,-0.00025236,0.010457,0.042106,2.9851e-06,-5.0136e-05,-0.33811,-1.6801e-05,0.16316,2.8039e-10,-0.069451,-3.6465e-07,-6.1015e-05,0.00020446,1.1629e-07,-0.015456,-1.5271e-06,9.5772e-06,0.027236,-0.18329,0.016579,-0.23512,-0.33476,-0.27871,0.21001,-0.29417,-0.13015,0.026257,0.03771,0.070605,-0.074863,0.005104,0.020444,-0.036774,-0.059034,0.030579,0.024786
-8.1659e-10,-0.0020906,-5.2369e-10,-0.00066228,-1.0119e-06,2.4767e-11,-5.0666e-06,7.0615e-07,-4.8117e-05,-0.016979,-0.006286,3.2062e-09,-9.1051e-10,1.0984e-09,-2.6957e-10,0.039246,-9.8506e-05,8.7094e-08,-0.39566,-4.9863e-11,-0.08173,-0.00016106,0.0066736,0.026872,1.905e-06,-3.1997e-05,-0.21578,-1.0722e-05,0.10413,1.7894e-10,-0.044323,-2.3272e-07,-3.8939e-05,0.00013049,7.4214e-08,-0.0098641,-9.7457e-07,6.1121e-06,0.017382,-0.11697,0.010581,0.79147,0.24154,0.2413,-0.0063294,0.078172,0.054308,-0.021376,-0.026515,-0.0092895,0.035994,0.042216,-0.01328,0.0054763,0.047832,-0.026403,-0.030979
-2.0967e-09,-0.0054288,-1.3724e-09,0.00089407,-1.9809e-06,5.5642e-11,-1.2067e-05,1.6954e-06,0.0018434,-0.10629,0.33547,-2.3723e-08,1.0281e-09,-1.2335e-09,2.5656e-10,-0.034577,5.2441e-05,-3.0596e-08,0.048844,-8.8345e-11,0.057883,9.7428e-05,0.060862,0.24604,9.2264e-06,-4.7962e-05,-0.13455,-9.7126e-07,-0.02098,5.7e-11,0.11902,6.073e-07,8.5442e-05,-0.00021625,-1.1352e-07,0.013555,1.1578e-06,-7.2069e-06,-0.077435,0.55629,0.48149,0.24153,-0.219,-0.31207,-0.113,-0.016259,-0.058143,0.015856,0.020615,0.028851,0.026554,-0.022487,0.026114,0.033352,0.012818,-0.00036514,-0.000385
-3.7858e-05,1.1198e-10,-0.00049593,-2.7983e-11,3.336e-08,-0.013659,-6.7239e-08,7.0181e-09,5.8862e-13,-1.745e-11,1.0819e-10,0.0026147,-0.094383,-0.083517,-0.019496,-1.6792e-10,-1.3376e-06,-0.0073445,-1.2372e-09,0.46264,-9.9001e-11,-4.4587e-07,9.359e-11,1.9031e-10,1.094e-08,-4.4634e-07,5.9228e-10,3.5884e-08,1.7122e-09,-0.70172,1.3079e-08,-0.002222,7.2856e-09,-7.4922e-07,0.001793,-1.0799e-08,6.0554e-05,-6.3458e-07,-7.2791e-13,-2.3572e-13,3.0248e-15,-0.022381,-0.022679,0.15344,-0.27331,-0.17095,-0.13012,0.15339,0.017006,0.23984,0.029176,0.2136,0.051552,-0.010137,0.032288,0.0021444,-0.00027731
-1.3172e-06,-2.9915e-06,3.9332e-07,-5.442e-06,0.017906,-2.7437e-08,0.015859,-0.00042528,9.4244e-07,-2.2672e-05,1.833e-05,-2.3196e-05,1.9448e-05,-2.3809e-05,-1.4162e-06,-0.00025978,-0.47777,0.00012222,6.3084e-05,2.8146e-07,0.00036002,-0.21308,2.2364e-05,9.2141e-05,-0.090613,0.77307,-8.508e-05,-0.027816,-0.00013642,-3.9018e-07,-0.00013833,-1.8369e-05,0.3226,-0.074378,-2.636e-05,-0.0016657,-4.4915e-05,0.097626,1.4782e-06,5.8724e-07,4.1689e-10,1.4326e-15,2.0123e-16,3.4001e-16,2.1511e-16,3.747e-16,1.5613e-16,-5.5511e-17,-9.541e-18,-3.747e-16,-3.6256e-16,1.7347e-16,-5.7246e-17,-2.2074e-16,1.7087e-16,1.8204e-16,-2.1112e-16
-1.5473e-10,-0.00049528,-1.45e-10,0.0045908,9.7034e-07,-1.1161e-11,1.2099e-06,-1.5142e-07,-0.15115,-0.00050853,-0.00067923,6.9497e-10,-6.8693e-10,8.4088e-10,6.6733e-11,-0.0045196,-1.5736e-05,1.3645e-08,0.017632,1.6732e-10,-0.10982,-0.00018684,0.18538,-0.061304,-5.0233e-07,-6.2078e-05,-0.098906,1.3623e-05,-0.25139,-7.6089e-10,-0.10662,-5.3489e-07,-6.7599e-05,0.00014683,7.566e-08,-0.0092269,-9.9644e-07,6.3945e-06,-0.54472,-0.068878,-9.4661e-05,-0.038107,0.35494,-0.20675,0.088749,-0.15601,-0.15622,-0.14029,-0.17727,0.20415,0.38738,-0.084225,0.012901,0.24677,0.0071338,0.027996,0.045617
-1.052e-09,-0.0027075,-6.8097e-10,-0.00041175,-1.2121e-06,3.1028e-11,-6.5224e-06,9.139e-07,0.0010057,-0.12437,-0.0016896,-3.7306e-09,4.7584e-10,-5.7444e-10,8.4334e-11,-0.012453,2.7742e-05,-2.2515e-08,0.097502,1.4585e-11,0.016278,3.1874e-05,0.00024867,0.012194,3.4673e-07,-2.1483e-06,-0.18119,-9.5302e-06,0.083192,-1.2952e-11,-0.053548,-2.7332e-07,-3.8567e-05,9.8793e-05,5.2208e-08,-0.0063164,-5.5931e-07,3.4939e-06,0.04439,-0.32347,0.77253,-0.24346,0.22075,0.31457,0.1139,0.016389,0.058608,-0.015983,-0.02078,-0.029082,-0.026766,0.022667,-0.026322,-0.033619,-0.012921,0.00036806,0.00038807
-6.9009e-08,-1.6688e-07,2.2944e-08,-6.1525e-07,0.0035479,1.0472e-08,-0.0003712,0.00047659,2.663e-08,-6.6371e-07,7.1971e-07,-1.0312e-06,1.5517e-06,-1.9035e-06,-1.409e-07,-2.6914e-05,-0.069792,2.2896e-05,1.4671e-05,7.8327e-08,0.00010857,-0.054855,2.6637e-06,4.9013e-06,-0.011306,0.038674,-7.1753e-06,0.0014563,-1.3678e-05,-6.6631e-08,-3.7653e-06,-9.7579e-07,0.058187,-0.02957,-1.333e-05,-0.0013203,-0.010881,-0.99303,-4.6262e-07,-1.7706e-07,-1.0288e-10,-9.1109e-16,-8.0144e-16,-1.7026e-15,1.7707e-15,-4.1341e-16,2.034e-16,-5.6704e-17,6.7253e-16,-2.7224e-16,-8.3981e-16,-1.5439e-16,-1.8735e-16,-1.3466e-16,-1.9199e-16,-1.6669e-16,4.0298e-17
-2.5961e-10,-0.00092068,-2.8477e-10,0.012039,2.7015e-06,-3.3477e-11,4.0824e-06,-5.2523e-07,-0.92108,-0.0081088,-0.00048268,7.9325e-10,-2.417e-10,2.9665e-10,6.3674e-11,-0.0071494,8.629e-06,-5.2753e-09,-0.0062344,-5.3265e-11,0.032824,5.437e-05,-0.052694,0.019755,2.5938e-07,1.5454e-05,0.024593,-3.2497e-06,0.059965,1.7786e-10,0.024479,1.2278e-07,1.5487e-05,-3.3362e-05,-1.7103e-08,0.0020628,2.1586e-07,-1.3811e-06,0.10709,0.013295,1.8396e-05,0.003544,-0.018947,0.040039,-0.090619,-0.075698,-0.15009,-0.045576,-0.13898,-0.23518,-0.1136,0.023793,0.0028703,0.028943,0.012671,-0.0059219,-0.031075
-3.2422e-09,-0.0086011,-2.2181e-09,0.011712,-4.8102e-07,5.0023e-11,-1.3483e-05,1.9309e-06,0.0082818,0.021866,-0.021733,2.4149e-08,-3.1403e-08,3.8578e-08,7.0708e-09,-0.73639,0.00038104,-1.1743e-07,-0.078863,-2.4567e-10,-0.059098,-0.00027051,-0.33117,-0.1896,-3.8747e-06,-0.00010648,-0.17772,1.2534e-05,-0.2148,2.9835e-10,0.46678,2.3719e-06,0.00032363,-0.00075466,-3.8174e-07,0.04253,2.9729e-06,-1.8094e-05,-0.032186,-0.052,9.2344e-05,-7.6541e-16,-1.468e-15,-4.3363e-16,-1.8063e-16,-8.8243e-16,-1.2729e-16,-1.2468e-16,-4.2154e-16,4.9873e-17,3.7839e-16,-6.1474e-16,2.6424e-16,1.1563e-16,-4.283e-16,1.6605e-16,2.7268e-16
-0.0027828,8.2217e-09,-0.036386,-2.0457e-09,2.4377e-06,-0.99819,-4.931e-06,5.1572e-07,-4.7372e-12,1.1357e-10,-1.9683e-10,-0.003245,0.034797,0.030695,0.0052802,4.321e-11,2.3219e-07,0.00095686,1.1033e-10,-0.0016911,2.2369e-11,6.4386e-08,-9.1087e-12,-1.2973e-11,-7.2405e-10,2.1691e-08,-1.7384e-11,-9.423e-10,-4.1124e-11,0.0098385,-3.8415e-11,6.2276e-06,-1.3573e-11,-1.9655e-10,1.9167e-06,-2.5615e-11,3.0762e-07,-3.3719e-09,-8.9895e-15,-3.3297e-15,5.0641e-16,-1.6789e-16,3.3427e-16,2.2684e-16,1.6025e-16,-1.7279e-17,-1.9384e-17,-6.0431e-17,-7.7629e-17,-1.5436e-17,1.4393e-16,7.0744e-18,-3.099e-17,1.2208e-16,-6.9025e-18,-9.9306e-18,1.7351e-17
-0.00045544,1.2484e-09,-0.0052527,-1.7011e-10,1.536e-07,-0.031685,1.9053e-07,-3.1201e-08,2.0268e-11,-5.3133e-10,1.5808e-09,0.03045,-0.50839,-0.44892,-0.084895,-7.054e-10,-4.2494e-06,-0.019173,-2.587e-09,0.53264,-3.1366e-10,-1.0193e-06,1.5477e-10,2.1934e-10,1.2192e-08,-3.3466e-07,1.6778e-10,7.1718e-09,2.3558e-10,0.11351,-7.1817e-09,0.0012317,-4.3053e-09,5.0688e-07,-0.0012733,8.2689e-09,-5.3742e-05,5.7013e-07,9.2322e-13,3.0068e-13,1.2502e-15,0.020564,0.020838,-0.14098,0.25112,0.15707,0.11955,-0.14094,-0.015625,-0.22037,-0.026807,-0.19626,-0.047367,0.0093142,-0.029667,-0.0019703,0.0002548
-0.0095939,9.0551e-09,-0.0066954,2.7666e-09,-2.3132e-06,0.00078647,-1.4034e-05,1.9779e-06,-7.3842e-10,1.8433e-08,-3.0974e-08,-0.39811,0.49215,-0.57719,-0.024571,-3.5164e-08,3.1378e-05,-0.095406,-2.4365e-08,-0.00087085,-9.7553e-09,-3.2017e-05,5.5482e-09,9.4058e-09,5.309e-07,-1.7157e-05,1.2327e-08,6.1355e-07,2.4367e-08,0.0033764,-5.7222e-08,0.0094315,1.0199e-06,-6.907e-05,0.50609,3.9289e-06,-0.0084724,8.7124e-05,1.0844e-10,3.5774e-11,4.943e-16,1.0267e-16,4.6838e-17,1.5959e-16,1.3878e-17,3.4694e-17,1.5266e-16,-1.0408e-16,2.0817e-17,-1.249e-16,-1.5613e-16,-2.0817e-17,-1.3184e-16,-4.5103e-17,-2.2551e-17,-2.7864e-17,-7.2791e-17
-0.00067123,1.8048e-09,-0.0074875,-1.9127e-10,1.3788e-07,0.00076384,6.3965e-07,-8.7547e-08,3.6225e-11,-9.4483e-10,2.6466e-09,0.048824,0.088879,0.090618,-0.98944,-4.9829e-09,-1.2948e-05,-0.04929,-5.478e-09,-0.0019777,-1.1252e-09,-3.2062e-06,4.4712e-10,6.1868e-10,3.4399e-08,-9.7032e-07,6.0742e-10,2.9721e-08,1.1681e-09,0.0041224,-1.1359e-08,0.0019551,-6.9947e-09,8.5913e-07,-0.0021868,1.447e-08,-9.7017e-05,1.0316e-06,1.7518e-12,5.7835e-13,-5.5164e-16,2.5284e-16,-5.3776e-17,1.442e-16,6.245e-17,3.8945e-16,-6.3751e-17,-7.8063e-17,8.8471e-17,-8.6302e-17,-2.0036e-16,-6.9389e-18,-1.1449e-16,4.7271e-17,1.713e-17,9.4949e-17,1.1601e-16
-1.2759e-05,-3.2058e-05,4.5195e-06,-0.00015335,0.97017,3.3802e-06,-0.2218,0.094078,-2.4379e-07,5.3352e-06,-2.3917e-06,2.5356e-06,-1.2502e-06,1.5287e-06,8.0546e-08,1.4483e-05,0.022718,-5.0622e-06,-2.1411e-06,-6.5106e-09,-6.1719e-07,-0.0019667,1.9909e-07,6.9363e-08,-0.011,-0.007788,1.1071e-06,0.0023795,2.0965e-06,7.07e-09,-4.2495e-06,-5.0561e-07,0.0045789,-0.00024276,-3.1569e-08,2.3955e-06,2.6135e-05,0.0022068,-2.8399e-09,-1.1303e-09,-7.7377e-13,-5.5511e-17,2.7756e-17,0,-5.5511e-17,-5.5511e-17,-5.8981e-17,2.0817e-17,2.7756e-17,8.3267e-17,1.1102e-16,4.1633e-17,2.7756e-17,6.9389e-17,-2.0817e-17,6.9389e-18,1.7347e-17
-1.3775e-06,-3.0993e-06,4.0462e-07,-4.7396e-06,0.011195,-6.3125e-08,0.020077,-0.001889,1.0771e-06,-2.5906e-05,2.0875e-05,-2.6317e-05,2.0404e-05,-2.4964e-05,-1.3537e-06,-0.00024219,-0.2894,1.7503e-05,-3.4921e-05,-4.4598e-07,-0.0012089,0.83167,-6.1734e-05,-9.2759e-05,0.09325,-0.12985,-2.6502e-05,-0.0086402,-5.3701e-05,-1.8243e-07,-0.00023826,-3.0317e-05,0.43728,-0.084713,-2.9272e-05,-0.0018299,-0.001129,-0.0035425,1.3861e-06,5.5167e-07,3.9565e-10,1.5335e-15,-2.2204e-16,-1.9429e-16,-8.3267e-17,-4.7878e-16,-2.498e-16,2.7756e-17,-1.5266e-16,2.7756e-16,3.9552e-16,-8.3267e-17,8.3267e-17,1.648e-16,-1.5613e-16,-6.8522e-17,1.8041e-16
-7.0267e-10,-0.0019293,-5.1083e-10,0.0056441,6.6123e-07,3.9345e-13,-1.4908e-06,2.3029e-07,-0.018393,0.0045724,-0.0036368,3.6254e-09,-2.8823e-09,3.5284e-09,3.3917e-10,-0.027803,-3.5043e-05,3.2823e-08,0.04176,4.0017e-10,-0.26052,-0.00044388,0.31346,-0.11495,-3.6648e-07,-0.00014317,-0.24558,3.3448e-05,-0.6296,-2.0894e-09,-0.23043,-1.1363e-06,-0.00012359,0.00013771,4.1823e-08,0.00047916,9.4005e-07,-6.3265e-06,0.54854,0.083821,4.357e-05,-6.7958e-16,-2.3245e-16,-1.1406e-16,-9.0206e-17,2.9317e-16,1.8228e-16,1.0972e-16,-6.5052e-18,-3.747e-16,-7.1297e-16,8.0881e-17,8.8837e-18,-2.3636e-16,-2.139e-16,7.5515e-17,1.8594e-16
-8.4106e-07,-1.9078e-06,2.5062e-07,-3.4001e-06,0.010843,-2.0207e-08,0.010396,-0.00038597,6.0229e-07,-1.4465e-05,1.1441e-05,-1.4251e-05,9.7749e-06,-1.1951e-05,-5.7927e-07,-0.00010053,-0.053962,-2.7846e-05,-4.3573e-05,-3.6686e-07,-0.00077201,0.46613,-2.4225e-05,6.7959e-06,-0.080306,0.41911,-7.8743e-05,-0.0027634,-0.00014196,-6.0907e-07,0.00062086,7.497e-05,-0.76776,0.073027,1.9099e-05,0.0007121,-0.00046441,-0.051847,3.9494e-07,1.6199e-07,1.3432e-10,8.0491e-16,1.6931e-15,1.3045e-15,3.8858e-16,4.1633e-16,3.6082e-16,1.3878e-17,7.1124e-17,-8.3267e-17,-1.6653e-16,2.3592e-16,-1.7868e-16,-2.3592e-16,1.1102e-16,-6.9389e-17,-1.5266e-16
-1.6269e-10,-0.00052076,-1.5246e-10,0.004827,1.0203e-06,-1.1735e-11,1.2721e-06,-1.5921e-07,-0.15892,-0.00053468,-0.00071417,7.3071e-10,-7.2227e-10,8.8413e-10,7.0166e-11,-0.0047521,-1.6546e-05,1.4346e-08,0.018538,1.7592e-10,-0.11547,-0.00019645,0.19492,-0.064458,-5.2817e-07,-6.5271e-05,-0.10399,1.4324e-05,-0.26433,-8.0003e-10,-0.1121,-5.624e-07,-7.1076e-05,0.00015438,7.9552e-08,-0.0097015,-1.0477e-06,6.7234e-06,-0.57274,-0.072421,-9.953e-05,0.033785,-0.32444,0.16888,-0.021575,0.20086,0.25265,0.16503,0.26496,-0.031096,-0.28966,0.063607,-0.01426,-0.25476,-0.01557,-0.02252,-0.021838
-3.1562e-09,-1.032e-08,1.6814e-09,-1.4041e-07,0.0011491,6.0817e-09,-0.00206,-0.013167,-2.382e-09,5.7531e-08,-4.6707e-08,5.8363e-08,-3.685e-08,4.5017e-08,1.9029e-09,3.1619e-07,-0.00010037,1.9858e-07,1.8692e-07,1.0276e-09,2.0591e-07,0.0010651,-3.502e-07,8.014e-07,-0.096091,-0.033249,1.8721e-05,-0.68028,-3.773e-05,-1.9493e-08,4.8459e-06,5.716e-07,-0.0048761,0.00022692,2.8128e-08,-1.9784e-06,-1.8523e-05,-0.001544,1.3606e-09,5.3411e-10,3.3676e-13,-0.0045487,-0.0077063,0.076271,-0.10636,-0.045292,-0.1607,-0.53544,0.44036,0.02382,-0.018033,-0.0030388,0.0080649,0.0011798,2.4596e-05,0.00075631,-4.5302e-06
-1.3848e-07,-3.0844e-07,3.9956e-08,-3.7609e-07,0.00033583,-9.9208e-09,0.0023723,-0.00033959,1.0358e-07,-2.4553e-06,1.6982e-06,-1.9671e-06,7.4717e-07,-9.103e-07,-2.4617e-08,-3.4727e-06,0.01033,-5.6013e-06,-3.8954e-06,-1.7434e-08,-2.9803e-06,-0.011308,2.5235e-06,5.7402e-06,0.0003323,-0.014017,1.5576e-05,0.00085424,3.669e-05,2.6068e-07,-0.00030182,-3.3937e-05,-0.054248,-0.4042,-8.2293e-05,-0.0034149,-0.0012152,0.0082259,8.8242e-07,3.4526e-07,2.2493e-10,-0.034876,0.030273,-0.042988,0.034047,-0.049714,-0.090585,-0.00050601,-0.012799,-0.029421,0.21995,-0.13089,0.044696,-0.49027,0.52644,0.0048969,-0.48091
-3.7573e-09,-0.0098356,-2.5096e-09,0.0074162,-2.0652e-06,7.8347e-11,-1.8354e-05,2.5939e-06,-0.0094433,0.024785,-0.020835,2.1642e-08,-1.5222e-08,1.8635e-08,2.0385e-09,-0.18309,-6.1721e-05,7.4144e-08,0.090765,8.2683e-10,-0.46975,-0.00070896,0.65229,-0.059535,1.1158e-06,-4.6078e-05,0.13103,-1.7754e-05,0.41082,2.3469e-09,0.34394,1.6978e-06,0.00018558,-0.00020467,-6.0967e-08,-0.00089932,-1.2496e-06,8.2793e-06,0.05207,-0.017531,0.0001391,-6.5703e-17,3.8511e-16,2.4405e-16,-3.1572e-16,3.4456e-16,1.7781e-16,2.6801e-16,2.06e-16,-1.9212e-16,-3.6603e-16,1.5916e-16,4.1796e-17,-1.3618e-16,-3.5237e-19,-1.2577e-17,-3.8164e-17
-6.094e-10,-0.0016004,-4.0937e-10,0.0013993,-2.9009e-07,1.2171e-11,-2.9271e-06,4.1516e-07,0.0011349,-0.017027,-0.0004433,1.5381e-09,-9.1877e-10,1.1189e-09,-3.4127e-11,0.0094771,-4.9387e-05,5.1556e-08,-0.29812,-1.2885e-10,-0.0050064,-2.1888e-05,0.058336,0.2056,8.1286e-06,-4.8502e-05,-0.11687,-2.0262e-06,0.003985,9.1349e-11,0.033692,1.6813e-07,1.9973e-05,-2.9876e-05,-1.16e-08,0.00059964,-8.6331e-08,6.0938e-07,0.01671,-0.12827,-0.019756,-0.26757,0.1002,-0.1515,-0.612,0.51962,0.13208,-0.0062296,-0.017833,-0.1039,0.15156,-0.10195,0.0092776,0.11959,0.080832,-0.03096,-0.011656
-4.8702e-07,-0.98928,-2.1911e-07,-0.14242,-0.0001867,3.7534e-09,-0.00054629,6.9829e-05,-0.0011116,0.024032,-0.0091262,7.2091e-09,-7.0784e-10,8.5309e-10,-9.6383e-11,0.013552,-1.651e-05,5.7136e-09,0.0030127,2.9735e-12,0.012059,3.0782e-05,-0.00087835,-0.0021774,-3.9561e-07,1.0371e-05,-0.0021207,-2.3386e-07,-0.0041793,-1.0379e-10,0.0025434,1.7576e-08,6.8937e-06,-4.1335e-05,-2.6191e-08,0.0039481,4.5834e-07,-2.903e-06,-0.00071111,-0.00034132,-1.464e-05,0,-2.7756e-17,2.0817e-17,6.245e-17,-5.5511e-17,-4.1633e-17,0,6.9389e-18,2.5153e-17,1.3878e-17,-1.3878e-17,0,6.9389e-18,-6.9389e-18,5.2042e-18,-3.4694e-18
-2.6403e-09,-0.0067629,-1.6946e-09,-0.0021494,-3.2856e-06,8.0521e-11,-1.6519e-05,2.3045e-06,-0.00080352,0.0046147,0.68815,-4.0112e-08,1.3267e-09,-1.5993e-09,1.0778e-10,-0.015534,1.3011e-05,3.0001e-10,-0.023004,2.5281e-11,-0.040604,-8.5208e-05,-0.018021,-0.072576,-2.2093e-06,-1.8296e-06,0.042157,6.3014e-07,0.012245,1.355e-10,-0.035979,-1.9004e-07,-3.2913e-05,0.00011633,6.7214e-08,-0.0091388,-9.4126e-07,5.9235e-06,0.020954,-0.14304,-0.12335,-0.060019,0.163,0.020941,-0.14092,-0.40191,0.43342,0.0087736,0.10204,-0.19878,0.050891,-0.067818,0.1369,-0.017734,-0.038745,-0.036563,0.0018603
-1.1409e-09,-0.0029338,-7.3745e-10,-0.00048491,-1.3179e-06,3.3567e-11,-7.0216e-06,9.8261e-07,0.00076721,-0.099488,-0.012363,-6.4363e-10,-1.9372e-10,2.3495e-10,-6.0681e-11,0.0093677,-2.9172e-05,2.7042e-08,-0.11498,1.1204e-11,-0.045327,-9.0923e-05,-0.026189,-0.15774,-5.7073e-06,3.3938e-05,0.63158,2.8872e-05,-0.228,9.2707e-12,0.0031191,1.1339e-08,-2.9276e-06,3.3724e-05,2.3037e-08,-0.0037925,-5.12e-07,3.2881e-06,0.058185,-0.42833,0.28787,0.24346,-0.22075,-0.31457,-0.1139,-0.016389,-0.058608,0.015983,0.02078,0.029082,0.026766,-0.022667,0.026322,0.033619,0.012921,-0.00036806,-0.00038807
-1.5707e-07,-3.4983e-07,4.5318e-08,-4.2657e-07,0.0003809,-1.1252e-08,0.0026907,-0.00038517,1.1748e-07,-2.7848e-06,1.9261e-06,-2.2311e-06,8.4744e-07,-1.0325e-06,-2.792e-08,-3.9388e-06,0.011717,-6.353e-06,-4.4182e-06,-1.9773e-08,-3.3803e-06,-0.012825,2.8622e-06,6.5105e-06,0.0003769,-0.015898,1.7666e-05,0.00096888,4.1614e-05,2.9566e-07,-0.00034233,-3.8491e-05,-0.061529,-0.45845,-9.3337e-05,-0.0038732,-0.0013783,0.0093298,1.0008e-06,3.916e-07,2.5512e-10,0.046396,-0.032867,0.16542,-0.177,-0.067529,-0.1819,0.1002,-0.027139,0.075033,0.031306,-0.58048,-0.11065,-0.20099,-0.45597,-0.01912,0.26561
-0.001355,-1.6744e-08,0.00024672,-2.1277e-08,1.9029e-05,-1.0051e-05,0.00013482,-1.9305e-05,5.8637e-09,-1.389e-07,9.5564e-08,0.0045205,-0.0021363,0.0026074,0.00010184,-1.8886e-07,0.00055714,0.0060053,-2.06e-07,3.2439e-05,-1.5556e-07,-0.00058655,1.2903e-07,2.8669e-07,1.6557e-05,-0.00067778,7.0185e-07,3.7729e-05,1.5925e-06,-0.00018529,-4.947e-06,0.0095585,-0.00056905,0.0033559,-0.0071944,0.00019129,-0.99983,0.010789,8.1957e-08,3.158e-08,1.9069e-11,6.1725e-16,3.296e-16,1.0061e-16,-7.6328e-17,-3.8164e-17,2.7235e-16,4.4409e-16,-7.6328e-17,-1.249e-16,-2.8623e-17,1.7e-16,-2.5153e-17,-8.6736e-17,2.9317e-16,-6.0607e-17,-1.6025e-16
-0.0064217,6.0573e-09,-0.0044669,1.8491e-09,-1.5453e-06,0.00052274,-9.3526e-06,1.3175e-06,-4.2379e-10,1.0345e-08,-1.198e-08,-0.0897,0.13616,-0.13449,0.03681,1.985e-08,-0.00020131,-0.81368,-9.7112e-08,-0.0029354,-2.3058e-08,-6.8916e-05,1.0493e-08,1.6041e-08,8.9918e-07,-2.7453e-05,1.8897e-08,9.3774e-07,3.7205e-08,0.0022305,8.9122e-07,-0.19273,-2.6e-05,0.00014571,-0.50464,-6.1645e-07,-0.004134,4.5074e-05,9.6431e-11,3.2003e-11,2.7409e-16,3.0531e-16,1.4398e-16,9.1073e-17,-1.3878e-16,1.2317e-16,-1.2143e-17,8.5001e-17,1.1015e-16,-1.1449e-16,-1.5613e-17,3.6429e-17,4.7705e-17,-1.648e-16,3.4694e-17,-8.0936e-17,-5.9523e-17
-0.00081305,9.8199e-10,-0.0018529,1.6425e-10,-1.4142e-07,0.00019621,-8.9574e-07,1.2677e-07,-5.016e-11,1.2526e-09,-2.0587e-09,-0.026326,-0.034373,0.04596,0.01373,9.2942e-09,-6.1788e-05,-0.24076,-2.8926e-08,-0.00077759,-7.3477e-09,-2.2766e-05,3.7801e-09,6.6488e-09,3.7799e-07,-1.3639e-05,1.3288e-08,7.2116e-07,3.0854e-08,-0.002381,-4.9222e-06,0.96839,7.5458e-05,-0.00011437,0.0024721,-3.1292e-06,0.0078695,-7.9985e-05,-5.7174e-11,-1.8449e-11,-9.3675e-17,1.5829e-17,-1.3791e-16,-4.7206e-16,3.3133e-16,2.6194e-16,-1.21e-16,-2.112e-16,1.1677e-16,-9.1073e-17,-2.5284e-16,-5.2909e-17,1.2143e-16,-2.8569e-17,-7.5894e-17,9.8486e-17,-3.2797e-18
-3.7892e-09,-0.0099313,-2.5365e-09,0.0079452,-1.9759e-06,7.7727e-11,-1.8387e-05,2.6021e-06,0.0063911,-0.0081235,-0.01848,2.207e-08,-2.663e-08,3.2711e-08,5.9937e-09,-0.62646,0.00035661,-1.3179e-07,-0.10151,-6.5681e-10,0.28986,0.00042686,0.22938,0.05916,5.6397e-07,6.4081e-05,0.15779,-9.6407e-06,0.18878,-1.1534e-10,-0.61968,-3.1702e-06,-0.00045357,0.001181,6.2405e-07,-0.074811,-6.1904e-06,3.8283e-05,0.0099814,0.079172,-9.7148e-05,-1.5092e-16,1.3173e-16,-8.6736e-18,7.3292e-17,-1.0408e-16,1.545e-18,1.3357e-16,-1.3531e-16,-1.1362e-16,-1.0018e-16,4.4669e-17,-5.4752e-17,-6.451e-17,2.6021e-18,4.2135e-17,-1.4339e-17
-2.3266e-07,-5.182e-07,6.7128e-08,-6.3186e-07,0.00056422,-1.6668e-08,0.0039857,-0.00057054,1.7402e-07,-4.1251e-06,2.853e-06,-3.3049e-06,1.2553e-06,-1.5294e-06,-4.1358e-08,-5.8344e-06,0.017356,-9.4106e-06,-6.5446e-06,-2.929e-08,-5.0071e-06,-0.018998,4.2397e-06,9.6439e-06,0.00055829,-0.023549,2.6168e-05,0.0014352,6.1642e-05,4.3796e-07,-0.00050708,-5.7016e-05,-0.091141,-0.67909,-0.00013826,-0.0057373,-0.0020417,0.01382,1.4825e-06,5.8006e-07,3.779e-10,-0.019653,-0.016781,-0.065234,0.093868,0.036672,0.12028,-0.037864,0.037317,-0.02882,-0.079403,0.37175,-0.081964,0.35413,0.018163,-0.46114,0.079124
-6.6241e-11,-0.00025125,-8.0138e-11,0.0037895,8.6182e-07,-1.0803e-11,1.3221e-06,-1.6968e-07,0.0023724,-0.010218,0.0081115,-1.4745e-09,-5.5953e-10,6.9644e-10,3.1718e-10,-0.037027,4.0975e-05,-2.0213e-08,-0.037882,-1.9004e-10,0.107,0.00018646,0.10884,0.37877,1.3767e-05,-5.2574e-05,0.072132,1.1258e-05,-0.14118,-7.1113e-11,0.13192,6.7486e-07,9.6359e-05,-0.0002477,-1.2993e-07,0.015358,1.2219e-06,-7.5252e-06,0.0089987,-0.092665,-0.055266,-0.010077,0.10085,0.014335,0.14404,0.080708,-0.060152,-0.1166,-0.1453,0.10885,-0.14126,0.046136,0.73408,-0.20843,-0.178,-0.22635,0.022705
-1.3025e-07,-2.901e-07,3.7581e-08,-3.5374e-07,0.00031587,-9.3311e-09,0.0022313,-0.00031941,9.742e-08,-2.3094e-06,1.5972e-06,-1.8502e-06,7.0276e-07,-8.5619e-07,-2.3154e-08,-3.2663e-06,0.0097163,-5.2684e-06,-3.6639e-06,-1.6397e-08,-2.8032e-06,-0.010636,2.3735e-06,5.399e-06,0.00031255,-0.013184,1.465e-05,0.00080346,3.4509e-05,2.4518e-07,-0.00028388,-3.1919e-05,-0.051024,-0.38018,-7.7402e-05,-0.0032119,-0.001143,0.0077369,8.2997e-07,3.2474e-07,2.1156e-10,0.016236,0.037423,-0.037251,0.009566,0.068783,0.1008,-0.052661,-0.020324,-0.0077207,-0.12976,0.17512,0.23232,0.13107,-0.042306,0.84155,0.049678
-6.7936e-05,1.9236e-10,-0.00082789,-3.5727e-11,3.831e-08,-0.012968,-3.3648e-08,2.5255e-09,2.2531e-12,-6.0665e-11,2.247e-10,0.0047308,-0.11272,-0.099631,-0.020642,-1.7383e-10,-1.1e-06,-0.0044131,-2.6656e-10,-0.5069,-3.3866e-10,-9.2263e-07,1.3975e-10,2.4008e-10,1.366e-08,-5.1123e-07,6.2052e-10,3.706e-08,1.7498e-09,-0.68338,1.2012e-08,-0.0020392,6.6503e-09,-6.7538e-07,0.0016084,-9.6088e-09,5.2945e-05,-5.5396e-07,-5.994e-13,-1.991e-13,9.6017e-16,0.021378,0.021663,-0.14657,0.26106,0.16329,0.12429,-0.14652,-0.016244,-0.22909,-0.027868,-0.20403,-0.049242,0.0096829,-0.030841,-0.0020483,0.00026488
-4.3508e-09,-0.01128,-2.8555e-09,0.0034057,-3.6658e-06,1.0806e-10,-2.361e-05,3.3128e-06,0.0028332,0.029967,-0.024344,2.52e-08,-1.5084e-08,1.8442e-08,1.4814e-09,-0.11382,-0.00016012,1.2822e-07,0.14024,1.2482e-09,-0.70317,-0.0011041,-0.41861,0.43419,1.9664e-05,-0.00014187,0.10772,2.8038e-06,0.05705,6.9282e-10,-0.29626,-1.5467e-06,-0.00025077,0.0008055,4.5306e-07,-0.059293,-5.6834e-06,3.5542e-05,-0.033752,0.016094,7.3538e-05,-1.8995e-16,9.7145e-17,5.2042e-17,-3.9899e-17,2.0448e-16,-2.5153e-17,1.7e-16,-8.1966e-17,-2.7756e-16,-1.7954e-16,-1.2317e-16,-1.0105e-16,-5.1174e-17,-3.0032e-17,-1.5504e-17,8.3917e-17
-4.7088e-08,-0.14217,-4.0178e-08,0.98951,0.00019482,-2.0245e-09,0.00018,-2.1327e-05,0.013634,3.6055e-05,0.0015846,-2.023e-09,1.1209e-09,-1.3733e-09,-1.8716e-10,0.018417,-5.3302e-06,6.394e-10,0.00016739,-6.8228e-12,0.005689,9.5752e-06,-0.0061932,-0.0056854,-2.7535e-07,2.7957e-06,0.00058401,-3.1353e-07,0.0044405,2.4989e-12,-0.0021605,-1.1012e-08,-1.534e-06,3.7462e-06,1.9327e-09,-0.00022344,-1.7408e-08,1.0723e-07,0.00012281,0.00055232,-3.2691e-07,1.3878e-17,8.3267e-17,-2.0817e-17,-5.5511e-17,4.5103e-17,6.9389e-17,2.7756e-17,4.1633e-17,8.3267e-17,-1.1102e-16,4.1633e-17,0,-2.7756e-17,-6.0715e-18,-1.7347e-17,6.9389e-18
-2.5636e-11,-9.772e-05,-3.1267e-11,0.0015178,3.4821e-07,-4.4251e-12,5.5886e-07,-7.2441e-08,-0.1416,-0.0013513,2.1833e-06,5.0047e-11,4.5245e-11,-5.5249e-11,2.6234e-12,-0.00067308,3.5102e-06,-2.6583e-09,-0.0033333,-3.0603e-11,0.019713,3.3281e-05,-0.032802,0.011254,1.0925e-07,1.0602e-05,0.016886,-2.3019e-06,0.042476,1.2793e-10,0.017848,8.9536e-08,1.131e-05,-2.4519e-05,-1.2619e-08,0.0015349,1.6455e-07,-1.0552e-06,0.088049,0.01109,1.5264e-05,-0.0066413,0.012497,-0.018894,0.09804,0.099845,0.16736,0.10792,0.21547,0.32633,0.10454,-0.073229,-0.011619,0.20339,-0.45723,0.0055248,-0.6989
-1.076e-10,-0.00040812,-1.3017e-10,0.0061555,1.3999e-06,-1.7548e-11,2.1476e-06,-2.7563e-07,0.0038536,-0.016598,0.013176,-2.3951e-09,-9.0888e-10,1.1313e-09,5.1521e-10,-0.060145,6.6558e-05,-3.2833e-08,-0.061533,-3.087e-10,0.17381,0.00030287,0.17679,0.61526,2.2363e-05,-8.5399e-05,0.11717,1.8287e-05,-0.22933,-1.1551e-10,0.21429,1.0962e-06,0.00015652,-0.00040235,-2.1106e-07,0.024947,1.9848e-06,-1.2224e-05,0.014617,-0.15052,-0.089773,-0.010084,0.0069024,0.079499,0.092045,-0.15992,0.071917,-0.055092,-0.030564,-0.052456,0.10993,0.19198,-0.5106,-0.1351,-0.09596,0.13678,-0.0077066
-4.5617e-11,-0.00017302,-5.5187e-11,0.0026096,5.9349e-07,-7.4396e-12,9.1048e-07,-1.1685e-07,0.0016338,-0.0070367,0.005586,-1.0154e-09,-3.8532e-10,4.7961e-10,2.1842e-10,-0.025498,2.8217e-05,-1.392e-08,-0.026087,-1.3087e-10,0.073687,0.0001284,0.07495,0.26084,9.4809e-06,-3.6205e-05,0.049673,7.753e-06,-0.097226,-4.8972e-11,0.090848,4.6474e-07,6.6358e-05,-0.00017058,-8.9479e-08,0.010576,8.4145e-07,-5.1822e-06,0.006197,-0.063814,-0.038059,-0.0072468,-0.019429,0.2064,0.1225,-0.095785,-0.1197,0.28816,0.27561,0.011676,-0.18866,-0.42483,0.10615,0.50304,0.41441,0.028557,-0.0060748
-0.12657,2.7011e-07,-0.99104,-1.2983e-08,8.0608e-06,0.036721,2.1927e-05,-2.7542e-06,5.0646e-11,-1.1721e-09,1.3726e-09,0.018031,0.0039651,0.0039891,0.0089876,8.4746e-11,8.8414e-07,0.0046189,6.1217e-10,0.0002502,1.6262e-10,4.9655e-07,-7.7709e-11,-1.2088e-10,-6.7826e-09,2.0844e-07,-1.4483e-10,-7.214e-09,-2.873e-10,-0.0010782,3.2025e-09,-0.00055174,1.9875e-09,-2.4802e-07,0.00063518,-4.2459e-09,2.9095e-05,-3.0996e-07,-5.6102e-13,-1.858e-13,-1.1102e-16,-4.1633e-17,2.7756e-17,-2.7756e-17,5.5511e-17,1.3878e-17,2.7756e-17,-4.1633e-17,-3.4694e-18,-8.3267e-17,-2.4286e-17,-9.7145e-17,-2.0817e-17,1.3878e-17,-1.3878e-17,-6.0715e-18,1.301e-18
-9.0678e-09,-0.023343,-5.8722e-09,-0.0031029,-1.0322e-05,2.6538e-10,-5.583e-05,7.8217e-06,0.0081325,-0.9744,-0.029232,-2.4026e-08,2.8083e-09,-3.4026e-09,1.0717e-10,-0.021719,4.7123e-05,-2.6512e-08,0.08345,3.9767e-11,-0.027969,-6.3624e-05,-0.011488,-0.015746,3.2173e-08,-1.9225e-05,-0.05661,-2.4829e-06,0.031724,1.9979e-10,-0.0020631,-1.8846e-08,-1.0646e-05,7.015e-05,4.4965e-08,-0.0068611,-8.0881e-07,5.1284e-06,0.0029706,-0.013543,-0.1898,-2.7062e-16,8.1879e-16,7.2164e-16,8.3267e-17,-1.3878e-17,7.2858e-17,-2.7756e-17,-1.1102e-16,0,1.249e-16,1.6653e-16,-3.4694e-17,0,1.1102e-16,-3.4694e-18,-7.1124e-17
-0.0062151,6.7126e-09,-0.0094045,1.5173e-09,-1.2851e-06,0.0010239,-7.9572e-06,1.1239e-06,-4.8492e-10,1.2358e-08,-2.8602e-08,-0.49941,-0.42086,0.45597,-0.0044267,3.0248e-08,-0.00011012,-0.35088,-3.7454e-08,-0.0017866,-7.8151e-09,-2.2686e-05,3.2925e-09,4.7455e-09,2.6449e-07,-7.5084e-06,4.1789e-09,1.9216e-07,7.0792e-09,0.0047271,7.1316e-07,-0.13849,-8.5527e-06,-5.7404e-05,0.47227,3.6358e-06,-0.0069942,7.1232e-05,7.1675e-11,2.3515e-11,8.8818e-16,1.1102e-16,1.249e-16,2.1012e-16,-3.3307e-16,6.9389e-17,6.9389e-17,1.249e-16,-4.3368e-17,2.6368e-16,2.3592e-16,1.3878e-16,-7.6328e-17,2.047e-16,1.9082e-17,-1.9949e-17,8.1532e-17
-1.7391e-09,-0.0044551,-1.1165e-09,-0.0014111,-2.1652e-06,5.3099e-11,-1.0905e-05,1.5218e-06,0.0003506,-0.096781,-0.01655,2.7816e-09,-8.1749e-10,9.7928e-10,-4.339e-10,0.060286,-0.00013982,1.2209e-07,-0.53317,-2.4668e-11,-0.14193,-0.00027872,-0.025274,-0.12551,-3.415e-06,-6.4339e-06,0.42337,2.0233e-05,-0.15008,2.4579e-10,0.063716,3.1581e-07,3.5632e-05,-4.5348e-05,-1.5934e-08,0.00054925,-1.1961e-07,7.9495e-07,-0.065362,0.48748,0.10364,-0.23201,0.21037,0.29977,0.10854,0.015618,0.055852,-0.015231,-0.019803,-0.027714,-0.025508,0.021601,-0.025084,-0.032038,-0.012313,0.00035075,0.00036982
-0.00048236,1.3197e-09,-0.0055448,-1.7588e-10,1.5631e-07,-0.030144,2.2755e-07,-3.6027e-08,2.1856e-11,-5.7243e-10,1.6879e-09,0.032354,-0.52016,-0.45922,-0.084697,-6.9973e-10,-3.9169e-06,-0.015686,-1.5098e-09,-0.49527,-5.551e-10,-1.4855e-06,1.9718e-10,2.6045e-10,1.4411e-08,-3.7839e-07,1.6739e-10,6.6094e-09,1.9021e-10,0.16593,-8.8824e-09,0.0015222,-5.2936e-09,6.1699e-07,-0.0015446,9.9806e-09,-6.4273e-05,6.8135e-07,1.08e-12,3.5975e-13,-8.7083e-16,-0.020671,-0.020946,0.14172,-0.25242,-0.15789,-0.12017,0.14167,0.015706,0.22151,0.026946,0.19728,0.047612,-0.0093624,0.02982,0.0019805,-0.00025612
-4.5817e-11,-0.00017465,-5.5883e-11,0.0027127,6.2234e-07,-7.9088e-12,9.9882e-07,-1.2947e-07,-0.25308,-0.002415,3.9021e-06,8.9447e-11,8.0863e-11,-9.8744e-11,4.6886e-12,-0.001203,6.2736e-06,-4.751e-09,-0.0059575,-5.4695e-11,0.035233,5.948e-05,-0.058626,0.020114,1.9525e-07,1.8948e-05,0.03018,-4.114e-06,0.075915,2.2864e-10,0.031899,1.6002e-07,2.0214e-05,-4.3821e-05,-2.2553e-08,0.0027432,2.9409e-07,-1.886e-06,0.15736,0.019821,2.728e-05,-0.0049025,0.037882,-0.0728,0.24949,0.1916,0.16862,0.23115,0.4429,0.22316,0.48499,0.072169,0.085767,-0.17171,0.081326,0.025588,0.42414
-2.4683e-11,-9.4089e-05,-3.0105e-11,0.0014614,3.3527e-07,-4.2607e-12,5.3809e-07,-6.9749e-08,-0.13634,-0.001301,2.1022e-06,4.8187e-11,4.3563e-11,-5.3196e-11,2.5259e-12,-0.00064807,3.3798e-06,-2.5595e-09,-0.0032095,-2.9465e-11,0.018981,3.2044e-05,-0.031583,0.010836,1.0519e-07,1.0208e-05,0.016259,-2.2163e-06,0.040898,1.2317e-10,0.017185,8.6208e-08,1.089e-05,-2.3607e-05,-1.215e-08,0.0014778,1.5844e-07,-1.016e-06,0.084777,0.010678,1.4696e-05,-0.0050803,0.029394,-0.083379,-0.025969,-0.0091249,0.40585,-0.27008,-0.21933,0.64557,-0.33319,-0.19942,-0.16421,-0.064649,0.24856,-0.018015,0.1234
-2.7607e-08,-8.7544e-08,1.3972e-08,-9.3814e-07,0.0069489,3.0046e-08,-0.0035299,-0.0056046,-6.0335e-08,1.4659e-06,-1.3259e-06,1.78e-06,-2.0845e-06,2.5552e-06,1.7383e-07,3.2676e-05,0.072602,-2.0392e-05,-1.0582e-05,-3.9516e-08,-5.1943e-06,-0.021283,4.5293e-06,-5.8996e-06,0.67093,0.12332,-6.8476e-06,-0.10055,-1.9493e-05,-4.1562e-08,1.8872e-05,2.2383e-06,-0.019826,0.001,1.2761e-07,-9.3934e-06,-9.618e-05,-0.008077,8.766e-09,3.4661e-09,2.2818e-12,0.0026464,-0.42534,0.29774,0.025712,0.0070449,0.14475,-0.18665,-0.21527,-0.00044786,0.33164,-0.050438,0.10627,0.143,0.038436,0.0090374,-0.0021357
-0.0084711,9.0217e-09,-0.012047,2.1135e-09,-1.7878e-06,0.0013184,-1.1063e-05,1.5628e-06,-7.2433e-10,1.858e-08,-4.4389e-08,-0.76058,-0.034039,-0.015575,-0.059568,-2.722e-08,0.00012988,0.38019,3.5451e-08,0.00058189,4.833e-09,1.1439e-05,-9.489e-10,-1.2151e-10,-6.6237e-10,-1.8923e-06,3.4027e-09,1.9306e-07,8.4607e-09,8.3778e-05,-4.2467e-07,0.075483,2.595e-08,8.9496e-05,-0.51585,-2.8373e-06,0.0033129,-3.2403e-05,-5.3282e-12,-1.5031e-12,5.8287e-16,-1.5959e-16,-3.747e-16,-3.1485e-16,-2.2204e-16,0,-1.5266e-16,1.3878e-16,1.4919e-16,2.498e-16,-1.7347e-17,1.8041e-16,1.3531e-16,-3.8164e-17,1.1449e-16,-4.2067e-17,1.7347e-17
-3.3293e-09,-1.0886e-08,1.7736e-09,-1.4811e-07,0.0012121,6.4152e-09,-0.0021729,-0.013889,-2.5126e-09,6.0686e-08,-4.9268e-08,6.1563e-08,-3.8871e-08,4.7485e-08,2.0072e-09,3.3353e-07,-0.00010588,2.0947e-07,1.9717e-07,1.084e-09,2.1721e-07,0.0011235,-3.694e-07,8.4535e-07,-0.10136,-0.035072,1.9747e-05,-0.71759,-3.9799e-05,-2.0562e-08,5.1117e-06,6.0294e-07,-0.0051435,0.00023937,2.967e-08,-2.0869e-06,-1.9539e-05,-0.0016287,1.4352e-09,5.634e-10,3.5536e-13,0.0043122,0.0073057,-0.072306,0.10083,0.042937,0.15234,0.5076,-0.41747,-0.022582,0.017096,0.0028808,-0.0076457,-0.0011184,-2.3318e-05,-0.00071699,4.2947e-06
-0.99183,6.2715e-07,0.12684,1.1989e-07,-8.5432e-05,-0.0018843,-0.00029852,3.8532e-05,-5.1452e-10,1.1004e-08,-3.4218e-09,0.011717,-0.0028491,0.0034714,0.00011463,3.2665e-09,-6.9004e-06,0.00479,3.0437e-09,2.175e-05,1.7034e-09,5.9693e-06,-1.1471e-09,-2.1576e-09,-1.2279e-07,4.3041e-06,-3.4818e-09,-1.7774e-07,-7.2052e-09,-2.7264e-05,8.8918e-09,0.00064083,1.3913e-06,-7.0866e-06,-0.0002522,-3.5491e-07,0.0014801,-1.5615e-05,-2.757e-11,-9.1573e-12,-1.249e-16,8.3267e-17,-4.1633e-17,-1.3878e-17,-4.1633e-17,-4.1633e-17,-1.3878e-17,8.6736e-18,1.3878e-17,-6.9389e-18,3.4694e-18,-3.4694e-18,-3.4694e-18,3.4694e-18,5.2042e-18,-1.7347e-18,2.06e-18
-2.4575e-09,-0.0062946,-1.5773e-09,-0.0020006,-3.0581e-06,7.4946e-11,-1.5376e-05,2.1449e-06,-0.00074789,0.0042952,0.64051,-3.7335e-08,1.2348e-09,-1.4885e-09,1.0032e-10,-0.014459,1.211e-05,2.7924e-10,-0.021411,2.3531e-11,-0.037793,-7.9308e-05,-0.016773,-0.067551,-2.0563e-06,-1.7029e-06,0.039238,5.8651e-07,0.011398,1.2612e-10,-0.033488,-1.7688e-07,-3.0635e-05,0.00010828,6.256e-08,-0.0085061,-8.7609e-07,5.5134e-06,0.019503,-0.13314,-0.11481,-0.059592,-0.062625,0.13782,0.20945,0.44016,-0.43579,-0.017572,-0.12022,0.19874,-0.068318,0.084414,-0.1605,0.00192,0.035042,0.039471,-0.0018009
-1.4051e-07,-4.6948e-07,7.7564e-08,-7.3179e-06,0.062562,3.5578e-07,-0.14479,-0.98725,1.4915e-08,-3.2704e-07,1.5356e-07,-1.6771e-07,9.9401e-08,-1.2163e-07,-6.9464e-09,-1.2683e-06,-0.0022747,5.6171e-07,2.6248e-07,8.8955e-10,1.0187e-07,0.00038042,-6.5481e-08,5.7598e-08,-0.0062407,-0.00039206,-4.9241e-07,0.020552,1.2312e-06,7.5919e-10,-1.7502e-07,-2.0582e-08,0.00017157,-7.4761e-06,-8.9859e-10,5.9648e-08,4.7469e-07,3.8883e-05,-9.2123e-12,-3.1333e-12,-5.2042e-17,1.1102e-16,5.5511e-17,0,2.7756e-17,1.6653e-16,2.7756e-17,-2.0817e-17,0,1.3878e-17,1.3878e-17,-1.648e-17,-3.4694e-18,1.3878e-17,1.3878e-17,-2.0817e-17,6.9389e-18
