-0.0018077,-2.0439e-05,0.019177,1.2371e-05,-0.017735,0.092203,-0.070253,0.46976,-0.0086614,0.14117,-0.18883,0.097842,-0.0033572,0.027581,0.0012849,-0.35035,0.14224,-0.06906,-0.00064952,0.13041,-0.0015941,-0.082762,-0.021071,0.14854,-0.063286,-0.0028633,-0.023271,-0.0039232,-0.22798,0.17791,0.1984,-0.13458,-0.29929,0.00010552,0.045408,0.16855,-0.1228,-9.5939e-05,-0.03057,-0.023049,-0.054445,-0.1906,-0.00050825,-0.025712,0.26327,0.073205,0.00029347,0.00061352,0.015463,0.023577,-0.22291,-0.19399,0.1417,7.5447e-06,0,0,0,0
-0.00063932,-7.1752e-06,0.000943,1.3767e-05,-0.0030595,0.01003,-0.010053,0.0057221,0.0015336,-0.022632,0.030298,-0.015612,-0.0017211,0.0066293,0.00020837,0.033089,0.09213,0.016397,9.5583e-05,-0.011178,0.00030385,0.012932,0.0010027,-0.00065104,-0.01375,0.0024392,-0.059699,0.044792,-0.0147,-0.041916,0.013504,0.15717,-0.053561,0.00013801,0.11822,0.085096,-0.021262,8.1695e-07,-0.036237,0.025361,-0.051666,0.22663,-0.0012209,-0.10149,-0.17963,-0.21511,-0.00085086,-0.0035296,0.45477,0.080749,-0.34604,-0.23728,-0.29303,2.4574e-05,-0.16101,-0.10871,0.017922,0.52209
-0.0045825,-5.3371e-05,0.05578,-7.0461e-06,-0.0077615,0.90153,0.037223,-0.23728,-0.0070991,0.091504,-0.030119,0.089269,-0.006901,0.025683,0.0007066,-0.030111,-0.040504,-0.12209,-0.00017014,-0.14176,-0.012683,0.0059773,0.053837,-0.067576,-0.030585,0.0038256,-0.087563,0.11533,-0.057657,-0.076441,0.043851,-0.061548,-0.037616,4.7256e-05,0.017934,-0.0053441,-0.034272,-1.8724e-05,0.013147,-0.0014166,0.052357,0.061418,0.00081988,0.049638,-0.025155,0.0050361,2.9038e-05,0.00022031,0.017172,0.023695,0.071854,-0.063511,0.059509,3.3492e-06,5.0654e-16,4.5103e-17,-8.8471e-17,-2.7756e-17
-0.00036082,-3.9256e-06,0.015959,-1.21e-05,-0.017018,0.067687,-0.090805,0.31925,-0.00084051,0.0014855,-0.031386,0.081867,-0.038863,0.11569,0.0029136,0.14316,0.41501,-0.10327,-2.5971e-05,-0.1408,-0.00852,0.046316,0.040952,-0.44998,-0.028254,-0.0073204,0.10278,-0.099807,0.033068,-0.087276,-0.23613,-0.085127,0.17961,-9.6792e-05,-0.1039,0.073604,0.29105,0.00023939,0.15871,-0.22218,-0.047678,-0.092854,0.0002468,0.05014,0.044533,0.040611,0.00015508,0.00047655,-0.056746,0.032221,0.024985,0.022443,0.068616,-3.8511e-06,0.186,-0.0061802,-0.0039092,0.2644
-0.00053425,-6.1124e-06,0.0048501,3.6638e-06,-0.002582,0.049572,0.0049304,0.011315,0.0010877,-0.015599,0.034197,-0.036526,0.017978,-0.058245,-0.0016113,0.075207,-0.067128,0.011267,-0.00032798,0.18624,0.021476,0.095636,0.045028,0.13999,0.0064114,-0.0026214,-0.17197,-0.51976,0.041796,-0.17022,-0.19895,-0.10831,0.12298,-5.3871e-05,-0.082942,0.29274,0.086823,4.887e-05,-0.25372,0.22622,-0.055144,-0.034421,-0.0013609,-0.10461,0.0027951,-0.046387,-0.00018115,-0.00073639,0.17003,0.13468,0.23944,-0.30643,0.29409,1.1842e-05,-1.9884e-16,3.4494e-16,4.4704e-17,-6.0021e-15
-0.00065506,-7.4423e-06,0.0029046,1.021e-05,-0.00289,0.024187,-0.028434,0.0021609,0.0039235,-0.05542,0.058307,-0.060307,0.0011655,0.0038453,0.000378,-0.14142,0.065454,-0.0062971,-0.00050145,0.19505,0.0095672,-0.066626,-0.10079,0.02827,0.043856,-0.0053739,0.080575,-0.086403,-0.1081,0.29909,-0.07326,0.065407,0.027007,-4.4228e-05,0.051579,-0.25852,0.056411,0.00010224,0.1731,-0.15048,-0.10389,0.23788,0.0022981,0.14,-0.21012,0.39009,0.0016259,0.007025,-0.00064941,0.20017,0.24386,-0.083051,0.24125,-2.2166e-06,-0.42037,-0.099677,0.02332,0.15064
-0.00086425,-8.6861e-06,0.036316,-1.6422e-05,-0.055233,-0.0012564,-0.67584,-0.080754,-0.0073505,0.11131,0.1315,0.14002,0.069987,-0.17555,-0.0037602,-0.15475,0.10107,0.0072005,9.2222e-05,-0.034653,-0.0028767,-0.011828,-0.032006,-0.06931,-0.044387,0.0019687,-0.11071,0.052936,-0.085112,0.01874,-0.32711,0.099291,0.079856,-0.00025843,-0.19024,-0.11192,-0.042955,-3.4947e-05,-0.0043296,0.0089015,0.016089,-0.059323,-0.00124,-0.065084,-0.018376,-0.18138,-0.0007721,-0.0033866,0.00063251,0.034465,-0.12117,-0.10427,-0.078378,9.0345e-06,-0.20994,0.0069757,0.0044123,-0.29843
-4.4196e-05,0.0056917,1.3408e-06,0.00097939,1.469e-05,3.7911e-06,-9.7757e-06,1.2387e-05,-0.0025503,-0.00028936,-0.00011676,-8.824e-05,0.0052535,0.0023861,-0.02692,1.5234e-05,-2.4022e-05,-0.00012106,0.027348,8.3684e-05,-0.0017263,0.00025791,-0.00012095,2.1781e-05,7.1417e-05,-0.00065206,-3.2095e-05,-2.6558e-07,-1.8324e-05,3.0707e-05,6.6505e-06,2.3649e-05,7.9659e-05,0.12904,-0.00011761,2.4097e-05,0.000688,-0.98992,8.4524e-05,8.4945e-06,-0.00016526,8.4043e-05,-0.0059265,0.00021415,-2.1537e-05,0.00053251,0.023416,-0.035653,2.612e-05,1.096e-05,2.0725e-05,8.3625e-06,-4.1719e-07,-0.0019139,3.0488e-16,3.272e-16,4.5896e-17,-1.8416e-15
-7.926e-05,-7.8121e-07,0.0030632,-5.4828e-07,-0.0052019,0.015632,0.012722,0.026885,-0.0022051,0.030595,0.012967,-0.048643,0.016383,-0.054006,-0.0015228,0.053252,-0.083798,0.21568,0.0011065,-0.079809,0.0026682,-0.082252,-0.27997,-0.089767,-0.012095,0.0023965,-0.055819,0.0072991,-0.061775,-0.032661,-0.027326,-0.003876,0.021527,-0.00016343,-0.10943,-0.086731,0.02085,1.9588e-05,-0.061929,-0.11249,-0.16548,0.47529,0.0049022,-0.01926,0.70118,-0.037111,-0.0001049,-0.0003781,0.14607,-0.061744,0.13342,0.011057,-0.024023,-3.4844e-06,1.1122e-15,2.9323e-16,3.1876e-17,-3.3034e-15
-0.00019974,0.022261,-1.2283e-05,-0.01904,-2.5023e-05,3.6544e-05,8.866e-05,8.9379e-05,0.25946,0.021038,0.0044129,0.0012674,-0.028785,0.014085,-0.83736,-0.0011596,0.0003079,-0.00033307,0.13947,0.00066501,0.0072431,-0.0018167,0.0009736,-0.00027404,-0.00039716,0.0049727,6.9069e-06,7.64e-05,7.6972e-06,-0.00012345,1.1891e-05,-3.4559e-05,3.1091e-05,-0.45617,0.00053468,0.00012475,-3.7037e-05,-0.033608,2.2007e-05,-6.0204e-06,-1.7836e-05,1.0324e-05,-0.0014616,6.2506e-05,1.2815e-06,0.00024183,-0.017824,-0.0096154,9.3581e-06,3.9659e-06,8.325e-06,3.7721e-06,-2.138e-07,0.00018494,-1.5009e-15,-2.4553e-16,1.0805e-16,-7.1578e-16
-0.0094919,-0.00010705,0.010545,0.00019744,-0.025323,-0.015062,0.036635,-0.016639,0.011271,-0.10221,-0.083507,0.019184,0.053055,-0.14566,-0.0033566,0.074807,0.013175,-0.15065,-0.0012606,-0.095457,-0.11658,-0.79144,0.16655,0.049784,-0.15139,-0.020219,-0.060333,-0.1704,0.075835,0.039635,-0.01426,0.12186,0.17455,0.00019418,-0.042738,0.18938,-0.21651,-0.00011688,0.1424,-0.10978,0.13414,0.054557,0.0010588,0.0018574,0.014427,0.006198,-3.8263e-05,-0.00011098,0.0036643,-0.02297,0.0026886,0.0082167,0.0030086,1.9404e-05,2.9375e-16,3.5311e-17,-6.3814e-17,-4.3043e-16
-0.99787,-0.0095068,-0.04525,0.0050724,0.041374,-0.0028745,-0.0042349,-6.7255e-05,0.0011127,0.010984,0.0060596,0.0014502,0.0022306,0.008347,0.00056322,0.0014932,-0.0006964,-0.0013492,-9.3791e-05,-0.0041824,-0.0018298,0.0070325,-0.0046029,0.0019989,0.0023242,0.0021332,0.0014084,-0.001953,1.004e-05,0.001796,-0.0002051,0.00037457,-0.0001728,-4.0409e-05,0.00044767,0.00055823,-0.00025364,4.5439e-06,0.00028914,-0.00016396,0.00021261,-0.00032687,-0.00042475,0.00030745,0.00031193,0.00026892,2.2505e-05,2.7896e-06,-0.00016714,-6.605e-05,0.00020023,0.00020617,-1.4248e-05,-9.6571e-06,6.2667e-17,3.8665e-17,-5.9462e-18,-6.6245e-17
-0.0013257,0.0014516,-0.00017119,-0.026916,0.00039667,-0.00018098,-0.00074432,-5.0527e-05,-0.20253,-0.0080455,0.0077796,0.0043663,-0.38512,-0.12899,-0.044433,-0.0058907,0.0017585,0.0023003,0.021036,0.0061721,0.058193,-0.024015,0.014834,-0.0092978,-0.017495,0.63553,0.012428,-0.0093117,2.8829e-05,0.0031101,-0.00033079,0.00033517,-0.00012537,0.002142,0.0001679,0.00017712,-3.7967e-05,0.00014604,-9.2974e-06,2.0356e-05,-6.196e-05,0.00076715,-0.16921,0.0019584,0.00069348,0.0002265,0.019399,-0.0037049,-0.00011547,-4.0605e-05,0.0001232,0.00012253,-1.4345e-05,0.59406,1.4355e-16,1.9261e-16,5.7266e-17,4.4539e-16
-0.01014,-0.00011428,0.0071355,0.00022193,-0.029781,0.05102,0.024906,0.025943,0.020847,-0.23082,-0.10203,-0.11661,0.069914,-0.21753,-0.0055168,-0.10197,0.0032483,0.24891,-0.00021727,0.4968,0.043141,0.22229,0.19246,-0.1848,-0.18484,-0.004669,-0.098257,0.24342,0.087814,-0.12006,-0.10426,-0.1259,0.086481,0.00019504,-0.066425,0.25376,-0.28554,-0.0001828,0.20919,-0.16738,0.1501,0.11285,0.00127,0.0039018,0.010815,0.060076,0.00020734,0.0010382,-0.0025448,-0.03503,0.00010501,0.038728,-0.013191,1.5745e-05,-4.7846e-16,-1.2635e-16,3.8697e-17,-1.8393e-15
-8.726e-05,-1.0534e-06,0.0046163,-6.5388e-06,-0.0013463,0.0072784,-0.024924,-0.0021815,0.0014015,-0.025279,0.049201,0.02719,0.00086318,0.00048195,6.2239e-05,0.015714,0.081887,0.027787,0.00025551,-0.050934,-0.0011558,0.02296,0.020889,-0.0064734,-0.016532,0.0026387,-0.10559,0.03523,-0.019378,-0.020658,-0.033211,0.22759,-0.085022,0.00026885,0.184,0.22607,0.034637,0.00010435,-0.039158,-0.029008,-0.32723,0.23898,-0.0018946,-0.26941,-0.14302,0.11055,0.00025035,0.00035858,-0.47122,-0.5028,0.031496,-0.27693,0.0057543,4.458e-06,-2.0296e-16,-1.3493e-16,-2.6856e-16,1.0162e-15
-0.0067638,-7.4578e-05,0.034539,0.00013627,-0.08405,0.02412,-0.15141,0.0067703,0.033005,-0.46726,-0.026841,-0.30498,-0.13433,0.36679,0.0089021,-0.328,-0.11798,0.046674,0.00077992,-0.23783,-0.013123,-0.011007,0.028195,-0.085298,0.11397,0.002383,-0.1123,-0.10239,0.038516,0.031457,-0.034463,0.03076,-0.20868,3.2606e-05,0.0050414,0.15451,-0.039191,-1.8659e-05,0.02956,-0.074075,-0.030008,0.043734,-0.0014075,-0.11739,0.001312,-0.20797,-0.00086287,-0.0034287,-0.15766,0.29662,0.10597,0.10577,-0.050517,-5.3465e-06,-3.6689e-16,-1.3824e-16,-5.8249e-17,1.1673e-15
-1.6772e-05,0.0021574,1.3575e-05,0.001415,-0.00021554,-4.9389e-05,0.00018324,-0.00019326,-0.0095523,-0.00038396,-0.00019377,0.00033321,0.003247,0.0014055,0.003109,0.00028488,0.00017673,0.00020956,-0.0063011,0.00040961,-0.0002146,0.0001576,-0.0002178,0.00020775,-0.00033033,0.0003055,0.00046914,-0.0001957,0.00021584,-5.1414e-05,-0.00010424,-0.00013318,-0.00071159,0.0087014,-0.00014147,-0.00018345,-0.00074839,0.034668,0.00018497,-2.1402e-05,-0.00058999,0.00035521,0.0025525,0.0019336,-0.00048947,0.015892,-0.089107,-0.99516,0.0011394,0.0006328,0.0015534,0.0009909,-0.00021575,-0.0032749,-7.1053e-16,-4.9333e-16,2.9834e-16,-4.1231e-16
-0.0001537,-1.1962e-06,0.0041844,7.6504e-06,-0.017012,0.0096958,0.0014136,0.0054459,0.0019236,-0.040207,0.033658,-0.015278,-0.033767,0.09764,0.0023928,0.043625,0.011409,-0.0024606,0.00019093,-0.056755,0.0024059,0.047078,0.0058238,0.17632,0.060812,0.01547,-0.4215,0.16625,0.18586,0.34397,0.2752,-0.29077,0.4676,-0.00027874,-0.23821,-0.029436,0.12682,0.00016525,0.051761,-0.11102,-0.14681,0.012757,-0.0025221,-0.22105,-0.043925,-0.02919,-0.00023857,-0.0016377,-0.0089398,0.013174,-0.18069,-0.029783,0.10203,9.1208e-06,1.6653e-16,1.9776e-16,5.768e-17,-1.785e-15
-0.0001774,-1.895e-06,0.0078925,-6.1795e-06,-0.0078748,0.019643,0.015217,0.052219,-0.0031748,0.044306,-0.026387,-0.028573,-0.0039782,0.011967,0.00033306,-0.050047,-0.017201,0.13449,0.00074618,-0.094843,-0.0089999,-0.0062951,0.13025,0.39263,0.0022433,0.0024539,0.17198,0.15591,-0.15265,-0.042817,-0.26094,-0.063495,0.092531,0.00028291,0.26784,0.0081648,0.35796,0.00017715,0.15111,-0.1148,0.44689,0.081465,-0.0044411,-0.41893,0.088145,-0.0084053,-0.00016675,-0.0014106,0.018595,0.014342,0.032956,-0.002244,0.068826,-2.8896e-07,-2.3592e-16,-6.8522e-17,-1.7239e-16,-3.2882e-15
-0.035944,-0.00043608,0.97512,-0.0013604,0.1961,-0.06894,0.038207,-0.036684,-0.00096478,0.014022,-0.022353,0.0076239,-0.0039936,0.011596,0.00029315,0.00057145,0.014755,-0.0022502,-3.7104e-05,0.014026,0.0015976,0.01,0.0052555,-0.0037656,-0.0019636,-0.00025872,0.0053094,-0.0018615,0.00064122,0.0079969,0.0022449,0.0052677,0.0039005,-1.7404e-06,0.00039032,-0.002125,-0.0016368,-1.5511e-06,0.0030869,0.0087989,-0.0050659,0.0001547,-4.6659e-06,-0.0026208,0.0078155,-0.001313,-3.4792e-06,-9.8242e-06,0.003477,0.00090026,-0.00019299,0.0023133,-0.00033024,-1.8323e-07,5.5511e-17,-1.3878e-17,-6.9389e-18,0
-0.0037915,-4.1895e-05,0.04511,3.3824e-05,-0.060282,0.069976,0.0010823,0.36925,-0.0084427,0.10616,0.28451,-0.18784,0.11551,-0.34722,-0.0091346,0.3175,-0.27841,-0.30287,-0.001286,0.037578,0.0041176,0.037689,0.015402,0.047881,0.023655,0.0040072,0.012267,0.1666,-0.066612,0.021204,0.00032638,0.020266,-0.088111,7.7371e-05,0.043698,0.094495,0.010003,4.5157e-05,0.026226,-0.10356,-0.1641,0.059506,-0.00065858,-0.065139,-0.038307,-0.16164,-0.00067532,-0.0026296,-0.21088,0.36579,0.059458,0.064031,-0.062977,-2.0836e-06,8.3267e-16,1.7347e-16,-1.1341e-16,1.1935e-15
-9.2467e-05,-1.3373e-06,0.0064129,-1.4293e-05,0.0043723,-0.0068265,0.0074949,-0.0090864,-0.00036982,0.0056402,-0.011014,0.0041603,-0.0024391,0.0072682,0.00018788,0.00039748,0.011534,-0.0022288,-3.749e-05,0.015415,0.001949,0.013044,0.0070647,-0.0063687,-0.0036597,-0.00055311,0.012538,-0.0047733,0.0018208,0.027407,0.0079406,0.026677,0.023507,-2.0589e-05,0.0048768,-0.033559,-0.06851,-0.00013699,-0.72103,-0.64635,0.19999,-0.00284,7.3017e-05,0.038542,-0.1018,0.012702,3.2872e-05,9.0334e-05,-0.028396,-0.0067376,0.0013567,-0.015159,0.0019458,1.0561e-06,3.2786e-16,-2.0047e-16,-5.6866e-17,1.4563e-15
-0.00030821,-3.6932e-06,0.016662,-2.3982e-05,-0.0054498,-0.015362,-0.21907,-0.011671,0.0052505,-0.098996,0.32258,0.55833,0.068735,-0.15506,-0.0030764,-0.12295,-0.14441,0.35332,0.0014497,-0.080746,-0.013692,-0.0053688,0.19477,-0.012226,-0.012553,-0.0058125,0.06988,-0.11354,0.00831,-0.011711,0.31669,-0.048605,0.022584,0.00022638,0.16158,0.056218,0.011182,2.0358e-05,-0.0011431,-0.028704,-0.062604,0.017375,0.00015968,-0.0070331,-0.0017073,0.04283,0.00018915,0.001022,-0.046531,0.14246,0.11615,0.13735,0.044386,-6.0205e-06,0.15946,-0.0052985,-0.0033514,0.22668
-0.015268,-0.00017076,0.013278,0.00035621,-0.079949,-0.0089727,0.084675,-0.027166,0.036958,-0.40958,-0.44019,0.092724,0.16221,-0.55887,-0.015871,-0.10548,0.085106,-0.10035,0.00044723,-0.1477,0.0052876,0.021471,-0.0009328,-0.03296,0.010705,-0.002117,-0.067492,0.034156,0.10061,0.051361,-0.030197,-0.092727,-0.13022,6.2184e-05,0.07971,-0.21952,0.27948,0.00020378,-0.13819,0.089842,-0.11567,-0.023294,0.00065345,-0.029217,-0.016858,-0.049296,-0.00029785,-0.00128,0.013587,0.012776,0.013643,-0.0061415,0.0050535,2.1345e-05,5.5511e-17,-6.0282e-17,-5.7029e-17,1.36e-15
-0.00014787,-7.9253e-07,0.0013178,1.9642e-05,-0.024496,-0.005961,0.031072,-0.027763,0.0032393,-0.035556,-0.13376,0.096955,0.043289,-0.16009,-0.004867,-0.00624,0.090285,-0.047144,0.00046543,-0.050038,0.024223,0.087845,-0.092999,0.017272,0.81134,0.020318,0.027462,-0.031504,-0.26548,-0.074778,0.063722,0.12515,0.19882,-1.1429e-05,-0.067694,0.20178,-0.21075,-6.6277e-05,0.10434,-0.068743,0.096333,0.013197,-0.00063997,0.0068345,0.014288,0.019084,7.429e-05,-9.2617e-05,-0.0063226,-0.0056859,-0.00059431,0.010361,-0.0049909,-1.3493e-05,-2.5674e-16,1.648e-17,3.6863e-18,-1.5231e-15
-0.0027563,-3.0496e-05,0.016829,4.9776e-05,-0.033849,0.066264,-0.036424,0.055892,0.0092801,-0.1449,0.25579,-0.21159,0.026218,-0.078595,-0.0019444,0.12454,0.58424,0.10515,0.00071782,-0.050409,0.0063168,0.054313,0.025773,0.25582,-0.066945,0.0073971,-0.27485,0.054147,-0.086076,0.058737,0.14159,0.12964,0.028177,0.00023179,0.16543,-0.0022926,-0.044977,-2.6417e-05,-0.084734,0.13588,0.13138,-0.12975,0.0021737,0.20416,0.12996,0.02083,0.0001472,0.00088211,-0.0067891,0.0018799,0.29489,0.054223,-0.20596,-1.567e-05,-1.1102e-16,-4.3542e-16,-1.2447e-16,1.2282e-15
-0.003002,-3.4106e-05,0.030573,1.8708e-05,-0.02245,0.1865,-0.011143,0.50306,-0.0066891,0.11687,-0.32085,0.074587,-0.032422,0.084797,0.0019487,-0.045948,-0.2162,0.32856,0.0012456,0.0070019,0.002151,-0.013521,0.0023278,0.19349,0.038848,0.0051251,-0.14643,-0.03412,0.16811,-0.06382,-0.12832,0.33035,0.19676,-8.8853e-05,-0.046384,-0.13779,0.032427,5.1482e-05,-0.032689,0.063739,-0.059974,0.006046,0.0018008,0.19098,-0.17647,-0.040168,-0.0001211,8.1386e-06,-0.023957,-0.056844,0.096343,0.14598,-0.17398,-6.8432e-06,-2.7756e-17,-1.8995e-16,5.6379e-17,2.276e-15
-0.0038153,-4.3547e-05,0.023967,4.2719e-05,-0.012891,0.22065,0.0092604,0.017383,0.011323,-0.15828,0.12421,-0.18794,0.035477,-0.12337,-0.0035077,0.1737,0.13664,0.34593,0.0014454,0.015979,0.010789,-0.049231,-0.15898,0.094162,0.050866,-0.0065417,0.32713,-0.11242,0.26929,-0.072487,0.13206,0.2268,-0.12738,-0.00045737,-0.30746,-0.14138,-0.037932,-9.3579e-05,0.023758,-0.019923,0.024822,-0.18271,-0.0035049,-0.24708,0.032746,0.11002,0.00035904,0.00080274,-0.10975,0.089455,-0.297,-0.1106,0.14661,1.1112e-05,-4.4409e-16,3.1919e-16,1.8041e-16,-1.6133e-15
-0.00085458,-9.8975e-06,0.0075295,2.8795e-06,6.7348e-05,0.01705,0.011853,-0.013145,0.0030269,-0.041565,0.032918,-0.10565,0.0047898,-0.018464,-0.00049651,-0.040111,0.12636,0.15857,0.0011387,-0.22839,-0.02262,-0.053733,0.16481,0.37152,0.0085404,-0.0019179,0.34287,0.093362,-0.10506,-0.12036,-0.23633,-0.43201,0.044086,-0.00012841,-0.14693,0.077785,-0.16296,-5.0602e-05,-0.061993,-0.038904,-0.4091,0.091359,0.003073,0.25069,-0.13223,-0.029887,-2.8907e-05,0.00051895,0.018817,-0.052568,-0.053245,0.037638,-0.036793,1.9875e-06,2.1164e-16,1.8648e-17,1.4951e-16,2.9031e-15
-0.00037701,-3.9138e-06,0.016423,-1.0649e-05,-0.020072,0.0016876,-0.066441,0.042717,-0.0055328,0.066096,0.19574,-0.05555,0.040505,-0.089346,-0.0014218,-0.44731,0.092249,-0.28725,-0.0013606,0.13767,0.016629,-0.096939,-0.39686,0.16935,0.0080456,0.0080811,0.013584,0.094992,0.23069,-0.28355,0.028271,-0.036982,0.040141,-0.00017719,-0.14459,-0.017942,0.022787,-1.7368e-05,-0.049757,0.078937,0.10264,0.13205,1.6132e-05,-0.038699,-0.12069,-0.067466,-0.00029517,-0.00090071,-0.046912,-0.15039,0.10188,0.22389,0.11418,-4.761e-06,0.1887,-0.00627,-0.0039659,0.26824
-0.00011167,-1.3536e-06,0.0059511,-8.6455e-06,-0.0013392,0.0098039,0.0093798,0.017222,-0.0014876,0.018668,0.035553,-0.036683,0.0145,-0.044608,-0.001191,0.041061,-0.016025,-0.0355,-0.00014452,0.017487,0.0057904,0.063663,0.064922,0.10255,-0.008652,0.0018956,-0.22148,-0.3254,-0.14256,-0.19475,0.05631,-0.098813,-0.20201,-0.00014926,-0.05748,-0.26508,-0.05569,-6.9528e-05,0.25104,-0.30998,-0.077201,-0.084116,-0.0024047,-0.14407,-0.072006,-0.048908,-0.00018785,-0.00055897,0.11628,-0.20135,0.038978,0.12353,-0.076007,-4.3281e-06,0.026115,-0.28111,-0.52004,-0.032631
-0.008413,0.98133,0.0002781,0.188,0.0005834,7.6566e-06,-6.2874e-05,1.9187e-05,-0.036038,-0.0028908,-0.00054026,-0.00020829,0.0082285,0.0022572,0.0071976,6.3136e-05,-2.7985e-05,1.7721e-05,-0.0096318,-5.7382e-05,-0.00033062,7.4204e-05,-3.3141e-05,-2.4812e-07,1.3989e-05,0.00025706,-2.4527e-06,-5.0429e-06,-4.8328e-06,6.7437e-06,1.3719e-06,2.9653e-06,9.2992e-06,0.0023184,-8.5605e-07,1.6147e-06,2.187e-06,0.0056979,-1.586e-06,-8.2825e-08,5.0822e-06,-3.2525e-06,0.00015023,-1.1374e-05,1.9822e-06,-5.1732e-05,-8.6371e-05,0.0030805,-2.7924e-06,-1.2275e-06,-2.2903e-06,-9.6389e-07,5.3893e-08,0.0003058,1.3878e-17,-2.0817e-17,6.9389e-18,5.5511e-17
-0.00039607,0.034038,-4.48e-05,-0.05351,-0.00010332,6.4104e-05,0.00021752,0.00013836,0.56214,0.0462,0.010408,0.0038734,-0.22779,-0.084298,0.51285,-0.001641,0.00032921,-0.0010374,0.30534,3.1834e-05,0.041807,-0.0075205,0.003852,-0.0010839,-0.0016084,0.037039,0.00049826,-0.00021711,7.9681e-06,-0.00010081,1.0648e-05,-4.1751e-05,4.1575e-05,-0.50336,0.00057783,0.00012153,-4.8703e-06,-0.07349,1.1383e-05,3.9444e-06,-4.1925e-05,9.9796e-05,-0.017189,0.00023966,4.8994e-05,0.0002603,-0.0043766,-0.013232,6.7942e-06,3.5567e-06,1.3053e-05,6.8187e-06,-3.891e-07,0.0039523,1.8735e-16,-8.9772e-17,-8.0881e-17,5.2042e-16
-0.00086366,-9.0419e-06,0.0025669,3.1718e-05,-0.023782,-0.0033439,-0.0044945,-0.0035289,0.017145,-0.23966,-0.13007,0.045035,-0.012471,-0.013475,-0.0015448,-0.018061,-0.096205,-0.176,0.00028918,-0.16948,0.043791,0.2883,-0.24864,0.12307,-0.46531,-0.0082586,0.20838,-0.11941,-0.39097,-0.052122,0.17962,0.23086,0.37454,-9.346e-05,-0.098098,0.078386,-0.11017,-2.5911e-05,0.061879,-0.034722,-0.0051442,-0.026748,-0.00088423,-0.017373,-0.016266,-0.0022566,-8.9655e-06,-0.0002532,-0.022709,0.016729,-0.019261,0.00074964,0.00038832,-8.138e-06,-1.5266e-16,1.9082e-17,3.0791e-17,1.0929e-16
-0.0056774,-6.2053e-05,0.038004,0.00010906,-0.088231,0.020601,0.052921,0.18497,-0.0046468,0.06134,0.27357,-0.42192,0.075786,-0.21403,-0.0050411,-0.30317,-0.21535,0.05601,0.00083702,-0.28583,-0.022274,0.046666,0.24984,-0.29,0.044296,-0.0062879,0.051212,-0.088193,-0.081078,0.10023,0.074679,0.016275,0.18436,4.4822e-05,0.021782,-0.072004,0.024464,9.5468e-05,-0.066483,0.11428,0.1158,-0.057297,0.00047736,0.06194,-0.01442,0.12887,0.00044488,0.0011172,0.18077,-0.30622,-0.072501,-0.073501,0.075612,4.3378e-06,-3.0531e-16,2.0817e-17,5.0741e-17,-1.4398e-15
-0.0078456,-8.8554e-05,0.0059823,0.00016619,-0.017952,0.01189,-0.0074267,-0.0003539,0.014443,-0.17491,0.028558,-0.074868,-0.037392,0.13739,0.0042772,-0.0018113,-0.032551,0.061422,-0.0012727,0.34172,-0.03871,-0.33029,0.14298,-0.12636,0.060995,-0.0012767,-0.033582,0.23643,-0.46578,-0.3562,0.15564,0.032749,0.13167,-5.9602e-05,-0.1104,-0.18418,0.27606,0.00019237,-0.1848,0.12275,-0.176,-0.11755,0.00025256,-0.083302,-0.026179,0.0085212,-9.6366e-05,-0.00039427,-0.021424,0.036563,-0.013829,-0.001653,-0.005369,2.9627e-05,1.3878e-16,4.1633e-17,-1.197e-16,2.5813e-15
-0.0052079,-5.821e-05,0.049206,5.5519e-05,-0.060428,0.063249,-0.30626,0.22455,0.032838,-0.48397,0.12931,0.12441,-0.063752,0.15669,0.0030667,0.31794,-0.23976,-0.21051,-0.00088669,0.037532,0.0068526,-0.0033635,-0.098557,0.11199,0.10982,0.0062876,0.023062,0.10067,0.088538,-0.014743,-0.065599,-0.14619,-0.084858,6.9439e-05,0.064609,-0.042498,-0.035379,-1.5053e-05,-0.018836,0.054243,0.16173,0.0052037,0.0018762,0.15723,0.048631,0.22319,0.00092244,0.0034578,0.17999,-0.31543,-0.061566,-0.091421,0.039792,-2.0418e-06,-4.1633e-16,-6.9389e-17,1.3704e-16,-1.4329e-15
-0.046304,-0.00016703,0.1771,0.001555,-0.95931,-0.048354,0.094779,-0.077306,-0.0088106,0.10227,-0.0025091,0.075493,-0.02265,0.073389,0.0019367,0.037451,0.025146,0.020992,3.0692e-06,0.043418,0.0036377,0.0080092,-0.015323,0.013774,-0.021111,-0.00084563,0.023763,-0.0088784,0.0097242,-0.0024024,-0.003944,-0.0040439,-0.019032,-2.0075e-05,-0.0024464,-0.0030669,-0.0094116,-4.8851e-05,0.0019028,-0.00018308,-0.0048921,0.0019762,0.00010135,0.0078442,-0.0015171,0.0082894,7.4752e-05,0.0005718,-0.0015313,-0.0015432,-0.005111,-0.0042674,0.0012901,4.4144e-07,5.5511e-17,-1.2143e-17,6.0715e-18,1.6653e-16
-0.00031709,-3.9543e-06,0.01564,-2.5165e-05,0.00054653,0.0068151,0.03024,0.020694,-0.0023765,0.034659,0.0026162,-0.069472,0.027644,-0.094518,-0.0027346,0.11854,-0.087448,0.37758,0.0019156,-0.12004,0.00566,-0.19486,-0.60186,-0.1858,-0.060637,0.0039685,-0.17635,0.019128,-0.22022,0.029766,-0.062997,-0.30803,-0.04548,0.00026606,0.17287,0.16419,0.0076836,1.4605e-05,0.03129,0.004151,0.10044,-0.16697,-0.0019833,0.019039,-0.29422,-0.0059768,-3.2726e-05,-0.00014487,-0.023009,-0.011493,-0.011823,-0.0014131,0.0096053,-1.627e-06,4.3715e-16,-1.0669e-16,8.1966e-17,2.099e-15
-6.3455e-05,-8.4285e-07,0.0038505,-7.1797e-06,0.00098034,0.002795,0.0063559,0.00076679,-0.00062803,0.0076056,0.0252,-0.028231,0.008987,-0.027416,-0.00071958,0.020501,0.011991,-0.018557,-6.9923e-05,0.011763,0.0045088,0.052992,0.055772,0.063862,-0.012468,0.0010743,-0.20014,-0.29695,-0.11398,-0.16056,0.0099754,-0.11451,-0.058255,-4.0529e-05,-0.0017596,-0.13466,0.051983,4.3919e-05,0.054098,-0.020079,0.12583,0.20007,0.002407,0.12178,-0.0040252,0.082879,0.00029698,0.00093397,-0.20912,0.024596,-0.31371,0.094881,-0.060108,6.1732e-07,0.099854,-0.38172,0.62055,-0.069993
-0.0010353,-1.1845e-05,0.0062855,1.3076e-05,-0.0042688,0.17061,-0.019187,-0.06678,0.0035078,-0.051953,0.071296,-0.041951,0.0081405,-0.017701,-0.00022022,-0.11586,-0.0023985,-0.060152,-0.00091325,0.28458,0.016557,-0.051671,-0.10412,0.0061175,0.051246,-0.010134,0.15853,-0.23227,-0.039352,0.33467,-0.13591,-0.037831,0.095231,2.8871e-05,0.071314,0.030827,0.096564,8.5962e-05,-0.037447,0.0009676,-0.13755,0.029545,-0.0016774,-0.15724,-0.03728,0.23588,0.00094313,0.0037127,0.10999,0.036541,-0.047665,0.057153,-0.52669,-1.1326e-05,0.41563,0.098554,-0.023057,-0.14894
-0.0012737,-1.4438e-05,0.00055254,2.7195e-05,-0.0018375,0.017796,-0.0096963,0.0011015,0.0059184,-0.08102,0.039613,-0.055906,-0.0058192,0.018767,0.00057817,0.0076772,0.064417,0.066967,-0.00020094,0.17706,0.0078263,-0.031751,-0.021561,0.019882,0.039917,-0.0040392,0.090308,-0.038806,-0.058762,0.15265,0.058171,0.089572,0.049343,0.00016219,0.20439,-0.21455,0.013091,2.6037e-05,0.15186,-0.10727,0.013946,0.17863,0.0027856,0.27927,-0.11047,-0.52791,-0.0020564,-0.007976,0.01822,-0.047523,-0.05737,-0.27888,0.30751,2.0592e-05,0.40231,0.095394,-0.022317,-0.14417
-0.0003756,-3.2113e-06,0.01269,8.9192e-06,-0.038381,-0.020035,-0.57392,-0.17869,-0.012178,0.23254,-0.40459,-0.38623,0.0053087,-0.052883,-0.0020316,0.1838,-0.059808,0.022622,-3.0102e-05,0.037158,-0.00017239,0.00076614,0.061561,0.048296,0.0074961,-0.0028869,0.093225,-0.038591,0.036648,-0.021779,0.29149,-0.054697,0.0059451,0.0001913,0.13207,0.067571,0.053121,6.5436e-05,-0.0014602,-0.0083434,-0.031319,0.032772,0.00072401,0.034193,0.0006105,0.11881,0.00048031,0.001994,-0.0073247,-0.01669,0.08128,0.072848,0.055072,-5.1608e-06,0.14526,-0.0048266,-0.003053,0.20649
-0.0034906,0.0021611,-0.00041841,-0.021376,0.0012038,-0.00043505,-0.001531,-5.7741e-05,-0.16725,-0.00030076,0.01196,0.0055802,-0.3967,-0.12655,-0.031912,-0.004547,0.00095008,-0.00039517,0.0028571,-0.0068392,0.17049,-0.020628,0.008674,0.0027854,0.0094173,-0.54109,-0.013326,0.011683,-4.296e-05,-0.005957,0.00065859,-0.00097516,0.00043071,-0.016574,-0.0010631,-0.0013695,0.00068694,0.0025181,-0.00092511,0.00057297,-0.00086608,0.0039926,-0.68563,0.007138,0.002019,0.00023277,0.056676,-0.0071716,-7.8513e-05,-1.327e-05,1.387e-05,-1.5029e-05,3.1641e-06,0.019444,-1.0625e-16,-1.2615e-16,9.6711e-17,1.154e-15
-0.0031924,-3.2895e-05,-0.00037152,-8.0414e-05,0.0011677,-0.0003896,-0.0012785,-3.1857e-05,-0.04417,0.0057804,0.0079628,0.0030327,-0.14125,-0.038176,-0.015024,-2.8111e-05,-0.00064123,-0.0044609,0.015761,-0.029064,0.57466,-0.07029,0.031213,-0.00094862,0.0042674,-0.39237,-0.010451,0.0093788,-3.2873e-05,-0.0046692,0.0005115,-0.00067699,0.0002715,0.020823,-0.00050989,-0.00054162,0.0001426,-0.0033117,-1.2643e-05,-3.8266e-05,0.00015812,-0.0024623,0.56342,-0.006599,-0.0024082,-0.00078412,-0.045594,0.0037082,0.00044418,0.00015874,-0.00044676,-0.00042696,2.2373e-05,0.40596,1.3856e-16,-5.459e-17,-1.6297e-16,8.4898e-16
-4.1641e-05,-4.3612e-07,0.0017824,-1.112e-06,-0.0021215,0.0062418,0.002542,0.014824,-0.00075713,0.0097577,0.0086023,-0.0067975,0.0047103,-0.014707,-0.00040427,0.017949,-0.025629,-0.014743,-6.5257e-05,0.0048198,0.001024,0.0080743,0.0066205,0.033033,0.0038084,0.00070951,-0.013387,-0.016965,-0.022441,-0.026136,0.041512,0.017521,-0.12799,-9.6912e-05,-0.050222,-0.11372,-0.098671,-0.00010364,0.1761,-0.26097,-0.18687,-0.26227,-0.0044119,-0.24343,-0.061217,-0.12133,-0.00044615,-0.0013744,0.29972,-0.20458,0.3274,0.023063,-0.012583,-4.4801e-06,-0.028945,0.31157,0.57639,0.036166
-0.0021454,0.0010674,-0.00026189,-0.020024,0.00071369,-0.00026555,-0.00093096,-4.4259e-05,-0.13489,-0.0033302,0.0057217,0.0025559,-0.15969,-0.04793,-0.024637,-0.0011246,-0.00014091,-0.0033901,0.027208,-0.026206,0.63856,-0.092045,0.044617,-0.010563,-0.015014,0.36911,0.0052596,-0.0028833,4.1177e-06,-6.8603e-05,1.8428e-05,-0.00012952,7.0574e-05,0.00029727,-0.00020618,-0.00026117,0.00012487,0.00077763,-0.00014494,8.2926e-05,-0.00010797,0.00021115,-0.010576,-3.466e-05,-0.00011102,-0.0001729,0.0053203,0.0019722,7.5659e-05,3.0513e-05,-0.00010391,-0.00011283,1.4953e-05,-0.6297,-2.3028e-16,4.5482e-17,1.7965e-16,4.3943e-16
-0.00093527,-1.061e-05,0.0063346,1.1482e-05,-0.0063198,0.047399,-0.035339,0.27969,-0.00028968,0.007307,-0.080295,0.048122,-0.024896,0.07304,0.0018509,0.096074,0.23559,-0.021785,-0.00015002,0.012927,-0.0038578,-0.012116,0.020187,-0.20102,-0.0011869,-0.0085195,0.2306,-0.12487,0.052428,-0.044418,0.27138,-0.25341,0.072096,7.0298e-05,0.10028,-0.12152,-0.20676,-0.00021869,-0.12371,0.2068,0.1078,0.34898,-0.002443,-0.32277,-0.19876,-0.14141,-0.00061633,-0.0020507,0.049856,-0.013708,0.12449,0.12544,-0.049805,4.3862e-06,-0.20035,0.006657,0.0042107,-0.2848
-0.0010349,-1.1829e-05,0.0039504,1.6844e-05,-0.0028404,0.17068,0.0021864,-0.075534,0.0043747,-0.063819,0.047719,-0.027668,0.0031775,-0.010326,-0.00026166,0.027771,-0.026975,-0.0051967,-0.00062572,0.25181,0.014849,-0.014227,-0.025371,0.00063329,0.044745,-0.0093054,0.15856,-0.19901,0.01432,0.2086,-0.052112,-0.027448,0.12714,0.00023831,0.19634,0.13044,0.12609,7.8659e-05,-0.057615,0.001784,-0.090983,-0.20301,-0.00010155,0.056549,0.19336,-0.36805,-0.0014708,-0.0059819,-0.12932,-0.27737,-0.14428,0.39907,0.045768,-1.577e-05,-0.3952,-0.093709,0.021923,0.14162
-4.8484e-05,-4.2052e-07,0.0014703,1.6236e-06,-0.004746,0.016096,-0.014708,0.003338,0.0007932,-0.016515,0.045054,-0.012538,-9.7248e-05,0.00059507,9.9461e-06,0.044919,0.13115,0.0011795,0.00018162,-0.054161,-5.0953e-05,0.025868,-0.00010272,0.0056122,-0.029971,0.0039567,-0.13144,0.068445,-0.02549,-0.042694,-0.053675,0.2667,-0.086974,0.00024082,0.15875,0.22257,0.081611,0.00012007,-0.046061,-0.038742,-0.2123,0.13301,-5.4161e-05,-0.036693,-0.11819,0.17928,0.00075992,0.0032589,0.3723,0.05335,-0.24528,0.47309,0.38767,-1.5879e-06,0.089642,0.060526,-0.0099779,-0.29067
-0.00010057,-1.0046e-06,0.0041518,-1.7824e-06,-0.0060284,-0.0050375,0.0049845,-0.0027498,-0.00060636,0.0038767,0.040012,-0.049449,-0.0046977,0.019822,0.00070093,-0.1531,-0.0022142,-0.069416,-0.00021194,-0.012581,0.0030143,-0.021883,-0.12646,-0.0035808,0.038932,0.0039588,0.027244,-0.01646,0.31181,-0.41163,0.10287,-0.053541,0.28152,0.00068767,0.51058,-0.040507,-0.00038985,9.1281e-05,0.10555,-0.19603,-0.20111,-0.17142,0.000394,0.075575,0.13729,0.10457,0.00043266,0.0013612,0.029024,0.15392,-0.10395,-0.21666,-0.11057,4.2599e-06,-0.15946,0.0052985,0.0033514,-0.22668
-0.00037106,0.029976,-5.1188e-05,-0.061614,-0.00014147,6.7492e-05,0.00026207,0.00013499,0.62082,0.050987,0.011355,0.0041351,-0.21213,-0.063199,-0.088429,-0.0021169,0.00063993,0.0026348,-0.65602,-0.0034864,0.066775,-0.010019,0.0049596,-0.0012937,-0.0018954,0.048751,0.00074414,-0.0004372,7.4553e-06,3.8358e-05,-6.937e-06,-8.0985e-06,-3.5518e-05,0.33242,-0.00044026,-0.0001576,4.4486e-05,0.025112,-6.099e-05,3.4702e-05,-4.4576e-05,0.00023934,-0.042172,0.00043657,0.00013017,-9.363e-06,0.0078483,5.6431e-05,-8.7336e-06,-2.2794e-06,4.7098e-06,3.2048e-06,-1.0462e-07,0.0018768,-1.7e-16,1.687e-16,1.3401e-16,6.3491e-16
-1.4713e-05,0.0013828,-2.2358e-06,-0.0030776,-8.3219e-06,3.1466e-06,1.0484e-05,3.5584e-06,0.010078,0.0007242,4.9958e-05,-5.833e-06,0.0024024,0.0011839,-0.0121,2.934e-05,-1.0843e-05,-5.8836e-05,0.014142,9.6938e-05,-0.0029921,0.00053533,-0.00028238,0.00010284,0.00016214,-0.0044104,-6.2428e-05,3.0822e-05,5.6935e-08,1.4119e-05,-1.8513e-06,7.174e-06,-3.6887e-06,-0.0068052,2.7959e-05,3.0552e-05,-3.5909e-05,0.025978,3.5324e-05,-2.6979e-05,5.5953e-05,-0.000383,0.082531,-0.0009926,-0.00036524,-0.0026655,0.99208,-0.088033,-2.6788e-05,-2.7761e-06,1.5209e-05,6.585e-06,-1.1528e-07,-0.00065487,-2.1142e-17,1.6304e-16,-1.1708e-16,-3.4803e-17
-5.3941e-05,-7.1648e-07,0.0032732,-6.1032e-06,0.00083335,0.0023759,0.0054029,0.00065182,-0.00053387,0.0064652,0.021421,-0.023998,0.0076395,-0.023305,-0.00061169,0.017427,0.010193,-0.015774,-5.9439e-05,0.0099994,0.0038328,0.045046,0.04741,0.054287,-0.010599,0.00091319,-0.17013,-0.25243,-0.096892,-0.13649,0.0084797,-0.097342,-0.04952,-3.4452e-05,-0.0014958,-0.11447,0.044189,3.7334e-05,0.045986,-0.017068,0.10696,0.17007,0.0020461,0.10352,-0.0034217,0.070452,0.00025245,0.00079393,-0.17777,0.020908,-0.26667,0.080655,-0.051095,5.2476e-07,-0.14919,0.79049,-0.098358,0.12197
-8.6076e-05,-1.1515e-06,0.0053318,-1.0209e-05,0.0016167,-0.0030722,-0.00022426,0.010145,-0.00076184,0.0091146,0.036863,0.021789,0.014058,-0.035952,-0.000777,-0.055743,-0.0010049,0.021655,4.2131e-05,0.020175,0.0016714,-0.012274,-0.021186,0.039476,-0.0027317,-0.0023416,0.1152,-0.031005,0.07062,-0.045412,0.32386,0.011324,-0.16324,-0.00028577,-0.28288,0.37377,0.51548,0.00037433,0.13182,-0.16335,0.10418,0.12683,0.0028359,0.26019,-0.11524,-0.06897,-0.00021799,-0.00060322,0.11191,-0.090851,0.084779,-0.10416,-0.20061,-6.9834e-07,-0.196,0.0065125,0.0041194,-0.27862
-0.00021692,0.023021,-1.938e-05,-0.028339,-5.7028e-05,4.3627e-05,0.00012862,9.2491e-05,0.30739,0.024854,0.0051573,0.0016851,-0.078194,-0.019803,-0.14108,-0.00083343,0.00011006,-0.0024347,0.67409,0.0022633,-5.5942e-05,-0.0011889,0.0006859,-0.00020595,-0.00039016,0.0058992,0.00012229,-3.6649e-05,2.8789e-05,-1.1613e-05,-1.2363e-05,-5.7582e-06,-0.00010226,0.64053,-0.00081165,-0.00025441,7.7657e-06,0.10472,-7.3852e-05,3.6125e-05,-3.2915e-05,0.00021039,-0.036336,0.00036338,0.00010928,1.7511e-05,-0.0094945,0.0020806,-4.8481e-06,-1.0451e-06,1.716e-06,6.3225e-07,9.0229e-08,-0.004474,-2.5761e-16,-7.7629e-17,-1.5276e-16,2.6021e-16
-0.0027146,0.0017985,-0.00032327,-0.012407,0.00096366,-0.00036165,-0.0013755,-5.1847e-05,-0.1864,-0.00062161,0.015458,0.0079985,-0.66502,-0.22181,-0.05208,-0.0099345,0.0030629,0.005812,-0.0042465,0.028179,-0.44715,0.050281,-0.021921,0.0026751,0.0032793,-0.083776,-0.0014955,0.0011261,-1.503e-06,-0.00045746,4.8758e-05,-5.5784e-05,1.3846e-05,0.015852,6.236e-06,5.859e-05,-8.3894e-05,-0.0022271,0.00019293,-0.00014062,0.00025931,-0.002023,0.41587,-0.0046906,-0.0015933,-0.00045675,-0.032855,0.0042628,0.00023885,8.3126e-05,-0.00023733,-0.00022759,1.7407e-05,-0.29213,-1.6718e-16,-1.0754e-17,1.3342e-17,1.8904e-15
-0.0065882,0.18375,-0.0012033,-0.97727,-0.0015949,5.6351e-05,0.0001393,-2.9394e-05,-0.076476,-0.0072887,-0.0025189,-0.00099073,0.06132,0.019366,0.0023878,0.00067836,-0.00016111,-6.0377e-05,-0.00065037,0.00036959,-0.019506,0.0033879,-0.0017375,0.00050086,0.00072746,-0.017437,-0.00023262,0.00011108,-4.6577e-07,3.0406e-05,-3.852e-06,1.2708e-05,-5.8701e-06,-0.0023803,2.3831e-05,2.8387e-05,-1.5414e-05,8.4701e-05,2.1699e-05,-1.3722e-05,2.1291e-05,-0.00010691,0.018996,-0.0002008,-5.9106e-05,-1.2772e-06,-0.0043411,0.0004054,3.9579e-06,1.0286e-06,-2.2573e-06,-1.4478e-06,3.2264e-08,-0.0003631,2.4286e-17,-5.2042e-18,4.3368e-19,-1.1796e-16
