-0.90164,0.0008358,-0.0011727,0.0010845,0.41313,0.004061,-1.6847e-06,0.098431,2.5452e-05,-0.052108,0.030179,-0.0025092,0.026854,-3.5612e-05,0.01836,-2.1236e-05,-7.0811e-05,0.0061162,2.0033e-05,-0.038721,0.013067,3.9528e-06,7.6358e-05,-0.012544,-0.00056753,-0.0010316,0.0050648,4.3369e-06,1.1938e-05,0.0046942,-3.4223e-08,-4.3963e-07,-5.8992e-06,-0.00037811,-1.4233e-05,-0.00031312,-4.6915e-06,-0.0028576,-7.0771e-06,0.0024851,0.0013526,-0.00038628,-0.0005776,-0.0027465,0.0011338,0.0056559,4.9223e-08,9.3834e-17,0,0,0,0,0
-1.6507e-06,-0.0007913,0.0023894,-0.0021397,1.2367e-05,4.3345e-05,3.8157e-06,3.5807e-07,0.0027314,1.452e-05,4.6966e-06,1.0721e-05,2.4799e-06,0.0027475,-2.1942e-05,-0.011855,0.010719,-3.301e-05,-0.05052,-9.5382e-06,-6.6282e-05,0.049749,0.14599,0.00091926,0.044689,-0.034723,-0.0015483,0.17988,0.067198,-0.00022114,0.037014,0.61276,0.11391,-3.5532e-05,-0.01715,2.5121e-05,-0.013288,6.6609e-05,-0.020884,-2.1921e-05,2.935e-06,6.3587e-06,-2.1889e-05,2.0077e-05,1.2122e-06,-1.0509e-06,0.0051179,0.56225,0.16489,-0.080257,-0.024928,-0.091179,0.42879
-0.027958,2.4135e-05,-2.8881e-05,2.6064e-05,0.0066966,9.7342e-05,1.9538e-06,-0.15528,3.505e-05,0.16358,-0.4244,0.047399,0.25649,0.00029523,-0.24203,0.00019928,0.00048927,0.33708,0.00011285,-0.19103,0.15557,-1.9347e-05,3.6526e-05,0.30337,-0.00054619,0.026563,-0.16643,0.0022468,0.00047254,-0.081533,0.00020274,-4.8918e-05,1.5255e-05,0.43223,-0.00017508,-0.032937,-0.00019602,0.28765,0.00091555,0.12912,0.21931,0.00054252,-0.047971,-0.047098,0.0056933,0.013521,-2.1022e-07,-7.4313e-16,2.1164e-16,-1.2837e-16,-7.546e-17,-4.8746e-16,1.0339e-15
-3.6174e-07,-0.0010489,2.2925e-05,0.00044747,1.5847e-06,-0.0001043,0.99991,1.4952e-05,0.0032453,-2.7839e-06,5.7506e-06,9.2832e-05,-4.0725e-06,-0.008774,-1.3526e-05,0.0062497,-0.0043987,7.1802e-06,-0.00045597,4.4182e-06,1.3389e-06,-0.00035719,-0.002281,1.6601e-05,0.001393,-0.0030962,-0.00042313,0.0023925,0.00078988,-1.3498e-06,7.2227e-05,-0.00017466,-0.00044579,1.5567e-07,0.00038554,-8.8534e-07,0.00049532,-3.925e-06,0.0012158,1.3803e-06,-1.6774e-07,-3.9119e-06,1.5218e-07,2.025e-07,7.1167e-08,-1.925e-07,6.0825e-05,5.6756e-17,-1.4234e-17,1.0784e-17,3.6133e-18,4.124e-18,-3.8048e-17
-0.0021381,1.7226e-06,-1.4325e-06,1.2161e-06,-6.2913e-05,-8.6499e-06,6.311e-08,-0.0047938,-1.0275e-06,-0.00059918,-0.012022,0.00020284,-0.020673,1.3029e-05,-0.00094972,-1.8486e-05,-0.00010784,-0.061896,-2.3486e-06,0.0080579,-0.053305,-4.6808e-06,-0.00011098,-0.001691,-0.00076508,-0.0062276,0.039396,-0.0006092,-0.00014114,0.077491,-0.00018128,4.467e-05,0.00013655,0.029603,0.00055865,-0.029186,-2.4746e-05,0.24745,0.00055306,0.075376,-0.47806,-0.066036,-0.59976,-0.55877,-0.085411,-0.065554,2.5947e-06,2.7142e-15,-1.419e-15,6.5357e-16,2.1736e-16,-7.4096e-17,-1.95e-15
-0.0015723,9.9309e-07,-8.646e-07,6.8302e-07,-0.00030402,1.1301e-05,3.6574e-07,-0.028942,1.0962e-05,0.0020009,-0.020012,0.0024914,0.013758,1.711e-05,-0.0068587,-2.7871e-05,-0.00016469,-0.059393,2.4897e-06,-0.014446,-0.069609,-2.594e-05,-0.00030627,0.097691,0.0056145,0.020907,-0.12191,0.0013061,0.00023899,0.18736,-0.00020266,4.2061e-05,0.00014785,0.17827,0.00012773,-0.00056026,1.8176e-05,-0.69191,-0.0029394,0.63103,0.027884,-0.0090543,-0.085737,-0.10415,-0.044579,-0.013292,1.1874e-06,6.9542e-15,-2.7725e-15,1.2306e-15,4.1986e-16,1.979e-15,-7.3606e-15
-0.00071926,1.7247e-07,1.0898e-06,-1.1807e-06,-0.0012803,-2.1403e-05,1.2112e-07,-0.0098008,4.941e-06,0.0012647,-0.00291,0.001241,0.014121,3.8599e-05,-0.041653,6.3391e-05,0.0001389,-0.0076365,2.0408e-05,0.0072951,0.016633,1.2143e-05,8.4618e-05,-0.010635,-0.0028811,-0.0080436,0.045963,-0.00044598,-7.8085e-05,0.091671,-0.00017606,4.2468e-05,7.7409e-05,-0.19751,0.0010093,-0.23582,-0.0011669,0.043876,0.00032723,0.051682,0.24653,0.0020178,-0.077084,-0.083132,-0.0043619,-0.010453,-6.8127e-07,-0.58275,0.24708,-0.11838,-0.041079,-0.13598,0.61566
-3.146e-06,-0.0081947,-0.00078313,0.0012079,1.3851e-05,-0.00070378,0.0052034,-1.8187e-05,-0.057802,0.00013722,-0.00038092,-0.0067552,0.00032633,0.34091,0.00041286,-0.13062,0.12137,-0.00022474,0.023904,-0.00020833,-4.8997e-05,0.0035128,0.088977,-0.0014955,-0.11097,0.20674,0.026355,-0.20808,-0.06645,-0.00024735,0.025183,0.05592,0.23945,-7.0766e-05,0.40734,-0.00022955,0.52741,-0.0017118,0.48084,0.00026518,-6.1526e-05,0.0076745,-0.0004398,-0.00030115,-0.00016877,0.0004755,0.0095786,-5.1882e-17,8.6042e-16,-4.0007e-16,-6.9606e-17,6.915e-16,-5.2866e-16
-1.1703e-05,-0.023687,0.001834,-0.0016367,6.0662e-05,-0.0017584,0.0061247,-3.6092e-05,-0.23377,-0.00039416,0.00098404,0.016369,-0.00063017,0.32341,0.00097838,-0.49445,0.27596,-0.00033916,0.13238,-7.0994e-06,-5.3868e-06,-0.059295,-0.22744,4.4278e-05,0.05328,-0.20948,-0.031384,0.12943,0.047631,-6.166e-05,-0.0055564,-0.0024765,-0.013895,2.8313e-06,-0.17074,0.0013822,-0.44893,-0.0010534,0.38562,0.00072914,-0.00014614,-0.01022,0.00066008,0.00040751,0.00025362,-0.0007194,0.0047413,4.472e-16,-1.1212e-15,6.0892e-16,1.903e-17,-7.3197e-16,1.1446e-16
-0.00035389,-0.95087,-0.24087,0.17342,0.00048275,-0.043816,-0.0014024,-0.00014812,0.073934,0.00035701,-0.00078993,-0.011981,0.00038435,-0.012148,-0.00017117,-0.00020086,0.0016499,-2.5604e-05,-0.00018687,-8.5069e-05,0.0001225,0.00029179,0.00072467,0.00015482,0.0050341,0.0029421,0.00079308,-0.0012951,-0.00047255,2.3839e-05,0.0046877,-0.00024687,-0.0001436,-4.7972e-08,0.0016783,4.1243e-05,-0.0012543,-2.8554e-06,-0.0013009,-1.5961e-05,4.2455e-05,-0.00067474,3.1533e-05,1.3207e-05,5.9468e-06,-1.6629e-05,-2.1271e-05,-5.4137e-17,8.164e-17,-2.0762e-17,2.0695e-17,1.2035e-17,-2.6455e-17
-3.8567e-05,-0.0088959,-0.0024784,0.0018131,-0.0005333,0.033301,-7.1945e-05,0.0012101,-0.010493,-0.0080251,0.018829,0.29192,-0.0095133,0.018227,0.0020676,-0.35109,-0.59227,0.0019589,-0.029534,0.0029997,-0.0031816,0.0079895,0.032958,-0.0033205,-0.12393,-0.021755,-0.012126,0.0032263,0.00064785,-0.0016274,-0.30826,0.016573,0.010866,9.3746e-06,0.017095,-0.0055415,0.0068182,0.002028,-0.00012594,0.0047931,-0.024026,0.56789,-0.029975,-0.014182,-0.0077684,0.02195,-0.00010766,-1.1851e-16,-1.5352e-16,-1.2913e-16,-9.3946e-17,-2.9035e-16,-2.7756e-17
-2.529e-05,-0.054155,0.00051089,-0.0028135,0.00012979,-0.0042552,-0.00010289,-0.00011278,-0.71953,-0.00020574,9.7992e-06,-0.001728,0.00017574,-0.13741,-0.00034473,0.34153,-0.16163,0.00019792,-0.10538,4.7592e-05,-0.00023136,0.044544,0.21563,-0.00068917,-0.081706,0.23268,0.033465,-0.17107,-0.055763,0.00019799,-0.018244,0.017398,0.052556,-1.8597e-05,0.011799,0.0020345,-0.32834,-0.00070986,0.22896,0.00027823,-5.7539e-05,0.0004415,-1.7218e-05,-1.8326e-05,-9.1857e-06,2.5724e-05,0.0013444,-2.2527e-16,-2.4858e-16,2.857e-16,-1.8237e-17,-7.0134e-18,6.6082e-17
-2.7238e-06,-0.001408,0.0088482,0.0028057,1.7688e-05,6.509e-05,-2.9633e-05,5.8455e-07,0.0045659,2.4328e-05,9.4465e-06,4.3206e-05,3.0034e-06,-0.00058896,-6.0882e-05,-0.019989,0.021184,-8.7563e-05,-0.25772,-0.00015319,5.6338e-05,0.0090701,0.060841,0.0014479,0.13272,-0.592,-0.10209,-0.70117,-0.1245,2.5518e-05,0.0041005,0.14299,-0.037235,1.152e-05,-0.0064024,3.4934e-06,-0.0086482,7.3099e-05,-0.024456,-2.9243e-05,6.595e-06,8.209e-05,-5.1299e-05,3.9968e-05,-2.0415e-07,6.7764e-06,0.14365,3.8057e-16,-3.5835e-16,-4.0091e-17,-5.569e-17,-4.1132e-16,-6.6457e-16
-7.3441e-06,-0.0036581,0.017203,-0.0010295,5.1378e-05,0.00018409,-1.1939e-05,1.5659e-06,0.012037,6.5692e-05,2.1425e-05,4.8695e-05,1.1698e-05,0.013588,-0.00011403,-0.066278,0.063399,-0.00021484,-0.47709,-0.00027044,-4.2874e-05,0.097994,0.35065,0.0025057,0.13564,-0.22048,-0.027944,0.21451,0.12508,-0.0001935,-0.00045732,-0.29126,0.34515,-0.00010521,-0.01282,8.6333e-06,0.0013927,-0.00011411,0.035836,4.8688e-05,-1.044e-05,-0.00048631,1.7784e-05,2.8203e-05,1.4856e-05,-4.5624e-05,-0.54397,1.7635e-16,2.4052e-16,-7.0091e-17,1.1993e-16,-9.9568e-17,4.1531e-16
-9.776e-07,-0.0027724,5.902e-05,0.0011463,3.8076e-06,-0.00024566,0.0077509,-6.3689e-06,-0.02155,3.9828e-05,-9.3496e-05,-0.0016454,8.6929e-05,0.24705,0.00043819,-0.24556,0.1849,-0.00032179,0.022991,-0.00024786,-9.1739e-05,0.027708,0.18788,-0.0015544,-0.13912,0.33422,0.046271,-0.28388,-0.098838,0.00023497,-0.013215,0.032543,0.093813,-3.3027e-05,-0.094817,0.00024912,-0.14323,0.0014406,-0.45209,-0.00055018,9.639e-05,0.0030755,-0.0001339,-0.00019559,-8.4295e-05,0.00023074,-0.12991,-0.0020018,-0.35199,0.24736,0.029517,-0.35315,0.1109
-0.036986,-5.0011e-07,-7.0451e-05,6.3605e-05,0.020031,0.0021378,2.7614e-06,-0.15613,-0.00010352,0.15465,-0.62507,0.044042,0.0085699,4.2375e-05,0.070891,-0.00028425,-0.00088362,-0.099362,-0.00010243,0.13415,0.15465,-2.199e-05,7.6694e-05,-0.40714,0.031343,0.058646,-0.32395,0.0026791,0.00041689,-0.12109,0.00021803,-4.9716e-05,-0.00013339,-0.19163,-0.00015227,-0.057191,-0.00038853,-0.29192,-0.00053933,-0.26519,-0.074084,-0.0043288,-0.052262,-0.074481,-0.0007889,-0.035755,1.4294e-06,3.7103e-16,-1.5266e-16,3.1919e-16,1.7e-16,1.3878e-16,-3.6776e-16
-0.00544,3.5525e-06,-2.8923e-06,2.2718e-06,-0.0011037,2.5057e-05,1.1136e-06,-0.088392,3.0891e-05,0.055168,-0.10186,0.015431,0.11862,0.00018118,-0.19349,0.00032057,0.00096579,0.21984,7.4921e-05,0.057665,0.3182,0.00010721,0.0011142,-0.23958,-0.024486,-0.077865,0.44932,-0.0045739,-0.00080988,0.0753,-0.00035414,9.2362e-05,0.00024015,-0.10516,0.001647,-0.21057,-0.0008547,0.012956,-0.00033675,0.26262,-0.40274,-0.023671,0.1597,0.18368,-0.11041,0.37909,-3.8175e-06,8.9078e-16,-3.4694e-16,1.648e-16,1.1471e-16,3.9031e-16,-7.3769e-16
-2.5283e-05,-0.025712,0.64869,0.76013,-0.00015514,-0.00026007,-0.00041066,1.2861e-08,-0.00054784,-3.645e-06,-3.5059e-07,8.764e-06,-9.9983e-07,-0.0015693,3.3065e-06,0.0034062,-0.0031579,1.0489e-05,0.026039,1.8579e-05,-1.0407e-05,0.0031538,0.0051868,1.7698e-05,0.00058064,0.00016434,7.8138e-05,0.0019338,9.0047e-05,5.5449e-07,-1.6195e-06,0.00061022,-0.0016582,5.0077e-07,0.0002374,-1.9552e-07,0.00021538,-1.3229e-06,0.00045093,5.1263e-07,-1.1886e-07,2.0846e-07,1.2287e-06,-1.1587e-06,-6.6346e-08,4.6385e-08,-0.0010084,2.7756e-17,0,0,1.7347e-17,1.7347e-17,-8.3267e-17
-3.6649e-06,-0.001931,0.013657,0.0060422,2.2805e-05,8.5114e-05,-4.1815e-05,7.6716e-07,0.005914,3.195e-05,1.1897e-05,4.7556e-05,4.5759e-06,0.0016133,-8.0073e-05,-0.034086,0.036594,-0.00015057,-0.47958,-0.00035717,0.00031108,-0.13917,-0.34055,-0.0019655,-0.10521,0.20573,0.029011,-0.059437,-0.061978,0.00020791,-0.0055414,0.2107,-0.56984,0.00017893,0.050957,-0.00014782,0.046835,-0.00032191,0.093963,0.00010519,-1.1457e-05,-0.00055699,-1.2555e-05,5.8243e-05,1.5814e-05,-4.4538e-05,-0.43303,-2.1684e-16,2.3473e-16,-1.2739e-17,4.1471e-18,-2.8515e-16,3.4608e-16
-1.5131e-05,-0.031724,0.00088315,-0.0021656,7.8407e-05,-0.002447,-4.9323e-05,-6.1831e-05,-0.48765,-0.00057717,0.0012075,0.020405,-0.00093142,-0.53631,-6.282e-05,-0.42092,0.24537,-0.00037864,0.064095,-0.00016692,4.4857e-05,-0.017811,-0.077957,-0.00019609,0.012315,-0.09609,-0.015414,0.069581,0.024648,-0.00026323,0.015396,-0.0073275,-0.018724,9.2933e-06,0.070143,-0.0019821,0.38503,0.0007148,-0.23738,-0.00031513,8.1165e-06,0.0014581,-9.3482e-05,-2.3969e-05,-1.6892e-05,4.8678e-05,-0.002093,-9.194e-17,4.5797e-16,-3.747e-16,-7.4593e-17,2.6368e-16,6.9389e-18
-2.5983e-06,-0.0044811,0.00098952,-0.0010693,1.503e-05,-0.00031755,6.3301e-05,-1.0134e-05,-0.058519,3.7495e-05,-0.00012648,-0.00241,0.00012558,0.10638,0.00010189,0.023469,-0.002085,3.8079e-06,0.014367,3.6531e-05,-6.6366e-05,-0.019561,-0.093261,-0.00022162,0.02132,-0.15538,-0.025041,0.12053,0.045001,-0.00077176,0.029767,-0.01399,-0.031935,2.5221e-05,0.86261,0.0049413,-0.32376,0.00070546,-0.28721,-0.00066718,0.00018965,0.007933,-0.0005493,-0.00029418,-0.00019688,0.00056122,-0.0033423,8.9772e-17,-2.7756e-17,-9.7145e-17,-3.3393e-17,-2.2204e-16,-1.5873e-16
-4.812e-07,-0.0013646,2.9051e-05,0.00056422,1.8742e-06,-0.00012092,0.0038152,-3.135e-06,-0.010607,1.9604e-05,-4.6021e-05,-0.00080992,4.2789e-05,0.12161,0.00021569,-0.12087,0.091013,-0.00015839,0.011317,-0.000122,-4.5157e-05,0.013639,0.092478,-0.00076512,-0.068478,0.16451,0.022776,-0.13974,-0.048651,0.00011566,-0.0065049,0.016019,0.046177,-1.6257e-05,-0.046672,0.00012262,-0.070501,0.00070911,-0.22253,-0.00027081,4.7446e-05,0.0015138,-6.5911e-05,-9.6277e-05,-4.1492e-05,0.00011357,-0.063944,-0.0028917,0.11826,-0.0084942,0.15221,0.88055,0.15282
-4.7366e-07,-0.0013432,2.8596e-05,0.00055538,1.8448e-06,-0.00011903,0.0037554,-3.0858e-06,-0.010441,1.9297e-05,-4.53e-05,-0.00079723,4.2118e-05,0.1197,0.00021231,-0.11898,0.089586,-0.00015591,0.01114,-0.00012009,-4.4449e-05,0.013425,0.091029,-0.00075313,-0.067405,0.16193,0.022419,-0.13755,-0.047889,0.00011384,-0.006403,0.015768,0.045454,-1.6002e-05,-0.04594,0.0001207,-0.069396,0.00069799,-0.21905,-0.00026657,4.6703e-05,0.0014901,-6.4878e-05,-9.4768e-05,-4.0842e-05,0.0001118,-0.062942,0.0070693,0.60633,-0.5019,-0.21556,-0.16569,-0.38414
-0.069322,-1.4086e-05,-0.00013138,0.00011742,0.031873,0.0047707,1.3295e-05,-0.93844,0.0002273,-0.14715,0.28157,-0.01698,0.057683,-6.047e-05,0.023655,-1.0899e-05,-3.4997e-05,-0.031592,-1.905e-05,0.025925,-0.002636,-8.1366e-06,-6.2543e-05,-0.022307,0.0046548,0.011047,-0.062442,0.00057714,9.6383e-05,-0.023813,5.2206e-05,-1.2459e-05,-2.7345e-05,0.0021789,-0.00012043,0.01057,3.5879e-05,0.003594,5.9851e-05,-0.037331,0.0020015,0.00019582,-0.0040789,-0.0043862,0.0023048,-0.0052481,5.2716e-08,-1.0538e-16,8.3267e-17,-2.7756e-17,-1.7347e-17,-2.4286e-17,2.2204e-16
-0.026582,-1.0884e-05,-5.5203e-05,4.9334e-05,0.013852,0.0020591,2.4246e-06,-0.13107,-8.2233e-05,0.065361,-0.30821,0.019324,0.029443,-7.0911e-05,0.070872,-3.3731e-05,0.00011869,0.080931,-1.9943e-05,-0.08872,-0.26524,-3.5405e-05,-0.00067774,0.65479,-0.030003,-0.046883,0.25691,-0.0021462,-0.00035661,0.10588,-0.00018592,4.2013e-05,-4.6705e-05,-0.38989,1.735e-05,0.043572,0.00022603,-0.2011,-0.0005265,-0.20944,-0.20176,-0.00016118,0.043739,0.037207,0.015528,-0.0094522,4.1398e-07,-1.3878e-16,0,-9.0206e-17,-1.0105e-16,-7.6328e-17,-5.2042e-17
-0.041169,-3.048e-05,-9.9924e-05,8.9515e-05,0.026777,0.0040473,3.5505e-06,-0.15783,-0.00021835,0.098529,-0.34711,-0.0023814,-0.56928,-0.00011029,0.2906,-0.00054515,-0.0014834,-0.29532,-0.00016174,0.11261,-0.17318,-2.4719e-05,-0.00033258,-0.016481,-0.0082626,-0.039642,0.24117,-0.0031586,-0.00065414,0.089171,-0.00034439,8.8358e-05,0.00031715,0.25001,0.0011294,-0.0892,-0.00026198,0.27942,0.00054549,0.24272,0.07293,0.010916,0.098075,0.11332,0.02321,-0.010767,-8.2953e-07,-1.249e-16,1.9429e-16,-1.6653e-16,-1.0408e-17,2.6368e-16,-2.7756e-16
-0.0041545,-3.4807e-05,-2.4033e-05,2.0114e-05,0.0011353,0.0019816,1.3674e-06,-0.043905,-0.00010579,0.035247,-0.079093,0.0015076,0.021767,-4.9992e-05,-0.039033,0.00030732,0.0010931,0.08274,6.1477e-05,0.06126,0.09135,0.00011327,0.0008984,-0.16351,-0.026927,-0.069512,0.3868,-0.0029075,-0.00036092,0.16185,-1.4631e-06,-1.805e-05,-0.00024359,0.10142,-0.0027566,0.58598,0.002779,-0.10591,-0.00047713,-0.12226,0.22135,0.011957,-0.10917,-0.12058,-0.017981,-0.030409,-4.3885e-06,-0.040089,0.3155,0.27874,0.3413,-0.095842,-0.017122
-0.041983,-1.0001e-05,-1.6316e-05,8.4108e-06,-0.025511,0.0012251,1.5103e-06,-0.050157,-0.00022772,0.76396,0.24732,-0.00027041,-0.017435,-0.00023583,0.20973,-0.00027247,-0.00051275,0.17292,3.5932e-05,-0.16663,-0.11925,3.2844e-06,-6.2083e-05,-0.10004,-0.0044481,-0.028214,0.17345,-0.0024173,-0.00055936,-0.39557,0.00034996,-6.4674e-05,-2.46e-05,-0.012614,0.00033237,-0.082978,-0.00040886,-0.11409,-0.00034225,0.029892,0.041584,0.00022186,-0.058499,-0.068114,0.023815,-0.073387,1.1267e-06,-2.2204e-16,1.9429e-16,-2.7756e-17,1.0408e-17,-1.249e-16,5.5511e-17
-0.0019724,2.1631e-06,-3.6563e-06,3.4794e-06,0.001783,2.2461e-05,1.7045e-08,-0.0016252,1.1728e-06,0.0039695,-0.0035591,0.0005972,0.0067693,-6.1884e-06,0.006006,-1.7856e-05,-6.9853e-05,-0.0049468,1.1943e-05,-0.028016,-0.01267,-1.5029e-06,-8.3319e-06,0.0054575,-0.00023526,-0.00044362,0.002552,-3.1057e-05,-6.7628e-06,-0.0079229,4.9607e-06,-6.4032e-07,8.4693e-06,0.013041,7.1695e-05,-0.022056,-0.00011498,0.014226,0.0001127,-0.038388,0.02249,0.0046765,0.05563,0.10253,-0.94808,-0.28895,9.3583e-07,-1.1519e-15,-6.4618e-17,-3.8164e-17,7.4159e-17,2.047e-16,6.1756e-16
-0.0014535,3.4854e-07,2.2023e-06,-2.3862e-06,-0.0025874,-4.3253e-05,2.4477e-07,-0.019806,9.9853e-06,0.0025559,-0.0058808,0.0025079,0.028536,7.8004e-05,-0.084176,0.00012811,0.0002807,-0.015433,4.1243e-05,0.014743,0.033613,2.4539e-05,0.000171,-0.021493,-0.0058224,-0.016255,0.092887,-0.00090127,-0.0001578,0.18526,-0.00035581,8.5822e-05,0.00015643,-0.39914,0.0020396,-0.47656,-0.0023581,0.088668,0.00066129,0.10444,0.49822,0.0040777,-0.15578,-0.168,-0.0088149,-0.021124,-1.3768e-06,0.26958,0.025612,0.18923,0.1803,0.022368,-0.31267
-3.6517e-06,-0.0017494,0.005276,-0.0047422,2.7335e-05,9.592e-05,-1.2624e-05,8.0341e-07,0.0060375,2.8876e-05,1.1692e-05,6.4551e-05,1.919e-06,-0.0072303,-6.2962e-05,0.0061963,-0.0072541,1.4455e-05,0.05539,0.00020329,-0.0003496,-0.95005,0.30016,0.00064406,0.025954,-0.033362,-0.0040681,0.020477,0.038584,-1.9455e-05,-4.5898e-05,-0.00039898,-0.017162,7.0774e-06,-0.00057839,-2.7522e-05,0.00078222,-1.5394e-05,0.0010056,3.7429e-07,3.8094e-06,-0.00013138,-7.3123e-05,7.8503e-05,6.7583e-06,-1.0751e-05,-0.0011402,-5.1174e-17,-4.3151e-17,1.0896e-16,-3.5755e-17,-1.2837e-16,1.2663e-16
-1.8608e-06,-0.0011398,0.014543,0.012888,7.4105e-06,3.3369e-05,-6.7211e-05,3.8501e-07,0.0033353,2.0549e-05,8.9566e-06,4.8292e-05,2.7068e-06,-0.00096055,-8.0887e-05,-0.034568,0.03954,-0.00017279,-0.59306,-0.00046133,0.00040394,-0.16612,-0.37042,-0.0017601,-0.085425,0.17356,0.026178,0.089425,0.020017,-0.00013863,0.0077454,-0.048677,0.41767,-0.00013185,-0.045265,0.00012781,-0.045027,0.00032954,-0.09823,-0.0001119,1.4676e-05,0.00056196,-2.2969e-05,-2.6153e-05,-1.4553e-05,4.5201e-05,0.49317,1.5656e-16,-3.7839e-16,2.1673e-16,-6.1149e-17,1.8356e-16,-4.7271e-16
-0.40956,-0.00020377,0.0015412,-0.0015262,-0.9071,-0.016896,4.289e-08,0.0034087,-1.2562e-05,-0.066273,-0.018446,-0.0010772,-0.0094581,-3.0681e-05,0.045131,-8.9582e-05,-0.00022881,0.0036365,-2.6099e-05,-0.033826,0.028552,-7.7898e-06,9.5067e-05,0.0014081,-0.00071269,-0.00093972,0.004523,4.3646e-06,2.7732e-05,-0.0030633,5.7759e-06,-1.765e-06,-2.1879e-05,0.0003753,-5.5758e-06,-0.001156,-6.5642e-06,-0.0028476,-3.5916e-06,-0.00083972,0.00046681,0.00010599,0.0092483,-0.012852,-0.0012,0.00059913,1.074e-06,3.3307e-16,-1.3878e-17,0,6.9389e-18,1.3878e-17,-5.5511e-17
-0.0031488,3.431e-06,-6.484e-06,6.1944e-06,0.0032982,6.0338e-05,2.0737e-07,-0.016327,3.5841e-06,0.00087065,-0.075674,0.0054175,0.0023204,-1.0522e-05,0.038804,-0.00012812,-0.00039667,-0.011242,-2.8863e-05,-0.017393,0.026058,-3.3086e-05,-0.00014812,0.0095509,0.012678,0.036858,-0.21253,0.0021577,0.00039522,-0.27148,0.00051239,-0.00012238,-0.00052702,-0.53515,-0.0020857,0.47087,0.0023664,0.29548,2.507e-05,0.51877,0.029791,-0.00045305,0.018283,0.051253,-0.035536,0.034513,-1.5468e-06,-2.0817e-16,1.9082e-16,-2.4807e-16,-8.3267e-17,1.1276e-16,9.0206e-17
-0.053433,4.0237e-05,-1.6005e-05,1.0575e-05,-0.016356,-0.00065129,8.3047e-08,-0.0096952,-1.462e-05,-0.015785,0.040058,-0.010024,-0.42781,0.00079009,-0.63998,0.00093588,0.0024885,0.042731,-2.6704e-06,0.41243,-0.0148,3.486e-05,-0.00038921,0.15628,-0.0052304,-0.0093086,0.05483,-0.00079337,-0.00027871,-0.41658,0.00049408,-0.0001021,-9.962e-05,-0.0060453,-0.00026505,-0.014398,-0.00013805,-0.13244,-0.00031566,-0.037831,0.031889,-0.0021806,-0.072701,-0.041172,-0.010611,-0.040944,-1.1464e-06,-1.1102e-16,4.1633e-17,5.2042e-17,0,-3.0531e-16,2.7756e-16
-2.0928e-05,-0.042577,0.0025176,-0.0035834,0.00010952,-0.0032288,0.0030205,-7.8492e-05,-0.41764,-4.4579e-05,-0.00010271,-0.0035738,0.00034896,0.59781,0.00058082,0.24191,-0.13618,0.00026829,-0.0025957,0.00028902,-0.00017819,-0.033085,-0.14912,0.0004783,0.073174,-0.22932,-0.033214,0.18175,0.06685,-0.0001603,-0.0016991,-0.025101,-0.09743,3.1499e-05,-0.17889,-0.0030791,0.35059,0.001072,-0.32297,-0.00026309,-6.8253e-05,-0.00087491,3.129e-05,0.00011687,5.3212e-05,-0.00014646,-0.0036876,6.6787e-17,1.1102e-16,-8.3267e-17,8.6736e-19,2.7756e-17,2.7756e-17
-2.0041e-06,-0.00095983,0.0028938,-0.0026009,1.4981e-05,5.2558e-05,-6.8411e-06,4.3445e-07,0.0031604,1.4421e-05,5.7609e-06,3.1471e-05,9.0982e-07,-0.003225,-2.6849e-05,0.0024183,-0.0027144,5.1564e-06,0.01758,5.5057e-05,-4.7168e-05,0.010691,-0.034613,-0.00031864,-0.022479,0.060468,0.0085251,-0.18224,0.65944,-3.1753e-05,-6.9706e-05,-0.00059218,-0.022544,9.2358e-06,-0.00068484,-3.0617e-05,0.00086109,-1.5782e-05,0.0010278,3.7682e-07,3.6228e-06,-0.00012128,-6.6965e-05,7.1475e-05,6.0882e-06,-9.6799e-06,-0.0010071,0.0021988,0.19676,0.44919,-0.52902,0.071114,-0.010103
-8.6467e-06,-0.005047,0.014658,-0.0069012,6.198e-05,0.00012352,0.0028745,-5.8501e-07,0.0052546,8.5307e-05,-1.33e-05,-0.00058278,4.5679e-05,0.11075,7.024e-05,-0.15654,0.1275,-0.00029641,-0.27909,-0.00021073,-0.00022759,0.16208,0.52574,0.0018486,0.053391,0.063659,0.016043,0.19608,0.066828,0.00019976,-0.021119,-0.13634,-0.51521,0.00016526,0.041078,-0.00016657,0.03289,-0.00015562,0.034039,2.6195e-05,1.5181e-05,-0.00017859,-0.00026076,0.0002523,1.2757e-05,-3.8947e-06,0.47707,-2.4286e-16,-4.9114e-17,-1.4339e-17,5.6297e-17,8.9121e-17,-8.4134e-17
-0.00077182,-0.29491,0.721,-0.6258,0.0025301,0.0081517,-0.00020695,1.1407e-05,0.027661,6.5475e-05,2.3073e-05,0.00011549,2.743e-06,-0.0070825,-4.9562e-05,0.0034501,-0.0035167,6.0744e-06,0.0172,4.4864e-05,-2.5832e-05,0.0043286,-0.01182,-6.9273e-05,-0.0036047,0.0058115,0.00073163,-0.004378,-0.0090492,6.6568e-06,1.6324e-05,0.00014379,0.0066961,-2.7747e-06,0.00024495,1.2343e-05,-0.00035447,7.5289e-06,-0.00049355,-1.8702e-07,-2.0476e-06,7.3659e-05,4.1487e-05,-4.4933e-05,-3.9323e-06,6.261e-06,0.00068471,-1.1102e-16,-1.3878e-17,-1.3878e-17,-1.5613e-17,1.3878e-17,0
-1.7977e-06,-0.00086177,0.0026022,-0.0023302,1.3469e-05,4.7205e-05,4.1555e-06,3.8996e-07,0.0029746,1.5813e-05,5.1149e-06,1.1675e-05,2.7007e-06,0.0029922,-2.3896e-05,-0.012911,0.011674,-3.595e-05,-0.055019,-1.0388e-05,-7.2185e-05,0.05418,0.15899,0.0010011,0.048669,-0.037815,-0.0016862,0.1959,0.073182,-0.00024084,0.04031,0.66733,0.12405,-3.8697e-05,-0.018677,2.7359e-05,-0.014471,7.2541e-05,-0.022744,-2.3874e-05,3.1964e-06,6.925e-06,-2.3838e-05,2.1865e-05,1.3202e-06,-1.1445e-06,0.0055737,-0.51627,-0.1514,0.073694,0.022889,0.083723,-0.39373
-0.057559,3.453e-05,2.0811e-05,-2.7014e-05,-0.047668,-0.0012468,4.3246e-07,-0.034157,-6.154e-05,0.41826,0.0295,0.023967,0.23415,0.00047384,-0.48934,0.00062133,0.00086431,-0.47371,0.00026127,-0.011374,-0.32949,2.1009e-05,-0.00049094,-0.092186,0.0092039,0.018431,-0.10393,0.0010784,0.0001616,0.3317,-0.00034692,7.0155e-05,0.00011633,-0.011851,-0.00022054,0.098211,0.00051687,0.1293,0.00031422,-0.017221,-0.063641,0.0024828,0.061161,0.14372,0.001373,0.066886,-4.6929e-06,-1.6653e-16,0,6.9389e-17,8.6736e-19,1.3878e-16,1.3878e-16
-1.2099e-05,-0.0022613,-0.00075015,0.00056764,-0.00017456,0.010901,-3.0869e-05,0.00045413,0.0056897,-0.0057676,0.014872,0.24784,-0.0097529,0.0031935,0.0058298,-0.073707,-0.16048,0.001528,-0.013618,0.005585,-0.0091628,0.011725,0.058685,-0.01349,-0.47856,-0.13142,-0.051374,0.031917,0.0071786,-0.00063847,0.80494,-0.042685,-0.02603,2.1556e-05,-0.042512,-0.0026513,-0.014945,0.00043758,0.0041953,0.0008319,-0.00079363,-0.016754,0.001349,0.00079904,0.00058696,-0.0016793,4.5365e-05,2.8016e-16,2.1511e-16,8.6736e-19,-9.8229e-17,-4.12e-17,-1.2143e-17
-0.024441,1.9187e-05,-1.0011e-05,7.549e-06,-0.0054561,-0.00027667,-3.1319e-07,0.025614,-5.543e-05,0.30318,0.14752,0.0006901,0.098386,-0.00022799,0.21583,-0.00040627,-0.0012471,-0.26168,-0.00019394,0.4898,0.58936,1.5346e-05,0.00037304,0.37936,-0.008858,0.012082,-0.088177,0.0017235,0.00042027,0.12942,-5.5106e-05,4.7785e-06,-4.047e-05,0.017857,-0.00028996,0.034752,0.00014242,0.035547,0.0001516,-0.025799,0.00018827,-0.0017479,-0.0033076,-0.0012195,-0.022718,0.019892,-2.442e-07,-4.3021e-16,2.0817e-17,-5.5511e-17,-6.5486e-17,-1.5959e-16,2.8449e-16
-0.0018915,-1.7328e-05,5.9659e-05,-5.5008e-05,-0.0095339,-0.00019242,-1.1062e-07,0.00022612,4.7486e-05,-0.022983,-0.0071411,-0.00044935,-0.0046657,-6.2333e-05,0.03292,-5.0137e-05,-0.0002468,0.0036512,0.00015463,-0.042705,0.044467,5.9037e-05,-3.1906e-05,0.003082,-0.0017586,-0.0022767,0.011833,-0.00010648,-0.00017712,-0.01412,2.9189e-05,-2.038e-06,0.00024713,0.0022609,-2.4339e-05,-0.010671,-9.5789e-05,-0.042604,-0.00012698,-0.014991,0.026916,-0.016926,-0.70298,0.70315,0.042923,-0.021051,-0.00016058,-4.3021e-16,2.6021e-16,-4.4019e-17,4.9223e-17,9.3675e-17,4.9266e-16
-6.7658e-05,-0.006347,-0.0022274,0.0017079,-0.00099657,0.062314,-6.3059e-05,0.0022742,0.015468,-0.016352,0.039208,0.61943,-0.02149,-0.0045263,0.0099822,0.29944,0.48465,-0.00046531,0.023404,0.00021427,0.0012609,-0.0083675,-0.037366,0.00565,0.22528,0.056325,0.025012,-0.013812,-0.0033544,0.0008285,0.08867,-0.0048873,-0.0040492,-1.0601e-07,-0.0094857,-0.0017364,-0.0049837,0.0010762,0.0025177,0.0028053,-0.017822,0.46779,-0.025355,-0.012216,-0.0069195,0.019584,-5.0155e-05,3.1225e-17,-1.4572e-16,6.245e-17,3.4694e-18,-1.4962e-16,2.2204e-16
-0.0062456,6.5893e-06,-1.2571e-05,1.1965e-05,0.0060974,0.00012584,5.071e-07,-0.037714,-2.3322e-05,0.19602,0.12643,-0.016609,-0.578,0.00038488,-0.13778,-0.00020203,-0.00085648,0.25176,0.00017296,-0.3746,0.28364,-1.24e-05,0.00054099,0.017263,0.010483,0.047573,-0.28878,0.0038233,0.00088077,0.42177,-0.00031235,5.1841e-05,-8.0895e-05,-0.12444,-0.00055019,0.091506,0.00040487,-0.012923,3.8384e-05,-0.09895,-0.071771,-0.00379,0.018385,0.0045417,-0.019418,0.053816,2.6174e-07,3.4694e-16,-2.498e-16,1.5266e-16,3.9899e-17,1.3878e-16,-4.5103e-16
-0.035841,-1.2253e-05,-1.6355e-05,9.2975e-06,-0.021003,0.0012231,7.2981e-07,0.0048208,-0.00015816,0.10613,0.031787,-0.0067819,0.031512,-0.00025025,0.12377,0.00041743,0.0026383,0.5717,-0.00047831,0.57409,-0.37299,-7.7534e-05,-0.0013214,-0.10319,0.024789,0.038918,-0.20227,0.00097937,8.7081e-06,0.31128,-0.00045552,0.00010265,0.00024733,-0.013901,0.0004958,0.0075125,0.0001384,0.10214,0.0001552,0.042361,-0.038056,0.004935,0.011369,0.08186,0.0064172,-0.051496,-2.8268e-06,-3.7817e-16,5.5511e-17,-1.3878e-16,-5.5511e-17,1.9429e-16,3.4694e-16
-5.4039e-05,-0.0053329,-0.0014489,0.0010606,-0.0007898,0.049515,-1.3043e-05,0.0018145,-0.018714,-0.012905,0.03059,0.47812,-0.015958,0.023867,0.0049329,-0.19326,-0.32178,0.0012411,-0.013134,0.00066352,0.0028943,-0.0051938,-0.033541,0.013522,0.54897,0.19716,0.074105,-0.07241,-0.021914,0.0046313,0.12974,-0.0041151,0.0062531,-3.9434e-05,0.032936,0.011443,0.0068235,-0.0031013,-0.010021,-0.006869,0.025751,-0.5027,0.025038,0.011322,0.0056888,-0.016,-3.4071e-05,2.3245e-16,1.9602e-16,2.0817e-17,7.3292e-17,1.6827e-16,-2.6715e-16
-0.0040377,3.2275e-06,-3.682e-06,3.2571e-06,0.0005071,1.9966e-05,5.102e-07,-0.040889,1.6798e-05,0.015945,-0.058579,0.0081406,0.061696,0.00011861,-0.12815,0.00020273,0.00051439,0.06081,7.8777e-05,0.011575,0.1805,7.6635e-05,0.00076046,-0.13673,-0.018618,-0.053637,0.3052,-0.0028034,-0.00044203,0.18627,-0.00030056,6.6598e-05,5.9603e-05,-0.081922,-0.0001143,0.14078,0.00078772,-0.0013773,-0.00028897,0.060372,0.093528,0.031971,0.0078897,-0.026516,0.17816,-0.62217,1.1639e-05,0.041624,-0.32758,-0.28942,-0.35437,0.099511,0.017778
-2.1091e-06,-0.0010101,0.0030455,-0.0027372,1.5766e-05,5.5312e-05,-7.1995e-06,4.5721e-07,0.003326,1.5176e-05,6.0627e-06,3.312e-05,9.5748e-07,-0.003394,-2.8256e-05,0.002545,-0.0028566,5.4265e-06,0.018501,5.7942e-05,-4.9639e-05,0.011251,-0.036426,-0.00033534,-0.023656,0.063636,0.0089717,-0.19179,0.69399,-3.3417e-05,-7.3358e-05,-0.0006232,-0.023725,9.7197e-06,-0.00072071,-3.2221e-05,0.00090621,-1.6609e-05,0.0010817,3.9656e-07,3.8126e-06,-0.00012764,-7.0474e-05,7.522e-05,6.4071e-06,-1.0187e-05,-0.0010598,-0.0020893,-0.18696,-0.42683,0.50268,-0.067574,0.0095999
-0.00063524,-3.7506e-05,-1.8932e-05,1.5413e-05,-0.00059624,0.0019157,9.4012e-07,-0.010595,-0.00011702,0.019634,-0.020757,-0.0056951,-0.028545,-0.00013482,0.053872,0.00015486,0.00068172,0.01221,-9.7318e-07,0.05543,-0.079279,4.4623e-05,0.00018654,-0.031213,-0.010192,-0.021165,0.11199,-0.00041389,2.3757e-05,0.054576,0.00014198,-4.6369e-05,-0.00022917,-0.00058989,-0.0016603,0.21366,0.00084485,-0.062108,0.00013115,-0.13424,0.35316,-0.019078,-0.18793,-0.16958,-0.20443,0.5979,-1.6899e-05,0.040611,-0.31961,-0.28237,-0.34575,0.097089,0.017345
-2.676e-05,-0.0091477,-0.0029496,0.0022167,-0.00036257,0.022488,-0.00012924,0.00093129,0.025367,-0.011166,0.028652,0.4759,-0.018623,-0.0087956,0.011578,0.093349,0.12141,0.0015216,0.00062842,0.0075429,-0.012122,0.0082929,0.044985,-0.01572,-0.52766,-0.17831,-0.059911,0.062246,0.018723,-0.0012324,-0.47582,0.0235,0.0096167,-5.863e-06,0.0019805,0.0029363,0.0087226,-0.0013741,0.0031193,-0.0033421,0.018298,-0.44522,0.023639,0.011223,0.0061831,-0.017475,0.00012154,-1.2143e-16,4.8572e-17,8.3267e-17,9.0206e-17,2.2031e-16,-1.9429e-16
-0.0026466,-0.038783,-0.015939,0.012627,-0.017315,0.99476,8.1092e-05,0.0052437,-0.0034099,0.00055924,-0.0038535,-0.086337,0.0047713,-0.00087207,-0.0035344,0.0014786,0.0046763,-0.00052819,0.00033077,-0.0017642,0.0018916,0.00018258,0.0011944,6.2031e-05,-0.01996,-0.0069058,-0.0044018,0.0026329,0.00078687,-0.00064414,0.00041578,-0.0001151,-0.00035354,5.563e-06,-0.0012546,-0.001411,-0.00024734,0.00029017,0.00027682,0.00055993,-0.00065486,-0.013108,0.0011123,0.000672,0.00051681,-0.0014819,6.0289e-06,1.1102e-16,-8.3267e-17,4.4235e-17,1.1276e-17,1.3878e-17,-1.3878e-16
